0 0.030395882358602223 0.27021587364711996 0.032523339923887826 0.03380091515269079
0 0.17139756714929372 0.19550240031895907 0.03089717292769336 0.03211086939505616
0 0.22430239125585077 0.24371650183616786 0.032523339923887916 0.03380091515269079
0 0.18690055034337974 0.27672044941057355 0.032523339923887916 0.03380091515269079
0 0.16747938829010128 0.2531873545613245 0.03089717292769336 0.03211086939505616
0 0.10666922228249005 0.24508807001357766 0.03089717292769336 0.03211086939505616
0 0.133868392244434 0.23163134789336476 0.03089717292769336 0.03211086939505616
0 0.18239341695901334 0.11801512910713167 0.03245967292769336 0.03223841515269079
0 0.03811022327107323 0.2347885566776581 0.032523339923887826 0.03380091515269079
0 0.08900156121779475 0.21699502092196327 0.03089717292769336 0.03211086939505616
0 0.0078125 0.22734375 0.015625 0.0328125
0 0.15363174699706944 0.13134430546971015 0.030960839923887828 0.03367336939505616
0 0.1077754189361797 0.10251793274067404 0.03245967292769345 0.03223841515269079
0 0.049228089886706794 0.07735869395056172 0.03245967292769345 0.032238415152690617
0 0.09604474007698723 0.15956515819486689 0.032523339923887826 0.03380091515269079
0 0.12518841201609748 0.1368609818322885 0.03089717292769336 0.03211086939505616
0 0.05781522821398912 0.21288160576927256 0.03089717292769345 0.03211086939505634
0 0.08089990114168258 0.18497974637615605 0.03089717292769336 0.03211086939505616
0 0.02056989619876668 0.20357050758604361 0.03245967292769345 0.03223841515269079
0 0.009375 0.1796875 0.01875 0.034375
0 0.017723421901929236 0.08105777879787102 0.030960839923887828 0.03367336939505616
0 0.05114873414548815 0.1841188769810998 0.032523339923887826 0.03380091515269079
0 0.09725441300468063 0.1298776581948669 0.032523339923887826 0.03380091515269079
0 0.01171875 0.1375 0.0234375 0.034375
0 0.06010724007698722 0.15663160576927257 0.032523339923887826 0.03380091515269079
0 0.27092804045754804 0.33061046608047295 0.032523339923887916 0.03380091515269079
0 0.030101405096015242 0.16202073637421632 0.030960839923887828 0.03367336939505616
0 0.044893416959013346 0.10679110243529263 0.03089717292769345 0.03211086939505616
0 0.06606808000087505 0.1257642430421761 0.03089717292769345 0.03211086939505616
0 0.01484375 0.11015625 0.0296875 0.0328125
0 0.03749741102751427 0.1344059194047545 0.03089717292769336 0.03211086939505616
0 0.7074332262368228 0.03877339456908313 0.03571200692008229 0.035618506667959696
0 0.58125 0.00859375 0.034375 0.0171875
0 0.65078125 0.01328125 0.0359375 0.0265625
0 0.11947692289051241 0.603441930324778 0.04715884288963732 0.04901132697140156
0 0.2811837440313199 0.6746467348764043 0.04872134288963732 0.04913887272903601
0 0.3260665266173836 0.919735836393613 0.05028384288963732 0.04926641848667046
0 0.3395268487467743 0.9741362939699585 0.05028384288963732 0.04926641848667064
0 0.2035203645641051 0.8877847215404847 0.04865767589344294 0.04757637272903601
0 0.2954478793928527 0.8247423297256532 0.04872134288963732 0.04913887272903601
0 0.12545903156029947 0.879844933658758 0.04715884288963732 0.04901132697140156
0 0.2828125 0.99140625 0.05 0.0171875
0 0.24717220547657615 0.8552909569966172 0.048721342889637496 0.04913887272903601
0 0.27910659087529 0.6102015976035007 0.048721342889637496 0.04913887272903601
0 0.2820326837277463 0.9616046009374806 0.0503475098858317 0.050828918486670635
0 0.11347368471632943 0.9431421591129506 0.051973676882026074 0.05251896424430509
0 0.06575506220637788 0.7291755118381075 0.04872134288963732 0.04913887272903601
0 0.6680577084423256 0.719131090017457 0.04935801285158128 0.06476387272903601
0 0.6181850424347144 0.7119246257731519 0.05541701186299815 0.06058655575957417
0 0.619707733156905 0.5976070342578828 0.06546317391627668 0.039604376063016034
0 0.7094705701150433 0.5876896424430512 0.05991351087441501 0.056281693032477875
0 0.5729070345260491 0.7458533445593849 0.04942167984777566 0.066326372729036
0 0.5670628942216004 0.6199605242559432 0.06708934091247105 0.04129442182065048
0 0.7487002133852415 0.7021984236568184 0.06565417490485981 0.04429187606301603
0 0.6446148912558508 0.6404003121376698 0.06565417490485981 0.04429187606301603
0 0.6559052183281573 0.6711081781987461 0.06728034190105418 0.04598192182065049
0 0.5730290513319629 0.6659107530441158 0.049294345855386903 0.063201372729036
0 0.7038970493547966 0.6859995966854168 0.027674013840164415 0.06766573212215263
0 0.6013689100389311 0.5475114394086338 0.04948534684397003 0.06788887272903601
0 0.7969705701150434 0.5948322048705853 0.033987680836358794 0.06973841515269079
0 0.5415880503433799 0.668047337891425 0.043235346843970034 0.06737868969849785
0 0.502103739088404 0.5597885566776581 0.04785917984777566 0.06619882697140156
0 0.8796875 0.43671875 0.06875 0.0359375
0 0.6638689100389311 0.5526132697140153 0.038547846843970036 0.06699605242559432
0 0.5507959070731816 0.5574924751643288 0.046296679847775656 0.06607128121376711
0 0.5777695839552077 0.5110957072864812 0.059849843878220545 0.054719193032477874
0 0.6309927430427368 0.55149730880369 0.046296679847775656 0.06607128121376711
0 0.49819087741568635 0.6942911024352927 0.06527217292769345 0.034916876063016036
0 0.775100887301518 0.6698641557789708 0.06852450692008212 0.038296967578284935
0 0.567269846769608 0.8457257988017503 0.054109179847775656 0.06670901000193971
0 0.803125 0.43984375 0.0375 0.0421875