0 0.28858323637421635 0.20610984698799334 0.06332891848667063 0.05189569994353027
0 0.2457252830499348 0.4430946365211194 0.05003169303247788 0.06045165258848364
0 0.22212906001163799 0.23023061547443202 0.048469193032477785 0.06036064732681172
0 0.19649055759574202 0.4495574681476203 0.05159419303247788 0.060542657850155376
0 0.14862765819486684 0.26327135765251136 0.06049096091032524 0.03617969468185844
0 0.33415031213766994 0.3642709574831022 0.06804836939505617 0.03350972099021767
0 0.4420903578953045 0.37211282053845984 0.06661341515269079 0.034981215728545935
0 0.3301002830499348 0.4480089206513993 0.06476387272903601 0.0504242052052021
0 0.41182851517208735 0.4776501889966635 0.05615414727484325 0.05925317363517095
0 0.35730102758992305 0.30497155219319544 0.05446410151720862 0.05759966837349921
0 0.24272808668347712 0.36827664704446306 0.034916876063015946 0.06579159997176517
0 0.318334122439172 0.32291791538972736 0.06556109818322894 0.041140210466874015
0 0.38089828213185084 0.21304165742663245 0.039476830305381405 0.06450211575678066
0 0.4150501415249674 0.193259778445085 0.05889651000193972 0.0547476841585147
0 0.3972882988017504 0.2995251889966636 0.04703423879011233 0.06183214206513989
0 0.446875 0.27109375 0.065625 0.0359375
0 0.40870428879981074 0.24887274161338208 0.05876896424430526 0.05318518415851479
0 0.39212230880369 0.35054165742663246 0.06307382697140156 0.048770699943530185
0 0.4420586648628266 0.31457333632347534 0.034916876063016036 0.06579159997176517
0 0.4179512272903606 0.4002532310900383 0.06843100666795969 0.038197220990217676
0 0.3572693345574452 0.24743206797821102 0.054209010001939714 0.054474668373499215
0 0.47421875 0.51015625 0.0109375 0.0640625
0 0.17974908093360123 0.5683228786991987 0.047289330305381405 0.0649571420651398
0 0.1896033445593849 0.2889839891943076 0.06033146424430509 0.053276189420186526
0 0.509375 0.69453125 0.046875 0.0296875
0 0.18359375 0.971875 0.0484375 0.05625
0 0.165625 0.990625 0.071875 0.01875
0 0.242472995168208 0.9712027679217414 0.08182382697140156 0.04986276308359248
0 0.27815566152884674 0.8939724099868812 0.04974465060882309 0.07598564732681182
0 0.2203125 0.9875 0.05 0.025
0 0.15156146849636887 0.829061499576477 0.08274859818322895 0.042141268345264306
0 0.13858297849830858 0.8796229416980866 0.08026132697140156 0.04977175782192065
0 0.02421875 0.95390625 0.0484375 0.0796875
0 0.0426647006185215 0.8476001259977757 0.0828761439408634 0.04370376834526431
0 0.338200341225405 0.8865841151920832 0.0423147878817268 0.08021812101845258
0 0.09604453425788276 0.9300177838479312 0.07946410151720862 0.05905575256024882
0 0.045821393650999284 0.9053216207361039 0.08080346091032524 0.03736276308359247
0 0.04665057001357766 0.8773786312594476 0.0791134151526908 0.03570925782192065
0 0.2034743969849792 0.9316096469032887 0.08042082363742153 0.032675263083592296
0 0.3364786024352927 0.8273911257154272 0.06954696757828494 0.07091871572854576
0 0.09336581547164977 0.9734037628012437 0.08549096091032524 0.037635778868607875
0 0.30439942607271425 0.8535140099586463 0.03749974212409235 0.07838260523343692
0 0.09789433455744519 0.8383763154179622 0.04518469636645772 0.07727513154179615
0 0.39140625 0.96875 0.0734375 0.0625
0 0.00546875 0.95546875 0.0109375 0.0796875
0 0.826847995168208 0.8036681154744321 0.04923446757828502 0.0697356473268119
0 0.95859375 0.98671875 0.0734375 0.0265625
0 0.9875 0.7328125 0.025 0.046875
0 0.8020389269907982 0.9188534997176513 0.05522937606301594 0.06697466837349922
0 0.9541118678972442 0.8577325311465082 0.056791876063016035 0.06706567363517095
0 0.7557377539621998 0.9612538313441522 0.05210437606301595 0.06679265785015538
0 0.8017521424430513 0.8581890155026668 0.06957891848667064 0.052259720990217674
0 0.8650815766815374 0.757687757539572 0.058354376063015856 0.06715667889684288
0 0.7450875542617621 0.8688843208208084 0.062404147274843245 0.05961719468185826
0 0.954271622439172 0.7644375574548674 0.047799513335919565 0.07120714206513981
0 0.9494560609297219 0.914998999576477 0.05079696757828493 0.06982665258848364
0 0.9088313188056297 0.8364343838196963 0.047799513335919565 0.07120714206513981
0 0.6943544885002483 0.7617396787556685 0.059661784547746864 0.06412268415851478
0 0.809375 0.975 0.065625 0.05
0 0.7497433612292843 0.8116178523908395 0.07219373545613247 0.04619173151356133
0 0.87578125 0.9828125 0.0703125 0.034375
0 0.7182060609297218 0.9015302208490432 0.06827151000193972 0.05529371572854576
0 0.8784421882006859 0.8642107733245874 0.05653678454774678 0.06394067363517095
0 0.8682697048705853 0.9491472154461971 0.07273586939505616 0.033782736775233246
0 0.699169276381975 0.8397736734939967 0.05484673879011233 0.062287168373499215
0 0.984375 0.940625 0.03125 0.065625
0 0.9338627539621998 0.971628431174743 0.07362868969849785 0.04472023677523325