0 0.5103296591129507 0.31690047808349053 0.04196410151720879 0.05643409057054072
0 0.5055463063877941 0.3735871257261256 0.041836555759574165 0.05487159057054054
0 0.3856164436606976 0.38387827047327666 0.05239141848667046 0.05069351282028158
0 0.42888821153854506 0.35676780686720677 0.06074605242559432 0.038630160462916764
0 0.2723514269907982 0.302889443756475 0.05264651000193972 0.053818512820281585
0 0.37592270820456514 0.3419818689017001 0.05395391848667046 0.050766287427387445
0 0.4545898421434889 0.32577036393930137 0.06074605242559432 0.038630160462916764
0 0.3781863230576935 0.4657832419372294 0.041836555759574165 0.05487159057054072
0 0.37429656426370184 0.30284659429459426 0.05969373545613248 0.0448073858558109
0 0.3367007115385451 0.36106150868645237 0.04378169303247788 0.059631865177646404
0 0.2874020842675812 0.41041084532805155 0.038966647274843245 0.05785104135632881
0 0.550763211538545 0.3510913875129499 0.05538887272903601 0.04927656203449331
0 0.37375468820068586 0.23856577047327665 0.05707891848667046 0.05091183664159917
0 0.329079401237043 0.40219593093619344 0.05538887272903601 0.04927656203449331
0 0.45707685547940846 0.39466591315351307 0.0594386439408634 0.0416823858558109
0 0.2082889269907982 0.30587320264781515 0.042346738790112325 0.06112159057054054
0 0.30812968820068587 0.24162230397172263 0.05589905575957417 0.05552656203449331
0 0.43006833214154927 0.27515393383167747 0.06112868969849785 0.04331766046291676
0 0.42340322820844456 0.4432875037240537 0.03584164727484342 0.057705492142117266
0 0.4685881824508099 0.43961454011798373 0.05774859818322895 0.04004711124870504
0 0.5084798588133883 0.40952462572612564 0.06074605242559432 0.038630160462916764
0 0.26077594032671775 0.3724399644346394 0.04483401000193972 0.05345463978475227
0 0.2892833197237136 0.4526711199351574 0.0625636439408634 0.04182793507002245
0 0.25092296608047293 0.2709502390417452 0.06399859818322887 0.04033820967712849
0 0.4223519427426137 0.14219588461746574 0.06476387272903601 0.049713209677128486
0 0.35832036214736823 0.4337712626153937 0.060363415152690614 0.03394266046291676
0 0.5890625 0.321875 0.059375 0.040625
0 0.2042708488114487 0.3719348502904502 0.06986596091032524 0.03594180810555194
0 0.2940349794163925 0.3379536484712046 0.041039330305381407 0.06417381596343467
0 0.8416755118381074 0.3825554032287156 0.03223841515269079 0.03263271753501122
0 0.7800683321415492 0.3964038875129499 0.03380091515269079 0.032705492142117085
0 0.9425683321415492 0.38883532837394075 0.03211086939505634 0.031070217535011223
0 0.8963630118381076 0.3800082919800106 0.030548369395056164 0.03099744292790536
0 0.7328745966854168 0.356254076511914 0.030420823637421535 0.02943494292790554
0 0.861764871231224 0.35966155872923355 0.03198332363742153 0.029507717535011226
0 0.8484359527445534 0.3116607063718687 0.030420823637421712 0.02943494292790554
0 0.9669303454774688 0.45671203308867037 0.03211086939505616 0.031070217535011223
0 0.9220326915346657 0.36783362365921113 0.030420823637421535 0.02943494292790554
0 0.9224792306243405 0.3348755744449994 0.030548369395056164 0.030997442927905537
0 0.6125 0.65 0.0125 0.05
0 0.5867009694144528 0.6653635951231637 0.04145391848667046 0.05018409057054072
0 0.59609375 0.621875 0.0453125 0.040625
0 0.5482761982026255 0.6749954603008101 0.043016418486670635 0.0502568651776464
0 0.603125 0.71171875 0.03125 0.0296875
0 0.5807694469946775 0.7848413411942223 0.056473140606883375 0.024422111248705036
0 0.6140625 0.7484375 0.009375 0.05
0 0.6015625 0.7546875 0.034375 0.053125