0 0.5796875 0.3859375 0.053125 0.075
0 0.603125 0.3671875 0.0546875 0.075
0 0.496875 0.43125 0.075 0.0578125
0 0.678125 0.3046875 0.0390625 0.078125
0 0.609375 0.5296875 0.0328125 0.078125
0 0.59375 0.4796875 0.0640625 0.0671875
0 0.5703125 0.425 0.0546875 0.0734375
0 0.653125 0.43125 0.0359375 0.078125
0 0.6359375 0.503125 0.03125 0.0796875
0 0.5859375 0.653125 0.0390625 0.078125
0 0.621875 0.6078125 0.0359375 0.0796875
0 0.5375 0.4234375 0.0546875 0.071875
0 0.65625 0.278125 0.0453125 0.075
0 0.628125 0.359375 0.053125 0.0828125
0 0.5796875 0.3203125 0.0703125 0.0546875
0 0.36875 0.0890625 0.0828125 0.046875
0 0.534375 0.3609375 0.0453125 0.0734375
0 0.5234375 0.3046875 0.078125 0.034375
0 0.559375 0.578125 0.05625 0.0734375
0 0.5578125 0.6453125 0.04375 0.0796875
0 0.6015625 0.2109375 0.0546875 0.071875
0 0.44375 0.3359375 0.03125 0.08125
0 0.5015625 0.25625 0.06875 0.0625
0 0.5234375 0.55 0.075 0.0640625
0 0.60625 0.6921875 0.0375 0.0796875
0 0.6171875 0.2625 0.0734375 0.053125
0 0.459375 0.2734375 0.046875 0.075
0 0.6453125 0.2109375 0.0734375 0.059375
0 0.5703125 0.2078125 0.053125 0.0734375
0 0.471875 0.3625 0.0265625 0.0765625
0 0.5 0.365625 0.028125 0.0765625
0 0.3046875 0.3328125 0.0859375 0.0484375
0 0.28125 0.809375 0.0859375 0.0546875
0 0.503125 0.5265625 0.071875 0.0640625
0 0.6546875 0.3515625 0.05 0.0765625