0 0.6125 0.51875 0.0515625 0.0578125
0 0.496875 0.4796875 0.059375 0.05
0 0.6640625 0.459375 0.0578125 0.05
0 0.409375 0.4484375 0.0421875 0.059375
0 0.58125 0.6359375 0.0515625 0.0640625
0 0.709375 0.5015625 0.0625 0.0453125
0 0.4671875 0.5015625 0.0578125 0.0515625
0 0.4515625 0.446875 0.046875 0.059375
0 0.5421875 0.50625 0.059375 0.0515625
0 0.74375 0.421875 0.04375 0.0609375
0 0.4546875 0.615625 0.04375 0.06875
0 0.565625 0.5359375 0.0578125 0.0546875
0 0.35625 0.321875 0.0546875 0.05
0 0.596875 0.44375 0.05 0.0578125
0 0.7375 0.3671875 0.065625 0.04375
0 0.3578125 0.4234375 0.0546875 0.0515625
0 0.365625 0.36875 0.04375 0.059375
0 0.5234375 0.459375 0.0609375 0.0453125
0 0.3265625 0.4671875 0.03125 0.0625
0 0.4375 0.5375 0.0640625 0.0453125
0 0.3265625 0.6359375 0.046875 0.06875
0 0.50625 0.3171875 0.04375 0.0546875
0 0.3671875 0.4671875 0.0609375 0.04375
0 0.7515625 0.596875 0.0703125 0.0453125
0 0.634375 0.56875 0.0671875 0.0421875
0 0.384375 0.2671875 0.0625 0.040625
0 0.4328125 0.25 0.0515625 0.0515625
0 0.5109375 0.4140625 0.065625 0.040625
0 0.68125 0.5953125 0.0484375 0.065625
0 0.5953125 0.596875 0.0546875 0.0609375
0 0.44375 0.4046875 0.0609375 0.040625
0 0.49375 0.571875 0.0703125 0.0296875