0 0.509375 0.5859375 0.0375 0.0546875
0 0.5 0.6421875 0.0375 0.053125
0 0.3796875 0.646875 0.0484375 0.0484375
0 0.425 0.621875 0.0578125 0.0359375
0 0.2734375 0.5609375 0.0484375 0.0515625
0 0.3734375 0.6046875 0.05 0.0484375
0 0.453125 0.5921875 0.0578125 0.0359375
0 0.365625 0.728125 0.0375 0.053125
0 0.375 0.565625 0.05625 0.0421875
0 0.3328125 0.621875 0.0390625 0.0578125
0 0.2796875 0.66875 0.034375 0.05625
0 0.3953125 0.915625 0.03125 0.053125
0 0.546875 0.621875 0.0515625 0.046875
0 0.3796875 0.5015625 0.053125 0.0484375
0 0.321875 0.6625 0.0515625 0.046875
0 0.45 0.6609375 0.05625 0.0390625
0 0.209375 0.5609375 0.0375 0.059375
0 0.3140625 0.5015625 0.0515625 0.053125
0 0.4328125 0.540625 0.0578125 0.040625
0 0.4125 0.7078125 0.03125 0.05625
0 0.4578125 0.70625 0.0546875 0.0375
0 0.5 0.678125 0.0578125 0.0359375
0 0.25625 0.6296875 0.040625 0.0515625
0 0.278125 0.7109375 0.059375 0.0390625
0 0.2546875 0.528125 0.0609375 0.0375
0 0.4359375 0.4078125 0.0609375 0.046875
0 0.3484375 0.6953125 0.0578125 0.03125
0 0.5890625 0.5953125 0.0578125 0.0390625
0 0.2 0.6265625 0.0671875 0.0328125
0 0.2921875 0.596875 0.0359375 0.0625