0 0.2171477390305908 0.38264991529826115 0.024255955534962848 0.023573855386194255
0 0.7143550996450295 0.12553841470908597 0.08997521397248338 0.11612496974937905
0 0.7390475647986392 0.08973727009528024 0.08641370435383652 0.10360678903121964
0 0.66640625 0.14609375 0.0328125 0.1046875
0 0.71796875 0.296875 0.1359375 0.053125
0 0.03828125 0.50390625 0.0765625 0.0328125
0 0.25745033521705923 0.7745839270057261 0.0462599303072194 0.07212953005422928
0 0.23593743376578039 0.8088407523376911 0.06937004809323426 0.06289088544042354
0 0.31731640853803694 0.7608668606507516 0.07970734736759474 0.04576701795398073
0 0.3622866573569105 0.6814248003459012 0.046314494009550344 0.07369203005422928
0 0.29078862487277296 0.8044714149054777 0.04625993030721922 0.07212953005422928
0 0.24243051434315221 0.622903252337691 0.08099702885594055 0.03796360831306052
0 0.22344241216623403 0.6743657583878153 0.07814484736759475 0.0457579275949012
0 0.0390625 0.92734375 0.078125 0.0546875
0 0.23624496861217067 0.8447873426967707 0.07551092068857254 0.05980224687674216
0 0.09711303594269864 0.7564601200205254 0.05111112141421188 0.07684430113146803
0 0.13061999510585856 0.6472578368430382 0.08105159255827141 0.03952610831306043
0 0.251795557542245 0.8917623366466465 0.07825397477225664 0.048882927594901204
0 0.4236061032732266 0.6708418243500063 0.03866568511654282 0.07833407825883124
0 0.12951876425833425 0.9473123789975159 0.08423115626060226 0.04110678903121965
0 0.17471224628698492 0.7272180476154266 0.07690972958157989 0.055123837235821684
0 0.152142787123825 0.8364839633064713 0.08143353847458741 0.050463608313060605
0 0.1270386381196169 0.7050612464839585 0.07927083774894798 0.033267017953980904
0 0.13114578476157232 0.6769544272021177 0.07765377404661714 0.0316954275949012
0 0.12457829311427479 0.9097760175611974 0.0798710384745874 0.050454517953980725
0 0.1236308628070554 0.9816601079202771 0.08702877404661713 0.03174996974937905
0 0.27962789166299595 0.9450600534691592 0.033978185116542825 0.0783068071815924
0 0.0234375 0.74453125 0.046875 0.0703125
0 0.2826884373939775 0.7231577823919204 0.07910714664195542 0.028579517953980903
0 0.42880452396179913 0.6114850050681656 0.06640873920022691 0.06756020472226432
0 0.16693446262172099 0.7709316861791082 0.08395833774894798 0.03329428903121965
0 0.3385167967424719 0.8250657160369459 0.05865080290255768 0.06907725292686635
0 0.39344737731984375 0.639410017168414 0.03392362141421188 0.07674430718159239
0 0.30659218494690677 0.888955499214433 0.046369057711881115 0.07525453005422929
0 0.19921619456555364 0.8758282644379396 0.0808333377489479 0.033276108313060423
0 0.44402275227743465 0.8022372700952802 0.08546627404661714 0.03174087939029935
0 0.18730650472450536 0.6350850897699044 0.04168155771188111 0.07522725897699045
0 0.4675346633473604 0.7554895351223948 0.07109623920022674 0.06758747579950324
0 0.05950390853803693 0.7593669514026147 0.04954862141421188 0.0768352107723885
0 0.9203669974681112 0.6392998910977643 0.04684028366526398 0.04401362041330899
0 0.9523313039988659 0.4847669272021179 0.045223219962933124 0.042442030054229286
0 0.8620634241471337 0.6530260478118185 0.04684028366526398 0.04401362041330899
0 0.8189334722403678 0.5902624273985095 0.045277783665263985 0.04400453005422929
0 0.903893803998866 0.48448512607064964 0.04684028366526398 0.0440136204133089
0 0.93359375 0.4125 0.0453125 0.025
0 0.8613392270496913 0.5842578670936592 0.045277783665263985 0.04400453005422929
0 0.895024746286985 0.5594487646343312 0.04684028366526398 0.04401362041330899
0 0.9890625 0.5390625 0.021875 0.04375
0 0.85859375 0.40859375 0.0484375 0.0171875
0 0.98046875 0.43984375 0.0390625 0.0421875
0 0.9953125 0.7 0.009375 0.040625
0 0.9700892005560033 0.7818055536655509 0.04533234736759484 0.04556703005422928
0 0.8502033196079626 0.5451226442210222 0.04684028366526398 0.0440136204133089
0 0.8248412210592415 0.5105931081166688 0.046785719962933126 0.042451120413308986
0 0.99453125 0.784375 0.0109375 0.04375
0 0.8234919974681112 0.638736288834828 0.04689484736759484 0.04557612041330898
0 0.8851933893007432 0.6172158128389331 0.04684028366526398 0.04401362041330899
0 0.9071874072720926 0.8377010296614458 0.04689484736759475 0.04557612041330898
0 0.9782687775051782 0.6818328247427898 0.04204365626060227 0.040861349336070066
0 0.7866467618960815 0.6197681202169172 0.04684028366526398 0.04401362041330899
0 0.9632291092636762 0.5754737404338344 0.045223219962933124 0.042442030054229286
0 0.8737350780454831 0.45305331888905725 0.045277783665263985 0.04400453005422929
0 0.9002529049098399 0.6782533067888089 0.04684028366526398 0.04401362041330899
0 0.963601098379085 0.8333407825883121 0.04684028366526398 0.04401362041330899
0 0.8594592354023938 0.8171067285299778 0.04689484736759475 0.04557612041330898