0 0.5408159829012504 0.35430502309074213 0.054834276785486226 0.07808533524981467
0 0.59140625 0.3890625 0.0171875 0.071875
0 0.503096470933403 0.28088664693620496 0.07456489532659738 0.05486244872768502
0 0.56328125 0.53125 0.0734375 0.015625
0 0.5859375 0.5015625 0.028125 0.075
0 0.5000844929692366 0.4878201521200013 0.07616376291777768 0.05656164976444433
0 0.5690877596867365 0.42541860546583476 0.05944904160312507 0.0753704383600926
0 0.5765625 0.26953125 0.046875 0.0765625
0 0.4039719059632644 0.4617839153623159 0.07183993882958344 0.0717765466541664
0 0.4855115402719449 0.3998512604140753 0.06871493882958327 0.07150314458064813
0 0.46973976348645874 0.3276440697449087 0.07180357123840278 0.07021404665416649
0 0.3955762180836115 0.3701432195093529 0.07928876291777787 0.05683505183796278
0 0.98984375 0.23203125 0.0203125 0.0484375
0 0.8114570976426393 0.07113695739833403 0.03997168977951393 0.04248002591898139
0 0.65859375 0.00546875 0.0390625 0.0109375
0 0.14979355223979215 0.7579902828462041 0.06951371941479167 0.03882734561740726
0 0.27566637442812547 0.7845541999054635 0.055851262917777866 0.05478453628657398
0 0.5028094494662505 0.7224083485386121 0.054288762917777865 0.05464783524981485
0 0.32261541603125055 0.8509023698394451 0.0418978656913195 0.0582417269557407
0 0.46291049486909763 0.6898883744575934 0.03884560087368065 0.06109332488222208
0 0.3030289614340978 0.8166052822805561 0.061701219414791716 0.038143840433611055
0 0.3258469059632644 0.720668065692408 0.05276263050895835 0.056073634213055536
0 0.4548810957427783 0.748521080678149 0.0403353656913195 0.05810502591898139
0 0.23366071238402833 0.7960576278979634 0.03888196846486114 0.06265582488222207
0 0.2840594494662505 0.741546493684908 0.04037173328249999 0.05966752591898139
0 0.3793719494662505 0.7332077304425934 0.06021145459715278 0.041132139396851744
0 0.2624727773541671 0.621311906126019 0.05443423328249999 0.06089783524981485
0 0.40371863924576445 0.7702197148912046 0.05872168977951393 0.044120438360092426
0 0.383694467133681 0.6498484262955564 0.06188305737069442 0.045956340433611055
0 0.1560422458190282 0.6901192776624078 0.04051720364722229 0.0659175259189814
0 0.4573164179311117 0.7858843796413899 0.060247822188333446 0.04269463939685174
0 0.23151763734590336 0.838518529971482 0.06344555737069442 0.04609304147037037
0 0.3265002161837504 0.6814688646556488 0.06035692496187508 0.04738213939685174
0 0.24285256800736157 0.7201007206406487 0.03891833605604171 0.06421832488222208
0 0.40680596523381995 0.7010596117809268 0.06177395459715278 0.04126884043361088
0 0.3689449021635422 0.8233638387366675 0.03412173328249999 0.059120721771944315
0 0.4142210345723617 0.817837008670649 0.05872168977951375 0.044120438360092606
0 0.3296239097629865 0.6138712615453711 0.05745013050895835 0.056483737323333116
0 0.2232297458190282 0.6842411330817597 0.04974673328250008 0.06048773213953691
0 0.2061162874221533 0.7561940455228708 0.045022865691319504 0.05851512902925915
0 0.33311519851631993 0.7638712615453711 0.05116376291777787 0.05437443317629622
0 0.20059102640423654 0.6533424475963894 0.06493532218833335 0.0431047425071295
0 0.5443787004161811 0.6921549205461123 0.06191942496187508 0.047518840433610876