0 0.32606897634836585 0.24176592558271395 0.11125051779449713 0.08813989546082901
0 0.34907144174795485 0.07874013592700022 0.11255834980971961 0.08194445916315996
0 0.4921875 0.0328125 0.06875 0.065625
0 0.4659246552075584 0.3043800313878293 0.1008860207602467 0.10182044954451293
0 0.6609375 0.0546875 0.0375 0.109375
0 0.430194107755566 0.07845244844820468 0.07132585475263546 0.10390873920022692
0 0.53125 0.01328125 0.084375 0.0265625
0 0.4676596156642314 0.11720741360181446 0.07763952174882985 0.10568949400955034
0 0.2564037806832594 0.10202881378714893 0.07158052273741297 0.11015873920022692
0 0.5043902945234239 0.1762203150530933 0.07151685574121877 0.10859623920022692
0 0.99609375 0.01484375 0.0078125 0.0234375
0 0.9738989812912818 0.09873023211346865 0.02283000494291585 0.02420139183263199
0 0.84453125 0.00625 0.0234375 0.0125
0 0.8856058024320893 0.03791672848527163 0.02283000494291585 0.02420139183263199
0 0.8800906314815622 0.017440537378279063 0.02276633794672147 0.022638891832631992
0 0.9112132974891735 0.015406811424896194 0.02276633794672147 0.022638891832631992
0 0.3245117935348407 0.9235665410064762 0.030833505931498983 0.029161710344286364
0 0.45563445954245196 0.9250248920022679 0.03089717292769336 0.03072421034428636
0 0.2808254605310351 0.9236012573412122 0.03089717292769336 0.03072421034428636
0 0.30911228661475854 0.8902629676854984 0.030833505931498983 0.029161710344286364
0 0.19629395163378655 0.8785218811176769 0.029334672927693362 0.030669646641955418
0 0.23149662258431364 0.9000347825689555 0.03089717292769336 0.03072421034428636
0 0.4125264466908707 0.8626687357416657 0.030833505931498983 0.029161710344286183
0 0.3747372866147585 0.8925546431833944 0.030833505931498983 0.029161710344286364
0 0.288348800454923 0.9550695121505356 0.03089717292769336 0.03072421034428636
0 0.44364911269848195 0.8606350097882828 0.03083350593149916 0.029161710344286364
0 0.5767454555881193 0.9105308607840747 0.03245967292769336 0.03077877404661713
0 0.3214266028126501 0.8095586047088069 0.030833505931498983 0.029161710344286364
0 0.14355627079742775 0.8095883426430894 0.030833505931498983 0.029161710344286364
0 0.9464610949039848 0.8273214796663979 0.03571200692008221 0.034012901451278846
0 0.9710552352084335 0.7033581900106842 0.032587006920082116 0.03390377404661713
0 0.8897309338392894 0.8518651226801562 0.03414950692008221 0.033958337748947895
0 0.8706334239534577 0.804389921954517 0.03414950692008221 0.033958337748947895
0 0.836714727299768 0.6612202753125616 0.03571200692008229 0.034012901451278846
0 0.9572420860067362 0.7855704892850449 0.03414950692008212 0.033958337748947895