0 0.18642149085321566 0.23930032053845984 0.058548051039618444 0.09519067363517095
0 0.1415145004009853 0.0656206258566014 0.08163035352912935 0.09186825256024882
0 0.1453125 0.32578125 0.084375 0.0671875
0 0.1599307684476173 0.19538372056669467 0.06167305103961844 0.09537268415851478
0 0.1309303526807148 0.16387611533325774 0.06167305103961844 0.09537268415851478
0 0.1046875 0.0203125 0.09375 0.040625
0 0.0421875 0.29375 0.084375 0.078125
0 0.06326925600006272 0.16621288908136816 0.09607136182749913 0.07715330517696728
0 0.22421875 0.021875 0.1015625 0.04375
0 0.18687362197674667 0.1090667889684287 0.061791450209781475 0.09693518415851479
0 0.22506070620984414 0.08147240998688118 0.07225535352912935 0.09132222099021767
0 0.00859375 0.1859375 0.0171875 0.1
0 0.3382226344243014 0.1414228046122698 0.05866645020978147 0.09675317363517096
0 0.7966504410629971 0.11891368387616605 0.07490675684847722 0.08525423151356133
0 0.6765625 0.309375 0.059375 0.1
0 0.9044396302751163 0.1047895416698518 0.05206125269929238 0.09170165258848365
0 0.784375 0.02421875 0.05625 0.0484375
0 0.7110681385734863 0.10922089448421435 0.07358105518880328 0.08828822625188941
0 0.3692125252960946 0.8877503149944392 0.038542281743586496 0.036468121018452496
0 0.3712737779953869 0.7984147992094237 0.0417856809137497 0.038212631541796147
0 0.31618261367837697 0.8626901308359246 0.03842388257342364 0.034905621018452494
0 0.2596240377436493 0.9049084519390818 0.038542281743586496 0.036468121018452496
0 0.3239018705268542 0.7815311360975963 0.03842388257342346 0.034905621018452494
0 0.6796875 0.93828125 0.1375 0.1234375
0 0.55625 0.8671875 0.053125 0.1375
0 0.5609375 0.9625 0.0625 0.075
0 0.7911574576597367 0.843896815276788 0.1358927236549981 0.15103042093374786
0 0.7676500252960945 0.7813212205666946 0.14382362282516112 0.15304794724210707
0 0.9640625 0.8171875 0.071875 0.15625
0 0.9230227642984324 0.8641322625188952 0.09406042116548718 0.15326077886860806
0 0.8271415792354981 0.8867969468185841 0.13683991701630233 0.16353042093374787