0 0.41824202114690967 0.1859375 0.10161096680652086 0.0625
0 0.2699192298555536 0.390625 0.10677206348717298 0.06875
0 0.45546875 0.121875 0.0671875 0.071875
0 0.3390066522704407 0.05625 0.10161096680652104 0.0625
0 0.24212796180892154 0.2625 0.07175844606059653 0.1015625
0 0.3223841468718559 0.234375 0.06995914772027056 0.0984375
0 0.3483294950024005 0.325 0.06910704274124875 0.1078125
0 0.1578125 0.046875 0.071875 0.09375
0 0.43125 0.03984375 0.09375 0.0796875
0 0.0359375 0.2296875 0.071875 0.103125
0 0.15240353359446437 0.209375 0.10665366431701004 0.0671875
0 0.15964919376228953 0.134375 0.10146925684847723 0.08125
0 0.228125 0.0453125 0.078125 0.090625
0 0.24800129874131133 0.14375 0.08210395020978148 0.09375
0 0.06961618961310463 0.1265625 0.08245914772027056 0.0984375
0 0.6921531178275618 0.4484375 0.04538427759440165 0.0421875
0 0.7853148124382658 0.25 0.042140878424238616 0.040625
0 0.8703750514406037 0.3234375 0.04202247925407558 0.0390625
0 0.7223626813147349 0.3796875 0.04202247925407558 0.0390625
0 0.9129140584895736 0.525 0.045502676764564674 0.04375
0 0.6100043912727786 0.3984375 0.045147479254075584 0.0390625
0 0.8601227904429416 0.396875 0.04034158008391255 0.0375
0 0.7535660597389735 0.3390625 0.04202247925407558 0.0390625
0 0.9071161896131047 0.3953125 0.04202247925407576 0.0390625
0 0.9532090169977249 0.446875 0.04370337842423862 0.040625
0 0.8569726344243014 0.4796875 0.03373638257342364 0.0328125
0 0.8814524161678878 0.4453125 0.04202247925407558 0.0390625
0 0.14329048795343063 0.6546875 0.04694677759440165 0.0421875
0 0.21545075310027767 0.5890625 0.04526587842423861 0.040625
0 0.880130404969733 0.8953125 0.0471835759347277 0.0453125
0 0.98828125 0.95078125 0.0234375 0.0421875
0 0.88203125 0.9921875 0.0484375 0.015625