0 0.0850794159640671 0.33247546318218585 0.025818455534962936 0.024164925705962938
0 0.03140877894075853 0.3153046835570147 0.024255955534962938 0.024119461599340218
0 0.09865084264308939 0.31882214014179 0.02420139183263199 0.02255696159934022
0 0.10848219962933107 0.3768619606749034 0.02581845553496276 0.024164925705962757
0 0.13378973447572146 0.341697350487489 0.025818455534962936 0.024164925705962938
0 0.0125 0.44921875 0.025 0.0203125
0 0.4702282645976063 0.3484113855894435 0.047440484390903315 0.06225595909205772
0 0.533447483294595 0.14733227038746416 0.03187004809323426 0.06336381802583091
0 0.58046875 0.00625 0.0609375 0.0125
0 0.67109375 0.0125 0.0359375 0.025
0 0.4863939232204612 0.2302524189755383 0.047385920688572544 0.06069345909205772
0 0.5109375 0.02109375 0.04375 0.0421875
0 0.7870834039831676 0.2140269915537157 0.05341766587924894 0.05462531551854859
0 0.7301042284852717 0.14681074782192197 0.06359127404661713 0.03306856426490725
0 0.6253621647829408 0.14220215267820233 0.06671627404661713 0.03315949247815268
0 0.7313740626060226 0.0937766760351673 0.03030754809323426 0.06331835391920819
0 0.6825744640573014 0.12669682462324144 0.05939484736759475 0.046994671945039104
0 0.6203869773041453 0.22322483214508893 0.06095734736759475 0.04704013605166182
0 0.5376290410064761 0.2223777344940868 0.044206356986241604 0.05904003087881247
0 0.7075943114248961 0.17269128622258173 0.0636458377489479 0.03463106426490725
0 0.64921875 0.02578125 0.0515625 0.0515625
0 0.6482341803920374 0.08199207838416527 0.05347222958157989 0.05618781551854859
0 0.700947496541439 0.2505435015828457 0.053472229581580065 0.05618781551854859
0 0.47926592558271397 0.07083195486891558 0.058050602176918174 0.05319920783841638
0 0.4362599700477511 0.04616692399010325 0.06224702885594056 0.03927310015828454
0 0.6995040145127882 0.030412858009336397 0.05487103847458741 0.05154577962517113
0 0.6871329892850448 0.07844118104973222 0.044206356986241604 0.05904003087881247
0 0.6099355722246693 0.10273047571859814 0.06380952885594056 0.03931856426490725
0 0.7392212789407585 0.05029946067490339 0.0620833377489479 0.03458560015828453
0 0.7736409520764018 0.276072350487489 0.02712798439090349 0.061664925705962936
0 0.14907248329459505 0.8848322703874641 0.03187004809323426 0.06336381802583091
0 0.19657742195451694 0.7254405500126353 0.06112103847458741 0.05172763605166182
0 0.27890625 0.73046875 0.0203125 0.0640625
0 0.10201892322046122 0.9677524189755383 0.047385920688572544 0.06069345909205772
0 0.1271925048941414 0.7499571652146146 0.04431548439090349 0.06216503087881238
0 0.24098716478294077 0.8797021526782023 0.06671627404661713 0.03315949247815268
0 0.278125 0.8640625 0.021875 0.046875
0 0.23601197730414522 0.960724832145089 0.06095734736759475 0.04704013605166182
0 0.15325404100647616 0.9598777344940868 0.044206356986241604 0.05904003087881247
0 0.2640625 0.7625 0.05 0.053125
0 0.2625 0.81875 0.053125 0.05625
0 0.09489092558271395 0.8083319548689156 0.058050602176918174 0.05319920783841638
0 0.0518849700477511 0.7836669239901033 0.06224702885594056 0.03927310015828454
0 0.284375 0.815625 0.009375 0.059375
0 0.22556057222466935 0.8402304757185981 0.06380952885594056 0.03931856426490725