0 0.1578125 0.403125 0.046875 0.0453125
0 0.2734375 0.4453125 0.0453125 0.0453125
0 0.2421875 0.5171875 0.046875 0.0453125
0 0.3140625 0.4734375 0.0453125 0.046875
0 0.1015625 0.3140625 0.0484375 0.046875
0 0.190625 0.4390625 0.046875 0.0453125
0 0.409375 0.55 0.0453125 0.0453125
0 0.0609375 0.2921875 0.0484375 0.0453125
0 0.2828125 0.546875 0.046875 0.0453125
0 0.3671875 0.5 0.046875 0.0453125
0 0.1890625 0.275 0.04375 0.0453125
0 0.23125 0.2609375 0.0453125 0.0453125
0 0.43125 0.44375 0.0453125 0.04375
0 0.1015625 0.359375 0.0484375 0.0453125
0 0.3546875 0.2828125 0.0453125 0.0453125
0 0.16875 0.5671875 0.046875 0.0453125
0 0.4703125 0.35625 0.04375 0.0453125
0 0.453125 0.60625 0.0453125 0.0453125
0 0.2265625 0.3390625 0.046875 0.0453125
0 0.4640625 0.2734375 0.04375 0.0453125
0 0.284375 0.290625 0.0453125 0.04375
0 0.3453125 0.3515625 0.04375 0.04375
0 0.3265625 0.70625 0.046875 0.046875