0 0.375 0.5015625 0.0234375 0.0234375
0 0.3765625 0.4625 0.021875 0.021875
0 0.3328125 0.5203125 0.021875 0.0234375
0 0.3328125 0.4890625 0.021875 0.021875
0 0.3015625 0.5671875 0.0234375 0.0234375
0 0.2609375 0.571875 0.0234375 0.0234375
0 0.246875 0.546875 0.0234375 0.0234375
0 0.290625 0.5328125 0.0234375 0.021875
0 0.3671875 0.440625 0.0234375 0.021875
0 0.309375 0.51875 0.021875 0.021875
0 0.2484375 0.5234375 0.0234375 0.021875
0 0.290625 0.503125 0.021875 0.021875
0 0.3328125 0.4609375 0.021875 0.021875
0 0.271875 0.55 0.021875 0.021875
0 0.3046875 0.484375 0.021875 0.0234375
0 0.34375 0.440625 0.021875 0.021875
0 0.253125 0.4984375 0.0234375 0.021875
0 0.25 0.475 0.0234375 0.021875
0 0.2734375 0.4859375 0.021875 0.021875
0 0.296875 0.440625 0.021875 0.021875
0 0.278125 0.4640625 0.021875 0.021875
0 0.2546875 0.453125 0.0234375 0.0234375
0 0.2734375 0.4390625 0.021875 0.021875
0 0.3203125 0.440625 0.021875 0.021875
0 0.3078125 0.4609375 0.021875 0.021875