0 0.41875 0.7703125 0.0234375 0.0234375
0 0.303125 0.771875 0.0234375 0.0234375
0 0.325 0.7484375 0.021875 0.021875
0 0.28125 0.740625 0.0234375 0.0234375
0 0.359375 0.7734375 0.0234375 0.0234375
0 0.3375 0.7734375 0.021875 0.0234375
0 0.2390625 0.7703125 0.021875 0.0234375
0 0.2203125 0.715625 0.0234375 0.0234375
0 0.2609375 0.7515625 0.021875 0.0234375
0 0.21875 0.7375 0.0234375 0.0234375
0 0.28125 0.771875 0.021875 0.0234375
0 0.221875 0.7578125 0.0234375 0.0234375
0 0.2265625 0.696875 0.0234375 0.021875
0 0.2421875 0.7484375 0.021875 0.0234375
0 0.259375 0.771875 0.021875 0.021875