0 0.4138392005560034 0.19079708975636872 0.09189981252120454 0.08695738433001132
0 0.35390625 0.234375 0.0296875 0.0625
0 0.41472708876043834 0.25505984885566735 0.10336310217691827 0.05807092072720579
0 0.35859375 0.03515625 0.0390625 0.0703125
0 0.321875 0.79765625 0.034375 0.0453125
0 0.33359375 0.76640625 0.0109375 0.0453125
0 0.1314186032732266 0.6590884099298642 0.04684028366526398 0.046653756939830336
0 0.17856642178488089 0.6542797964193439 0.04684028366526398 0.046653756939830336
0 0.1515625 0.5203125 0.05 0.021875
0 0.2788590876641299 0.607462958047251 0.042043656260602094 0.04322836829088228
0 0.3296875 0.84296875 0.01875 0.0453125
0 0.2177529181566838 0.7429207942598756 0.045223219962933034 0.044991127390180984
0 0.2712449951058586 0.6461249398486538 0.045277783665263985 0.046553627390180985
0 0.13436504319909276 0.5747134099298642 0.04689484736759475 0.04821625693983034
0 0.19437496025946827 0.6051809623661877 0.045277783665263985 0.046553627390180985
0 0.08341263449141981 0.7781597825396832 0.04684028366526398 0.046653756939830336
0 0.325 0.62109375 0.028125 0.0453125
0 0.3147767402965352 0.6551785672388348 0.04360615626060227 0.04332849784053163
0 0.1229662078123975 0.7666005212809163 0.04684028366526398 0.046653756939830336
0 0.156413624872773 0.7953658713732012 0.045277783665263985 0.046553627390180985
0 0.2760564914776615 0.7325630875969005 0.045223219962933034 0.044991127390180984
0 0.325 0.903125 0.028125 0.046875
0 0.24271820182194775 0.7006727375046153 0.045223219962933034 0.044991127390180984
0 0.3091368315888622 0.8615286967884842 0.04360615626060227 0.04332849784053163
0 0.19811005155179529 0.8121318692137329 0.045277783665263985 0.046553627390180985
0 0.19038683158886216 0.8539188510151356 0.045277783665263985 0.046553627390180985
0 0.2960614566312712 0.6978271421926923 0.045277783665263985 0.046553627390180985
0 0.14879953231450158 0.834027853174604 0.04684028366526398 0.046653756939830336
0 0.06426581960796263 0.6986329688445927 0.04684028366526398 0.046653756939830336
0 0.14905748185901463 0.7369525940753053 0.04684028366526398 0.04665375693983016
0 0.09161205880818941 0.6330475416389818 0.04684028366526398 0.046653756939830336
0 0.23743547949676191 0.5828844602067195 0.045223219962933214 0.044991127390180984
0 0.09771323666833806 0.7273983189368778 0.04840278366526398 0.046753886489479514
0 0.2936358279606651 0.9466651603912896 0.04533234736759475 0.048116127390180986
0 0.32578125 0.9453125 0.0265625 0.04375
0 0.2515625 0.99296875 0.046875 0.0140625
0 0.3046875 0.9875 0.046875 0.025
0 0.1984375 0.98671875 0.046875 0.0265625
0 0.25582338094804075 0.549610885252862 0.045223219962933214 0.044991127390180984
0 0.268948341207509 0.8464253284976018 0.042043656260602094 0.04322836829088246
0 0.10526778712382501 0.824974225784423 0.04684028366526398 0.046653756939830336
0 0.06340766933781014 0.8128957279438914 0.04684028366526398 0.046653756939830336
0 0.3078025431990928 0.5858277899409389 0.04204365626060227 0.04322836829088228
0 0.05909222468743849 0.5777196915466968 0.04845734736759475 0.04831638648947969