0 0.615625 0.3546875 0.0484375 0.05625
0 0.6390625 0.3140625 0.046875 0.0640625
0 0.6109375 0.2984375 0.0453125 0.0625
0 0.68125 0.303125 0.034375 0.065625
0 0.653125 0.35625 0.0359375 0.0640625
0 0.70625 0.34375 0.065625 0.0328125
0 0.65 0.40625 0.0578125 0.0484375
0 0.528125 0.35 0.0609375 0.0484375
0 0.565625 0.3828125 0.0390625 0.0625
0 0.6640625 0.7609375 0.0375 0.0703125
0 0.6984375 0.4328125 0.0671875 0.0390625
0 0.6 0.3890625 0.0453125 0.059375
0 0.4625 0.4015625 0.0515625 0.0546875
0 0.503125 0.290625 0.0625 0.0421875
0 0.684375 0.2578125 0.053125 0.053125
0 0.5703125 0.453125 0.04375 0.0578125
0 0.5375 0.396875 0.053125 0.053125
0 0.5515625 0.6421875 0.0359375 0.0671875
0 0.4875 0.2484375 0.059375 0.046875
0 0.4046875 0.46875 0.0640625 0.0390625
0 0.6375 0.2640625 0.0625 0.0421875
0 0.45625 0.4546875 0.0359375 0.0640625
0 0.4484375 0.278125 0.0640625 0.0375
0 0.53125 0.265625 0.0390625 0.065625
0 0.690625 0.8 0.0578125 0.0546875
0 0.5828125 0.75625 0.04375 0.0671875
0 0.63125 0.7921875 0.05 0.0625
0 0.70625 0.63125 0.04375 0.0671875
0 0.575 0.2515625 0.0625 0.04375
0 0.3703125 0.409375 0.0625 0.04375
0 0.515625 0.6484375 0.034375 0.0671875
0 0.7015625 0.371875 0.0671875 0.0265625
0 0.428125 0.246875 0.065625 0.03125
0 0.521875 0.4265625 0.065625 0.0359375
0 0.43125 0.2125 0.059375 0.0421875
0 0.43125 0.3640625 0.0640625 0.0390625
0 0.703125 0.7421875 0.040625 0.0671875
0 0.61875 0.478125 0.0625 0.0421875
0 0.7015625 0.396875 0.0671875 0.0296875
0 0.575 0.334375 0.0359375 0.0625
0 0.471875 0.3421875 0.065625 0.0421875
0 0.6453125 0.4984375 0.0578125 0.05625
0 0.615625 0.540625 0.065625 0.0375
0 0.7140625 0.575 0.03125 0.065625
0 0.39375 0.4359375 0.0671875 0.0375
0 0.5453125 0.6984375 0.0421875 0.0640625
0 0.5 0.540625 0.0328125 0.0671875
0 0.7109375 0.5125 0.0390625 0.0625
0 0.71875 0.296875 0.04375 0.059375
0 0.509375 0.76875 0.05 0.0625
0 0.634375 0.6265625 0.0421875 0.0640625
0 0.6375 0.5703125 0.0578125 0.05625
0 0.5015625 0.215625 0.0625 0.040625
0 0.5265625 0.321875 0.059375 0.0453125
0 0.621875 0.6828125 0.0359375 0.0625
0 0.6828125 0.5671875 0.0359375 0.0640625
0 0.578125 0.28125 0.0546875 0.053125
0 0.4046875 0.3390625 0.0671875 0.0328125
0 0.63125 0.7359375 0.05625 0.0578125
0 0.49375 0.45625 0.046875 0.05625
0 0.365625 0.375 0.0609375 0.0453125
0 0.53125 0.578125 0.0359375 0.0609375
0 0.5421875 0.7546875 0.0484375 0.065625
0 0.5984375 0.4359375 0.053125 0.0515625
0 0.4234375 0.4015625 0.053125 0.053125
0 0.4734375 0.50625 0.025 0.065625
0 0.671875 0.5125 0.046875 0.059375
0 0.371875 0.5546875 0.0484375 0.0640625
0 0.421875 0.6328125 0.065625 0.03125
0 0.340625 0.2421875 0.0421875 0.0640625
0 0.6859375 0.66875 0.0640625 0.0484375
0 0.671875 0.6984375 0.0703125 0.0328125
0 0.440625 0.5203125 0.0390625 0.0625
0 0.5359375 0.4640625 0.046875 0.0546875
0 0.64375 0.4390625 0.0546875 0.0484375
0 0.46875 0.309375 0.0671875 0.0375
0 0.3203125 0.403125 0.028125 0.065625
0 0.31875 0.4734375 0.053125 0.059375
0 0.428125 0.6015625 0.0671875 0.0375
0 0.453125 0.5625 0.0625 0.04375
0 0.4765625 0.628125 0.0453125 0.059375
0 0.490625 0.38125 0.053125 0.0515625
0 0.715625 0.2421875 0.05 0.0578125
0 0.58125 0.50625 0.059375 0.0390625
0 0.58125 0.5984375 0.065625 0.0296875
0 0.6671875 0.615625 0.046875 0.0609375
0 0.396875 0.309375 0.0625 0.040625
0 0.3484375 0.459375 0.05 0.0578125
0 0.4 0.684375 0.046875 0.0671875
0 0.3421875 0.34375 0.059375 0.0484375
0 0.584375 0.6984375 0.046875 0.0640625
0 0.375 0.7609375 0.0296875 0.071875
0 0.5703125 0.8015625 0.0671875 0.0296875
0 0.553125 0.5359375 0.0640625 0.0359375
0 0.384375 0.225 0.046875 0.0578125
0 0.496875 0.7203125 0.059375 0.0515625
0 0.5875 0.64375 0.0390625 0.065625
0 0.45 0.7375 0.0515625 0.0640625
0 0.6984375 0.465625 0.0671875 0.0390625
0 0.4609375 0.790625 0.06875 0.0390625
0 0.3859375 0.2703125 0.0640625 0.034375
0 0.365625 0.5109375 0.0453125 0.0625
0 0.4140625 0.7625 0.0390625 0.0703125
0 0.3015625 0.715625 0.0609375 0.0578125
0 0.6296875 0.225 0.0609375 0.0453125
0 0.4171875 0.50625 0.0484375 0.0578125
0 0.4703125 0.69375 0.0625 0.0453125
0 0.3109375 0.5203125 0.0453125 0.0625
0 0.49375 0.5953125 0.05625 0.0515625
0 0.315625 0.5921875 0.059375 0.05
0 0.365625 0.625 0.04375 0.0625
0 0.521875 0.503125 0.059375 0.0390625
0 0.3453125 0.2984375 0.0609375 0.04375
0 0.3203125 0.65 0.0578125 0.05625
0 0.5640625 0.2265625 0.0640625 0.0390625
0 0.5796875 0.56875 0.0640625 0.0390625
0 0.4390625 0.665625 0.0640625 0.0390625
0 0.3546875 0.6875 0.0640625 0.0421875
0 0.3921875 0.5796875 0.05 0.0578125