0 0.12373550469697445 0.2976945680373433 0.026456084186749607 0.026894386722608486
0 0.00625 0.34375 0.0125 0.028125
0 0.17469033092062922 0.39113599210261557 0.026547089448421345 0.028456886722608488
0 0.06390547838861523 0.2943812365035381 0.026456084186749607 0.026894386722608486
0 0.1495853731551783 0.2565008829744088 0.026456084186749607 0.02689438672260831
0 0.06907882580013158 0.24847674065272313 0.026456084186749607 0.026894386722608486
0 0.021535967865271566 0.29445301409793984 0.026456084186749607 0.02689438672260831
0 0.16322220990217656 0.35590888712359375 0.026547089448421345 0.028456886722608488
0 0.13115316254713 0.3442143705268542 0.026547089448421345 0.028456886722608488
0 0.055136694117161066 0.35939092986484233 0.026456084186749607 0.026894386722608486
0 0.15050937827567576 0.4070928788252239 0.028109589448421346 0.02857528589277152
0 0.03248742036905057 0.4285912157576138 0.028109589448421346 0.028575285892771342
0 0.11476929935059807 0.38626016056881046 0.026547089448421345 0.02845688672260831
0 0.054741851967316534 0.4065027282051684 0.026547089448421345 0.028456886722608488
0 0.02121817847331986 0.20816031658745074 0.026456084186749607 0.02689438672260831
0 0.09296989406069134 0.4161611481212558 0.026547089448421345 0.028456886722608488
0 0.06149310993041146 0.33379893401402716 0.026456084186749607 0.026894386722608486
0 0.09318418373499168 0.2042764547599516 0.026456084186749607 0.026894386722608486
0 0.1422572625188951 0.373191475505876 0.026456084186749607 0.026894386722608486
0 0.026161825658957305 0.4008214132681028 0.026547089448421345 0.028456886722608488
0 0.0078125 0.25234375 0.015625 0.0265625
0 0.09953914150044252 0.34033235393011463 0.026456084186749607 0.026894386722608486
0 0.0046875 0.2796875 0.009375 0.028125
0 0.0402103731551783 0.2647888248858205 0.026456084186749607 0.026894386722608486
0 0.18270171004335092 0.20534020206065923 0.026456084186749607 0.026894386722608486
0 0.03866328370675678 0.23822632488582052 0.026456084186749607 0.026894386722608486
0 0.2786189677240972 0.42406504604201894 0.028200594710093264 0.030137785892771517
0 0.8403182470162281 0.09466281118886596 0.036816731513561504 0.07123638257342346
0 0.8077787628012437 0.10183669376228952 0.038470236775233244 0.0729172817435865
0 0.8927152049228535 0.0781372394033232 0.0708431210184525 0.04114706348717308
0 0.9069443048946185 0.106877546042019 0.0708431210184525 0.04114706348717308
0 0.9828125 0.12734375 0.034375 0.0578125
0 0.85390625 0.025 0.0546875 0.05
0 0.7542295575960416 0.04468796720750627 0.06808214206513981 0.047160265146847014
0 0.8393619627447741 0.15908050869935506 0.06550317363517096 0.05629846680652104
0 0.9541231417827912 0.05465127259680225 0.06928062101845249 0.04102866431700995
0 0.8826275733810572 0.03966673525413835 0.057872684158514785 0.058831470955705886
0 0.87734375 0.475 0.0390625 0.06875
0 0.7621470153614925 0.18062546720750633 0.05970819994353036 0.06363737012586874
0 0.9157872258283664 0.23175914687185592 0.0566742052052021 0.06496307178554268
0 0.9427893415851472 0.2642397601492476 0.040032736775233245 0.07303568091374953
0 0.84140625 0.471875 0.0421875 0.075
0 0.98046875 0.27578125 0.0390625 0.0734375
0 0.971875 0.471875 0.046875 0.075
0 0.39609375 0.7734375 0.0078125 0.034375
0 0.09992003114650805 0.7444781701165801 0.03803062101845249 0.03866068091374952
0 0.2825351100715858 0.7541813663776693 0.03637711575678075 0.03697978174358667
0 0.2009210890248984 0.7540881232261466 0.03637711575678075 0.03697978174358667
0 0.3531206258566014 0.7535409037203332 0.03628611049510884 0.03541728174358649
0 0.3153630206231643 0.7250140846340828 0.03637711575678075 0.036979781743586494
0 0.22042995222143028 0.7118055348438642 0.03637711575678075 0.036979781743586494
0 0.06390693643641479 0.7189579518601666 0.03793961575678066 0.0370981809137497
0 0.2500110364081799 0.7346743497809298 0.034814615756780756 0.03686138257342346
0 0.2074903364646497 0.6782593290350054 0.03793961575678075 0.03709818091374952
0 0.853125 0.53515625 0.103125 0.0515625
0 0.94140625 0.53671875 0.0953125 0.0546875
0 0.868896815276788 0.5823529879534307 0.1075086631118273 0.056370244400922684
0 0.8879646046687396 0.6672248954219635 0.09590330517696728 0.09749215186945541
0 0.8897538887990194 0.7518366937622896 0.10850972099021768 0.07355774440092269
0 0.8129646046687397 0.6729080555897886 0.07475634727034208 0.10833456348717299
0 0.9346884152485531 0.6071861219767467 0.10133425782192056 0.08390324855010753
0 0.8803326571442838 0.8325897862937568 0.11218075256024881 0.08316954274124874
0 0.7672110308641594 0.8034961273753314 0.10943518415851479 0.06273864357108572
0 0.7082448255177829 0.8958504933520155 0.07980786831702939 0.11493976099766208
0 0.74921875 0.9875 0.0984375 0.025