0 0.08125 0.575 0.0484375 0.0453125
0 0.090625 0.628125 0.0484375 0.0453125
0 0.9203125 0.659375 0.046875 0.0453125
0 0.9421875 0.5171875 0.046875 0.04375
0 0.134375 0.2078125 0.046875 0.046875
0 0.953125 0.3015625 0.0484375 0.0484375
0 0.1921875 0.25 0.0453125 0.0453125
0 0.93125 0.559375 0.0484375 0.04375
0 0.0828125 0.690625 0.0484375 0.046875
0 0.1265625 0.65625 0.0484375 0.046875
0 0.78125 0.2859375 0.0453125 0.046875
0 0.1890625 0.29375 0.0453125 0.0453125
0 0.1390625 0.6140625 0.0484375 0.046875
0 0.9234375 0.190625 0.0484375 0.0484375
0 0.5921875 0.3890625 0.04375 0.0421875
0 0.78125 0.340625 0.0453125 0.0453125
0 0.871875 0.459375 0.0453125 0.0421875
0 0.875 0.340625 0.0453125 0.046875
0 0.746875 0.2203125 0.0453125 0.04375
0 0.85625 0.2984375 0.04375 0.0453125
0 0.86875 0.2125 0.046875 0.0453125
0 0.965625 0.3859375 0.0453125 0.04375
0 0.6171875 0.3203125 0.04375 0.0421875
0 0.8875 0.41875 0.0453125 0.04375
0 0.8265625 0.3578125 0.0453125 0.0453125
0 0.878125 0.5515625 0.046875 0.0453125
0 0.0734375 0.484375 0.0484375 0.046875
0 0.878125 0.596875 0.046875 0.04375
0 0.9296875 0.4125 0.0421875 0.04375
0 0.9390625 0.3484375 0.0453125 0.0453125
0 0.7921875 0.4359375 0.040625 0.040625
0 0.815625 0.315625 0.04375 0.04375
0 0.8234375 0.471875 0.0453125 0.04375
0 0.9046875 0.3078125 0.04375 0.04375
0 0.8375 0.4296875 0.04375 0.0421875
0 0.8359375 0.521875 0.0453125 0.0421875
0 0.8265625 0.2625 0.04375 0.04375
0 0.921875 0.60625 0.046875 0.0453125
0 0.878125 0.509375 0.0453125 0.0421875
0 0.903125 0.3734375 0.0453125 0.04375
0 0.9359375 0.4546875 0.046875 0.04375
0 0.94375 0.2328125 0.046875 0.0453125
0 0.8578125 0.3875 0.0453125 0.04375