0 0.440625 0.509375 0.0796875 0.084375
0 0.4875 0.434375 0.0890625 0.071875
0 0.6609375 0.5078125 0.0890625 0.0796875
0 0.453125 0.2515625 0.0796875 0.084375
0 0.6515625 0.709375 0.0703125 0.1015625
0 0.4765625 0.534375 0.078125 0.0875
0 0.4484375 0.3125 0.096875 0.0421875
0 0.703125 0.7 0.0546875 0.10625
0 0.728125 0.30625 0.0453125 0.0953125
0 0.4484375 0.3546875 0.096875 0.0515625
0 0.228125 0.6703125 0.090625 0.0875
0 0.559375 0.3546875 0.08125 0.0859375
0 0.73125 0.409375 0.0984375 0.0515625
0 0.3984375 0.209375 0.090625 0.071875
0 0.6421875 0.9609375 0.1046875 0.0765625
0 0.6 0.265625 0.0484375 0.096875
0 0.7421875 0.55625 0.053125 0.1
0 0.58125 0.5359375 0.0640625 0.096875
0 0.7765625 0.353125 0.05625 0.0953125
0 0.328125 0.9125 0.0859375 0.1
0 0.2890625 0.6421875 0.0546875 0.10625
0 0.3140625 0.378125 0.05 0.1
0 0.6890625 0.3234375 0.053125 0.096875