0 0.1765625 0.5953125 0.06875 0.0328125
0 0.4140625 0.371875 0.0640625 0.0484375
0 0.3015625 0.6328125 0.0546875 0.05
0 0.5296875 0.590625 0.053125 0.05
0 0.346875 0.703125 0.040625 0.0546875
0 0.490625 0.5546875 0.0375 0.0578125
0 0.328125 0.6671875 0.0609375 0.0328125
0 0.353125 0.5734375 0.0515625 0.0515625
0 0.48125 0.6125 0.0390625 0.0546875
0 0.259375 0.640625 0.0375 0.059375
0 0.3109375 0.590625 0.0390625 0.05625
0 0.40625 0.590625 0.059375 0.0359375
0 0.2921875 0.46875 0.053125 0.05625
0 0.4296875 0.6296875 0.0578125 0.0390625
0 0.4125 0.5078125 0.0609375 0.040625
0 0.184375 0.528125 0.0390625 0.0625
0 0.4828125 0.65 0.059375 0.0375
0 0.25625 0.6828125 0.0625 0.040625
0 0.3546875 0.534375 0.059375 0.0421875
0 0.2703125 0.565625 0.0375 0.0609375
0 0.434375 0.5609375 0.0609375 0.0359375
0 0.39375 0.6796875 0.0328125 0.05625
0 0.4390625 0.678125 0.0578125 0.0390625
0 0.359375 0.4671875 0.05625 0.0515625
0 0.2515625 0.528125 0.0484375 0.05625
0 0.2328125 0.5984375 0.04375 0.0546875
0 0.359375 0.6171875 0.05 0.05
0 0.2296875 0.4953125 0.0640625 0.0375
0 0.571875 0.5640625 0.0609375 0.0421875
0 0.378125 0.89375 0.0328125 0.0546875