0 0.5171875 0.4484375 0.0453125 0.0578125
0 0.4296875 0.2890625 0.065625 0.0390625
0 0.6015625 0.45 0.0546875 0.0546875
0 0.6125 0.3875 0.0515625 0.0515625
0 0.4234375 0.590625 0.0609375 0.053125
0 0.6375 0.5296875 0.0671875 0.03125
0 0.6828125 0.45625 0.0640625 0.0421875
0 0.5734375 0.39375 0.0328125 0.0625
0 0.321875 0.7234375 0.0375 0.071875
0 0.596875 0.50625 0.0609375 0.046875
0 0.521875 0.496875 0.0515625 0.0578125
0 0.66875 0.4078125 0.0390625 0.0609375
0 0.4234375 0.50625 0.0453125 0.0609375
0 0.63125 0.421875 0.040625 0.05625
0 0.56875 0.4609375 0.0578125 0.053125
0 0.446875 0.38125 0.05 0.059375
0 0.5015625 0.590625 0.034375 0.065625
0 0.375 0.3546875 0.0703125 0.0328125
0 0.625 0.5765625 0.0578125 0.0578125
0 0.665625 0.66875 0.0390625 0.0640625
0 0.3890625 0.41875 0.0703125 0.0328125
0 0.68125 0.5984375 0.0484375 0.059375
0 0.3625 0.5765625 0.059375 0.05625
0 0.6515625 0.4921875 0.0640625 0.0421875
0 0.615625 0.678125 0.0703125 0.04375