0 0.33125 0.428125 0.0375 0.05625
0 0.47924567457036804 0.315625 0.0835215720082724 0.0609375
0 0.7639126705920034 0.15625 0.08973520934118148 0.0578125
0 0.7222160665977304 0.1140625 0.09258748933799979 0.034375
0 0.5880581479153675 0.2296875 0.08501134667409058 0.0546875
0 0.67890625 0.0140625 0.0890625 0.028125
0 0.4669082118873688 0.4359375 0.08197725334181775 0.0625
0 0.810188781269912 0.0734375 0.050963610677908555 0.0828125
0 0.5637843065722772 0.3015625 0.08659202800763595 0.05625
0 0.4921103959261853 0.15 0.0509454293443631 0.08125
0 0.7818445105824584 0.2265625 0.06653406667727228 0.078125
0 0.6634410506047301 0.0625 0.08653748400699968 0.0515625
0 0.7210877292330047 0.3453125 0.036955654678545 0.0875
0 0.675412697247004 0.2421875 0.07885225334181775 0.0625
0 0.5644559212285503 0.378125 0.09262385200509068 0.0375
0 0.5653853586091845 0.0296875 0.08802725867281787 0.0453125
0 0.87734375 0.0171875 0.0671875 0.034375
0 0.8930183679185493 0.20625 0.08637385200509069 0.0375
0 0.7498490759070953 0.290625 0.04783861067790873 0.0828125
0 0.5695615919000956 0.3421875 0.0864102146721816 0.040625
0 0.62109375 0.02578125 0.0421875 0.0515625
0 0.5343524399268216 0.1453125 0.04936474801081765 0.0796875
0 0.6727422305856401 0.203125 0.07587270401018138 0.075
0 0.6096615225970942 0.11875 0.08190452800763595 0.05625
0 0.84296875 0.0359375 0.0390625 0.071875
0 0.6029206265913671 0.1609375 0.08948067067154533 0.0359375
0 0.5630956052673668 0.0921875 0.08479317067154532 0.0359375
0 0.696543357256549 0.171875 0.04780224801081765 0.0796875
0 0.45326607192873053 0.13125 0.06651588534372674 0.0765625
0 0.5665842319382756 0.0609375 0.08477498933799979 0.034375
0 0.6920002132400043 0.29375 0.08339430267345413 0.05
0 0.6375672519096405 0.271875 0.08949885200509052 0.0375
0 0.7352604119191856 0.2015625 0.047784066677272106 0.078125
0 0.8759046879376392 0.065625 0.036955654678545 0.0875
0 0.0984375 0.9921875 0.059375 0.015625
0 0.01875 0.82734375 0.0375 0.0578125
0 0.3296875 0.98671875 0.040625 0.0265625
0 0.08933193594845693 0.9 0.052217028007635946 0.05625
0 0.321875 0.94296875 0.05625 0.0484375
0 0.01328125 0.97265625 0.0265625 0.0546875
0 0.4507046932686394 0.646875 0.02845226400381797 0.028125
0 0.408299017266094 0.665625 0.030014764003817973 0.028125
0 0.44009445727245733 0.61875 0.030014764003817973 0.028125
0 0.3640625 0.609375 0.028125 0.028125
0 0.3640625 0.659375 0.028125 0.028125
0 0.4153853586091845 0.59375 0.02845226400381797 0.028125
0 0.38359375 0.584375 0.0296875 0.009375
0 0.4008865066040938 0.63125 0.030014764003817973 0.028125