0 0.5140625 0.6453125 0.059375 0.0359375
0 0.5078125 0.5953125 0.034375 0.0609375
0 0.590625 0.628125 0.034375 0.0609375
0 0.6296875 0.6359375 0.0390625 0.059375
0 0.5359375 0.696875 0.0453125 0.0578125
0 0.5171875 0.7890625 0.046875 0.059375
0 0.378125 0.553125 0.04375 0.05625
0 0.3078125 0.6390625 0.05625 0.04375
0 0.409375 0.453125 0.0609375 0.0359375
0 0.50625 0.5234375 0.0484375 0.05
0 0.565625 0.66875 0.0546875 0.0421875
0 0.484375 0.821875 0.05625 0.0484375
0 0.6234375 0.5859375 0.0609375 0.0375
0 0.3 0.69375 0.0421875 0.05625
0 0.575 0.3703125 0.059375 0.040625
0 0.590625 0.775 0.0609375 0.040625
0 0.2640625 0.6 0.0625 0.0375
0 0.3390625 0.5921875 0.0375 0.059375
0 0.63125 0.5375 0.0390625 0.0578125
0 0.55 0.60625 0.046875 0.053125
0 0.5828125 0.721875 0.0359375 0.0640625
0 0.5359375 0.753125 0.053125 0.05
0 0.45625 0.5578125 0.0359375 0.0578125
0 0.2203125 0.68125 0.05625 0.046875
0 0.4359375 0.7625 0.0609375 0.0421875
0 0.6296875 0.6890625 0.05625 0.0421875
0 0.2828125 0.7875 0.040625 0.0578125
0 0.4375 0.6859375 0.0375 0.059375
0 0.409375 0.61875 0.0359375 0.0578125
0 0.446875 0.6375 0.040625 0.05625
0 0.2515625 0.6515625 0.05 0.0515625
0 0.6140625 0.340625 0.0359375 0.0625
0 0.415625 0.734375 0.059375 0.0375
0 0.5515625 0.534375 0.0484375 0.05
0 0.540625 0.43125 0.0515625 0.0453125
0 0.4359375 0.8515625 0.040625 0.0609375
0 0.48125 0.7046875 0.0515625 0.053125
0 0.3 0.7484375 0.053125 0.0484375
0 0.3765625 0.7859375 0.0625 0.0390625
0 0.3734375 0.871875 0.0546875 0.0515625
0 0.621875 0.9046875 0.053125 0.05625
0 0.4078125 0.925 0.0390625 0.065625
0 0.378125 0.64375 0.040625 0.0546875
0 0.234375 0.3375 0.059375 0.05
0 0.44375 0.796875 0.05625 0.0421875
0 0.5734375 0.565625 0.046875 0.0546875
0 0.25 0.7328125 0.0390625 0.059375
0 0.590625 0.4578125 0.0390625 0.059375
0 0.628125 0.7234375 0.059375 0.0265625
0 0.525 0.8890625 0.0578125 0.0546875
0 0.21875 0.559375 0.05 0.053125
0 0.2125 0.628125 0.0453125 0.0546875
0 0.5234375 0.940625 0.0625 0.0328125
0 0.3609375 0.7546875 0.0609375 0.0390625
0 0.6046875 0.8171875 0.0578125 0.0515625
0 0.3578125 0.71875 0.0640625 0.028125
0 0.3125 0.81875 0.034375 0.0640625