0 0.75625 0.653125 0.05625 0.0671875
0 0.809375 0.659375 0.0546875 0.0703125
0 0.590625 0.5796875 0.053125 0.078125
0 0.63125 0.5796875 0.0546875 0.0765625
0 0.746875 0.6859375 0.0625 0.0609375
0 0.846875 0.684375 0.0625 0.0671875
0 0.8078125 0.7375 0.03125 0.0703125
0 0.7078125 0.5640625 0.078125 0.0484375
0 0.840625 0.6140625 0.0703125 0.0515625
0 0.775 0.784375 0.040625 0.0734375
0 0.678125 0.5015625 0.0796875 0.040625
0 0.815625 0.5734375 0.078125 0.034375
0 0.671875 0.66875 0.0765625 0.04375
0 0.9453125 0.671875 0.075 0.0375
0 0.7578125 0.734375 0.075 0.040625
0 0.9 0.54375 0.0328125 0.075
0 0.66875 0.53125 0.0765625 0.040625
0 0.696875 0.603125 0.078125 0.0296875
0 0.76875 0.5140625 0.08125 0.0375
0 0.7421875 0.465625 0.05 0.075
0 0.634375 0.7375 0.0796875 0.046875
0 0.55625 0.55625 0.05625 0.0703125
0 0.7828125 0.621875 0.0359375 0.078125
0 0.9375 0.50625 0.0421875 0.075
0 0.6828125 0.4671875 0.0796875 0.05
0 0.709375 0.7125 0.078125 0.0328125
0 0.6109375 0.2921875 0.08125 0.05
0 0.5484375 0.74375 0.0703125 0.0578125
0 0.975 0.6328125 0.05 0.06875
0 0.7984375 0.4625 0.0796875 0.0296875
0 0.9578125 0.546875 0.034375 0.0765625
0 0.634375 0.7734375 0.078125 0.034375
0 0.9734375 0.484375 0.0484375 0.06875
0 0.6234375 0.8046875 0.08125 0.034375
0 0.5203125 0.8578125 0.05625 0.059375