0 0.09497865957555529 0.10099047815995288 0.03997168977951393 0.0422511439408634
0 0.15239242249333307 0.046398830885109585 0.03997168977951393 0.0422511439408634
0 0.07466354673402745 0.23676848149393273 0.043133057370694415 0.04406873545613248
0 0.08665831971979143 0.056443252705760075 0.03997168977951393 0.0422511439408634
0 0.14101720497840242 0.1331016054309168 0.04153418977951393 0.042378689698497854
0 0.05827744016076357 0.13673653058554716 0.04153418977951393 0.04237868969849794
0 0.03680379008451364 0.05427471695006521 0.03837282218833345 0.04056109818322886
0 0.01640625 0.1125 0.0328125 0.04375
0 0.061003703078541346 0.08660898482791266 0.03997168977951393 0.0422511439408634
0 0.0125 0.0765625 0.025 0.040625
0 0.01328125 0.30546875 0.0265625 0.0453125
0 0.12372190862562471 0.07213215452253122 0.03997168977951393 0.0422511439408634
0 0.5446877188461109 0.17356685088898888 0.04480466014423605 0.04888378121376693
0 0.6281535290665969 0.20574187997672402 0.043133057370694415 0.04406873545613248
0 0.46796875 0.20625 0.0359375 0.05
0 0.53515625 0.02109375 0.0421875 0.0421875
0 0.5583514817638886 0.12254648482791267 0.04316942496187508 0.04563123545613248
0 0.4895287465815275 0.13128349816383217 0.04476829255305557 0.04732128121376702
0 0.590145689210833 0.16361802391758742 0.04316942496187508 0.04563123545613248
0 0.47957317154340257 0.08998881846727391 0.04476829255305557 0.04732128121376693
0 0.6502077541809718 0.9769788933126435 0.019186411094166723 0.020280549091614475
0 0.66953125 0.990625 0.0171875 0.01875
0 0.7247713430868051 0.989606696946186 0.017587543502986237 0.018590503333979845
0 0.6461748708222218 0.9492365305855472 0.019186411094166723 0.020280549091614475
0 0.7578125 0.99765625 0.01875 0.0046875
0 0.70546875 0.99296875 0.0171875 0.0140625
0 0.7591463430868052 0.986800690278226 0.017623911094166545 0.020153003333979846
0 0.7415237384134024 0.9398937393698406 0.01758754350298606 0.018590503333980025
0 0.6708475625015968 0.9612582984633946 0.01758754350298606 0.018590503333980025
0 0.7255350625015968 0.956794196946186 0.01758754350298606 0.018590503333979845
0 0.7595827541809718 0.9680506902782261 0.019150043502986058 0.018718049091614473
0 0.7489725625015968 0.9548810105816677 0.01758754350298606 0.018590503333979845
0 0.6790237384134024 0.9449955696752219 0.01758754350298606 0.018590503333980025
0 0.686290724545694 0.9677953408870493 0.017623911094166722 0.020153003333979846
0 0.7150339735957635 0.9389370172496276 0.017587543502986237 0.018590503333980025
0 0.696320341186944 0.9389050663412419 0.017587543502986237 0.018590503333979845
0 0.7053316652751385 0.9537647917954348 0.017623911094166545 0.020153003333980023
0 0.7033327541809717 0.9726423375530693 0.017623911094166722 0.020153003333980023