0 0.7803979873569571 0.3462065661607106 0.04156573874123311 0.040654174904859806
0 0.674147987356957 0.35053592190192917 0.05190246144333717 0.03172484387822046
0 0.8354230536729412 0.19279772327107328 0.04176599784053163 0.04377917490485981
0 0.841915280693982 0.2860383873015181 0.05044009099298634 0.03322367688202617
0 0.057323827888518156 0.6826295444118807 0.023276813695090583 0.02276633794672147
0 0.14259999383536198 0.6651290266173836 0.023276813695090583 0.02276633794672147
0 0.017541832207454887 0.7684052183281573 0.023376943244739934 0.02432883794672147
0 0.06571851635289594 0.7461827084423256 0.026602072794389288 0.026018671939110227
0 0.00625 0.6640625 0.0125 0.021875
0 0.030339825729049787 0.6416517173395742 0.023276813695090583 0.02276633794672147
0 0.05241508482834849 0.6376353793928528 0.02171431369509058 0.022702670950527092
0 0.5689226619416743 0.7444424307991777 0.046453497840531634 0.043970175893442945
0 0.5015625 0.628125 0.025 0.04375
0 0.990625 0.6484375 0.01875 0.04375
0 0.8659769370801019 0.6809105355146322 0.044790868290882455 0.04234400889724856
0 0.6951847732927263 0.7439729041074321 0.04489099784053163 0.043906508897248564
0 0.4953125 0.57734375 0.0125 0.0453125
0 0.51015625 0.6671875 0.0421875 0.04375
0 0.7439784284422285 0.5175722301911555 0.04332849784053163 0.04384284190105418
0 0.9575636597822059 0.6865291827391631 0.046553627390180985 0.04553267589344294
0 0.9068627529346607 0.6995040266173836 0.04489099784053163 0.043906508897248564
0 0.6220032988925792 0.524100755894318 0.04489099784053163 0.043906508897248564
0 0.6220056940199321 0.6456574209133461 0.04489099784053163 0.043906508897248564
0 0.7136110055555542 0.5780295691264601 0.04489099784053181 0.043906508897248564
0 0.6686804349206336 0.6468724110275142 0.04489099784053163 0.043906508897248564
0 0.579117287172387 0.6583139298105947 0.04489099784053163 0.043906508897248564
0 0.7929771329457352 0.531159886312935 0.044790868290882455 0.04234400889724856
0 0.9650943599667761 0.6176518487467744 0.046453497840531634 0.043970175893442945
0 0.49765625 0.77734375 0.0171875 0.0453125
0 0.8264347732927263 0.7386248764271033 0.046453497840531634 0.043970175893442945
0 0.5416196822997399 0.7813986027382881 0.046553627390180985 0.04553267589344294
0 0.790625 0.49921875 0.04375 0.0203125
0 0.6490502529346607 0.7100090809894583 0.04489099784053163 0.043906508897248564
0 0.98515625 0.70625 0.0296875 0.04375
0 0.50859375 0.7171875 0.0390625 0.04375
0 0.6531135965485408 0.5493262489742358 0.04489099784053163 0.043906508897248564
0 0.7908162507751924 0.6621552183281574 0.044790868290882455 0.04234400889724856
0 0.80696288248431 0.7020162143738247 0.046453497840531634 0.043970175893442945
0 0.6033744124030995 0.5716124258562619 0.04489099784053163 0.043906508897248564
0 0.7321817304171268 0.6287007311797386 0.044790868290882455 0.04234400889724856
0 0.940625 0.50546875 0.04375 0.0328125
0 0.556960487356957 0.5906462687458992 0.04479086829088237 0.04234400889724856
0 0.7046875 0.4984375 0.04375 0.01875
0 0.6548973396087104 0.5944477479856526 0.04489099784053163 0.043906508897248564
0 0.7337070527500906 0.7751300622063779 0.046453497840531634 0.043970175893442945
0 0.8987708482465837 0.7528200276059668 0.046453497840531634 0.043970175893442945