0 0.00859375 0.36015625 0.0171875 0.0171875
0 0.4489395532727675 0.3329054441675904 0.022002265027114644 0.023276813695090583
0 0.5786088725546082 0.3380911967884842 0.020430674668035033 0.02161418414544123
0 0.21469077653818786 0.4113122439830203 0.0314318071815924 0.03325259099298643
0 0.19796688485124836 0.4898983189368778 0.032994307181592394 0.033352720542635696
0 0.10254530054229297 0.4650404164082692 0.03300339754067196 0.0349152205426357
0 0.2153089209556019 0.5175622439830203 0.03300339754067201 0.0349152205426357
0 0.11062142095560187 0.5108535641565158 0.03300339754067201 0.0349152205426357
0 0.23203125 0.3828125 0.0328125 0.028125
0 0.13528507766965606 0.4546431369509049 0.032994307181592394 0.033352720542635696
0 0.16193848126045216 0.47197033929494336 0.03300339754067192 0.0349152205426357
0 0.10534304761542672 0.40899067550756785 0.032994307181592394 0.033352720542635696
0 0.17269417407885984 0.4414212461424887 0.03300339754067192 0.0349152205426357
0 0.14758508976990442 0.42106917334809957 0.03300339754067201 0.0349152205426357
0 0.1140625 0.3828125 0.03125 0.028125
0 0.1953125 0.3828125 0.03125 0.028125
0 0.18501236689726747 0.4109722825396832 0.0314318071815924 0.033252590992986344
0 0.13828125 0.37578125 0.0328125 0.0140625
0 0.6643383360574713 0.9104038926541176 0.044249969749379045 0.08874112739018117
0 0.7368748487468949 0.49177261103728503 0.06601588544042354 0.07139294108527139
0 0.7043805113146815 0.5443573904946493 0.06289997579950324 0.07275518198597286
0 0.6074327884420445 0.5256493584163914 0.07370112041330898 0.05001858883351815
0 0.6983850413689108 0.5877068722960519 0.06446247579950323 0.07285531153562204
0 0.6573327944921687 0.5116660040051697 0.031686337235821684 0.07700259099298634
0 0.5882828126425415 0.45569780382059955 0.033248837235821685 0.0771027205426357
0 0.6940520653730159 0.648343983647104 0.05355224687674216 0.07684190468807692
0 0.77109375 0.40390625 0.0640625 0.0703125
0 0.6946247579950319 0.7467814836471041 0.06603406615858276 0.07451794108527139
0 0.71484375 0.4078125 0.0390625 0.078125
0 0.64375 0.40546875 0.040625 0.0734375
0 0.6359214028052292 0.5899516903100791 0.056677246876741985 0.07704216378737563
0 0.6820691740788598 0.4679555767995588 0.06447156615858277 0.07441781153562221
0 0.7621111980829649 0.5339996838316742 0.048873837235821685 0.07810401603912887
0 0.7349770472226432 0.7025098519379863 0.042642017953980905 0.08082849784053163
0 0.68125 0.4046875 0.040625 0.071875
0 0.7647180476154267 0.44513744293097285 0.06756929508134384 0.06993057063492074
0 0.7485304871141847 0.6159110178848303 0.04420451795398091 0.08092862739018099
0 0.697205378211949 0.9218816131967532 0.04580337939029935 0.08727875693983052
0 0.5384464391059745 0.48061865823182115 0.05821247579950324 0.07245479333702498
0 0.45041114968197127 0.6514737739018099 0.042651108313060605 0.08239099784053164