0 0.74375 0.5140625 0.0296875 0.0296875
0 0.640625 0.4671875 0.0296875 0.028125
0 0.659375 0.5203125 0.0296875 0.0296875
0 0.609375 0.440625 0.028125 0.028125
0 0.7796875 0.49375 0.0296875 0.0296875
0 0.6859375 0.503125 0.028125 0.028125
0 0.7796875 0.465625 0.0296875 0.028125
0 0.7265625 0.46875 0.0296875 0.0296875
0 0.778125 0.4375 0.0296875 0.028125
0 0.778125 0.55 0.0296875 0.0296875
0 0.659375 0.4921875 0.0296875 0.028125
0 0.6984375 0.478125 0.028125 0.0296875
0 0.7234375 0.4171875 0.028125 0.028125
0 0.75 0.390625 0.0296875 0.0296875
0 0.6015625 0.396875 0.028125 0.028125
0 0.7609375 0.4171875 0.0296875 0.0296875
0 0.709375 0.3875 0.028125 0.028125
0 0.6515625 0.39375 0.028125 0.0296875
0 0.6921875 0.4375 0.0296875 0.0296875
0 0.71875 0.5484375 0.0296875 0.028125
0 0.6640625 0.4296875 0.028125 0.0296875
0 0.678125 0.3875 0.028125 0.028125
0 0.6375 0.41875 0.0296875 0.0296875
0 0.69375 0.559375 0.0296875 0.0296875
0 0.6921875 0.4109375 0.0296875 0.028125