0 0.284375 0.5625 0.0234375 0.0234375
0 0.475 0.43125 0.021875 0.0203125
0 0.2921875 0.509375 0.021875 0.021875
0 0.5328125 0.4390625 0.021875 0.0203125
0 0.4234375 0.440625 0.0203125 0.0203125
0 0.2921875 0.5359375 0.0234375 0.021875
0 0.3140625 0.465625 0.021875 0.021875
0 0.4015625 0.4390625 0.0203125 0.0203125
0 0.321875 0.4859375 0.021875 0.021875
0 0.3390625 0.515625 0.0234375 0.0234375
0 0.446875 0.4359375 0.0203125 0.0203125
0 0.3171875 0.509375 0.021875 0.021875
0 0.38125 0.428125 0.0203125 0.0203125
0 0.2984375 0.4859375 0.021875 0.021875
0 0.2828125 0.4703125 0.021875 0.021875
0 0.284375 0.4484375 0.0203125 0.0203125
0 0.3046875 0.4359375 0.021875 0.0203125
0 0.325 0.4453125 0.0203125 0.021875
0 0.2734375 0.4265625 0.021875 0.021875
0 0.265625 0.484375 0.021875 0.021875
0 0.4625 0.4609375 0.021875 0.021875
0 0.290625 0.4140625 0.0203125 0.0203125
0 0.359375 0.4296875 0.0203125 0.0203125
0 0.346875 0.4484375 0.021875 0.0203125
0 0.265625 0.45625 0.021875 0.021875
0 0.3328125 0.425 0.0203125 0.0203125
0 0.271875 0.5203125 0.0234375 0.021875
0 0.3140625 0.4171875 0.0203125 0.021875