0 0.4421875 0.53046875 0.015625 0.0265625
0 0.384375 0.6340547539088248 0.0234375 0.023573855386194255
0 0.44453125 0.6046875 0.0109375 0.025
0 0.4203125 0.6291581756499938 0.0234375 0.023573855386194255
0 0.4265625 0.5963093142136753 0.025 0.023582945745273774
0 0.409375 0.558909308163551 0.0234375 0.023573855386194255
0 0.440625 0.628125 0.01875 0.025
0 0.5609375 0.5097092597625574 0.0640625 0.04568520472226432
0 0.4875 0.28513650663929935 0.05 0.06122839149054773
0 0.734375 0.5165127299047197 0.065625 0.04256929508134384
0 0.771875 0.3616070612868089 0.0453125 0.06432612041330898
0 0.66875 0.43564452498606376 0.0515625 0.05811248184962743
0 0.6171875 0.5734445068356911 0.0609375 0.048792024004105095
0 0.721875 0.46033545277735677 0.0375 0.06740566861791084
0 0.6328125 0.3264786032448949 0.0375 0.06428066861791085
0 0.48125 0.5046875 0.0625 0.04375
0 0.74140625 0.034375 0.0390625 0.06875
0 0.653125 0.5357354285768599 0.05 0.06279089149054773
0 0.4796875 0.4671875 0.059375 0.03125
0 0.6984375 0.068284308163551 0.065625 0.04569429508134393
0 0.5390625 0.4801490247896719 0.065625 0.03944429508134384
0 0.7265625 0.3556206817001179 0.0390625 0.06428975897699055
0 0.525 0.35523083802138855 0.040625 0.06117384933607006
0 0.76875 0.25537524200496825 0.04375 0.06275453005422929
0 0.6296875 0.24837178396305415 0.053125 0.05968407220870695
0 0.496875 0.5397694644848217 0.06875 0.04258747579950324
0 0.7046875 0.2901229467272325 0.0515625 0.06123748184962743
0 0.7734375 0.6600354709277294 0.059375 0.0597204336450254
0 0.7625 0.31009910344128666 0.06875 0.04102497579950324
0 0.4984375 0.6335103741257421 0.059375 0.05347043364502557
0 0.6671875 0.6450286153451433 0.0640625 0.058185204722264315
0 0.565625 0.6049944886853185 0.0453125 0.06588862041330898
0 0.7203125 0.16659454313643635 0.0421875 0.06743293969514967
0 0.7734375 0.42097297092772934 0.0609375 0.04566702400410509
0 0.7046875 0.40106044672723257 0.0640625 0.040997704722264314
0 0.7734375 0.4600354709277294 0.065625 0.026944295081343838
0 0.6796875 0.25745589247250644 0.0546875 0.05813066256778665
0 0.5578125 0.4284774404807166 0.040625 0.06117384933607006
0 0.75 0.5617343263139236 0.0625 0.058176114363184796
0 0.6671875 0.69140625 0.071875 0.0171875
0 0.6625 0.14193088642238222 0.0578125 0.05346134328594587
0 0.5734375 0.2861990368899205 0.0390625 0.06428975897699055
0 0.4921875 0.38354673556206054 0.0484375 0.05965680113146821
0 0.640625 0.3795581514494969 0.0640625 0.03943520472226432
0 0.4578125 0.328125 0.015625 0.0625
0 0.6078125 0.44537404899016886 0.05625 0.05657725292686635
0 0.571875 0.5471456272490001 0.059375 0.048782933645025395
0 0.68125 0.3371343021134268 0.053125 0.053434072208706954
0 0.671875 0.49656384426790456 0.059375 0.0519079336450254
0 0.56875 0.3737263079671592 0.046875 0.058085210772388506
0 0.5375 0.678125 0.04375 0.04375
0 0.515625 0.1709103801758663 0.0640625 0.042560204722264315