0 0.18828125 0.0078125 0.0453125 0.015625
0 0.16875 0.02421875 0.06875 0.0484375
0 0.22265625 0.02109375 0.0453125 0.0421875
0 0.009375 0.1484375 0.01875 0.059375
0 0.1716672458190282 0.05051283733337515 0.07481946846486114 0.06493976099766208
0 0.18994577355444492 0.0960854464615819 0.0776898953265972 0.05423905933798814
0 0.070942506836945 0.1614521825641347 0.08375805737069442 0.04690015601864026
0 0.08711040786312543 0.04909389252217844 0.08085126291777786 0.0560383576783142
0 0.06381968464861161 0.12442577924478684 0.07928876291777778 0.055919958508151166
0 0.06705509384291722 0.1961823800746238 0.08666485182361114 0.03776195435896632
0 0.22086977165458385 0.14696086222848442 0.03306837955902786 0.08049298340326043
0 0.27265625 0.02890625 0.0578125 0.0578125
0 0.24456053837208377 0.08881647550587601 0.04549564437666671 0.07831517676456468
0 0.13645709764263936 0.08448601824712468 0.08045121941479164 0.0388508576783142
0 0.37578125 0.0046875 0.0859375 0.009375
0 0.9390041354460422 0.24497138712359376 0.05370818787965277 0.09609467261537966
0 0.8772275680073616 0.07903965641962554 0.07703658510611114 0.0931831601678251
0 0.9085191612815979 0.34745776969701725 0.07852634992375015 0.09017655933798814
0 0.9083347104841673 0.20503347135669117 0.05683318787965277 0.09633147095570589
0 0.8763937262517366 0.1777139547599516 0.05683318787965277 0.09633147095570571
0 0.834375 0.0296875 0.090625 0.059375
0 0.7967452066844452 0.31992661077859186 0.09233427678548622 0.08030465186945542
0 0.8093516966164589 0.18905511907696165 0.09229790919430556 0.0787421518694554
0 0.953125 0.02421875 0.09375 0.0484375
0 0.9266106253780559 0.11599428214457186 0.05686955547083343 0.09789397095570589
0 0.9618571411456255 0.08358360123082224 0.06766158510611113 0.09247276514684692
0 0.7349335780753478 0.21973827924478684 0.05850479065319458 0.10113737012586874
0 0.3024080995425004 0.6995907999907113 0.04636716014423605 0.048746075934727705
0 0.2124766966164589 0.8707572502004925 0.04792966014423614 0.04886447510489074
0 0.24568401443638926 0.6162347709464171 0.04636716014423614 0.048746075934727705
0 0.3921979513661116 0.7240920472914188 0.04476829255305557 0.047065176764564676
0 0.2909237792540281 0.6096761950116893 0.04633079255305557 0.0471835759347277
0 0.18122277735416709 0.6712075360932641 0.04636716014423614 0.048746075934727705
0 0.442488892095556 0.732803273846202 0.04476829255305557 0.047065176764564676
0 0.43638828172257005 0.9414445680373433 0.04636716014423605 0.048746075934727705
0 0.4518301373459034 0.86514217716555 0.04633079255305557 0.04718357593472753
0 0.29898954597152805 0.5527157999907113 0.04636716014423623 0.048746075934727705
0 0.2718893706284034 0.9351264809044608 0.04792966014423614 0.04886447510489074
0 0.20636955413965322 0.7428690485408187 0.047893292553055564 0.04730197510489074
0 0.33973148726965335 0.9581603165874508 0.04636716014423605 0.048746075934727705
0 0.09103418844833375 0.6968246879627195 0.04792966014423614 0.04886447510489074
0 0.24891681078916697 0.5533795734359279 0.04636716014423614 0.048746075934727705
0 0.35909320421590313 0.6467725306946793 0.04476829255305557 0.047065176764564676
0 0.1451411134102088 0.7349866161771766 0.04792966014423614 0.04886447510489074
0 0.17439612157833392 0.9159047294545684 0.04792966014423614 0.04886447510489056
0 0.2942695976426394 0.7534261950116894 0.04636716014423623 0.048746075934727705
0 0.20212238449611175 0.9638919435617967 0.047966027735416715 0.050426975104890734
0 0.23533362157833393 0.9112871618182103 0.047966027735416715 0.050426975104890734
0 0.2326761745806254 0.6626128634778843 0.04633079255305557 0.04718357593472753
0 0.393220163181459 0.969759744801908 0.046403527735416714 0.050308575934727706
0 0.5440553113578478 0.9270250252960945 0.04636716014423605 0.048746075934727705
0 0.29921875 0.9765625 0.0484375 0.046875
0 0.24296875 0.97734375 0.0484375 0.0453125
0 0.67578125 0.42578125 0.0765625 0.0515625
0 0.7920161134102088 0.5100743236364206 0.03463087955902786 0.08061138257342364
0 0.775227350492431 0.4612583153380509 0.06562630642076392 0.0720418659766839
0 0.75 0.4234375 0.05625 0.046875
0 0.8328125 0.42421875 0.0375 0.0484375
0 0.8179603643601393 0.48149903774364927 0.03310474715020852 0.08205548340326044
0 0.7714516531134727 0.635287811188866 0.04088087955902786 0.08108497925407576
0 0.8063344929692366 0.5872521302751165 0.03779224715020853 0.08241068091374952
0 0.7171875 0.4234375 0.05625 0.046875
0 0.743143508736806 0.5623005970816374 0.05795927678548622 0.07769987012586874
0 0.7431448151575699 0.6296064962518004 0.04560474715020853 0.08300267676456467
0 0.706551392095556 0.5368987779953869 0.07649107123840296 0.0697456601678251
0 0.7926733428929866 0.6728111219767466 0.03935474715020852 0.08252908008391273
0 0.6856933782278476 0.5150004672075064 0.07336607123840296 0.06950886182749905