0 0.4500594758685649 0.29375 0.05626984736759475 0.0453125
0 0.40234375 0.3421875 0.0265625 0.05625
0 0.44104657441728606 0.328125 0.04711310217691826 0.0515625
0 0.603635854454353 0.3703125 0.05341766587924912 0.053125
0 0.39609375 0.38203125 0.0140625 0.0515625
0 0.4133977787711226 0.225 0.04404266587924912 0.053125
0 0.5438590611704421 0.4265625 0.06202877404661713 0.03125
0 0.508581303998866 0.2734375 0.060684528855940556 0.0375
0 0.48230649147766147 0.3546875 0.06062996515360961 0.0359375
0 0.49634914411006664 0.4 0.05766865626060227 0.040625
0 0.4709920239617992 0.23125 0.05626984736759484 0.0453125
0 0.43472216334736036 0.375 0.04560516587924912 0.053125
0 0.5722420107149552 0.3296875 0.0473313569862416 0.0578125
0 0.44939973304014097 0.446875 0.03795635698624169 0.0578125
0 0.5515277174310443 0.3859375 0.04727679328391084 0.05625
0 0.4929314782308175 0.453125 0.060684528855940556 0.0375
0 0.5175545107149552 0.3296875 0.05906746515360961 0.0359375
0 0.40546875 0.46328125 0.0328125 0.0546875
0 0.40390625 0.421875 0.0296875 0.028125
0 0.6497668099893158 0.346875 0.06542659255827132 0.0390625
0 0.5410714001853345 0.1484375 0.056324411069925695 0.046875
0 0.16952371616510006 0.7484375 0.03875496515360979 0.0359375
0 0.3299701428441223 0.7625 0.04037202885594056 0.0375