0 0.06632616886718026 0.17435014773826368 0.048746075934727705 0.04689484736759475
0 0.02109375 0.0875 0.0421875 0.046875
0 0.15302068546391973 0.20249001670540495 0.047065176764564676 0.045277783665263985
0 0.06381832073663563 0.0840525299522489 0.04862767676456468 0.04533234736759475
0 0.20207349210261558 0.21324397823081753 0.047065176764564676 0.045277783665263985
0 0.0774556908625045 0.02747514773826376 0.048746075934727705 0.04689484736759475
0 0.027692489202830562 0.026096186212851126 0.048746075934727705 0.04689484736759484
0 0.35301884023316016 0.29835804429540114 0.05019017676456468 0.04538691106992569
0 0.12780904314223393 0.12389379075202207 0.047065176764564676 0.045277783665263985
0 0.052925597081637396 0.2278025299522488 0.048746075934727705 0.04689484736759475
0 0.0125 0.13359375 0.025 0.0453125
0 0.44921875 0.18046875 0.0203125 0.0484375
0 0.5566855240466948 0.16533226788653135 0.045739475104890556 0.04834821996293322
0 0.7551696456224561 0.19891855028585095 0.04730197510489074 0.04840278366526398
0 0.6576075613893587 0.2319344361280331 0.047420374275053766 0.04996528366526398
0 0.5755753887739788 0.28622512124457594 0.045857874275053764 0.04991071996293321
0 0.7182597962425117 0.29526776063013715 0.04921967261537983 0.05314484736759475
0 0.80390625 0.31171875 0.0515625 0.0359375
0 0.8117496871143051 0.27486100219261667 0.04886447510489074 0.04845734736759475
0 0.23216465641962558 0.5054166092636764 0.05172936597668398 0.06569941106992569
0 0.26618445890913656 0.5089037078123976 0.049930067636357836 0.06251984736759475
0 0.367745113678377 0.6082092486492376 0.06027557178554268 0.05508929328391084
0 0.4328125 0.60703125 0.0125 0.0578125
0 0.4171875 0.58359375 0.04375 0.0609375
0 0.3066211273753314 0.44827374265878783 0.07014747925407558 0.04140873920022692
0 0.30015763982288607 0.4718749337657805 0.07014747925407558 0.04140873920022692
0 0.3324014547599516 0.49879953231450164 0.06690408008391273 0.03973711179556503
0 0.19788474480190796 0.4847965744172861 0.06363737012586893 0.05832342068857255
0 0.3768115377436493 0.6530852390305908 0.06991068091374952 0.038283739200226916
0 0.42109375 0.65703125 0.0359375 0.0703125
0 0.3101964132681029 0.421656678956457 0.06894017676456468 0.04604167549789597
0 0.33483752529609456 0.6311755226958548 0.07111798340326062 0.03365080290255769
0 0.3932168651282694 0.7039384109002896 0.035015462657336016 0.07134921034428618
0 0.2647851344243014 0.6507638255984125 0.07315408008391255 0.03995536660488845
0 0.4125 0.5109375 0.053125 0.034375
0 0.32210257218652816 0.5318848508261558 0.07099958423309741 0.03208830290255769
0 0.2517630709371283 0.7197866441100667 0.07592388257342346 0.03537699400955034
0 0.3006527020606592 0.5887350515517953 0.07291728174358666 0.036830366604888455
0 0.38043713567370113 0.4612796849469067 0.06931868506293455 0.03047123920022692
0 0.425 0.5453125 0.028125 0.046875
0 0.39544498380424586 0.5511407931142748 0.03934776514684692 0.06682540145127884
0 0.14809269666207453 0.7717162210592414 0.07348596680652095 0.06490080290255769
0 0.18642333608397532 0.6566170107149552 0.07301237012586892 0.05865080290255768
0 0.2635060543403888 0.6882092618960816 0.07568708423309758 0.032251994009550346
0 0.40046621575761376 0.4231794842212674 0.06763778589277133 0.028854175497895974
0 0.3553905140979398 0.4216368315888621 0.04031826929603195 0.0590674651536097
0 0.3748005970816374 0.5767955575422451 0.058097765146846926 0.06748016587924913
0 0.6946180348438642 0.6952628484639032 0.06690408008391255 0.03973711179556503
0 0.9471277282051684 0.6739780923886354 0.04067346680652086 0.06375496515360961
0 0.812587707459244 0.6397171981937507 0.04957487012586874 0.057832347367594836
0 0.9480049892028305 0.600704283495628 0.05414397095570571 0.05643353847458741
0 0.7400955555897887 0.7326338736916467 0.06257177759440165 0.04426092068857255
0 0.9703125 0.8296875 0.059375 0.05
0 0.9722442821445718 0.7743947546396874 0.05246307178554286 0.054816474772256464
0 0.99375 0.63828125 0.0125 0.0578125
0 0.9511514547599516 0.7237052738769811 0.0636606809137497 0.03806548439090331
0 0.844996543142234 0.7055951693378102 0.0419991684661948 0.060684528855940556
0 0.7311456854639198 0.7890475647986392 0.04656826929603195 0.05928571996293304
0 0.8118521564196255 0.7316864433844272 0.04777557178554268 0.05465278366526398
0 0.7115417352541383 0.8832340744172861 0.04813076929603186 0.05934028366526398
0 0.97890625 0.49921875 0.0421875 0.0515625
0 0.98359375 0.6078125 0.0328125 0.05625
0 0.7923899161678879 0.8445683893007432 0.06377908008391256 0.039627984390903495
0 0.915660550191204 0.904156665709613 0.05956517676456467 0.045714293283910835
0 0.9509594327646275 0.8701983279606651 0.05281826929603177 0.05950397477225646
0 0.7704468290350054 0.681706290752022 0.04199916846619498 0.060684528855940556
0 0.8649734659581064 0.9355356404818697 0.045124168466194804 0.06079365626060227
0 0.6684628896223934 0.4234622595338289 0.06351897095570588 0.056760920688572546
0 0.8671531178275618 0.8450743315888622 0.06257177759440165 0.04426092068857255
0 0.8488534037203334 0.8192211597191633 0.06522318091374953 0.03812004809323426
0 0.9560002850443569 0.9681993183420182 0.06340057178554286 0.055198420688572544
0 0.8072094327646273 0.8752181885751039 0.06690408008391255 0.03973711179556503
0 0.730245113678377 0.8420634373939775 0.05968357593472771 0.04727679328391084
0 0.8827566522704406 0.7214185767795388 0.048012370125868745 0.05777778366526398
0 0.6765048070396811 0.8314731669755574 0.04500576929603186 0.05923115626060227
0 0.8005790792354981 0.9627181885751039 0.05835787427505359 0.05034722958158007
0 0.6491619796550608 0.7810019410221745 0.06124607593472771 0.0473313569862416
0 0.7904255970816374 0.8087945804077359 0.06607528589277152 0.028799611795565026
0 0.8328125 0.990625 0.04375 0.01875
0 0.9152838871235938 0.7857340479235981 0.05871307178554268 0.055034729581580066
0 0.98671875 0.74296875 0.0265625 0.0421875
0 0.6476964132681029 0.6563838869384906 0.05258147095570589 0.05637897477225655
0 0.87139217716555 0.7685663952911931 0.04488737012586874 0.05766865626060227
0 0.8736865377436492 0.882246949374877 0.05800267676456468 0.045659729581580065
0 0.7404237518508778 0.913392800370669 0.03454186597668398 0.06509921034428619
0 0.6408059506107667 0.7267509506408214 0.04969326929603195 0.05939484736759475
0 0.8951634091189179 0.6399503219702154 0.0404366684661948 0.06062996515360961
0 0.6812174630583214 0.7487152306778884 0.05546967261537983 0.05336310217691818
0 0.8488822502004926 0.5309225515517954 0.06557837842423861 0.04280754809323426
0 0.98125 0.6828125 0.0375 0.053125