0 0.11514247964646937 0.18060542387909556 0.0874048247398008 0.061250517794497125
0 0.18718125395672888 0.18080174205415353 0.08756859905006031 0.06437551779449713
0 0.30345470714523215 0.21834155133196295 0.08995661465389268 0.050440351786885884
0 0.05393938602347594 0.26765443771926006 0.08674972749876275 0.04875051779449713
0 0.299906983264514 0.27015871931674057 0.08831222749876275 0.04881418479069151
0 0.21643938602347604 0.2610330701150433 0.04817190637700648 0.08615767589344295
0 0.1235082575747735 0.2804780898867068 0.06815685775648764 0.08073534684397003
0 0.17556872455808675 0.2580009120160975 0.05285940637700648 0.08634867688202608
0 0.2233532858417618 0.6021037390884041 0.06404256784239593 0.0914818458553869
0 0.33687579601852724 0.4377627133852415 0.06667624491161739 0.08223417984777566
0 0.29463298507353636 0.3189145542977124 0.09003850180902226 0.052002851786885886
0 0.04725337403768837 0.3791012736888151 0.07284435775648763 0.08092634783255334
0 0.08381939506858753 0.5091416007611217 0.056311954997525594 0.09272601087441501
0 0.17456614653892552 0.32850441300468064 0.08032930913596861 0.07499468281352506
0 0.021875 0.47890625 0.04375 0.0453125
0 0.2748737630018404 0.4199332262368228 0.08452548620519007 0.06581068380210837
0 0.34647652532631235 0.5313217123966583 0.056066293532136414 0.08803851087441501
0 0.2331975180902231 0.3417737341454881 0.042003793532136416 0.08746550790866543
0 0.5743071969684669 0.3255014298105946 0.024583920171816587 0.02283000494291585
0 0.5057962143813214 0.36274144463934216 0.026228307326946254 0.024456171939110406
0 0.5407377804146949 0.40202943771926003 0.0247476944820761 0.02595500494291585
0 0.5077615061044355 0.4002414446393422 0.026228307326946254 0.024456171939110406
0 0.5442855042954131 0.35021226973448244 0.024665807326946253 0.02439250494291585
0 0.569770183173657 0.3883197647915665 0.024665807326946343 0.02439250494291585
0 0.4855589574839165 0.39488278258606374 0.024665807326946343 0.02439250494291585
0 0.5200291327441157 0.3355422746773983 0.024665807326946253 0.02439250494291585
0 0.5348219730877487 0.3787829387078432 0.026228307326946254 0.024456171939110226
0 0.5623737630018404 0.3666994327763441 0.024665807326946253 0.02439250494291585
0 0.6010334712787264 0.9471403023577272 0.04760534034363308 0.04559634288963732
0 0.5363225180902231 0.9074994822055029 0.04760534034363304 0.04559634288963732
0 0.89765625 0.9890625 0.0453125 0.021875
0 0.55390625 0.98515625 0.0484375 0.0296875
0 0.5151778584338562 0.9522044871484188 0.04916784034363304 0.0456600098858317
0 0.6 0.9859375 0.046875 0.028125
0 0.5616899310259503 0.7342238082892262 0.04760534034363304 0.04559634288963732
0 0.978125 0.9796875 0.04375 0.040625
0 0.9081089868825586 0.9205354041074321 0.04439845318850324 0.043906508897248564
0 0.9308781015364511 0.966582733156905 0.04283595318850324 0.04384284190105418
0 0.97890625 0.928125 0.0421875 0.04375
0 0.5951442401619189 0.8048891353615328 0.04752345318850328 0.04403384288963732
0 0.8934113217991249 0.8193549060845985 0.04283595318850324 0.04384284190105418
0 0.6186016723195231 0.7146806294300337 0.04760534034363304 0.04559634288963732
0 0.8941416621427578 0.8631685730807928 0.04439845318850324 0.043906508897248564
0 0.8627145997274288 0.9208192469970694 0.04283595318850324 0.04384284190105418
0 0.9331355630926975 0.8005120641835444 0.04439845318850324 0.043906508897248564
0 0.8768103199901024 0.7714904090503479 0.04439845318850324 0.043906508897248564
0 0.7928513998182859 0.7529897598486507 0.04439845318850324 0.043906508897248564
0 0.9399454850735364 0.8706972301911555 0.04448034034363317 0.045469008897248565
0 0.98984375 0.88671875 0.0203125 0.0421875
0 0.9796875 0.7875 0.040625 0.04375
0 0.7162203007682255 0.6950446086697871 0.046042840343633 0.04553267589344294
0 0.8275473043862702 0.7875902529285684 0.04431656603337366 0.04234400889724856