0 0.41177089073632356 0.12180083787235936 0.03390377404661713 0.03258700692008221
0 0.35913696405730133 0.1380280157429687 0.03234127404661713 0.03252333992388774
0 0.41551593882955784 0.18423717087616504 0.03390377404661713 0.032587006920082116
0 0.58828125 0.265625 0.0171875 0.06875
0 0.6423959304768554 0.2715010434232976 0.06958830290255769 0.07148768083635879
0 0.7345288667745246 0.26618219064782844 0.06958830290255769 0.07148768083635879
0 0.8616171564302382 0.23127399695988834 0.06629961179556502 0.06667284684397004
0 0.11953125 0.5140625 0.0453125 0.028125
0 0.16328125 0.51875 0.0453125 0.0375
0 0.20625 0.5203125 0.046875 0.040625
0 0.5006052453603125 0.6198165266173836 0.04689484736759475 0.04715884288963732
0 0.5551836179556509 0.6144631817505799 0.04684028366526398 0.0455963428896375
0 0.4616171564302382 0.6683468685184378 0.04689484736759475 0.04715884288963732
0 0.13730663719294461 0.6565259367306768 0.04689484736759475 0.04715884288963732
0 0.7302430938242157 0.5983712440313199 0.0370833377489479 0.03427684091247105
0 0.8609375 0.51328125 0.0375 0.0265625
0 0.81171875 0.98359375 0.0359375 0.0328125
0 0.7859375 0.50703125 0.0375 0.0140625
0 0.7140377404661711 0.6271965809894582 0.03713790145127884 0.035839340912471054
0 0.632356209247978 0.7525732657801497 0.0387549651536097 0.03746550790866543
0 0.7137847693221117 0.6647602479856526 0.04031746515360979 0.03752917490485981
0 0.8293403366526396 0.7476762242596564 0.035520837748947896 0.03421317391627667
0 0.8137897477225653 0.7952515612177947 0.035520837748947896 0.03421317391627667
0 0.6916816239461007 0.883157420913346 0.0387549651536097 0.03746550790866543
0 0.6302827885594053 0.6931982657801498 0.038754965153609613 0.03746550790866543
0 0.93046875 0.51640625 0.0359375 0.0328125
0 0.7877530373782791 0.766582733156905 0.03713790145127884 0.035839340912471054
0 0.6481200745869221 0.5766819278334283 0.038754965153609613 0.03746550790866543
0 0.8413145469969259 0.7769180552862957 0.035520837748947896 0.03421317391627667
0 0.759280807796699 0.7129775720922097 0.03870040145127884 0.03590300790866543
0 0.8923065842055689 0.5792498764271032 0.03875496515360979 0.03746550790866543
0 0.6064782116102306 0.5940259367306768 0.03557540145127884 0.03577567391627658
0 0.8395536395551974 0.8161078892786845 0.03546627404661713 0.03265067391627667