0 0.6618410754848197 0.15335025283648687 0.08831820616851012 0.04942098997087019
0 0.7199104943146619 0.3486914965682807 0.08700116801906325 0.06343802586424747
0 0.793476453729583 0.4476578454729241 0.06707049756436803 0.08472199247815268
0 0.7884114837646503 0.06801580957954671 0.08681025324641087 0.05250052586424747
0 0.5503422881461516 0.2969063730530312 0.0747466298696164 0.07713681301126592
0 0.8253889269442217 0.39705009171200034 0.048375044642268605 0.08730142319868044
0 0.618235351459402 0.0708727219576745 0.07935230925276535 0.07258570533113406
0 0.45438668019063255 0.43622963433580225 0.08694662094116268 0.06031302586424747
0 0.41038766964062107 0.15228053167023523 0.07326595048646736 0.08177884890464338
0 0.7113695170428332 0.21725964014179003 0.08667388555165907 0.04468802586424747
0 0.7463524431795714 0.16361781459411162 0.08519320616851012 0.049330061757624756
0 0.5038957564895264 0.40955948574772805 0.07167617694751698 0.08017088479802066
0 0.8049479675293008 0.29962952243252816 0.054625044642268604 0.08748327962517113
0 0.6299558758091313 0.20552050659741056 0.07636367694751697 0.08030727711788872
0 0.5851967548679686 0.14643501161197553 0.07323867694751698 0.08021634890464338
0 0.7939717370110613 0.11815220189941478 0.08390344155801373 0.06490959765100204
0 0.7375150056787476 0.2836120658477529 0.08401253571381488 0.07115959765100204
0 0.5332445170428333 0.21207673198680435 0.07011367694751698 0.08012542069139802
0 0.7937729139585782 0.19623173779279207 0.08239548863591431 0.0679891335443795
0 0.4753932865245939 0.0292354882550105 0.08993525324641087 0.052591454077492814
0 0.7294455868489054 0.08972567352788485 0.048375044642268786 0.08730142319868044
0 0.30284354544975234 0.9841335884132951 0.020694329545304768 0.022466033386094965
0 0.3140625 0.96953125 0.009375 0.0203125
0 0.31171875 0.93046875 0.0140625 0.0203125
0 0.3678456136342666 0.6639167136444042 0.033385244317957155 0.03376724623907634
0 0.414513882301953 0.8323772086298394 0.033357970779006776 0.03220474623907634
0 0.4304274342511176 0.6704227779093115 0.03335797077900686 0.03220474623907634
0 0.32265625 0.79765625 0.0078125 0.0328125
0 0.3809183579522238 0.6970929264973857 0.031822744317957154 0.03372178213245362
0 0.4662558400953163 0.6652184523616331 0.03335797077900686 0.03220474623907634
0 0.3418479496723932 0.784973359725196 0.03335797077900686 0.03220474623907634
0 0.32421875 0.84609375 0.0109375 0.0328125
0 0.32578125 0.70859375 0.0140625 0.0328125
0 0.33125 0.89921875 0.025 0.0328125
0 0.348725241068251 0.8210927161516868 0.033385244317957155 0.03376724623907634
0 0.41373085795222375 0.6980476727364621 0.031795470779006775 0.03215928213245363
0 0.35015928165332993 0.724308644364932 0.03335797077900686 0.03220474623907634