0 0.7947075939154016 0.19991482692952633 0.05047484387822045 0.052821163111827295
0 0.8459623933073793 0.03561013224766789 0.05216467787060921 0.056037168373499216
0 0.8193839417479548 0.2673907532661204 0.04884867688202625 0.05116765785015538
0 0.8181689516337866 0.3144477637894642 0.04884867688202608 0.05116765785015538
0 0.8317274328507063 0.22438420591107383 0.05047484387822045 0.052821163111827475
0 0.8379190830409866 0.1457131743410427 0.04872134288963732 0.04804265785015547
0 0.04296875 0.99609375 0.0234375 0.0078125
0 0.00390625 0.91015625 0.0078125 0.0265625
0 0.01640625 0.996875 0.0265625 0.00625
0 0.026045118629980914 0.9219381002541137 0.02595500494291585 0.024893584186749605
0 0.028944625550063163 0.954659594992442 0.02595500494291585 0.024893584186749605
0 0.00390625 0.96640625 0.0078125 0.0265625
0 0.017399630492979056 0.9788251370858168 0.02595500494291585 0.024893584186749605
0 0.00703125 0.840625 0.0140625 0.025
0 0.00625 0.93828125 0.0125 0.0234375
0 0.19453125 0.990625 0.0265625 0.01875
0 0.8091361443331435 0.7522039109751015 0.047286176882026076 0.05107665258848364
0 0.864372789580508 0.6471832110315713 0.052037343878220454 0.05291216837349921
0 0.61640625 0.990625 0.0484375 0.01875
0 0.7599107826604258 0.6203770583019134 0.04559634288963732 0.0478606473268119
0 0.8252917490485979 0.45681581626500833 0.0487850098858317 0.04960515785015547
0 0.8659246552075583 0.8005812268165868 0.04891234387822045 0.052730157850155376
0 0.6758249427365379 0.5939503371705214 0.04553267589344294 0.04629814732681172
0 0.7514854704168668 0.7211051003952882 0.0456600098858317 0.0494231473268119
0 0.8546396453217266 0.754252258386618 0.04891234387822045 0.052730157850155376