0 0.2125 0.5390625 0.028125 0.028125
0 0.3140625 0.4890625 0.0265625 0.0265625
0 0.2359375 0.565625 0.028125 0.028125
0 0.28125 0.48125 0.0265625 0.0265625
0 0.2796875 0.5328125 0.028125 0.0265625
0 0.2265625 0.4890625 0.028125 0.0265625
0 0.253125 0.4671875 0.0265625 0.0265625
0 0.175 0.4796875 0.028125 0.028125
0 0.353125 0.5078125 0.028125 0.028125
0 0.209375 0.584375 0.0296875 0.028125
0 0.49375 0.6703125 0.0296875 0.0296875
0 0.25625 0.4953125 0.028125 0.028125
0 0.3765625 0.671875 0.0296875 0.0296875
0 0.228125 0.453125 0.028125 0.028125
0 0.5171875 0.53125 0.028125 0.028125