0 0.18695236302390122 0.3581647336199646 0.04341503087881229 0.04563123545613248
0 0.21066734468150122 0.20430640998254299 0.04336956677218975 0.04406873545613248
0 0.3793431368430847 0.13415392240037866 0.04180706677218957 0.04394118969849794
0 0.22944139139543118 0.4189110439214668 0.04346049498543501 0.0471937354561323
0 0.2990646034569899 0.12034625603973996 0.04180706677218957 0.04394118969849794
0 0.43359375 0.215625 0.0328125 0.04375
0 0.2307645475053528 0.3029034066485631 0.04180706677218975 0.04394118969849785
0 0.2354567445232167 0.1412006321027559 0.041852530878812286 0.04550368969849794
0 0.26266776537289915 0.2689749457382378 0.04180706677218975 0.04394118969849785
0 0.28596417603516733 0.42369439664662345 0.04346049498543501 0.04719373545613248
0 0.3905487244649569 0.30395623936984056 0.041852530878812286 0.04550368969849785
0 0.4047763605166188 0.3623108733087642 0.04180706677218975 0.04394118969849785
0 0.35610421364440425 0.08906456300726213 0.04180706677218957 0.04394118969849794
0 0.3702937119285446 0.41524442573435855 0.041852530878812286 0.04550368969849785
0 0.2596911810497322 0.381985128768776 0.04024456677218975 0.0438136439408634
0 0.41101433715965385 0.253733098762957 0.04024456677218975 0.0438136439408634
0 0.3157473012662765 0.26307588997866366 0.041852530878812286 0.04550368969849785
0 0.4359375 0.278125 0.028125 0.04375
0 0.2757875424907879 0.3430821254347961 0.04024456677218975 0.0438136439408634
0 0.1853276785424498 0.4099823251352337 0.043369566772189574 0.04406873545613248
0 0.36896322947952187 0.2618643342190895 0.04180706677218975 0.04394118969849785
0 0.41239028371529923 0.4086756902782261 0.04180706677218975 0.04394118969849785
0 0.33398517273646205 0.1362902493717802 0.04019910266556703 0.0422511439408634
0 0.4328125 0.32734375 0.034375 0.0453125
0 0.3848777344940868 0.21671133088510955 0.04024456677218975 0.0438136439408634
0 0.2570422395086517 0.18329253725350694 0.04019910266556703 0.0422511439408634
0 0.29721259844242487 0.16435134755500905 0.04015363855894431 0.0406886439408634
0 0.3442935015828456 0.3829101578565111 0.04024456677218975 0.0438136439408634
0 0.30473559342786 0.20759116452447088 0.04180706677218975 0.04394118969849785
0 0.30036164515635494 0.3802314390702781 0.04024456677218975 0.0438136439408634
0 0.18554297571859824 0.3097272336199646 0.04180706677218957 0.04394118969849785
0 0.410121775402029 0.16923055300532247 0.04024456677218957 0.0438136439408634
0 0.34452551913382284 0.2294025205836075 0.04024456677218957 0.0438136439408634
0 0.34808843982522086 0.29802497482597295 0.04024456677218975 0.0438136439408634
0 0.26291180628084143 0.22353489998060336 0.04180706677218975 0.04394118969849785
0 0.44140625 0.3859375 0.0171875 0.04375
0 0.2950089039318436 0.3039240305855472 0.04019910266556703 0.0422511439408634
0 0.3696786318285198 0.1787967427038204 0.04024456677218975 0.0438136439408634
0 0.3211000424907879 0.33938329846339454 0.04024456677218975 0.0438136439408634
0 0.3281516760351673 0.42025066119049104 0.041852530878812466 0.04550368969849785
0 0.2336455065974105 0.3480883608909286 0.04180706677218957 0.04394118969849785
0 0.36186143481065597 0.3407546087648967 0.04024456677218957 0.0438136439408634
0 0.990625 0.4625 0.01875 0.06875
0 0.98515625 0.384375 0.0296875 0.0625
0 0.98828125 0.5140625 0.0234375 0.04375
0 0.929470135127225 0.6441024914958724 0.066897994985435 0.04910692182065048
0 0.8589062678801817 0.4258943675588884 0.04860263605166182 0.063201372729036
0 0.77265625 0.65703125 0.0453125 0.0234375
0 0.7431736192921075 0.4854602993814785 0.06827863855894431 0.04298446757828493
0 0.7912761501709198 0.5238214266524425 0.06230142319868044 0.051849284547746774
0 0.7867083221159591 0.5821441096829807 0.04860263605166191 0.063201372729036
0 0.9734375 0.58046875 0.053125 0.0609375
0 0.6959275801000249 0.2073989433223419 0.06266513605166182 0.06434928454774687
0 0.9450256243066724 0.4251293508889889 0.04088106426490725 0.0656886439408634
0 0.9082938171013941 0.6160730863451214 0.0666706744523216 0.04129442182065048
0 0.8468562119285445 0.6038598708928682 0.06648881802583091 0.035044421820650484
0 0.6950710884132951 0.44709917211051453 0.054761707838416565 0.06058655575957417
0 0.8633330065974105 0.5242043218012539 0.046994671945039104 0.06151132697140156
0 0.8869283163099713 0.3124059524061976 0.06524456677218957 0.04585437606301594
0 0.6924294732113158 0.5177943093834182 0.05007420783841656 0.06020391848667046
0 0.7882995658477528 0.6368316096829806 0.06082985141192587 0.05484673879011233
0 0.7050036810497322 0.5731514890799764 0.062346887305303154 0.053411784547746775
0 0.8954180808914476 0.4965258608909286 0.03931856426490725 0.06556109818322894
0 0.9375 0.6609375 0.0625 0.015625
0 0.9381511501709199 0.5118321254347962 0.04864810015828454 0.06476387272903601
0 0.8195542628656167 0.47296055725738634 0.04244356426490725 0.06581618969849785
0 0.9271060015828457 0.5628524914958725 0.04248902837152997 0.06737868969849785
0 0.86796875 0.66015625 0.0671875 0.0171875
0 0.8525893863808662 0.6394147336199646 0.06519910266556703 0.04429187606301603
0 0.7338728271305239 0.5426031196849201 0.05632420783841656 0.060714101517208616
0 0.7362369606749034 0.6238531196849203 0.043960600158284534 0.06438123545613247
0 0.009375 0.74765625 0.01875 0.0390625
0 0.7015625 0.984375 0.046875 0.03125
0 0.6099733597251961 0.8477374166505027 0.06676160266556704 0.044419421820650486
0 0.7859375 0.98203125 0.05625 0.0359375
0 0.7956500984424248 0.9312520630072623 0.05306281551854859 0.055771510001939716
0 0.8671875 0.98515625 0.065625 0.0296875
0 0.7567694548689157 0.9406907069481255 0.03463106426490725 0.06517846091032524
0 0.8524911318285199 0.9469729157324188 0.04083560015828454 0.0641261439408634
0 0.815400308788124 0.9640965139156478 0.04226170783841639 0.05956618969849794
0 0.753125 0.9890625 0.059375 0.021875
0 0.6298432420159342 0.9385219133165229 0.05172763605166182 0.0634564642443051
0 0.5571953522033486 0.9178265181677115 0.07126724623907635 0.0385520590935541
0 0.571875 0.98046875 0.071875 0.0390625