0 0.3953125 0.58125 0.0875 0.0875
0 0.2375 0.6265625 0.0609375 0.1078125
0 0.1921875 0.2671875 0.096875 0.0796875
0 0.3828125 0.7375 0.0546875 0.1125
0 0.1578125 0.49375 0.109375 0.06875
0 0.4578125 0.5109375 0.0921875 0.0765625
0 0.2453125 0.415625 0.0890625 0.090625
0 0.5109375 0.48125 0.0875 0.0796875
0 0.64375 0.4625 0.090625 0.078125
0 0.3765625 0.503125 0.0796875 0.090625
0 0.6 0.534375 0.1 0.0640625
0 0.5875 0.5984375 0.103125 0.0546875
0 0.515625 0.571875 0.084375 0.0859375
0 0.671875 0.6953125 0.0640625 0.1046875
0 0.5859375 0.8421875 0.1078125 0.0671875
0 0.45 0.3953125 0.046875 0.103125
0 0.575 0.678125 0.0890625 0.090625
0 0.55 0.4234375 0.0578125 0.096875
0 0.60625 0.3890625 0.0546875 0.1015625
0 0.1203125 0.39375 0.1109375 0.0515625
0 0.259375 0.7578125 0.084375 0.1
0 0.5109375 0.3703125 0.06875 0.0953125
0 0.159375 0.7515625 0.0828125 0.103125
0 0.6609375 0.8140625 0.0484375 0.1125
0 0.1375 0.9625 0.065625 0.06875