0 0.0078125 0.23671875 0.015625 0.0453125
0 0.0078125 0.35234375 0.015625 0.0484375
0 0.3484294545995361 0.38398782007786225 0.0519100098858317 0.04891234387822045
0 0.1589610949039848 0.2665005256288005 0.04709517589344294 0.04559634288963732
0 0.3113565830409867 0.20394749300555567 0.0502838428896375 0.04728617688202617
0 0.3671875 0.23828125 0.025 0.0484375
0 0.20723676882026137 0.2989655157429687 0.04872134288963732 0.047222509885831696
0 0.36484375 0.50078125 0.0296875 0.0484375
0 0.057769962508201454 0.43339354836621347 0.0487850098858317 0.0487850098858317
0 0.2233817391627661 0.15744917779624723 0.04872134288963732 0.047222509885831696
0 0.35703125 0.325 0.0453125 0.05
0 0.053469781671842576 0.3662697153624078 0.048721342889637496 0.047222509885831696
0 0.06441259885831743 0.28913421239665826 0.0503475098858317 0.04884867688202625
0 0.27731845855386866 0.4056665019028042 0.0535361768820259 0.05053851087441501
0 0.1315417490485979 0.20814419756791072 0.04709517589344294 0.04559634288963732
0 0.7962700939154016 0.32214303057171634 0.05047484387822045 0.051973676882026074
0 0.83203125 0.01015625 0.0515625 0.0203125
0 0.8301862015966055 0.040609187682078975 0.05053851087441501 0.053536176882026165
0 0.8475248933073793 0.1588498517125238 0.05216467787060921 0.05516234387822046
0 0.8417895464634093 0.09491468570491261 0.05066584486680377 0.05666117688202617
0 0.8209464417479548 0.39000169262499484 0.04884867688202625 0.0503475098858317
0 0.81875 0.5453125 0.046875 0.046875
0 0.8197314516337866 0.43700402661738363 0.04884867688202608 0.0503475098858317
0 0.8332899328507063 0.3472411896592453 0.05047484387822045 0.051973676882026254
0 0.8394815830409866 0.2687341876820789 0.04872134288963732 0.047222509885831696
0 0.3515625 0.59140625 0.05625 0.0453125
0 0.25375362456148 0.7171557361226546 0.05487318380210837 0.08335101087441502
0 0.34375 0.7078125 0.071875 0.05625
0 0.28162927376317726 0.6330698961987666 0.057998183802108375 0.08347834486680376
0 0.34609375 0.64609375 0.0671875 0.0671875
0 0.61328125 0.97265625 0.1328125 0.0546875
0 0.5981562460828483 0.8780826017497049 0.09922536167271767 0.13819501977166349
0 0.73359375 0.971875 0.1015625 0.05625
0 0.8106323883644635 0.7536078892786845 0.10241402866891214 0.13988485376405224
0 0.8456679160447923 0.883648216350991 0.13625051779449712 0.0897866946765233
0 0.7013847223568522 0.7611895790122919 0.12078202669174569 0.13127385771838496
0 0.4921875 0.96171875 0.109375 0.0765625
0 0.95390625 0.85625 0.0921875 0.11875
0 0.6917789120904596 0.8711375819780415 0.10066052768032882 0.13513368676785795