0 0.015367743042736758 0.34091075304411583 0.027644838935304606 0.028730777879787082
0 0.06705757703512552 0.3419947630460555 0.026146005931498982 0.030165732122152632
0 0.2498700770351255 0.35691761668929606 0.029207338935304604 0.028858323637421534
0 0.1604308922444339 0.43584010001939666 0.027644838935304606 0.028730777879787082
0 0.276154051331963 0.48134353184198686 0.029271005931499162 0.030420823637421535
0 0.2327568784042695 0.5075872963858543 0.029271005931499162 0.030420823637421712
0 0.1765068784042695 0.5029956491110111 0.029271005931499162 0.030420823637421535
0 0.12647238631293495 0.4612866391090714 0.029271005931498985 0.030420823637421535
0 0.62890625 0.9203125 0.0421875 0.05
0 0.3250212687458992 0.6109359527445534 0.047158842889637495 0.04901132697140156
0 0.3226655898867068 0.6687484527445534 0.04559634288963732 0.04888378121376693
0 0.32592855825204514 0.8195137272903606 0.04553267589344294 0.04732128121376711
0 0.6375 0.9609375 0.025 0.046875
0 0.41790910570403755 0.601273652444991 0.04715884288963732 0.04901132697140156
0 0.41409440311884893 0.77184124396026 0.04553267589344294 0.04732128121376693
0 0.4933362341454882 0.7892835775996213 0.04553267589344294 0.04732128121376711
0 0.27524676182581703 0.6397945342578828 0.04715884288963732 0.04901132697140156
0 0.2183892667687329 0.611637841225405 0.04559634288963732 0.04888378121376693
0 0.63515625 0.81484375 0.0296875 0.0484375
0 0.5960792321683218 0.8070765976035007 0.04709517589344294 0.047448826971401556
0 0.5796795938410395 0.6709159569966172 0.04709517589344294 0.047448826971401556
0 0.26347627368881515 0.582396622439172 0.047222509885831696 0.05057382697140156
0 0.4765625 0.99453125 0.046875 0.0109375
0 0.4151077578714844 0.670023652444991 0.04553267589344294 0.04732128121376711
0 0.5609375 0.9921875 0.046875 0.015625
0 0.2471668882901013 0.8287614394086338 0.04709517589344294 0.047448826971401556
0 0.602276199545077 0.9627844636645768 0.04709517589344294 0.047448826971401556
0 0.6359375 0.59609375 0.028125 0.0484375
0 0.5470342371112377 0.7795576333591956 0.04553267589344294 0.04732128121376693
0 0.36259025292856845 0.6892521424430513 0.04553267589344294 0.04732128121376693
0 0.5587118833471855 0.8777080909355408 0.045469008897248565 0.04575878121376711
0 0.5026369327763441 0.6379761691148904 0.04709517589344294 0.047448826971401556
0 0.3280587440313199 0.7287611815327261 0.04709517589344294 0.047448826971401556
0 0.522636414981847 0.7242643554794085 0.04703150889724857 0.04588632697140156
0 0.6227637489742357 0.7293022839680188 0.04703150889724857 0.04588632697140156
0 0.8789607163509909 0.7098506533630748 0.048721342889637496 0.04913887272903601
0 0.6640625 0.6734375 0.028125 0.046875
0 0.7866167074537425 0.7446404994202718 0.0487850098858317 0.05070137272903601
0 0.6812288704956041 0.753282433658758 0.047222509885831696 0.05057382697140156
0 0.7084572153624078 0.7006356657809105 0.04715884288963732 0.04901132697140156
0 0.837924539468965 0.7550995094222115 0.0487850098858317 0.05070137272903601
0 0.8939437292025723 0.6499335194241512 0.048721342889637496 0.04913887272903601
0 0.8048467371112377 0.6050358654813481 0.04872134288963732 0.04913887272903601
0 0.902178040457548 0.7556413854852274 0.0502838428896375 0.04926641848667064
0 0.65703125 0.62265625 0.0140625 0.0484375
0 0.8661025720922098 0.6021976500290951 0.04872134288963732 0.04913887272903601
0 0.684375 0.5734375 0.046875 0.046875
0 0.7433070592406283 0.6533141266912358 0.04715884288963732 0.04901132697140156
0 0.694389398175933 0.6226701624469306 0.047158842889637495 0.04901132697140156
0 0.8 0.56171875 0.05 0.0234375
0 0.7408479041074321 0.5982439894183322 0.04872134288963732 0.04913887272903601
0 0.7264140365032153 0.7601062606301594 0.047158842889637495 0.04901132697140156