0 0.08665023518913725 0.3945866451841885 0.02310330732694634 0.024583920171816587
0 0.025 0.42578125 0.025 0.0078125
0 0.16328125 0.42265625 0.0234375 0.0140625
0 0.80234375 0.39921875 0.0609375 0.0609375
0 0.9246880664876589 0.36921042967121326 0.05919793758467105 0.05919793758467122
0 0.8577462279530479 0.3680440773417926 0.06076043758467105 0.0592798247398008
0 0.6510049050222696 0.3882281818189199 0.06404921189493056 0.06256859905006032
0 0.62734375 0.41875 0.0609375 0.021875
0 0.7066816949363612 0.3962177442342488 0.0608423247398008 0.0608423247398008
0 0.97734375 0.37734375 0.0453125 0.0578125
0 0.2564249038906158 0.7168290581199158 0.17717773292582972 0.19938692559888338
0 0.288022384668739 0.7977581535519315 0.16130707146044046 0.193880554047586
0 0.1515625 0.9296875 0.1625 0.140625
0 0.4433716259623116 0.8067569380389564 0.1084277329258299 0.1957838907731743
0 0.48203125 0.73671875 0.0546875 0.2046875
0 0.32758949570458684 0.8455472003634282 0.1682121687014785 0.20670810266810485
0 0.9302431049314125 0.6654989314802356 0.11864818068726617 0.09347776232447184
0 0.7556857609697347 0.8148858570791191 0.12703389077317437 0.10482469810012063
0 0.7629737177762828 0.6758233570791191 0.12349945499752568 0.09684842378986111
0 0.7729772388071818 0.5444095827688595 0.12177318068726617 0.09364153663473136
0 0.9339147388071819 0.5359752057904951 0.1152775192218769 0.08862648801421251
0 0.778125 0.446875 0.121875 0.034375
0 0.9277245352799943 0.8027532700148463 0.12218261646291495 0.10145403663473136
0 0.93984375 0.4421875 0.1140625 0.025