0 0.53125 0.7375 0.025 0.025
0 0.4421875 0.6875 0.025 0.025
0 0.5421875 0.7671875 0.025 0.0265625
0 0.2734375 0.6375 0.025 0.025
0 0.478125 0.6984375 0.025 0.025
0 0.409375 0.678125 0.025 0.025
0 0.2171875 0.6546875 0.025 0.025
0 0.2484375 0.63125 0.025 0.025
0 0.3640625 0.76875 0.025 0.0265625
0 0.3359375 0.746875 0.025 0.025
0 0.3265625 0.6640625 0.0234375 0.025
0 0.2984375 0.6828125 0.025 0.025
0 0.353125 0.6640625 0.025 0.0234375
0 0.375 0.678125 0.0234375 0.0234375
0 0.2234375 0.75625 0.025 0.0265625
0 0.3125 0.759375 0.0265625 0.0265625
0 0.503125 0.74375 0.025 0.025
0 0.484375 0.725 0.025 0.025
0 0.28125 0.7171875 0.025 0.025
0 0.3359375 0.6984375 0.0234375 0.025
0 0.275 0.671875 0.025 0.025
0 0.453125 0.76875 0.025 0.0265625
0 0.48125 0.7625 0.025 0.0265625
0 0.2515625 0.7515625 0.025 0.025
0 0.246875 0.671875 0.025 0.025
0 0.3921875 0.7046875 0.025 0.025
0 0.29375 0.7421875 0.025 0.025
0 0.315625 0.721875 0.025 0.025
0 0.446875 0.7171875 0.025 0.025
0 0.2546875 0.7 0.025 0.0265625
0 0.2734375 0.7625 0.025 0.025
0 0.3609375 0.7046875 0.0234375 0.025
0 0.4625 0.7390625 0.025 0.025
0 0.240625 0.7265625 0.0265625 0.025
0 0.221875 0.6953125 0.025 0.0265625
0 0.3796875 0.7359375 0.025 0.025
0 0.4203125 0.715625 0.025 0.025
0 0.390625 0.765625 0.025 0.025
0 0.434375 0.740625 0.025 0.025
0 0.40625 0.740625 0.025 0.025
0 0.215625 0.721875 0.025 0.025
0 0.4203125 0.7640625 0.0234375 0.025
0 0.3921875 0.584375 0.025 0.025