0 0.40106953708631216 0.10316165329435538 0.0628636143631848 0.06614021046687384
0 0.43528895922026434 0.3963810322759027 0.0628545240041051 0.06457771046687384
0 0.45546875 0.03046875 0.0640625 0.0609375
0 0.4493252299047198 0.131590490182528 0.0628636143631848 0.06614021046687402
0 0.433027543332828 0.24812554279924645 0.06130111436318479 0.0660492052052021
0 0.4333638866187739 0.19031304279924655 0.0628636143631848 0.06614021046687384
0 0.8544672478587007 0.10812216907937086 0.048710210772388504 0.0496961631118273
0 0.80625 0.00625 0.046875 0.0125
0 0.914968410622879 0.17957296387416877 0.050272710772388506 0.04978716837349921
0 0.9246968928652899 0.3867484270424658 0.04713862041330898 0.04804265785015538
0 0.8809650735834491 0.3861715743692775 0.04558521077238851 0.04951415258848364
0 0.920527543332828 0.29795894282748137 0.048728391490547904 0.052821163111827295
0 0.8995615792407898 0.14298301649088732 0.04713862041330898 0.04804265785015538
0 0.8578376875538503 0.06575265855602712 0.04398634933607006 0.0431731473268119
0 0.30546875 0.9875 0.0265625 0.025
0 0.3488888926688981 0.9248840058263692 0.026717036104353654 0.028109589448421346
0 0.3115525191323313 0.8989431321064936 0.026717036104353477 0.028109589448421346
0 0.2065286758463854 0.9628529846385074 0.026726126463433177 0.029672089448421347
0 0.44921614559576434 0.8628096690793707 0.026717036104353477 0.028109589448421346
0 0.18671875 0.9875 0.0265625 0.025
0 0.358909308163551 0.8134004742563381 0.026717036104353477 0.028109589448421346
0 0.4924479951282262 0.949324021752559 0.028288626463433175 0.02976309471009344
0 0.4423480011783504 0.9694236901260582 0.026717036104353477 0.028109589448421346
0 0.2383150070320829 0.8688453794050706 0.026717036104353654 0.028109589448421346
0 0.462978663746137 0.9135531217243242 0.026726126463433177 0.029672089448421347
0 0.4033491336919077 0.9607613216678544 0.028279536104353475 0.028200594710093264
0 0.3960729648776051 0.8690288479762136 0.026717036104353477 0.028109589448421346
0 0.23931390476914655 0.9656293741433986 0.026726126463433177 0.029672089448421347
0 0.29714458548730577 0.9591371794615402 0.026717036104353477 0.028109589448421346
0 0.43156503728270385 0.9434982269577612 0.026726126463433177 0.029672089448421347
0 0.42578125 0.98828125 0.0265625 0.0234375
0 0.23984375 0.9921875 0.0265625 0.015625
0 0.4459366094914109 0.8895541796027147 0.026717036104353477 0.028109589448421346
0 0.4223718444642962 0.9127942585277923 0.026726126463433177 0.029672089448421347
0 0.3668763442679045 0.7863829479479788 0.026717036104353477 0.028109589448421346
0 0.40915474785870065 0.768300805882839 0.026717036104353477 0.028109589448421346
0 0.2792763503180288 0.8086667426016024 0.026717036104353654 0.028109589448421346
0 0.34203997073133763 0.7597140321347284 0.026717036104353477 0.028109589448421346
0 0.27515141081927075 0.9807237531249461 0.026726126463433177 0.029672089448421347
0 0.9859375 0.57421875 0.028125 0.0390625
0 0.7112626694034777 0.539549805459316 0.04241475897699045 0.041519642065139986