0 0.5546875 0.4234375 0.03125 0.071875
0 0.665625 0.43984375 0.075 0.0390625
0 0.91640625 0.4484375 0.0796875 0.021875
0 0.734375 0.42265625 0.078125 0.0734375
0 0.82734375 0.43359375 0.0765625 0.0515625
0 0.4953125 0.98359375 0.059375 0.0328125
0 0.4888560522397922 0.9375508254171694 0.035793336056041625 0.06273901741285463
0 0.35818662727791717 0.8885666915413999 0.045059233282499986 0.058542840343633176
0 0.28987434479284774 0.9708192695605611 0.057268292553055565 0.04669793758467122
0 0.3871091014423615 0.7902044346439949 0.06177395459715278 0.03913109905006031
0 0.48562064304548647 0.8655939382620396 0.04960126291777769 0.05253850180902227
0 0.5296875 0.715625 0.01875 0.04375
0 0.24521515501333382 0.9294639292169281 0.06337282218833336 0.04077548620519007
0 0.3200333170574311 0.9255820126631562 0.03888196846486114 0.06134029172311415
0 0.52265625 0.95 0.0328125 0.05625
0 0.43642073005145876 0.8973485492978875 0.037283100873680655 0.059695904567984216
0 0.20234375 0.99140625 0.0578125 0.0171875
0 0.39096406610750056 0.9558294346439951 0.037283100873680655 0.059695904567984216
0 0.428125 0.9734375 0.040625 0.053125
0 0.23359375 0.9765625 0.0515625 0.046875
0 0.52265625 0.878125 0.0328125 0.053125
0 0.51484375 0.77421875 0.0484375 0.0484375
0 0.359375 0.975 0.040625 0.05
0 0.2094178996950003 0.6654080732694628 0.060538762917777864 0.05311171189493056
0 0.19895709764263936 0.8864642017181652 0.05123649810013893 0.05574538896415202
0 0.19430727165458386 0.9548866530976463 0.046585365691319505 0.05706222749876275
0 0.8084022199834726 0.6291916915414 0.13288654160312507 0.07719102103089917
0 0.8570592319513199 0.7082108061952924 0.11188436379145852 0.11354460085908258
0 0.8955424633339589 0.8194692107632768 0.09364351006798621 0.1344369549975255
0 0.9875 0.62421875 0.025 0.1140625
0 0.6791186827487505 0.8408993962002412 0.10905030452090285 0.12588082654882307
0 0.96953125 0.75859375 0.0609375 0.1078125