0 0.32483965205281573 0.32231421450821396 0.044240896005727136 0.045502676764564674
0 0.46640625 0.140625 0.0265625 0.046875
0 0.34903967337681613 0.25166982778560554 0.044240896005727136 0.045502676764564674
0 0.5981873400699967 0.25207533733337517 0.03159544533736351 0.032055483403260435
0 0.6893588747612684 0.42657658463408277 0.030051126670908878 0.0334995842330974
0 0.7110338800922685 0.40773149625180044 0.030032945337363514 0.0319370842330974
0 0.48515625 0.2296875 0.0109375 0.03125
0 0.7239702320973592 0.4442843028904962 0.030051126670909055 0.03349958423309758
0 0.7169555214035422 0.24463950040098528 0.03159544533736351 0.03205548340326061
0 0.7272577694143599 0.3236166053800072 0.030032945337363514 0.0319370842330974
0 0.7284930054105418 0.29537320620984414 0.031577264003817974 0.030492983403260433
0 0.7964975707351787 0.22610114272267107 0.03159544533736351 0.03205548340326061
0 0.6842532040897231 0.3909942821445719 0.030032945337363514 0.0319370842330974
0 0.727548670751087 0.34861660538000716 0.028470445337363516 0.03181868506293437
0 0.5850157254137235 0.32970342986484236 0.03315794533736351 0.03217388257342364
0 0.7496054840865415 0.36258401699772486 0.03159544533736351 0.032055483403260435
0 0.6375043787396331 0.27099035807929955 0.03159544533736351 0.032055483403260435
0 0.75 0.46328125 0.03125 0.0328125
0 0.5201361600890868 0.39873869501168935 0.03317612667090888 0.033736382573423464
0 0.8284202800763601 0.28154565931941067 0.03159544533736351 0.03205548340326061
0 0.7974622760979955 0.4434070418928341 0.03319430800445424 0.035298882573423465
0 0.5040202640833599 0.35773518671331955 0.03317612667090888 0.03373638257342364
0 0.5729702587523597 0.3697131232261466 0.031613626670909056 0.03361798340326061
0 0.7984793360916321 0.3964136427226711 0.031613626670908876 0.03361798340326061
0 0.7796373347389967 0.2555285335944644 0.030014764003817973 0.03037458423309758
0 0.16328125 0.49296875 0.0296875 0.0265625
0 0.3989498613939972 0.6236166053800072 0.028434082670272608 0.02869368506293437
0 0.3662828120623608 0.6386029879534307 0.026889764003817974 0.030137785892771517
0 0.32867262937617986 0.49757616886718026 0.026871582670272433 0.028575285892771342
0 0.38377939473263334 0.6638630970816374 0.02845226400381797 0.030256185062934548
0 0.07843846140990554 0.7651943344335901 0.03159544533736351 0.032055483403260435
0 0.31486466804581603 0.5205167613986474 0.02845226400381797 0.03025618506293437
0 0.2625 0.4859375 0.028125 0.0125
0 0.13046875 0.490625 0.0296875 0.021875
0 0.22734375 0.49140625 0.0265625 0.0234375
0 0.40861576273072436 0.6479062103590291 0.02845226400381797 0.030256185062934548
0 0.36997252808717784 0.8212970887832677 0.030032945337363514 0.03193708423309758
0 0.27823846674090563 0.7328517406527231 0.030032945337363514 0.03193708423309758
0 0.24197260805217943 0.5729565223963096 0.030032945337363514 0.0319370842330974
0 0.3469873720559974 0.5931487779953869 0.030014764003817973 0.03037458423309749
0 0.23942941072563367 0.6231933207366357 0.030032945337363514 0.03193708423309758
0 0.31212147605027046 0.5535660597389735 0.026871582670272433 0.02857528589277143
0 0.46171875 0.4890625 0.0296875 0.01875
0 0.379384985439177 0.9582050929324526 0.030051126670908878 0.0334995842330974
0 0.4027475707351787 0.6811923070396811 0.028434082670272608 0.02869368506293437
0 0.5960430373965425 0.892818736503538 0.030414753341817757 0.0647495842330974
0 0.6472953600413618 0.7278556647179955 0.059956802673454136 0.05449916846619489
0 0.7379567227084526 0.72411351284854 0.035102253341817755 0.0651047817435865
0 0.54609375 0.97421875 0.0453125 0.0515625
0 0.5772919427116343 0.7597461273753314 0.04289657200827239 0.06413427759440164
0 0.8482964280712695 0.9331314701072912 0.05218066534054522 0.05703217261537983
0 0.7928453120623609 0.8716504410629972 0.06286362667090906 0.03598596680652104
0 0.6881396307288152 0.8780206854639199 0.06598862667090906 0.03622276514684693
0 0.7953521467218156 0.8182886427226711 0.028852253341817756 0.06463118506293437
0 0.7457521360598154 0.8564524161678879 0.05833975867281786 0.04969326929603195
0 0.6812725600731785 0.9598626813147348 0.059902258672817864 0.0498116684661948
0 0.5984782414067239 0.967700337333375 0.04286020934118149 0.06100927759440165
0 0.7697168947326333 0.8999889286154424 0.06288180800445424 0.03754846680652104
0 0.7149010307129069 0.7587020004009852 0.05061816534054522 0.056913773445216795
0 0.712430558720543 0.8151887987413113 0.05219884667409058 0.05859467261537983
0 0.76015625 0.97421875 0.0515625 0.0515625
0 0.5436078333863612 0.821725909118918 0.05684998400699968 0.05582487012586883
0 0.50546875 0.80078125 0.0515625 0.0421875
0 0.7649373933799979 0.7580382269557686 0.05370680267345414 0.05402557178554286
0 0.7514385147199066 0.8075413194872357 0.04286020934118149 0.06100927759440165
0 0.6736225973901793 0.840023777995387 0.06293635200509069 0.042235966806520954
0 0.8042180693825433 0.7738282477016929 0.06131930800445442 0.03743006763635792
0 0.8328125 0.98203125 0.025 0.0359375
0 0.7720953653723618 0.7011962311049534 0.055323846674090585 0.058831470955705886