0 0.0390625 0.06953125 0.078125 0.0734375
0 0.409375 0.04915024203110292 0.0703125 0.09710422896477802
0 0.4484375 0.02109375 0.05 0.0421875
0 0.08671875 0.04140625 0.0734375 0.0828125
0 0.39921875 0.278125 0.0484375 0.103125
0 0.44140625 0.28203125 0.0515625 0.0953125
0 0.1546875 0.48294463191131476 0.0578125 0.08216764381548422
0 0.225 0.4108404029465366 0.0578125 0.08216764381548422
0 0.1609375 0.4200075893366678 0.0703125 0.0783542289647781
0 0.0984375 0.48844051508313713 0.05625 0.08518338317182242
0 0.10625 0.5597692118648285 0.075 0.07243201089576327
0 0.2125 0.7507769880958305 0.0828125 0.06204081411407199
0 0.18125 0.6529622009690652 0.0515625 0.08641810124083733
0 0.24375 0.48296677522259585 0.08125 0.05724405347041035
0 0.3171875 0.4622065249704943 0.0703125 0.07054172896477802
0 0.021875 0.6421875 0.04375 0.0875
0 0.178125 0.5594307222563887 0.0609375 0.08238616510280768
0 0.2421875 0.6268260358662576 0.053125 0.08652736188449897
0 0.0359375 0.5599984408296066 0.059375 0.08383940445914603
0 0.10625 0.6175817118648286 0.08125 0.060369053470410175
0 0.35625 0.5266625088789508 0.0765625 0.06472877153942491
0 0.26875 0.693718604924008 0.053125 0.09121486188449897
0 0.315625 0.581065785614156 0.0796875 0.058697292826748536
0 0.434375 0.6836994766958642 0.084375 0.06371257475773362
0 0.3640625 0.41986620566064226 0.0515625 0.08485560124083733
0 0.4046875 0.5951504289254371 0.0734375 0.07544775025210164
0 0.415625 0.733448104419805 0.08125 0.06818155347041017
0 0.7125 0.57184433288038 0.0375 0.04012225544788173
0 0.6765625 0.6431073276845999 0.0390625 0.04179401609154336
0 0.6265625 0.5278536682817754 0.0359375 0.040012994804219916
0 0.66875 0.5264661309029085 0.0359375 0.038450494804219915
0 0.6359375 0.461573104419805 0.0359375 0.040012994804219916
0 0.646875 0.5717457799141729 0.0359375 0.038450494804219915
0 0.6234375 0.6030721895690989 0.0359375 0.040012994804219916