0 0.809375 0.68125 0.0671875 0.040625
0 0.6453125 0.7328125 0.0625 0.0421875
0 0.734375 0.5640625 0.0578125 0.0453125
0 0.4890625 0.6484375 0.040625 0.0625
0 0.58125 0.484375 0.0515625 0.053125
0 0.646875 0.5328125 0.059375 0.0390625
0 0.628125 0.4796875 0.040625 0.0578125
0 0.7328125 0.4859375 0.0390625 0.0578125
0 0.5546875 0.6296875 0.0578125 0.0421875
0 0.778125 0.615625 0.0625 0.0515625
0 0.6578125 0.6375 0.0390625 0.0625
0 0.55 0.5859375 0.0546875 0.05
0 0.8 0.71875 0.0671875 0.0421875
0 0.58125 0.5296875 0.04375 0.0578125
0 0.709375 0.6046875 0.0609375 0.040625
0 0.6859375 0.6890625 0.040625 0.0625
0 0.7 0.5171875 0.05625 0.0484375
0 0.540625 0.534375 0.040625 0.059375
0 0.6046875 0.5875 0.0421875 0.059375
0 0.4984375 0.5859375 0.04375 0.0578125
0 0.6125 0.6578125 0.0375 0.0625