0 0.9625 0.575 0.0484375 0.0453125
0 0.71875 0.5921875 0.0453125 0.0421875
0 0.403125 0.8140625 0.0453125 0.046875
0 0.9078125 0.81875 0.046875 0.046875
0 0.78125 0.775 0.046875 0.0453125
0 0.10625 0.7671875 0.05 0.0484375
0 0.259375 0.8046875 0.0484375 0.0484375
0 0.9640625 0.5 0.0484375 0.0453125
0 0.775 0.2609375 0.0453125 0.0453125
0 0.56875 0.8171875 0.046875 0.046875
0 0.696875 0.8171875 0.04375 0.046875
0 0.921875 0.60625 0.046875 0.0453125
0 0.778125 0.39375 0.0453125 0.04375
0 0.8796875 0.478125 0.05 0.046875
0 0.778125 0.8203125 0.046875 0.046875
0 0.965625 0.45625 0.0484375 0.0453125
0 0.9203125 0.49375 0.0484375 0.046875
0 0.1234375 0.8109375 0.05 0.0484375
0 0.403125 0.4203125 0.04375 0.04375
0 0.8625 0.8203125 0.046875 0.0484375
0 0.7375 0.803125 0.04375 0.046875
0 0.89375 0.6640625 0.0484375 0.046875
0 0.871875 0.6125 0.046875 0.0453125