0 0.5687570068356911 0.4920309561652149 0.03461134933607006 0.041225017856907444
0 0.4912956030485033 0.37660477921769786 0.04391362646343318 0.028888659090609538
0 0.45078125 0.378125 0.0234375 0.034375
0 0.5878251694034777 0.437670738632619 0.031495439695149584 0.04273297077900686
0 0.6449013503180288 0.5652423595737815 0.025245439695149585 0.042623876623205346
0 0.5756706030485033 0.37807755032101625 0.04236930718159222 0.031986385551659245
0 0.46015625 0.4203125 0.0421875 0.028125
0 0.5528774767814618 0.5355082207757115 0.033048849336070066 0.041197744317957155
0 0.5691297115579556 0.42796845616521484 0.029932939695149586 0.04270569724005639
0 0.47647860324489494 0.5060468173671449 0.037718168617910844 0.038154564934808025
0 0.44921875 0.61796875 0.0203125 0.0234375
0 0.49169453708631217 0.5766320527566483 0.019022710772388506 0.04720228246740419
0 0.5457376633533535 0.41974685308095977 0.03614657825883114 0.03656479139585791
0 0.5986081332991242 0.46442415340527143 0.025254530054229285 0.04418637662320535
0 0.5470819947354426 0.4572741266199102 0.028388620413308984 0.04580342370110611
0 0.6484375 0.60703125 0.025 0.0453125
0 0.6198740792407899 0.5694934829505762 0.03147725897699054 0.039607970779006865
0 0.4515625 0.553125 0.025 0.03125
0 0.5145422055078313 0.409826382301953 0.031504530054229284 0.04429547077900686
0 0.49374791647661154 0.4922843262955986 0.04084316861791084 0.038209112012708955
0 0.6144331211988758 0.43032188879477484 0.025254530054229285 0.04418637662320535
0 0.5173217718628058 0.46925592937985366 0.03927157825883114 0.03661933847375849
0 0.6161774283804682 0.3990991623337251 0.040815897540672094 0.03352161201270896
0 0.4546875 0.509375 0.03125 0.0375
0 0.5118797720591974 0.5988616087630027 0.02528180113146803 0.048873876623205345
0 0.6306025009819587 0.6056218977232286 0.025263620413308985 0.04574887662320535
0 0.45703125 0.48125 0.0359375 0.028125
0 0.646875 0.62421875 0.03125 0.0109375
0 0.6027411213952675 0.5598184740221225 0.03614657825883114 0.03656479139585791
0 0.5437751875538503 0.4884695795420095 0.031504530054229284 0.04429547077900686
0 0.47527971760807963 0.44351954382819453 0.04390453610435348 0.027326159090609536
0 0.6328285971947707 0.49158667126217886 0.04385908430895533 0.019513659090609536
0 0.446875 0.5328125 0.015625 0.028125
0 0.4713184045727548 0.5872149967502939 0.023692030054229284 0.04415910308425506
0 0.6314751754536019 0.4556218977232286 0.04387726502711473 0.022638659090609536
0 0.5982717900131783 0.5222366534052714 0.040815897540672094 0.03352161201270896
0 0.6318751512531051 0.38687189772322855 0.03617384933607006 0.04125229139585791
0 0.45234375 0.403125 0.0265625 0.021875
0 0.45416726600907326 0.5806649878218402 0.029951120413308985 0.045830697240056395
0 0.5158865368899204 0.44735365584090336 0.03925339754067192 0.03349433847375849
0 0.6363444826351943 0.4244537183400795 0.02836134933607006 0.0411159237011061
0 0.5328125 0.61328125 0.028125 0.0328125
0 0.5265240550402931 0.49910707061355575 0.03769998789975162 0.03502956493480802
0 0.5735808622218854 0.4686752767820659 0.033057939695149585 0.042760244317956976
0 0.5685751996540989 0.523280956165215 0.039280668617910665 0.038181838473758486
0 0.49724562119887583 0.4282763733734993 0.04390453610435348 0.027326159090609536
0 0.478277452580965 0.4654490909060952 0.04545794574527377 0.025790932629559827
0 0.6313660911446466 0.4743718977232286 0.04385908430895533 0.019513659090609536
0 0.6341274767814618 0.5369264448011292 0.04389544574527378 0.025763659090609535
0 0.621875 0.62265625 0.034375 0.0140625
0 0.4833376573032293 0.4014684115229462 0.040815897540672094 0.03352161201270896
0 0.6342547418085764 0.5150514448011292 0.04390453610435348 0.027326159090609536
0 0.541159247662309 0.40091503246410876 0.04080680718159222 0.03195911201270896
0 0.4762695249860637 0.5419843173671449 0.025254530054229285 0.04418637662320535
0 0.5293854346269841 0.5444741176914564 0.03615566861791084 0.03812729139585791
0 0.5833376573032293 0.403213918015768 0.04390453610435348 0.027326159090609536
0 0.48125 0.61328125 0.040625 0.0328125
0 0.5012786153451433 0.5408581939903503 0.03771816861791066 0.038154564934808025
0 0.509375 0.6234375 0.040625 0.0125
0 0.5869343142136751 0.590795738632619 0.04390453610435348 0.027326159090609536
0 0.5334558319712643 0.3820286647693571 0.04391362646343318 0.028888659090609538
0 0.6015625 0.609375 0.0375 0.040625
0 0.5170308803722581 0.5192559293798537 0.04387726502711473 0.022638659090609536
0 0.446875 0.465625 0.015625 0.028125
0 0.44375 0.4453125 0.009375 0.03125
0 0.5999706453993726 0.4988264269442217 0.04080680718159222 0.031959112012708776
0 0.5671875 0.625 0.04375 0.009375
0 0.5856172539088249 0.5485809650936686 0.042360216822512696 0.030423885551659247
0 0.5636149888817102 0.5700741355483638 0.04390453610435348 0.027326159090609536
0 0.5447468142136752 0.5900593530809598 0.045448855386194253 0.024228432629560002
0 0.5229899888817103 0.569365023535655 0.04233294574527378 0.02573638555165907
0 0.5649502299047198 0.6091639090873142 0.04391362646343318 0.028888659090609538
0 0.4484375 0.809375 0.01875 0.075
0 0.6602910427436528 0.7565219245085897 0.06594316256778647 0.05583298863591431
0 0.45703125 0.7484375 0.0359375 0.065625
0 0.45390625 0.9359375 0.0296875 0.053125
0 0.5709012898167867 0.8112173327884203 0.04726588544042354 0.06800570616851012
0 0.4671875 0.98984375 0.053125 0.0203125
0 0.6892694947354426 0.8789151217486463 0.05507838544042372 0.06814207386326192
0 0.6041501270526084 0.7367900771063776 0.05351588544042372 0.06811480032431154
0 0.6581194886853184 0.8611821509696395 0.06599770472226432 0.0652079886359143
0 0.5294308864223822 0.9558207207757116 0.04259656615858276 0.07104888555165907
0 0.533346747662309 0.8199377678536122 0.0597386143631848 0.06353639448011279
0 0.48339219945770706 0.8112525146072013 0.058185204722264315 0.06507162094116267
0 0.6234535971947708 0.910582133112732 0.07054884933607006 0.041852309252765355
0 0.64609375 0.98515625 0.0515625 0.0296875
0 0.4611717658126816 0.8702456850618965 0.02855224687674198 0.07392842370110611
0 0.6637705667477579 0.6956389715864904 0.04260565651766228 0.07261138555165925
0 0.5132705969983791 0.7789582118472578 0.07680793969514958 0.04352390340856669
0 0.49140625 0.6359375 0.0734375 0.0125
0 0.6482626996540988 0.9438310097359374 0.06599770472226432 0.0652079886359143
0 0.7357172478587006 0.9531708279171565 0.03637383723582168 0.07562729139585792
0 0.5732910124930319 0.6690571063273707 0.04103406615858276 0.07102161201270887
0 0.6007160548439012 0.7898605300284769 0.06128293364502539 0.06043866801906326
0 0.61328125 0.64765625 0.0515625 0.0359375
0 0.64765625 0.65703125 0.0546875 0.0546875
0 0.5200387474659172 0.6900048060030591 0.06907725292686635 0.057450035713814886
0 0.6553762837666625 0.7955026038917387 0.06438975292686636 0.05736821509696384
0 0.4640625 0.6765625 0.05 0.046875
0 0.7265625 0.98828125 0.05 0.0234375
0 0.5846092658126816 0.8724002946389735 0.0690227107723885 0.048075035713814884
0 0.5635705788480064 0.7282684650936686 0.04729315651766246 0.0726932061685102
0 0.5158865368899204 0.8665127589251584 0.07056703005422929 0.04497730925276535
0 0.532211494539051 0.7464729943146619 0.0628545240041051 0.06202844155801355
0 0.4625 0.646875 0.046875 0.034375
0 0.5855627117543472 0.9771150681779238 0.0736283975406721 0.03409435633066593
0 0.6200114763886784 0.696437812495881 0.05041815651766228 0.07274775324641088
0 0.7247898799794745 0.6826401396055537 0.07522725897699054 0.0403716298696164
0 0.7314479043763631 0.8812140073003054 0.04415906615858276 0.07107615909060953
0 0.69296875 0.6515625 0.0421875 0.04375
0 0.701405880372258 0.941633310060249 0.04105224687674216 0.07414661201270896
0 0.5810842900131783 0.9410957475610727 0.06900453005422946 0.04495003571381488
0 0.4760705788480064 0.7267411469124496 0.06129202400410509 0.06200116801906326
0 0.5500433682720096 0.9046127767820659 0.06742384933607007 0.04179776217486477
0 0.7179308259211401 0.7872185454497522 0.07523634933607007 0.0419341298696164
0 0.7214648920797229 0.716960592527653 0.0736102168225127 0.030969356330665932
0 0.48359375 0.9703125 0.0609375 0.059375
0 0.73828125 0.646875 0.0515625 0.034375
0 0.7197387656162898 0.7450583189887027 0.07519089754067192 0.03412162986961631
0 0.68203125 0.98046875 0.0546875 0.0390625
0 0.6254342537124332 0.8387344066516823 0.06746930113146803 0.04961026217486477
0 0.7161410669441497 0.826253771910802 0.07212953005422928 0.04500458279171564
0 0.51796875 0.65546875 0.0734375 0.0515625
0 0.4921945068356911 0.9098536558409034 0.03793633723582168 0.07565456493480802