0 0.4567594780793122 0.11926099210261558 0.06046594155801373 0.0669991684661948
0 0.5515625 0.08828125 0.015625 0.0671875
0 0.53515625 0.040625 0.0484375 0.065625
0 0.996875 0.1921875 0.00625 0.025
0 0.35258662661991014 0.6341737518508779 0.022229556006354477 0.021970088382282427
0 0.2808207207757115 0.645870113678377 0.023819329545304767 0.023650987552445456
0 0.317475241068251 0.5945910335944644 0.0222295560063543 0.021970088382282427
0 0.3153593620094136 0.6526403319347904 0.02225682954530477 0.023532588382282428
0 0.3491070706135558 0.6140980501912038 0.020667056006354302 0.021851689212119395
0 0.3040673060030591 0.6331566261259315 0.02225682954530477 0.023532588382282428
0 0.3147047970746054 0.6151403319347905 0.022229556006354477 0.021970088382282427
0 0.32898548538620814 0.6265747394033232 0.02225682954530477 0.023532588382282428
0 0.35031501460720127 0.5936671510210408 0.020639782467404187 0.020289189212119217
0 0.278740023535655 0.61630101284854 0.02225682954530477 0.023532588382282428
0 0.9448172167185216 0.5741386688671802 0.025409103084255057 0.02533188672260831
0 0.7990877053544361 0.6508931908625045 0.026998876623205437 0.02701278589277134
0 0.7480513108743232 0.5953069643077212 0.026998876623205437 0.02701278589277143
0 0.9699263108743231 0.5784942821445719 0.023846603084255236 0.025213487552445367
0 0.9761138555165918 0.6640765846340828 0.025409103084255237 0.025331886722608398
0 0.8273217995102374 0.6550120057995701 0.026998876623205527 0.02701278589277134
0 0.7469560097359373 0.8910930609883734 0.03333069724005648 0.03217388257342346
0 0.916357025971287 0.6467007531002776 0.025409103084255237 0.025331886722608398
0 0.99140625 0.73984375 0.0171875 0.0265625
0 0.8867786201270885 0.6552003373333751 0.025409103084255057 0.025331886722608398
0 0.9004786558409034 0.723003143972071 0.026998876623205346 0.027012785892771517
0 0.780454707790068 0.5693830817342977 0.025409103084255057 0.025331886722608398
0 0.9639138644450455 0.6822112779953869 0.025409103084255237 0.025331886722608398
0 0.8996252678536122 0.763746543142234 0.028588650162155817 0.02869368506293455
0 0.962787741068251 0.70732967716555 0.026971603084255235 0.02545028589277152
0 0.9420503214243346 0.8637931647179954 0.030205697240056395 0.03193708423309758