0 0.15090357548481972 0.0614655157429687 0.039826159090609534 0.04534167490485981
0 0.15216961525582437 0.31315534973535747 0.03979888555165907 0.04377917490485981
0 0.12211610227018088 0.11423768867066215 0.03985343262956 0.046904174904859805
0 0.14573660876300262 0.21334635072394068 0.03979888555165907 0.04377917490485981
0 0.15059565827653537 0.13340418273916307 0.03823638555165907 0.04371550790866543
0 0.14346499675029384 0.17278501772013505 0.039826159090609534 0.04534167490485981
0 0.9394320616851021 0.08126336258693874 0.058712526785361166 0.05391817885919252
0 0.9765625 0.0625 0.046875 0.071875
0 0.4015625 0.72890625 0.015625 0.1234375
0 0.175 0.4515625 0.084375 0.04375
0 0.3023253482096958 0.662943080000875 0.07704551542127547 0.12024351581733086
0 0.295237776782066 0.5256340809894582 0.08943642126547413 0.11450285178688588
0 0.35 0.80625 0.11875 0.08125
0 0.05789350973593734 0.6338126314072001 0.08332278896022585 0.12206068380210837
0 0.37109375 0.4421875 0.0765625 0.025
0 0.1887968620094136 0.5190259367306769 0.1141636858759707 0.09989652372599611
0 0.0839457207757115 0.5139166254757012 0.09264324188232517 0.11931768577927464
0 0.19191395372958295 0.6080247697344825 0.12014095048646727 0.0845261917107738
0 0.2578125 0.446875 0.0875 0.034375
0 0.38125 0.62734375 0.05625 0.1203125
0 0.7059219066516823 0.8135160829666246 0.04610343262955983 0.04715884288963732
0 0.9355082207757114 0.7087808675298547 0.04451365909060954 0.04553267589344294
0 0.8827377767820659 0.731258045400464 0.04292388555165907 0.043906508897248564
0 0.958392341716874 0.7657020295831332 0.039798885551659245 0.04377917490485981
0 0.984375 0.83671875 0.03125 0.0484375
0 0.6291139448011291 0.8025732657801499 0.04292388555165916 0.043906508897248564
0 0.7473615641207341 0.5897947400769872 0.04454093262956001 0.04709517589344294
0 0.9123082743464339 0.8129245394689649 0.04292388555165907 0.043906508897248564
0 0.8717809115229462 0.6410150473776303 0.04292388555165907 0.043906508897248564
0 0.7215820884704632 0.7253157460084863 0.0412795649348082 0.039155341901054186
0 0.928623021100023 0.7622242025108266 0.039826159090609534 0.04534167490485981
0 0.7602900324641088 0.7034115711036264 0.046157979707460585 0.05028384288963732