0 0.5734375 0.6265625 0.065625 0.0421875
0 0.490625 0.6421875 0.0484375 0.0625
0 0.4875 0.484375 0.065625 0.0390625
0 0.4 0.609375 0.0671875 0.04375
0 0.5125 0.540625 0.0515625 0.059375
0 0.259375 0.475 0.0671875 0.0484375
0 0.48125 0.428125 0.0375 0.06875
0 0.2109375 0.43125 0.071875 0.040625
0 0.3359375 0.3796875 0.0515625 0.0640625
0 0.61875 0.4703125 0.04375 0.0671875
0 0.4140625 0.4734375 0.046875 0.0625
0 0.2921875 0.4234375 0.04375 0.065625
0 0.6125 0.41875 0.06875 0.040625
0 0.5640625 0.56875 0.0375 0.06875
0 0.4015625 0.528125 0.04375 0.0640625
0 0.2515625 0.59375 0.0609375 0.0515625
0 0.453125 0.6765625 0.059375 0.05
0 0.3375 0.48125 0.05 0.0609375
0 0.615625 0.571875 0.06875 0.028125
0 0.3796875 0.58125 0.0703125 0.0390625
0 0.3703125 0.4546875 0.040625 0.065625
0 0.4015625 0.7046875 0.046875 0.065625
0 0.5546875 0.3953125 0.05625 0.0625
0 0.265625 0.671875 0.0375 0.0671875
0 0.5609375 0.165625 0.06875 0.0484375
0 0.165625 0.5203125 0.065625 0.0515625
0 0.253125 0.5359375 0.0515625 0.0625
0 0.4796875 0.3484375 0.0546875 0.059375
0 0.6078125 0.1328125 0.0421875 0.075
0 0.234375 0.6359375 0.0484375 0.0625
0 0.6046875 0.771875 0.059375 0.0578125
0 0.578125 0.2703125 0.0453125 0.0703125
0 0.575 0.465625 0.0390625 0.0671875
0 0.4234375 0.3859375 0.040625 0.065625
0 0.409375 0.65 0.0625 0.046875
0 0.315625 0.5625 0.0703125 0.028125
0 0.4984375 0.75 0.0671875 0.05625
0 0.1734375 0.1359375 0.0671875 0.059375
0 0.153125 0.4609375 0.053125 0.0578125
0 0.51875 0.2390625 0.0609375 0.053125
0 0.5125 0.6015625 0.0578125 0.05
0 0.31875 0.6015625 0.06875 0.040625
0 0.4484375 0.5484375 0.059375 0.0578125
0 0.61875 0.534375 0.065625 0.0453125
0 0.3328125 0.7296875 0.0609375 0.053125
0 0.3671875 0.2640625 0.0671875 0.04375
0 0.6234375 0.3625 0.04375 0.0671875
0 0.1984375 0.4890625 0.059375 0.0578125
0 0.5484375 0.509375 0.0640625 0.0421875
0 0.196875 0.578125 0.0453125 0.065625
0 0.53125 0.3609375 0.05625 0.0578125
0 0.3359375 0.6375 0.06875 0.040625
0 0.5859375 0.671875 0.065625 0.05625
0 0.1578125 0.384375 0.05625 0.059375
0 0.5296875 0.4421875 0.053125 0.05625
0 0.3703125 0.7875 0.0453125 0.0703125
0 0.496875 0.8046875 0.0703125 0.034375