0 0.0625 0.53515625 0.125 0.0484375
0 0.15334133741820785 0.4671649399268215 0.13505197921687967 0.14520450668363552
0 0.12095517231540018 0.4065547039306395 0.14297373986054146 0.14685791335136286
0 0.33364084261398796 0.42910022390200453 0.09341078243518837 0.15252611067790856
0 0.28702792256750165 0.47811952657545875 0.09319226114786475 0.14940111067790857
0 0.19453125 0.49375 0.1359375 0.13125
0 0.98203125 0.1890625 0.0359375 0.034375
0 0.9725398156266813 0.10126503055382337 0.04157549480421992 0.036392033338636054
0 0.9272380233041357 0.16903433322727768 0.03823197351689629 0.03323067067154532
0 0.8772815819703261 0.21496499856782272 0.0383412341605581 0.034793170671545325
0 0.9231189698337257 0.08776615189373213 0.03823197351689629 0.03323067067154532
0 0.09668787378866846 0.8524490066040938 0.0877620799535137 0.04941929201145392
0 0.08888608146612302 0.9197819572724573 0.0913241225281606 0.055705654678545005
0 0.08203125 0.978125 0.0921875 0.04375
0 0.5934207621562709 0.6940910665977305 0.048371798022528625 0.044277258672817864
0 0.6135033052351211 0.8471069785964577 0.048481058666190256 0.045839758672817865
0 0.5777300601787996 0.7380592426002758 0.04848105866619044 0.045839758672817865
0 0.5997578794886517 0.7847160665977304 0.048481058666190256 0.045839758672817865
0 0.5608810497872394 0.810188781269912 0.048371798022528625 0.044277258672817864
0 0.7087065445914593 0.8444354172501857 0.048481058666190256 0.045839758672817865
0 0.5515938950759919 0.677376281269912 0.04848105866619044 0.045839758672817865
0 0.5171875 0.6453125 0.034375 0.04375
0 0.6549152730520342 0.7684365385900944 0.04848105866619044 0.045839758672817865
0 0.7037569646379456 0.796016098583731 0.048371798022528625 0.044277258672817864
0 0.6663333742928715 0.8199081319223673 0.048481058666190256 0.045839758672817865
0 0.6672510181083557 0.877756994589458 0.05004355866619044 0.04585794000636341
0 0.6488730866619031 0.7043922199236399 0.04848105866619044 0.045839758672817865
0 0.51015625 0.68828125 0.0203125 0.0453125
0 0.6737630980618695 0.9261581319223673 0.05004355866619044 0.04585794000636341
0 0.5671746084534297 0.8554649186028211 0.05004355866619044 0.04585794000636341