0 0.6304150144774205 0.05663109001745701 0.07718323821317571 0.05299719636645772
0 0.758899579407398 0.12671993365875797 0.07725601282028158 0.05455969636645772
0 0.5015965016571391 0.09473738364905966 0.05356595574818703 0.08064396424430527
0 0.7032317762642449 0.10962828638391472 0.03332623035529281 0.08054836939505616
0 0.7890622684063621 0.0852657572961796 0.08128854135632882 0.04087983363936125
0 0.54375 0.30703125 0.06875 0.0640625
0 0.5997043618723867 0.14352531213766984 0.06704625889134022 0.06929187606301604
0 0.6443661985139859 0.09384404759380231 0.07889128742738745 0.05624974212409235
0 0.6619860380510693 0.15331464244305124 0.06428513192686935 0.07684928454774678
0 0.59296875 0.0140625 0.0765625 0.028125
0 0.5458130744449993 0.1893163021357303 0.061232906533975215 0.07815669303247788
0 0.5310699859413733 0.03440566152884674 0.07845463978475227 0.04687474212409217
0 0.8078125 0.01796875 0.040625 0.0359375
0 0.5425853746926683 0.09024107334755752 0.06116013192686944 0.07659419303247787
0 0.7046875 0.0109375 0.071875 0.021875
0 0.4497771364794926 0.12971841940475448 0.08434076674922295 0.03957242515463033
0 0.6956162911514411 0.6983081491110111 0.04586046360606986 0.04888378121376693
0 0.7781719259737947 0.744258120023276 0.04407963978475227 0.04406873545613248
0 0.6131291228306415 0.7182382697140153 0.04742296360606986 0.04901132697140156
0 0.690320977254921 0.5426002830499348 0.044225188998963993 0.04719373545613248
0 0.7104450785788285 0.6493285151720873 0.04415241439185813 0.04563123545613248
0 0.6415495293646167 0.6468415018361678 0.045787688998963995 0.04732128121376702
0 0.5204022754356753 0.621267932740674 0.045787688998963995 0.04732128121376693
0 0.7412198895798645 0.6957569760824126 0.04415241439185813 0.04563123545613248
0 0.632576943756475 0.6037611815327261 0.04578768899896417 0.04732128121376693
0 0.5099998147250896 0.777262841225405 0.045787688998963995 0.04732128121376711