0 0.34199303652788915 0.2507847839477976 0.04530459172016936 0.09212179802252862
0 0.33537702354224563 0.45056626266047406 0.07937958279171564 0.07733803218308673
0 0.23138281899529325 0.2242772782478144 0.07781708279171565 0.07722877153942509
0 0.2689998214309252 0.3098212943393578 0.08681025324641087 0.05600933540139543
0 0.19098391558672656 0.29810826215627106 0.07321140340856669 0.08158848960843983
0 0.08995897808590278 0.17058455967459646 0.08990797970746059 0.05466535668871888
0 0.3793337548745592 0.6210315819703262 0.062437544642268604 0.09019866510280768
0 0.40556461282678297 0.2833894703379287 0.08393071509696384 0.06985331411407199
0 0.14146338230854355 0.44639294284641895 0.07167617694751698 0.08304172896477802
0 0.2321350211066136 0.36043329953513786 0.07477390340856652 0.08169775025210146
0 0.3108213084452817 0.5129898530055481 0.08236821509696383 0.06974405347041035
0 0.13358842695081224 0.35979987898444854 0.07323867694751698 0.08315098960843983
0 0.31629183279501094 0.37883337429287156 0.08513865909060954 0.04965007475773362
0 0.3531839066582728 0.32665886909709146 0.08672843262955983 0.051321835401395434
0 0.3979236623403157 0.36263992776328174 0.08236821509696401 0.06974405347041035
0 0.02421875 0.28984375 0.0484375 0.0859375
0 0.4161440081209701 0.5735445767745461 0.045331865259119655 0.09368429802252862
0 0.0847303668872681 0.5597563203182583 0.07019549756436802 0.08761996832111621
0 0.40487486607319384 0.233280209694267 0.08530230032431163 0.05902507475773362
0 0.4038815616916926 0.46943623098159043 0.05308981818121907 0.09110560124083733
0 0.03671875 0.58125 0.0734375 0.06875
0 0.960404297081196 0.33619739608439814 0.05440685633066593 0.07715236188449896
0 0.9258032004897625 0.2571219012801782 0.07428297970746059 0.05357275025210164
0 0.96875 0.54140625 0.0625 0.0640625
0 0.99296875 0.49453125 0.0140625 0.0765625
0 0.9143905933483177 0.4628255980618695 0.07587275324641088 0.05524451089576328
0 0.97734375 0.4109375 0.0453125 0.075
0 0.97890625 0.62578125 0.0421875 0.0671875
0 0.98828125 0.25859375 0.0234375 0.0765625
0 0.8196781112052254 0.4217856987985037 0.07145798863591431 0.07054172896477802
0 0.903445185068487 0.3728890129125757 0.0683329886359143 0.07032320767745474
0 0.8906645413991532 0.2984681671196201 0.07143071509696383 0.06897922896477801
0 0.8150372500032953 0.3291611562238567 0.07899775324641087 0.05546303218308672
0 0.521875 0.990625 0.015625 0.01875
0 0.7515474943212525 0.802129490616846 0.04607615909060954 0.046918558666190435
0 0.99453125 0.76796875 0.0109375 0.0421875
0 0.8484375 0.75234375 0.046875 0.0265625