0 0.25493536972488356 0.5517767473094036 0.03361798340326043 0.032705492142117265
0 0.28296528134260124 0.531284464844415 0.03361798340326043 0.032705492142117265
0 0.2717425161957542 0.46536836641599155 0.03361798340326043 0.032705492142117265
0 0.31015625 0.55078125 0.0171875 0.0328125
0 0.62890625 0.57265625 0.0296875 0.0140625
0 0.58125 0.57578125 0.03125 0.0078125
0 0.55234375 0.56875 0.0296875 0.021875
0 0.553990021594339 0.5484504243166557 0.03025618506293437 0.02943494292790554
0 0.5614706348717305 0.5238870719592907 0.03013778589277134 0.02787244292790536
0 0.1404692054078735 0.8551157630251695 0.09017655933798814 0.08049232878371626
0 0.3125 0.6796875 0.0125 0.078125
0 0.2921875 0.925 0.053125 0.1125
0 0.3439960244941239 0.7847132559958561 0.04862767676456468 0.04586046360606986
0 0.43800613362233065 0.7719650070293133 0.041904080083912554 0.039319365177646406
0 0.478371024494124 0.7909718722069597 0.04862767676456468 0.04586046360606986
0 0.4231363049883107 0.6373716832079958 0.047065176764564676 0.045787688998963995
0 0.6862749224148871 0.6169308664159916 0.04694677759440165 0.044225188998963993
0 0.40618744855939626 0.742457289494302 0.04862767676456468 0.04586046360606986
0 0.740370426564072 0.6116654776646965 0.04370337842423862 0.042517139784752266
0 0.43530626349646184 0.7157877816364191 0.04862767676456468 0.04586046360606986
0 0.36650964192070046 0.7530651497095497 0.048746075934727705 0.04742296360606986
0 0.3861583684754837 0.7041567688161376 0.04862767676456468 0.04586046360606986
0 0.6071561074778216 0.6412715868464869 0.04538427759440165 0.04415241439185813
0 0.5309021834125492 0.6828725818840882 0.04538427759440165 0.04415241439185813
0 0.5853528850722232 0.6822946931327932 0.04694677759440165 0.044225188998963993
0 0.4269036128764062 0.8103725355653605 0.047065176764564676 0.045787688998963995
0 0.35422128424238625 0.6730865512811264 0.04862767676456468 0.04586046360606986
0 0.7882177759440164 0.7088701174494488 0.04538427759440165 0.04415241439185813
0 0.6279888257342351 0.6079882059530748 0.04538427759440165 0.04415241439185813
0 0.5643766116270064 0.6314941724546288 0.045502676764564674 0.04571491439185813
0 0.4921875 0.59375 0.046875 0.028125
0 0.7364436336223307 0.7858649569865321 0.04538427759440182 0.04415241439185813
0 0.7911311336223307 0.7884120682352371 0.04538427759440182 0.04415241439185813
0 0.7057604734545055 0.7097005632728384 0.04538427759440165 0.04415241439185813
0 0.828125 0.59765625 0.046875 0.0359375
0 0.5615135659859727 0.7169950248119936 0.04538427759440165 0.04415241439185813
0 0.47110020830765853 0.6333776960282773 0.04862767676456468 0.04586046360606986
0 0.57421875 0.59765625 0.0421875 0.0359375
0 0.6341940493892333 0.7515198821317572 0.04538427759440165 0.04415241439185813
0 0.8259564195151021 0.8165028349844601 0.047065176764564676 0.045787688998963995
0 0.7594793145360803 0.8227485268789081 0.047065176764564676 0.045787688998963995
0 0.6211272095570584 0.8256465868464868 0.047065176764564676 0.045787688998963995
0 0.53515625 0.584375 0.0453125 0.009375
0 0.60390625 0.58671875 0.0421875 0.0140625
0 0.9507410867318971 0.6961989511955639 0.050071777594401824 0.04437073821317572
0 0.7441125784335274 0.7021449284504848 0.043821777594401645 0.04407963978475245
0 0.6099995327924936 0.7815327138109576 0.04694677759440165 0.044225188998963993
0 0.9127693352820045 0.790963487589494 0.04694677759440165 0.044225188998963993
0 0.8927617207552132 0.6296621145539647 0.04538427759440165 0.04415241439185813
0 0.8297181917109191 0.6812203064484128 0.043821777594401645 0.04407963978475227
0 0.5466008062377105 0.8284034057054057 0.04370337842423862 0.042517139784752266
0 0.8741338103868953 0.8358735731976358 0.045502676764564674 0.04571491439185813
0 0.898161461006951 0.742016565339753 0.047065176764564676 0.045787688998963995
0 0.8725228435803742 0.7735191224118475 0.04538427759440165 0.04415241439185813
0 0.8975209983496149 0.6719223891610706 0.04526587842423861 0.04258991439185813
0 0.6861602137062432 0.8208906203449329 0.04370337842423862 0.042517139784752266
0 0.8450346157761913 0.6367811017336831 0.042140878424238616 0.0424443651776464
0 0.4642171265733608 0.9740369292790543 0.050426975104890734 0.04905823821317572
0 0.8387649954498297 0.8622519826270952 0.045502676764564674 0.04571491439185813
0 0.6085572771934163 0.8857835661683225 0.0455026767645645 0.04571491439185813
0 0.5634349539579809 0.927277553348041 0.045502676764564674 0.04571491439185813
0 0.7736135921304819 0.8654454491286494 0.045502676764564674 0.04571491439185813
0 0.571875 0.978125 0.046875 0.04375
0 0.9482565493892332 0.7661475781600345 0.04682837842423844 0.04266268899896399
0 0.605385655617655 0.9261174677398991 0.043821777594401645 0.04407963978475227
0 0.67195415851744 0.7361517473094036 0.04394017676456467 0.04564213978475244
0 0.7441162688950466 0.9076671823794262 0.04694677759440165 0.044225188998963993
0 0.9522318091374956 0.6542297750168814 0.04850927759440182 0.04429796360606986
0 0.6766453489789591 0.9418923250596627 0.0471835759347277 0.047350188998963996
0 0.5850479995990147 0.8426499962759463 0.04538427759440165 0.04415241439185813
0 0.38556821785542816 0.7991053957806084 0.04862767676456468 0.04586046360606986
0 0.515625 0.98125 0.046875 0.0375
0 0.6784194913006449 0.8625686980951919 0.045502676764564674 0.04571491439185813
0 0.5044114610069509 0.7236773643490769 0.04694677759440165 0.044225188998963993
0 0.6473596680652096 0.9047176567388631 0.045502676764564674 0.04571491439185813
0 0.4673869029183626 0.8309419007430071 0.04850927759440164 0.04429796360606986
0 0.3853044182657023 0.610697867244561 0.04862767676456468 0.04586046360606986
0 0.7315444913006449 0.865043034736791 0.047065176764564676 0.04578768899896417
0 0.8645434776036904 0.7093110731976358 0.04538427759440165 0.04415241439185813
0 0.6893103697248836 0.9035575711307212 0.045502676764564674 0.04571491439185813