0 0.6375 0.65 0.04375 0.046875
0 0.596875 0.5484375 0.0375 0.05
0 0.6796875 0.5046875 0.03125 0.0515625
0 0.64375 0.515625 0.0421875 0.046875
0 0.6734375 0.559375 0.028125 0.0515625
0 0.5984375 0.390625 0.05 0.0265625
0 0.6125 0.4953125 0.021875 0.05
0 0.640625 0.5453125 0.04375 0.0453125
0 0.68125 0.4453125 0.0453125 0.0421875
0 0.6640625 0.61875 0.028125 0.053125
0 0.6265625 0.465625 0.0421875 0.046875
0 0.6375 0.584375 0.0375 0.05
0 0.6171875 0.759375 0.028125 0.0546875
0 0.6640625 0.478125 0.04375 0.0453125
0 0.6859375 0.415625 0.04375 0.0453125
0 0.53125 0.48125 0.0375 0.046875
0 0.6484375 0.4234375 0.025 0.05
0 0.5640625 0.4625 0.021875 0.05
0 0.625 0.421875 0.025 0.05
0 0.578125 0.50625 0.05 0.03125
0 0.603125 0.425 0.028125 0.0515625
0 0.4734375 0.5984375 0.028125 0.0515625
0 0.640625 0.7671875 0.0296875 0.0546875