0 0.39375 0.3953125 0.0546875 0.0828125
0 0.4578125 0.5625 0.0625 0.0796875
0 0.5640625 0.4765625 0.0796875 0.0640625
0 0.446875 0.303125 0.05625 0.08125
0 0.4234375 0.475 0.0625 0.0796875
0 0.5640625 0.4109375 0.065625 0.0765625
0 0.49375 0.3125 0.059375 0.0796875
0 0.528125 0.5390625 0.0765625 0.065625
0 0.4921875 0.6421875 0.0828125 0.0609375
0 0.4046875 0.6203125 0.084375 0.065625
0 0.428125 0.7125 0.084375 0.065625
0 0.4828125 0.4390625 0.0703125 0.075
0 0.55625 0.7171875 0.0859375 0.0625
0 0.3484375 0.3109375 0.084375 0.05625
0 0.56875 0.5765625 0.05625 0.0828125
0 0.3078125 0.3609375 0.0796875 0.071875
0 0.321875 0.440625 0.0765625 0.0734375
0 0.215625 0.4015625 0.0890625 0.05625
0 0.334375 0.5390625 0.0859375 0.05625
0 0.6359375 0.74375 0.0578125 0.090625
0 0.21875 0.5015625 0.08125 0.0734375