0 0.06095250567874757 0.21753759885831742 0.04352390340856669 0.07828150889724857
0 0.10270362905554213 0.194256607755566 0.06518071509696402 0.06667284684397004
0 0.10070830113179516 0.4377519397707884 0.07411933847375848 0.042054848821136304
0 0.19140625 0.4859375 0.0609375 0.065625
0 0.009375 0.35078125 0.01875 0.0484375
0 0.1302673417168741 0.3421502796946763 0.03571140340856669 0.07796317391627668
0 0.07843210632737066 0.3244242688202613 0.05281708279171564 0.07397601087441501
0 0.0945286647693571 0.26262460577839963 0.06668866801906326 0.06361151384016459
0 0.01875 0.3984375 0.0375 0.040625
0 0.031666200483171994 0.3287642589344296 0.06205571509696384 0.06654551285158128
0 0.12982305681383802 0.4061491126984819 0.0725295649348082 0.0404286818249421
0 0.033591164769357106 0.2601415929268184 0.0652079886359143 0.06823534684397004
0 0.14340254139256253 0.28959828266042587 0.07411933847375848 0.042054848821136304
0 0.07003895372958287 0.38029226684309503 0.06808752678536116 0.05430018083635879
0 0.01484375 0.49140625 0.0296875 0.0546875
0 0.0890625 0.5046875 0.059375 0.028125
0 0.46953125 0.45390625 0.0390625 0.0453125
0 0.6739900681779238 0.4715141275272295 0.04451365909060954 0.04553267589344294
0 0.5170309561652149 0.4245224279077903 0.04451365909060954 0.04553267589344294
0 0.48499793181548567 0.2889377549800969 0.04451365909060954 0.04553267589344294
0 0.69609375 0.50625 0.0453125 0.025
0 0.5069389358726755 0.4725142589344296 0.04451365909060954 0.04553267589344294
0 0.6026957207757115 0.41239911269848195 0.04451365909060954 0.04553267589344294
0 0.6278399967502939 0.33223145163378653 0.04451365909060954 0.04553267589344294
0 0.6421875 0.5 0.04375 0.0375
0 0.8021968887947747 0.48142232121516965 0.04451365909060954 0.04553267589344294
0 0.4578125 0.35859375 0.015625 0.0453125
0 0.7137774967502939 0.33573313642447805 0.04448638555165907 0.043970175893442945
0 0.5014138644450455 0.33488692494204086 0.04451365909060954 0.04553267589344294
0 0.15390625 0.52890625 0.0421875 0.0203125
0 0.0109375 0.78203125 0.021875 0.0453125
0 0.21256955275664832 0.6078283123179211 0.04133411201270896 0.04228034190105419
0 0.0125 0.66796875 0.025 0.0421875
0 0.2652423595737815 0.7629906561961415 0.04292388555165907 0.043906508897248564
0 0.03666161769145635 0.6381339417479548 0.04133411201270896 0.04228034190105419
0 0.058138971586490396 0.7951479457022874 0.042951159090609536 0.045469008897248565
0 0.16401505032101626 0.6886034684397006 0.04136138555165925 0.04384284190105418
0 0.17755144480112914 0.7484878044092557 0.04133411201270896 0.04228034190105419
0 0.14248669804754002 0.7970234634967847 0.041361385551659066 0.04384284190105418
0 0.03237531249588095 0.7503792737631773 0.03977161201270896 0.04221667490485981
0 0.18504457061355578 0.641057306386422 0.03977161201270896 0.04221667490485981
0 0.08975934415250605 0.6387361196185641 0.041361385551659066 0.04384284190105418
0 0.21834799431466187 0.6705193133065042 0.04289661201270896 0.04234400889724856
0 0.048908247561072746 0.7135796107213156 0.03977161201270896 0.04221667490485981
0 0.14293889123040682 0.6440257974891734 0.04133411201270896 0.04228034190105419
0 0.18461965096963945 0.7956174723940332 0.04133411201270896 0.04228034190105419
0 0.10859375 0.5265625 0.0390625 0.015625
0 0.20981847402212245 0.7185748113293379 0.041361385551659066 0.04384284190105418
0 0.1593627321397973 0.6009761344473118 0.03977161201270896 0.04221667490485963
0 0.03203657304918774 0.552069107755566 0.03974433847375849 0.040654174904859806
0 0.071875 0.5375 0.040625 0.0375
0 0.11688668019063257 0.7616297915576744 0.03977161201270896 0.04221667490485981
0 0.07940249675029384 0.5821041176413978 0.04133411201270896 0.04228034190105419
0 0.07302758603483124 0.7535971156642314 0.039771612012708776 0.04221667490485981
0 0.18513429951023735 0.5567459733826163 0.039771612012708776 0.04221667490485981
0 0.11890137337349929 0.6086957925462576 0.039771612012708776 0.04221667490485963
0 0.12166390908731425 0.677509459542452 0.03977161201270896 0.04221667490485981
0 0.03743318506189652 0.5928851087441492 0.04133411201270896 0.04228034190105419
0 0.22647986850223525 0.7785864812912818 0.04133411201270896 0.04228034190105419
0 0.06856618262626454 0.6769072816718427 0.03974433847375849 0.040654174904859806
0 0.1446183936660388 0.5613406314815622 0.03977161201270896 0.04221667490485981
0 0.09422074756107275 0.7154259536109528 0.03977161201270896 0.04221667490485981
0 0.10032647158649048 0.7968669545995362 0.041361385551659066 0.04384284190105418
0 0.01328125 0.71328125 0.0265625 0.0421875
0 0.13492756817792378 0.7217687955120071 0.03977161201270896 0.04221667490485981
0 0.9375 0.9953125 0.046875 0.009375
0 0.98828125 0.96953125 0.0234375 0.0453125