0 0.2227520827498143 0.3546875 0.023710220003181702 0.0234375
0 0.23276342942390488 0.409375 0.023710220003181702 0.0234375
0 0.18768728675999574 0.4296875 0.023728401336727156 0.025
0 0.2779850227561777 0.4015625 0.022147720003181704 0.0234375
0 0.3203125 0.41328125 0.01875 0.0234375
0 0.27300662141945053 0.3765625 0.023710220003181702 0.0234375
0 0.3143588747612684 0.4390625 0.023710220003181702 0.0234375
0 0.29099410009545024 0.4453125 0.023710220003181702 0.0234375
0 0.31061570942072325 0.3859375 0.022147720003181704 0.0234375
0 0.2497872974219959 0.3953125 0.022147720003181704 0.0234375
0 0.2945179947485417 0.3453125 0.023710220003181702 0.0234375
0 0.2568725440801781 0.3328125 0.023710220003181702 0.0234375
0 0.3133952640833598 0.35625 0.022129538669636163 0.021875
0 0.2861236920750875 0.2953125 0.022129538669636163 0.021875
0 0.30051345607890545 0.3234375 0.022129538669636163 0.021875
0 0.3234375 0.33828125 0.0125 0.0234375
0 0.2738782307447236 0.3171875 0.022129538669636163 0.021875
0 0.3265625 0.38046875 0.00625 0.0234375
0 0.27651233473899667 0.275 0.022129538669636163 0.021875
0 0.2312180160725421 0.2765625 0.023710220003181702 0.0234375
0 0.2665020827498143 0.3546875 0.023710220003181702 0.0234375
0 0.1484375 0.4640625 0.025 0.009375
0 0.8360338800922685 0.328125 0.034793170671545325 0.0359375
0 0.7010236281030862 0.4078125 0.034793170671545325 0.0359375
0 0.8728975334181779 0.2734375 0.03163180800445424 0.0328125
0 0.8426645934118145 0.2265625 0.031613626670909056 0.03125
0 0.6756043627466326 0.2375 0.03319430800445424 0.0328125
0 0.6555656774347225 0.3953125 0.034793170671545325 0.0359375
0 0.8066725494111783 0.221875 0.031613626670908876 0.03125
0 0.8216248400699968 0.1640625 0.03319430800445424 0.0328125
0 0.8196452640833598 0.2625 0.03163180800445424 0.0328125
0 0.732489614735815 0.1578125 0.031613626670909056 0.03125
0 0.7031293787396329 0.1859375 0.03319430800445424 0.0328125
0 0.7645203173933609 0.090625 0.03319430800445424 0.0328125
0 0.7980429840865415 0.2859375 0.03163180800445424 0.0328125
0 0.6140305160725421 0.1828125 0.03319430800445442 0.0328125
0 0.22772938940163323 0.6203125 0.052544292011454094 0.084375
0 0.028125 0.83203125 0.05625 0.0890625
0 0.990625 0.53046875 0.01875 0.0484375