0 0.53515625 0.0109375 0.0828125 0.021875
0 0.67890625 0.7265625 0.0203125 0.025
0 0.6547767138028473 0.744920729751216 0.024255955534962938 0.024255955534962938
0 0.6331745323145016 0.736344337918584 0.024255955534962938 0.024255955534962938
0 0.5981646152541261 0.7085268727649743 0.024255955534962938 0.024255955534962938
0 0.5885912078123976 0.6690824268486584 0.024255955534962938 0.024255955534962938
0 0.67734375 0.6796875 0.0234375 0.025
0 0.6446229530030742 0.6772967201325691 0.024255955534962938 0.024255955534962938
0 0.5628273159797657 0.6900844076113646 0.024255955534962938 0.024255955534962757
0 0.6112648159797656 0.6917758823836211 0.024255955534962938 0.024255955534962938
0 0.67890625 0.7015625 0.0203125 0.025
0 0.6109572811333752 0.6557838186812903 0.024255955534962938 0.024255955534962938
0 0.6330852522774346 0.6941022742162531 0.022693455534962936 0.02420139183263199
0 0.6386259241471336 0.7146330290255765 0.024255955534962938 0.024255955534962938
0 0.6586656056354793 0.7231548571558777 0.024255955534962938 0.024255955534962938
0 0.6578669974681113 0.7012252934535468 0.024255955534962938 0.024255955534962938