0 0.1078125 0.01171875 0.034375 0.0234375
0 0.12232447530180615 0.052251473121091775 0.03677395459715278 0.03761131596343468
0 0.0899120188047922 0.07096723987031481 0.03677395459715278 0.03761131596343468
0 0.015625 0.08125 0.03125 0.0375
0 0.07948235866055615 0.026091387512949905 0.03521145459715278 0.037538541356328815
0 0.04230966698118106 0.04190047808349053 0.03361258700597212 0.03590326674922295
0 0.2595348409931256 0.10060758230288211 0.03837282218833345 0.03924659057054072
0 0.6840270011373618 0.21969583829873826 0.027217116641249994 0.0293621683207995
0 0.7247597974901395 0.15523092390688004 0.027180749050069508 0.027799668320799498
0 0.6866051808488894 0.1288525144774207 0.027180749050069508 0.027799668320799498
0 0.58326328172257 0.19154091315351307 0.027217116641249994 0.0293621683207995
0 0.8234505642076394 0.09432334905210524 0.027180749050069508 0.027799668320799498
0 0.5651315307726396 0.21897670843878334 0.02721711664125017 0.0293621683207995
0 0.7315526985163199 0.04385677626424496 0.027180749050069508 0.027799668320799498
0 0.8692735169049313 0.18134816005314117 0.028779616641249995 0.029434942927905362
0 0.8196735604079173 0.2008644474805285 0.027180749050069508 0.027799668320799498
0 0.6123675938429172 0.0978979210113959 0.027180749050069508 0.027799668320799498
0 0.8387131947165978 0.14523087758815248 0.02721711664125017 0.0293621683207995
0 0.7803564872696535 0.1917463126581751 0.02874324905006951 0.027872442927905538
0 0.7703982993900006 0.09992268569370424 0.027180749050069508 0.027799668320799498
0 0.6161848844961118 0.19470014640429004 0.02721711664125017 0.0293621683207995
0 0.6739246493137506 0.18888248594137327 0.027180749050069508 0.027799668320799498
0 0.8081178113578478 0.17481136973026956 0.027217116641249994 0.0293621683207995
0 0.8045577066844452 0.22346719355158715 0.02721711664125017 0.0293621683207995
0 0.61796875 0.2265625 0.0265625 0.025
0 0.8209438132577089 0.12103139826631697 0.027180749050069508 0.027799668320799498
0 0.7980154595342367 0.14399801737290474 0.027217116641249994 0.0293621683207995
0 0.7387469494662505 0.01693040322871564 0.027180749050069508 0.027799668320799498
0 0.7796875 0.00625 0.028125 0.0125
0 0.6516469929692367 0.03819328122664363 0.027180749050069508 0.027799668320799498
0 0.6525224279990979 0.21021383044085534 0.027217116641249994 0.0293621683207995
0 0.19041724581902822 0.5724785057909683 0.02554551386770836 0.024601893713693812
0 0.2626195541396532 0.5831933738640988 0.025581881458888844 0.026164393713693813
0 0.2752637180836115 0.5216009024001461 0.02554551386770836 0.024601893713693635
0 0.27711846523381994 0.6012884024001461 0.025581881458888844 0.026164393713693633
0 0.2887443366247226 0.49594593093619344 0.025581881458888935 0.026164393713693813
0 0.19252395326597266 0.5285829565767566 0.02554551386770836 0.024601893713693812
0 0.2151990402719449 0.5619391120772745 0.02554551386770836 0.024601893713693812
0 0.19746733282500045 0.6065624073625449 0.02554551386770836 0.024601893713693812
0 0.24303309954250044 0.5481291691493692 0.025581881458888935 0.026164393713693813
0 0.2606557042159031 0.4988183738640988 0.023983013867708357 0.024529119106587772
0 0.23576611341020878 0.5719305421848985 0.025581881458888844 0.026164393713693813
0 0.1983011745806254 0.5079793581483332 0.02554551386770836 0.024601893713693812
0 0.2518262180836115 0.522692521506734 0.023983013867708357 0.024529119106587772
0 0.22391942363069486 0.5333774644346393 0.02554551386770836 0.024601893713693812
0 0.21672386626000034 0.4930435628630628 0.023983013867708357 0.024529119106587772
0 0.9074930302039587 0.5364766158013282 0.06711607123840295 0.06711903349844608
0 0.880568160712917 0.5893490587292336 0.06555357123840296 0.06704625889134022
0 0.8254442496187504 0.5731461699779385 0.06417290919430556 0.07478598428423436
0 0.9143236052420836 0.49392524276579886 0.06566267401194459 0.07173375889134022
0 0.8942695976426392 0.7075896364794926 0.045532011967847376 0.078600188998964
0 0.9064773504924309 0.6272471650155399 0.0502195119678472 0.07881851282028159
0 0.8404185522397922 0.7460742477281976 0.05323540919430556 0.07427656203449332
0 0.8427460780753477 0.8460742477281975 0.06566267401194459 0.07173375889134022
0 0.845286583774931 0.6864081492997742 0.06566267401194459 0.07173375889134022
0 0.8238804431979865 0.5059586699779386 0.04080814437666671 0.0768193651776464
0 0.7844945541396532 0.6954963589769025 0.05636040919430556 0.07442211124870504
0 0.8823164179311117 0.7988696079434453 0.04556837955902786 0.08016268899896417
0 0.789614545971528 0.5122472113342675 0.04237064437666671 0.07689213978475226
0 0.84765625 0.98828125 0.0484375 0.0234375
0 0.7852894154625696 0.4608302605484792 0.07743532218833345 0.041065955748186944
0 0.850554658813056 0.6439295508713508 0.0641365416031249 0.07322348428423417
0 0.7549875856747921 0.6374313019048081 0.07609102773541672 0.05036818114108108
0 0.8583281783803475 0.5074826286216098 0.04080814437666671 0.0768193651776464
0 0.6869272634864586 0.6030606100103599 0.05941267401194459 0.07144266046291677
0 0.7347101468452086 0.5726795971900783 0.03768314437666689 0.07667381596343477
0 0.8045875421718058 0.6179150144774207 0.03455814437666671 0.07652826674922295
0 0.81328125 0.9828125 0.0453125 0.034375
0 0.6034640661075005 0.780573488008288 0.045532011967847376 0.078600188998964