0 0.4015625 0.00546875 0.028125 0.0109375
0 0.36953125 0.0109375 0.0265625 0.021875
0 0.38720210167376107 0.03556560153645112 0.028288626463433175 0.02959896879233561
0 0.08140661962774196 0.09764071913101979 0.0314227168225127 0.03132524310259512
0 0.41212028844204457 0.022813296018527218 0.028288626463433175 0.02959896879233561
0 0.3724861375817229 0.19099672998515366 0.0298602168225127 0.031243355947465367
0 0.28130662567786613 0.09093477498762806 0.0298602168225127 0.03124335594746519
0 0.38109858918072925 0.32890616576080234 0.0298693071815924 0.032805855947465545
0 0.40606118598271657 0.05529824739800819 0.02827953610435365 0.028036468792335612
0 0.6486213907049809 0.28177886024287846 0.04261474687674216 0.07564845318850325
0 0.81875 0.33984375 0.0375 0.0390625
0 0.48828125 0.34296875 0.0390625 0.0328125
0 0.628125 0.35234375 0.075 0.0140625
0 0.5925895593228917 0.3163309226582074 0.07677157825883114 0.039949970601357875
0 0.8546875 0.32265625 0.034375 0.0734375
0 0.8924259328594586 0.3039282564431197 0.05665906615858276 0.07326043758467123
0 0.8796875 0.34140625 0.03125 0.0359375
0 0.6816975111182898 0.32881099050060325 0.07990566861791085 0.04167624491161739
0 0.5924077521412994 0.2850809226582074 0.07525453005422929 0.04768058344622812
0 0.5071509873105764 0.12909651628120072 0.07522725897699054 0.042993083446227945
0 0.58671875 0.340625 0.0765625 0.0375
0 0.704844119627742 0.2800392978275495 0.0798602168225127 0.03386374491161739
0 0.9611395714231401 0.6497033446390462 0.01885908430895533 0.019732645861557076
0 0.99453125 0.64921875 0.0109375 0.0203125