0 0.2546875 0.346875 0.040625 0.053125
0 0.265625 0.471875 0.028125 0.05625
0 0.19375 0.6625 0.040625 0.05625
0 0.4140625 0.4015625 0.0390625 0.0546875
0 0.221875 0.403125 0.053125 0.0453125
0 0.453125 0.4125 0.0265625 0.059375
0 0.403125 0.3234375 0.0328125 0.0546875
0 0.434375 0.303125 0.0484375 0.046875
0 0.1828125 0.3828125 0.053125 0.0296875
0 0.4265625 0.4890625 0.0578125 0.03125
0 0.4265625 0.35625 0.05 0.046875
0 0.38125 0.35625 0.0484375 0.05
0 0.3421875 0.540625 0.05625 0.04375
0 0.2171875 0.5515625 0.04375 0.0546875
0 0.378125 0.4078125 0.046875 0.05
0 0.4625 0.371875 0.05625 0.028125
0 0.340625 0.4265625 0.0578125 0.0328125
0 0.4515625 0.4625 0.05625 0.028125
0 0.415625 0.5609375 0.046875 0.05
0 0.40625 0.4453125 0.0546875 0.040625
0 0.2640625 0.5421875 0.0421875 0.053125
0 0.3515625 0.4640625 0.059375 0.028125
0 0.31875 0.321875 0.053125 0.04375
0 0.4984375 0.525 0.046875 0.0484375
0 0.48125 0.5859375 0.021875 0.05625