0 0.3765625 0.340625 0.046875 0.05
0 0.2637008548436451 0.39446424029653515 0.05222774122451135 0.07830853847458741
0 0.20653687569332763 0.2669047246874385 0.056824313011266094 0.07534722958158006
0 0.29911683227810293 0.1965525299522489 0.0719946719450392 0.060267866604888455
0 0.32913930139929054 0.23764875590563178 0.055261813011266 0.07529266587924913
0 0.3921875 0.23046875 0.015625 0.0765625
0 0.36815633729266783 0.23784716334736036 0.050574313011265914 0.07512897477225663
0 0.36251878807145543 0.43159716334736037 0.06592652837152997 0.06629961179556502
0 0.267701696226441 0.2569642402965352 0.056824313011266094 0.07534722958158006
0 0.38359375 0.3765625 0.0328125 0.053125
0 0.3540196294542513 0.2945336729660072 0.07622753087881247 0.04480655771188111
0 0.30859375 0.47734375 0.0609375 0.0640625
0 0.2920819191085523 0.3310366573569105 0.07774456677218974 0.04329862141421188
0 0.30455317537675847 0.3852330840359329 0.05990384890464338 0.0738938569862416
0 0.21256425217807803 0.4352727787711226 0.08376724623907635 0.035704376223535304
0 0.40703125 0.12265625 0.0140625 0.0359375
0 0.4338268013992906 0.05452872105924147 0.027335389812585563 0.02749008293962447
0 0.4986167271052534 0.027291609263676353 0.027335389812585653 0.027490082939624648
0 0.5046875 0.00625 0.028125 0.0125
0 0.47169051425227193 0.04071919220330091 0.027335389812585653 0.02749008293962447
0 0.4470087629986308 0.030654711440594617 0.027335389812585563 0.02749008293962447
0 0.4109375 0.040625 0.021875 0.028125
0 0.4703125 0.01171875 0.025 0.0234375
0 0.4192929399582349 0.017574358082550035 0.025727425705962936 0.025873019237293703
0 0.44375 0.0078125 0.028125 0.015625
0 0.4046875 0.0109375 0.009375 0.021875
0 0.11083191910855232 0.8932042967424719 0.04024456677218975 0.041989092558271324
0 0.1709798089211379 0.8645683760538994 0.04346049498543501 0.045223219962933214
0 0.34335491409398744 0.8413788687975051 0.04497753087881229 0.04371528366526398
0 0.08015623211981833 0.8209126344914198 0.04346049498543501 0.045223219962933214
0 0.39296875 0.80078125 0.0140625 0.0453125
0 0.18419521127013586 0.9468352390305907 0.04341503087881229 0.04366071996293321
0 0.09094531644298538 0.9329215611704422 0.04341503087881229 0.04366071996293321
0 0.18229774214894814 0.9047568664352525 0.04341503087881229 0.04366071996293321
0 0.04529784732179767 0.8923709722403679 0.04341503087881229 0.04366071996293321
0 0.320963088546309 0.8062598243324681 0.04341503087881229 0.04366071996293321
0 0.047946788862878176 0.6940425996450295 0.04350595909205772 0.046785719962933126
0 0.2938382988920081 0.7728669709744234 0.04180706677218975 0.04204365626060227
0 0.03735628134103077 0.6288541092636764 0.04346049498543501 0.045223219962933124
0 0.11706050171585965 0.6791417967424719 0.041852530878812466 0.04360615626060227
0 0.3212933606496328 0.6876189517371298 0.04497753087881247 0.04371528366526398
0 0.3731453656641978 0.7295137858578806 0.04497753087881229 0.04371528366526398
0 0.0492746419906636 0.9702777174310444 0.04346049498543501 0.045223219962933214
0 0.29237142412311723 0.9305703435697618 0.04346049498543501 0.045223219962933214
0 0.06942463526023905 0.5996378352170593 0.04346049498543501 0.045223219962933034
0 0.3082070242814018 0.869141770248784 0.04341503087881229 0.04366071996293321
0 0.10565164027480396 0.6420783063611187 0.04029003087881229 0.043551592558271415
0 0.02109375 0.775 0.0421875 0.04375
0 0.2448097655059132 0.7948709457466799 0.04336956677218975 0.04209821996293321
0 0.34346256268206155 0.8913243050951744 0.04497753087881229 0.04371528366526398
0 0.06925949920857714 0.6589582715147284 0.041852530878812286 0.04360615626060227
0 0.16227005014564924 0.7883878219702154 0.04341503087881229 0.04366071996293304
0 0.08971778556417291 0.9751090611704422 0.04341503087881247 0.04366071996293321
0 0.22534906017477913 0.8735961464723193 0.04341503087881247 0.04366071996293304
0 0.00546875 0.64140625 0.0109375 0.0453125
0 0.24963835484364516 0.9507935635326948 0.04502299498543501 0.045277783665263985
0 0.06328125 0.99453125 0.0453125 0.0109375
0 0.01796875 0.94921875 0.0359375 0.0453125
0 0.24939431393570288 0.9055356272350258 0.04341503087881229 0.04366071996293321
0 0.009375 0.74140625 0.01875 0.0453125
0 0.01328125 0.90234375 0.0265625 0.0453125
0 0.14058160359000382 0.9436755226958548 0.04346049498543501 0.045223219962933214
0 0.20298597835889468 0.7838441657096131 0.04024456677218975 0.041989092558271324
0 0.051088509237706956 0.7470039085380369 0.04341503087881229 0.04366071996293304
0 0.009375 0.98203125 0.01875 0.0359375
0 0.12109948086617717 0.8085564782308176 0.041852530878812286 0.04360615626060209
0 0.04661630641385539 0.8470584722403679 0.04341503087881229 0.04366071996293321
0 0.1421875 0.98125 0.04375 0.0375
0 0.225827747954936 0.6425644012816428 0.04341503087881229 0.04366071996293312
0 0.17124789654301012 0.6944195671608919 0.04341503087881229 0.04366071996293304
0 0.08499214779665146 0.708358070789089 0.04341503087881229 0.04366071996293304
0 0.38203125 0.8703125 0.0359375 0.040625
0 0.36410533478538537 0.771974104369535 0.04180706677218975 0.04204365626060227
0 0.22740696832976476 0.6955802738769811 0.04180706677218975 0.04204365626060227
0 0.32002036566419784 0.7313689517371298 0.04180706677218957 0.04204365626060227
0 0.8360759600164946 0.750962233040141 0.039091243731793845 0.05599702885594056
0 0.825064252178078 0.8075396152541261 0.039045779625171126 0.05443452885594056
0 0.70461535985821 0.8164285203336019 0.04984688730530316 0.05012897477225664
0 0.7506552855641729 0.7898461729660072 0.058858174452321596 0.0379563569862416
0 0.6008658857224575 0.7342013520921002 0.04993781551854841 0.05325397477225664
0 0.6995928907370225 0.7744592751429255 0.05140938730530316 0.05018353847458741
0 0.7796441035900038 0.7591765263240517 0.058858174452321776 0.0379563569862416
0 0.6881887263138305 0.8981695936545797 0.039045779625171126 0.05443452885594056
0 0.7022919934025895 0.7353422114405946 0.057477530878812376 0.044151793283910834
0 0.658467785564173 0.7930654314035277 0.04074467194503919 0.059176592558271325
0 0.6039788623654925 0.8417955972827768 0.03601170783841656 0.057450401451278846
0 0.8725302855641729 0.7855902041842004 0.05292642319868044 0.04867560217691817
0 0.7088435217741194 0.6711160203336021 0.054534387305303154 0.05029266587924912
0 0.6463482187919831 0.8340723773198437 0.05292642319868044 0.04867560217691817
0 0.7745186828986059 0.8280356537287135 0.057386602665567034 0.04102679328391083
0 0.5368033857224574 0.7364384638876653 0.039227636051661866 0.060684528855940556
0 0.6432185217741193 0.673407695831498 0.05310827962517113 0.05492560217691818
0 0.7608319191085523 0.7083233544543529 0.05899456677218975 0.0426438569862416
0 0.7356547596999254 0.8762201825846541 0.03288670783841656 0.05734127404661713
0 0.7810127238065482 0.8730753352170593 0.05577863855894431 0.039409729581580066
0 0.8240185777257564 0.843477115254126 0.058858174452321776 0.0379563569862416
0 0.5816779650310595 0.8035515528177395 0.0421253155185485 0.05298115626060227
0 0.6011888314866801 0.8840376609851077 0.06051160266556703 0.041135920688572546
0 0.5830706319615337 0.7020436165200705 0.06202863855894432 0.039627984390903495
0 0.7678213681714803 0.5754017270496912 0.06230142319868044 0.049002984390903316
0 0.671955972552907 0.8659572943802191 0.058721782132453625 0.0332688569862416
0 0.9154906753767584 0.7575544842212674 0.058949102665567035 0.0410813569862416
0 0.5255188932443049 0.8023908461016503 0.0681422462390763 0.03515873920022674
0 0.6185702112701359 0.7694840876641299 0.037756064264907255 0.06375496515360979