0 0.36484375 0.01484375 0.0328125 0.0296875
0 0.2069864967689588 0.0618955114997517 0.031977351823611146 0.03380091515269079
0 0.20248214114562552 0.13740569453028986 0.03357621941479163 0.03549096091032524
0 0.8338412439191671 0.15724022028404505 0.043205792553055566 0.0471937354561323
0 0.7625844929692367 0.1896698251352337 0.043205792553055566 0.04719373545613248
0 0.8960489967689588 0.07232334422102911 0.04316942496187508 0.04563123545613248
0 0.8020106688810422 0.2021061811943703 0.04000805737069442 0.0438136439408634
0 0.7151652855222922 0.23737374362190433 0.043205792553055566 0.04719373545613248
0 0.8973231688810422 0.19432588997866365 0.04473192496187508 0.04575878121376711
0 0.9291173763279866 0.14789742906833842 0.04316942496187508 0.04563123545613248
0 0.9507364967689588 0.0678592427038204 0.04316942496187508 0.04563123545613248
0 0.7953580125365282 0.050798772709639374 0.04316942496187508 0.04563123545613248
0 0.7783536569131948 0.12732932180125384 0.04473192496187508 0.04575878121376711
0 0.8340204690335421 0.030422628768775974 0.04160692496187508 0.04550368969849785
0 0.98046875 0.090625 0.0390625 0.046875
0 0.7412900680073615 0.14914041998448263 0.04316942496187508 0.045631235456132305
0 0.9515625 0.0046875 0.04375 0.009375
0 0.9859375 0.13359375 0.028125 0.0453125
0 0.7034991272779172 0.13970151816771156 0.041570557370694414 0.04394118969849785
0 0.8278834910693756 0.23756544907221774 0.04476829255305557 0.04732128121376693
0 0.74765625 0.0046875 0.0453125 0.009375
0 0.6370740402719448 0.11068343998836205 0.04633079255305557 0.047448826971401556
0 0.8437968189572921 0.11415989998060336 0.041570557370694414 0.04394118969849785
0 0.9171979513661116 0.10660274937178019 0.04476829255305557 0.04732128121376693
0 0.665093856760695 0.305645253623844 0.04480466014423614 0.04888378121376693
0 0.51796875 0.015625 0.0453125 0.03125
0 0.5672693801277087 0.07098295332428162 0.04633079255305557 0.047448826971401556
0 0.724318160712917 0.025288331803193474 0.04316942496187508 0.04563123545613248
0 0.86875 0.0109375 0.04375 0.021875
0 0.5978647634864587 0.04030703817159083 0.04633079255305557 0.047448826971401556
0 0.5844581865484727 0.13689499574793623 0.04476829255305557 0.04732128121376711
0 0.5269353208571532 0.08679914302277947 0.04633079255305557 0.047448826971401556
0 0.5492090579393754 0.03488595665826146 0.04633079255305557 0.047448826971401556
0 0.5976114967689587 0.09668458392922537 0.03993532218833336 0.0406886439408634
0 0.6239934652338199 0.1540188518070728 0.04153418977951393 0.042378689698497854
0 0.8425993012898616 0.19722749149587243 0.03997168977951393 0.0422511439408634
0 0.6132404160312506 0.2973542636257836 0.04792966014423623 0.04913887272903601
0 0.7695228643601393 0.08421705058942645 0.04316942496187508 0.045631235456132305
0 0.5027354078631254 0.1232148751449321 0.04633079255305557 0.047448826971401556
0 0.5436149810013894 0.13083618544643408 0.043133057370694415 0.0440687354561323
0 0.6667238662600004 0.03938252483567126 0.03993532218833344 0.0406886439408634
0 0.69609375 0.00859375 0.0421875 0.0171875
0 0.7210529160312505 0.28855360634900074 0.04636716014423623 0.04901132697140156
0 0.7572800503399311 0.23080500816577185 0.041570557370694414 0.04394118969849785
0 0.8869662439191671 0.15290366452447088 0.04476829255305557 0.04732128121376693
0 0.38522190596326433 0.6917430239175874 0.07183993882958344 0.07136455909355419
0 0.4265625 0.55703125 0.025 0.0703125
0 0.3768262180836115 0.6000657069481254 0.07928876291777787 0.0563772878817268
0 0.5070566191097919 0.49196590664856316 0.060793336056041626 0.06578423879011233
0 0.5717399810013893 0.6479291221008163 0.0559603656913195 0.05915160151720862
0 0.6417628466927088 0.6970046087648967 0.05912173328249999 0.06096919303247787
0 0.49583079122187534 0.614988818467274 0.05599673328249999 0.060714101517208616
0 0.6391794412981253 0.5187520630072622 0.05912173328249999 0.06096919303247787
0 0.6264274810013892 0.6434650205836074 0.05755923328249999 0.060841647274843244