0 0.628125 0.88125 0.0359375 0.034375
0 0.665625 0.6546875 0.034375 0.0296875
0 0.6125 0.721875 0.0359375 0.0328125
0 0.7296875 0.71875 0.0328125 0.03125
0 0.5625 0.66875 0.034375 0.03125
0 0.75625 0.8203125 0.0359375 0.0328125
0 0.5890625 0.8640625 0.0359375 0.0328125
0 0.7453125 0.66875 0.034375 0.0296875
0 0.6390625 0.678125 0.034375 0.0296875
0 0.7625 0.7265625 0.034375 0.0296875
0 0.7203125 0.7765625 0.034375 0.03125
0 0.7421875 0.75625 0.034375 0.03125
0 0.790625 0.771875 0.0359375 0.03125
0 0.69375 0.5984375 0.034375 0.0296875