0 0.8759925975576663 0.1694227375046154 0.046918558666190435 0.048116127390180986
0 0.69375 0.3828125 0.05 0.034375
0 0.9163662252816073 0.1906759762458484 0.048481058666190256 0.04821625693983034
0 0.8322425975576664 0.1666191101144344 0.048481058666190256 0.04821625693983016
0 0.6496264755337088 0.24669093460686647 0.05004355866619035 0.048316386489479515
0 0.8266374537421821 0.10870648056478505 0.048371798022528625 0.046653756939830336
0 0.21479301760415268 0.737110885252862 0.038450494804219915 0.0382404796419344
0 0.24196752279993278 0.703075846696199 0.038450494804219915 0.0382404796419344
0 0.3997357361773705 0.8905128948135859 0.04179401609154336 0.04156573874123311
0 0.25546875 0.98203125 0.0421875 0.0359375
0 0.1122143208224613 0.7383148349760067 0.040231516091543365 0.04146560919158375
0 0.3462179802252859 0.7035345265227035 0.038559755447881726 0.0398029796419344
0 0.19238242206329853 0.7947836829088235 0.038559755447881726 0.0398029796419344
0 0.263066990616846 0.6266530490402376 0.038559755447881726 0.0398029796419344
0 0.3852911879027404 0.7729248766149887 0.040012994804219916 0.038340609191583754
0 0.3429944272590787 0.7686588787744569 0.038450494804219915 0.0382404796419344
0 0.430975028499916 0.8256283744555203 0.04012225544788173 0.039903109191583755
0 0.36647548592526896 0.8152730629198981 0.038450494804219915 0.0382404796419344
0 0.345113938154842 0.8434586196751583 0.040012994804219916 0.038340609191583754
0 0.20193165672805985 0.9758334238095248 0.040340776735205176 0.04302810919158375
0 0.8556686619238398 0.827454085437432 0.02518567029858776 0.026501943244739933
0 0.9598862683604572 0.8496876357142874 0.02674817029858776 0.026602072794389107
0 0.8566955663829858 0.8866288263381336 0.02685743094224957 0.02816457279438911
0 0.9921875 0.9046875 0.015625 0.028125
0 0.9543903851886348 0.7933375061646379 0.02674817029858776 0.026602072794389107
0 0.9133390502914425 0.8513712492248077 0.02674817029858776 0.026602072794389288
0 0.9556793696012946 0.9007494879660406 0.02518567029858776 0.026501943244739933
0 0.892196023808339 0.882681805980068 0.026857430942249395 0.02816457279438911
0 0.9810400025210153 0.8852641903100791 0.02674817029858776 0.026602072794389288
0 0.9339900398998824 0.9242475447213009 0.026857430942249395 0.028164572794389286
0 0.98828125 0.80859375 0.0234375 0.0265625
0 0.876341794843561 0.8116683991325224 0.02674817029858776 0.026602072794389107
0 0.935716794843561 0.8154733220191968 0.02518567029858776 0.026501943244739933
0 0.9038876406365166 0.8274331014765611 0.02674817029858776 0.026602072794389107
0 0.996875 0.74609375 0.00625 0.0265625
0 0.99609375 0.859375 0.0078125 0.028125
0 0.9921875 0.83515625 0.015625 0.0265625
0 0.8681579542463854 0.7613680104835746 0.02674817029858776 0.026602072794389288
0 0.9296960238083389 0.8850849151716516 0.02518567029858776 0.026501943244739933
0 0.7896173270266477 0.8838857557032126 0.026857430942249395 0.02816457279438911
0 0.9257847839477975 0.7401729333702488 0.02674817029858776 0.026602072794389107
0 0.9215778851886348 0.7912347856220021 0.02518567029858776 0.026501943244739933
0 0.9150329542463854 0.7643718969730543 0.02674817029858776 0.026602072794389288
0 0.9953125 0.77890625 0.009375 0.0265625
0 0.7378034547505884 0.8992313510151357 0.028419930942249393 0.02826470234403864