0 0.02578125 0.37265625 0.0515625 0.0546875
0 0.06492233789142512 0.29007680139929054 0.06131987939699588 0.08284124373179384
0 0.18359375 0.3765625 0.0703125 0.046875
0 0.11112765819486689 0.2996958423072328 0.06275483363936125 0.08132420783841657
0 0.7915471924527496 0.3484562880714554 0.023660640606883554 0.02251149749271768
0 0.7956928163897337 0.2841210034317193 0.023788186364518005 0.024073997492717502
0 0.8434923297256531 0.3516434725529069 0.021970594849248924 0.020903533386094787
0 0.7713941891187698 0.33181435735092757 0.023660640606883377 0.022511497492717504
0 0.8562793721493079 0.3356092955933027 0.022098140606883376 0.022466033386094965
0 0.8382629536626374 0.28758097255290693 0.022098140606883376 0.022466033386094784
0 0.8529312315424245 0.31377975969992544 0.021970594849248924 0.020903533386094787
0 0.8320449045710229 0.26896736487277495 0.020280549091614475 0.019295569279472246
0 0.7789835485118862 0.3096665727111915 0.022098140606883553 0.022466033386094965
0 0.8288560027542516 0.30664922129926564 0.021970594849248924 0.020903533386094787
0 0.8178229079050027 0.2866095059390018 0.021970594849248924 0.020903533386094963
0 0.8243916433611351 0.32870607772575633 0.022098140606883376 0.022466033386094965
0 0.8040791433611352 0.32929711111185134 0.021970594849248924 0.020903533386094963
0 0.8182372382103843 0.34924589825886976 0.022098140606883553 0.022466033386094965
0 0.8055460485118863 0.30889368289860586 0.022098140606883553 0.022466033386094784
0 0.2379130409258426 0.5431971043814267 0.023788186364518005 0.024073997492717502
0 0.3865739394086338 0.4840541219324039 0.023660640606883554 0.022511497492717504
0 0.21291304092584257 0.5439245300873896 0.023660640606883464 0.02251149749271768
0 0.3588315766815374 0.48955997585161215 0.022098140606883553 0.022466033386094875
0 0.19601258334949723 0.5287541711536164 0.023660640606883554 0.02251149749271768
0 0.3359042597120755 0.4964919374509524 0.022098140606883376 0.022466033386094784
0 0.2107445051701477 0.5941063865138803 0.023788186364518005 0.024073997492717502
0 0.3122116681968065 0.4940488990502926 0.023660640606883554 0.022511497492717504
0 0.25608895607853327 0.5739924633151998 0.023788186364518005 0.024073997492717502
0 0.21508157668153743 0.49374267366089886 0.023660640606883464 0.022511497492717504
0 0.22292602758992303 0.4747198890211628 0.022098140606883466 0.022466033386094875
0 0.19722439698497923 0.505225742940371 0.023660640606883554 0.02251149749271759
0 0.2361593512273447 0.502526640274804 0.023660640606883554 0.02251149749271759
0 0.4450241681968065 0.4901844499873647 0.023660640606883554 0.022511497492717504
0 0.18306630213573022 0.48527695579335245 0.023660640606883554 0.022511497492717504
0 0.17767717153078638 0.5151917763264658 0.023660640606883554 0.022511497492717504
0 0.23357622729036062 0.5668164608079174 0.023788186364518005 0.02407399749271768
0 0.20079593607465399 0.4722313865138803 0.023660640606883554 0.022511497492717504
0 0.29256884789336474 0.4836569683297648 0.022098140606883553 0.022466033386094784
0 0.2440038021357302 0.4835038556350679 0.022098140606883553 0.022466033386094784
0 0.19084659335143686 0.5805894557933524 0.023788186364518005 0.024073997492717502
0 0.18153549516820805 0.5432713122198433 0.023788186364518005 0.02407399749271768
0 0.21013872729036062 0.5674984224072576 0.023660640606883554 0.02251149749271768
0 0.2708213936509993 0.48585596582248236 0.023660640606883554 0.022511497492717504
0 0.25828944274261373 0.5050151427820865 0.023660640606883464 0.022511497492717504
0 0.2066627830499348 0.620850742940371 0.025350686364518003 0.024119461599340218
0 0.37662485456132455 0.5156678347853854 0.023660640606883554 0.022511497492717504
0 0.2284424460765936 0.5231119249145401 0.023788186364518005 0.024073997492717502
0 0.7883907572961796 0.7768159349436699 0.023660640606883554 0.02251149749271768
0 0.8269747672981194 0.8273782245979711 0.023660640606883377 0.022511497492717504
0 0.9178231657809105 0.7699174140939874 0.021970594849248924 0.020903533386094963
0 0.9587349503286575 0.8298092396416656 0.023660640606883377 0.022511497492717504
0 0.9102974503286575 0.8312186269469688 0.023660640606883377 0.02251149749271768
0 0.9865406991207095 0.9402011703621935 0.023788186364518005 0.024073997492717502
0 0.8955013688153279 0.8802016962264411 0.023915732122152634 0.025636497492717503
0 0.996875 0.80234375 0.00625 0.0234375
0 0.8516877248744645 0.8423212629986307 0.023660640606883554 0.02251149749271768
0 0.9217131824508099 0.8559458423072328 0.023660640606883377 0.022511497492717504
0 0.9850743097217739 0.8071158857224574 0.022098140606883553 0.022466033386094965
0 0.8904631824508099 0.8568551244396865 0.022098140606883376 0.022466033386094784