0 0.29005472524823955 0.11740909335143686 0.03414950692008212 0.03549096091032524
0 0.33495604836621345 0.16967296608047294 0.03414950692008212 0.03549096091032524
0 0.43359375 0.00625 0.0328125 0.0125
0 0.3242678991645162 0.0857125542617621 0.03408583992388792 0.03392846091032524
0 0.44504201969730134 0.31504885214542855 0.035775673916276673 0.03718100666795969
0 0.4646090562748789 0.14263171820650483 0.03414950692008212 0.03549096091032524
0 0.40845721536240787 0.17410511668929612 0.0341495069200823 0.03549096091032524
0 0.33582352859455 0.7051958778991837 0.026082338935304605 0.028603232122152634
0 0.10319671239665835 0.604686468496369 0.030833505931498983 0.030548369395056164
0 0.27376388038143584 0.6123389560785333 0.026018671939110227 0.027040732122152633
0 0.37544839718734985 0.540686838809509 0.02276633794672147 0.023660640606883377
0 0.2529659021302658 0.5071732239563806 0.027644838935304606 0.028730777879787082
0 0.3500663952101835 0.5480211066873565 0.02283000494291585 0.025223140606883375
0 0.3392854041074321 0.5048132406262802 0.02439250494291585 0.025350686364518184
0 0.32265625 0.44296875 0.0265625 0.0078125
0 0.36161139026726763 0.5724789727484327 0.02439250494291585 0.025350686364518003
0 0.2593724110275143 0.4653683612292843 0.02595500494291585 0.02547823212215263
0 0.31594074600848626 0.46214750850412756 0.026018671939110227 0.027040732122152633
0 0.3734110533091293 0.590686838809509 0.02439250494291585 0.025350686364518184
0 0.43359375 0.44453125 0.0234375 0.0109375
0 0.3309848368837763 0.8239458778991837 0.026082338935304605 0.028603232122152634
0 0.380743392244434 0.5646345218400471 0.02283000494291585 0.025223140606883375
0 0.6278677430427366 0.6029325209219631 0.04384284190105418 0.0440687354561323
0 0.7063455701150433 0.6391248545613245 0.043906508897248564 0.04563123545613248
0 0.6556797252482396 0.689858436074654 0.04234400889724856 0.04550368969849785
0 0.6109375 0.7046875 0.021875 0.04375
0 0.6275839001530994 0.6483725666795979 0.04234400889724856 0.04550368969849785
0 0.7310617272254059 0.6866056324411117 0.04228034190105419 0.04394118969849785
0 0.6312288704956042 0.789762841225405 0.043906508897248564 0.04563123545613248
0 0.6807778843357686 0.7279642139544411 0.04234400889724856 0.04550368969849785
0 0.6417630997725385 0.49276029546777045 0.04384284190105418 0.04406873545613248
0 0.7212755503433799 0.7344054036529389 0.04234400889724856 0.04550368969849785
0 0.60546875 0.66328125 0.0109375 0.0453125
0 0.6820910335374658 0.8111593512273447 0.043906508897248564 0.04563123545613248
0 0.7179303744499369 0.7780278578953045 0.04234400889724856 0.04550368969849785
0 0.61640625 0.834375 0.0328125 0.046875