0 0.459375 0.81875 0.0453125 0.05
0 0.53125 0.8265625 0.0453125 0.05
0 0.396875 0.6078125 0.0453125 0.0453125
0 0.628125 0.5125 0.04375 0.04375
0 0.575 0.5328125 0.0421875 0.0421875
0 0.65 0.5703125 0.0390625 0.0421875
0 0.6828125 0.64375 0.0453125 0.046875
0 0.3203125 0.59375 0.0421875 0.0421875
0 0.4421875 0.3859375 0.04375 0.0453125
0 0.603125 0.615625 0.0421875 0.0421875
0 0.565625 0.4421875 0.0421875 0.0421875
0 0.4140625 0.5203125 0.040625 0.0375
0 0.6203125 0.565625 0.0390625 0.04375
0 0.453125 0.5 0.0453125 0.0484375