0 0.6768198961987666 0.421875 0.12987318380210838 0.08125
0 0.8722995394689649 0.5328125 0.11670202174882985 0.103125
0 0.98359375 0.41640625 0.0328125 0.1265625
0 0.7315127133852415 0.4984375 0.10640119171077381 0.11875
0 0.8892217371112376 0.3859375 0.08302735870696817 0.1203125
0 0.77109375 0.57265625 0.0796875 0.0546875
0 0.9551703892786844 0.4546875 0.07215352570316255 0.121875
0 0.9218140612177947 0.4296875 0.07221719269935693 0.1234375
0 0.5088047252482395 0.6515625 0.03414950692008212 0.0328125
0 0.5537060483662135 0.7 0.03414950692008212 0.0328125
0 0.5430178991645163 0.6171875 0.03408583992388792 0.03125
0 0.6637920196973013 0.8359375 0.035775673916276673 0.034375
0 0.6833590562748789 0.6625 0.03414950692008212 0.0328125
0 0.6272072153624079 0.6984375 0.0341495069200823 0.0328125