0 0.15834397822588064 0.12720927811666635 0.024119461599340218 0.023983013867708357
0 0.1587698755603136 0.08811041052548578 0.022511497492717504 0.02238414627652787
0 0.1167020475053528 0.14694120307854136 0.02255696159934022 0.023946646276527872
0 0.11579276537289918 0.11569120307854135 0.022511497492717504 0.02238414627652787
0 0.08681597070403324 0.1945435549021525 0.024119461599340218 0.023983013867708357
0 0.0463273630239013 0.200176612272847 0.024119461599340218 0.023983013867708357
0 0.03153743731793841 0.175503920593472 0.024119461599340218 0.023983013867708357
0 0.07487826035833427 0.16042312804041642 0.024073997492717502 0.02242051386770836
0 0.14875837806759612 0.06645361607256914 0.024073997492717502 0.02242051386770836
0 0.09321908339873013 0.1459242169462497 0.022511497492717504 0.02238414627652787
0 0.03241797571859815 0.15203005300229142 0.024073997492717502 0.02242051386770836
0 0.07401444233250332 0.13073562804041644 0.022511497492717504 0.02238414627652787
0 0.11497441145369089 0.08756620307854135 0.022511497492717504 0.02238414627652787
0 0.05662836553118376 0.17804703913458314 0.022511497492717504 0.02238414627652787
0 0.08753137305303116 0.11165831971979134 0.02255696159934022 0.023946646276527872
0 0.12532087806759612 0.06699912994027742 0.022511497492717504 0.02238414627652787
0 0.0363780500126353 0.12692095022874977 0.024073997492717502 0.02242051386770836
0 0.03257108841329508 0.10355618541111093 0.024073997492717502 0.02242051386770836
0 0.05632683715965383 0.11394817154340249 0.022511497492717504 0.02238414627652787
0 0.0784458780675961 0.06809015767569412 0.022511497492717504 0.02238414627652787
0 0.06037783966693633 0.09196406876986085 0.022511497492717504 0.02238414627652787
0 0.036622090920577534 0.08157208263756921 0.024119461599340218 0.023983013867708357
0 0.05496291396097339 0.06707317154340249 0.022511497492717504 0.02238414627652787
0 0.1018833780675961 0.06754464380798578 0.022511497492717504 0.02238414627652787
0 0.0899744114536909 0.08814808453743037 0.022511497492717504 0.02238414627652787
0 0.6784579014245611 0.2639832327138191 0.024119461599340218 0.023983013867708357
0 0.6585425550272002 0.1706332762168053 0.022511497492717504 0.02238414627652787
0 0.7033716702291796 0.09922974848138857 0.022511497492717504 0.022384146276527784
0 0.7364235141192579 0.214163764248958 0.024119461599340218 0.023983013867708357
0 0.7472125984424249 0.101336455928333 0.022511497492717504 0.022384146276527784
0 0.6683889164682559 0.13287870307854135 0.022511497492717504 0.02238414627652787
0 0.5944800550272002 0.17212434745520816 0.024073997492717502 0.02242051386770836
0 0.6655199807331631 0.19548780585208309 0.024119461599340218 0.023983013867708357
0 0.6870767319868043 0.18404115957555528 0.024073997492717502 0.02242051386770836
0 0.6680372269722394 0.2282639382609025 0.024119461599340218 0.023983013867708357
0 0.7134286318285198 0.12244904293430525 0.022511497492717504 0.022384146276527784
0 0.6369403396669363 0.18051742249333316 0.022511497492717504 0.02238414627652787
0 0.6128663421742188 0.1591879363610415 0.022511497492717504 0.02238414627652787
0 0.7353036318285198 0.12193989665777742 0.022511497492717504 0.02238414627652787
0 0.692099201107992 0.141708189210833 0.022511497492717504 0.02238414627652787
0 0.6909291576927672 0.20896842439319413 0.024119461599340218 0.023983013867708357
0 0.7705591702291795 0.09766594206062465 0.022511497492717504 0.022384146276527784
0 0.6346958780675961 0.15711629008451364 0.022511497492717504 0.02238414627652787
0 0.59223559342786 0.14872321504638872 0.022511497492717504 0.02238414627652787
0 0.615110803773559 0.18258906876986086 0.022511497492717504 0.02238414627652787
0 0.33253764766363736 0.7554407680486801 0.04346049498543501 0.04473192496187508
0 0.49609375 0.48828125 0.0453125 0.0171875
0 0.261435537476223 0.7836761772429858 0.04346049498543501 0.04473192496187508
0 0.39428147822588067 0.6742621968102773 0.04341503087881247 0.04316942496187508
0 0.3009526785424498 0.7983919874634718 0.04024456677218957 0.04153418977951393
0 0.214271032461658 0.828553572569583 0.04346049498543501 0.04473192496187508
0 0.3962651785424498 0.7961735644014578 0.04497753087881229 0.043205792553055566
0 0.4278046835570146 0.7516598449866662 0.04341503087881229 0.04316942496187508
0 0.44896897822588067 0.6729893311189578 0.04341503087881247 0.04316942496187508
0 0.49266149076229304 0.5625233033835411 0.041852530878812286 0.043133057370694505
0 0.29341766020004967 0.646902222645833 0.04341503087881229 0.04316942496187508
0 0.27684993731793844 0.7223386337399996 0.04497753087881229 0.043205792553055566
0 0.3319800550272002 0.6288055328663191 0.041852530878812466 0.043133057370694415
0 0.4825543680384662 0.6987881117041661 0.04502299498543501 0.04476829255305574
0 0.23989550659741052 0.741961455928333 0.04341503087881229 0.04316942496187508
0 0.44977530878812394 0.5932290959365967 0.04341503087881229 0.04316942496187508
0 0.4932023630239012 0.7423199061570828 0.04341503087881229 0.04316942496187508
0 0.2020317937444291 0.7303342781166664 0.04180706677218966 0.041570557370694414
0 0.51953125 0.6515625 0.0203125 0.04375
0 0.51875 0.7140625 0.021875 0.04375
0 0.32704381710139413 0.835310106004583 0.04502299498543501 0.04476829255305557
0 0.24615020361527443 0.5807693827900691 0.04497753087881229 0.043205792553055566
0 0.13540658339873013 0.6974867169462498 0.04658549498543509 0.04480466014423605
0 0.2939224623907631 0.5030431198722913 0.04341503087881229 0.04316942496187508
0 0.34224761678482507 0.7129986949104163 0.04180706677218957 0.041570557370694414
0 0.13550220862983933 0.539565114172708 0.046585494985435 0.04480466014423614
0 0.41563965267820235 0.70972691812493 0.04502299498543501 0.04476829255305557
0 0.16457256083318797 0.8938162030785414 0.04506845909205772 0.04633079255305574
0 0.40546875 0.49921875 0.0421875 0.0390625
0 0.01953125 0.58671875 0.0390625 0.0453125
0 0.06533812430667237 0.6537743909581943 0.046585494985435 0.04480466014423605
0 0.22219587806759603 0.617288764248958 0.04341503087881229 0.04316942496187508
0 0.36709920110799193 0.5998440782691662 0.04341503087881229 0.04316942496187508
0 0.2734375 0.484375 0.040625 0.009375
0 0.15859375 0.49609375 0.0453125 0.0328125
0 0.08724656505633006 0.5469425094993053 0.04502299498543509 0.04476829255305557
0 0.09576977038746412 0.6249220391345831 0.04658549498543509 0.04480466014423605
0 0.509375 0.51640625 0.040625 0.0421875
0 0.240625 0.49609375 0.040625 0.0328125
0 0.08291808089144767 0.7205982150463888 0.04502299498543509 0.04476829255305574
0 0.02507683715965383 0.6672199483288888 0.04658549498543509 0.04480466014423605
0 0.4058889164682558 0.5895598884896522 0.04180706677218957 0.041570557370694414
0 0.27148517273646194 0.5379636337399997 0.04341503087881229 0.04316942496187508
0 0.203125 0.48515625 0.04375 0.0109375
0 0.047059485747728044 0.6166744344611803 0.046585494985435 0.04480466014423605
0 0.09584397822588064 0.6812084067257637 0.04015363855894431 0.03840918977951393
0 0.12257161427754251 0.7400015252668748 0.041761602665567034 0.04000805737069442
0 0.3415322144358271 0.7958839300927774 0.04019910266556703 0.03997168977951393
0 0.1126463479802065 0.8825163335874997 0.048193459092057724 0.046403527735416714
0 0.2677644423325033 0.6787704716959023 0.04341503087881229 0.04316942496187508
0 0.01171875 0.7015625 0.0234375 0.04375
0 0.3519168188172538 0.5079475189986107 0.04497753087881247 0.043205792553055566
0 0.02421875 0.48515625 0.0484375 0.0109375
0 0.04202029625171155 0.7121687724170831 0.04336956677218975 0.04160692496187508
0 0.05053617524374445 0.5212164640964582 0.046585494985435 0.04480466014423614
0 0.16465616270733213 0.6280093651226386 0.04015363855894431 0.038409189779513755
0 0.515625 0.5875 0.028125 0.040625
0 0.19467863182851977 0.5850945132990274 0.04341503087881247 0.043169424961874994
0 0.22045884798020648 0.8800069697960413 0.04663095909205772 0.04636716014423605
0 0.22907035220334865 0.5311330587018747 0.04346049498543501 0.04473192496187508
0 0.25636760424841265 0.8244466476077079 0.04180706677218975 0.041570557370694414
0 0.38566264766363734 0.7542042699485412 0.04502299498543501 0.04476829255305557
0 0.9413216142775426 0.8252077541809719 0.035329746239076344 0.03361258700597229
0 0.777196929796091 0.8806252188461109 0.035375210345698974 0.03517508700597212
0 0.7414245658477528 0.9408730410344441 0.035375210345698974 0.03517508700597212
0 0.69921875 0.98359375 0.0359375 0.0328125
0 0.8628783655311837 0.8160886337399995 0.03381271034569906 0.03513871941479181
0 0.6771969297960909 0.8829527446816664 0.035375210345698974 0.03517508700597212
0 0.8081454014245611 0.8157989994313191 0.03376724623907634 0.03357621941479181
0 0.5544126476636373 0.8545394167937499 0.03854567445232169 0.036810322188333446
0 0.8497993555020539 0.9039523096518052 0.03537521034569906 0.03517508700597212
0 0.9773667628656166 0.7743349319926385 0.03537521034569906 0.03517508700597229
0 0.6053386501709198 0.8314642862847915 0.03693771034569897 0.03521145459715278
0 0.98671875 0.90625 0.0265625 0.034375
0 0.65475964014179 0.9178732585493747 0.03693771034569897 0.03521145459715278
0 0.7747418680384662 0.7962502188461109 0.03381271034569897 0.03513871941479181
0 0.6733157603583343 0.8033016122728469 0.035329746239076344 0.03361258700597229
0 0.815625 0.98671875 0.034375 0.0265625
0 0.8095140216411053 0.7016273966577774 0.03376724623907634 0.03357621941479181
0 0.6915034707040333 0.8372765687698609 0.035375210345698974 0.03517508700597212
0 0.9033094857477281 0.701007841186944 0.035329746239076344 0.03361258700597212
0 0.736708322115959 0.8862582762168053 0.03537521034569906 0.03517508700597229
0 0.7261512553437693 0.8458514817638886 0.035375210345698974 0.03517508700597229
0 0.99375 0.95234375 0.0125 0.0359375
0 0.9737202403000745 0.9714281375397217 0.0369831744523216 0.03677395459715278
0 0.8721336935861446 0.7580215606017358 0.035329746239076344 0.03361258700597229
0 0.8597366451563548 0.8693227365135414 0.03537521034569906 0.03517508700597229
0 0.6425204014245611 0.8196539640964581 0.035375210345698974 0.03517508700597229
0 0.7019121217993899 0.7651106280404164 0.035375210345698974 0.03517508700597229
0 0.9085378580093364 0.880695341186944 0.03381271034569906 0.03513871941479181
0 0.8484019915537158 0.9634000448341663 0.03537521034569906 0.03517508700597212
0 0.8106292069139798 0.9548978670224997 0.03381271034569906 0.03513871941479181
0 0.9493901785424498 0.8875622838162496 0.03381271034569906 0.03513871941479181
0 0.8989475608331879 0.9809862819163886 0.035420674452321596 0.036737587005972294
0 0.9630267812080169 0.9263338430868051 0.035420674452321776 0.036737587005972114
0 0.925935958167621 0.9412691652751384 0.03381271034569906 0.03513871941479181
0 0.7398667628656168 0.779862805852083 0.03376724623907634 0.03357621941479181
0 0.7304175550272002 0.7237946438079859 0.035375210345698974 0.03517508700597229
0 0.8336167628656167 0.7776807503812496 0.03376724623907634 0.03357621941479163
0 0.7696619114536909 0.7291354540284719 0.03376724623907634 0.03357621941479163
0 0.7830711935861446 0.7600945132990274 0.035375210345698974 0.03517508700597212
0 0.8325710884132951 0.7417432503812497 0.03376724623907634 0.03357621941479163