0 0.646875 0.6078125 0.025 0.025
0 0.709375 0.6109375 0.0234375 0.025
0 0.671875 0.640625 0.025 0.025
0 0.7125 0.6765625 0.025 0.025
0 0.69375 0.6546875 0.025 0.025
0 0.628125 0.5765625 0.0234375 0.025
0 0.6078125 0.5359375 0.025 0.0234375
0 0.71875 0.5515625 0.0234375 0.0234375
0 0.69375 0.6296875 0.0234375 0.0234375
0 0.709375 0.584375 0.0234375 0.0234375
0 0.678125 0.609375 0.0234375 0.025
0 0.715625 0.509375 0.025 0.0234375
0 0.63125 0.55 0.025 0.0234375
0 0.7109375 0.4734375 0.0234375 0.0234375
0 0.60625 0.5125 0.0234375 0.025
0 0.5765625 0.4484375 0.0234375 0.0234375
0 0.6484375 0.5671875 0.0234375 0.0234375
0 0.6984375 0.453125 0.0234375 0.0234375
0 0.596875 0.4921875 0.0234375 0.0234375
0 0.684375 0.584375 0.0234375 0.0234375
0 0.6953125 0.5640625 0.0234375 0.0234375
0 0.6671875 0.525 0.0234375 0.0234375
0 0.6734375 0.446875 0.0234375 0.0234375
0 0.6953125 0.490625 0.0234375 0.0234375
0 0.6296875 0.525 0.0234375 0.0234375
0 0.6484375 0.446875 0.0234375 0.0234375
0 0.671875 0.5625 0.0234375 0.0234375
0 0.625 0.446875 0.0234375 0.0234375
0 0.6890625 0.5125 0.025 0.025
0 0.621875 0.4953125 0.0234375 0.0234375
0 0.6015625 0.4515625 0.0234375 0.0234375
0 0.6609375 0.5890625 0.0234375 0.0234375
0 0.646875 0.509375 0.0234375 0.0234375
0 0.5875 0.4703125 0.0234375 0.0234375
0 0.684375 0.5421875 0.0234375 0.0234375
0 0.68125 0.46875 0.0234375 0.0234375
0 0.6328125 0.46875 0.0234375 0.0234375
0 0.70625 0.5296875 0.0234375 0.0234375
0 0.6453125 0.4875 0.0234375 0.0234375
0 0.65625 0.46875 0.0234375 0.025
0 0.653125 0.5421875 0.0234375 0.0234375
0 0.66875 0.4875 0.021875 0.0234375
0 0.6109375 0.4734375 0.0234375 0.0234375