0 0.13204294476331527 0.4214237507160886 0.0314318071815924 0.031613626670908876
0 0.00703125 0.40625 0.0140625 0.03125
0 0.33099859523085345 0.5127952800763602 0.03144089754067192 0.03317612667090906
0 0.01328125 0.5671875 0.0265625 0.025
0 0.10859375 0.56640625 0.0328125 0.0265625
0 0.2524190772768726 0.4337612133990879 0.03143180718159222 0.031613626670908876
0 0.17704637255460823 0.36882600938890653 0.0314318071815924 0.031613626670908876
0 0.17919065553570376 0.468844190722452 0.03144089754067192 0.03317612667090888
0 0.10207364363184705 0.37264080537872524 0.0314318071815924 0.031613626670908876
0 0.1640474445669235 0.5514748773869975 0.03300339754067192 0.03319430800445424
0 0.16072245666717194 0.5170635147199066 0.03300339754067201 0.03319430800445424
0 0.07248613758172287 0.3894828600413618 0.0298602168225127 0.030032945337363514
0 0.27754634230398717 0.45592711473581493 0.03143180718159222 0.031613626670909056
0 0.01484375 0.3515625 0.0296875 0.03125
0 0.22616564948557957 0.48657713072881525 0.03144089754067192 0.03317612667090906
0 0.3283179810640604 0.3205895987428146 0.029869307181592218 0.03159544533736351
0 0.10074749296791712 0.4132476240451798 0.03144089754067192 0.03317612667090888
0 0.08900199277152546 0.5427896733768163 0.03300339754067192 0.03319430800445442
0 0.25139290846256995 0.5259305320655425 0.033003397540672094 0.03319430800445424
0 0.1402463302037388 0.48870215738381584 0.03144089754067201 0.03317612667090906
0 0.06815316158582796 0.45036581604072545 0.03144089754067192 0.03317612667090888
0 0.2982406373853312 0.5217884720719057 0.0314408975406721 0.03317612667090888
0 0.09506109523085345 0.5100498987109979 0.0314318071815924 0.031613626670908876
0 0.3074156494855796 0.48752256007317846 0.03144089754067192 0.03317612667090888
0 0.027482709790429903 0.4420806013685438 0.032994307181592394 0.03163180800445442
0 0.23439630600324204 0.5585430373965427 0.03144998789975162 0.0347386266709087
0 0.06530996271729612 0.4987669533736345 0.03144089754067201 0.03317612667090888
0 0.0109375 0.47265625 0.021875 0.0328125
0 0.27622019164005723 0.4965339334022696 0.0314408975406721 0.03317612667090888
0 0.05077476404515604 0.41735332137172554 0.0314318071815924 0.031613626670908876
0 0.04017360733110183 0.47503855203690737 0.03144089754067192 0.03317612667090888
0 0.04200881810349042 0.5219317333704528 0.03144089754067192 0.03317612667090888
0 0.3641373063960255 0.30069526941436 0.0314318071815924 0.031613626670909056
0 0.0140625 0.50859375 0.028125 0.0328125
0 0.5013292759490127 0.5179020454328136 0.03301248789975162 0.03475680800445424
0 0.6579236678323439 0.31519412141945063 0.08144998789975162 0.03532042934436319
0 0.5796875 0.22265625 0.040625 0.0609375
0 0.6284906978865732 0.3585986760820871 0.0752818011314682 0.04931020401018138
0 0.6730123366466465 0.223188434754905 0.03951701795398073 0.07857953333863606
0 0.5734375 0.34453125 0.028125 0.0796875
0 0.7546430899662961 0.02102704543281364 0.07992384933607007 0.04155224801081765
0 0.66328125 0.028125 0.0453125 0.05625
0 0.55078125 0.7859375 0.0171875 0.040625
0 0.9828125 0.7796875 0.034375 0.06875
0 0.990625 0.8578125 0.01875 0.075
0 0.99140625 0.95625 0.0171875 0.059375
0 0.9193793182998821 0.9153919267186339 0.07855224687674207 0.07434656667727228
0 0.9187975353187866 0.8153919267186339 0.08938066256778665 0.05572383601209037