0 0.4887483883729935 0.06101892690129147 0.05269987012586874 0.05907116311182729
0 0.51484375 0.02578125 0.0515625 0.0515625
0 0.4875 0.01875 0.05 0.0375
0 0.55703125 0.01953125 0.0390625 0.0390625
0 0.5261299892028305 0.060397300621167105 0.0407918659766839 0.06615562101845249
0 0.5671875 0.04375 0.04375 0.0375
0 0.5192162157576138 0.11057931114451076 0.061482874275053764 0.05180469468185844
0 0.4016035858834826 0.06142772155491501 0.06460787427505359 0.0519867052052021
0 0.43661720331005915 0.09205609527479064 0.043798466806520865 0.06477513154179623
0 0.5064021041306074 0.4644477637894641 0.042827962657336016 0.0724966262801244
0 0.559375 0.13359375 0.059375 0.0421875
0 0.47051860662940703 0.09630397951800998 0.0498116684661948 0.06201415258848364
0 0.33207141326810286 0.11681244254513268 0.05570647095570589 0.05769067363517104
0 0.3796875 0.0125 0.065625 0.025
0 0.4359767406527231 0.16209557948977515 0.04813076929603177 0.0603606473268119
0 0.4074266107785919 0.1077566899848839 0.057150571785542684 0.05621917889684287
0 0.40290044106299716 0.3522501426298373 0.04102866431700995 0.06928062101845249
0 0.2691677489510928 0.18736713722699108 0.06702247925407559 0.042793715728545935
0 0.3217958414825601 0.17030146359182013 0.0407918659766839 0.06615562101845249
0 0.3265625 0.00703125 0.065625 0.0140625
0 0.5300046248765318 0.5019631743410427 0.06195647095570571 0.05805469468185844
0 0.42550730164109646 0.46449253739640034 0.04884116431700995 0.0697356473268119
0 0.4712216207273469 0.49760887428457296 0.05473596680652086 0.06541216837349921
0 0.5584167352541384 0.33230312172432425 0.04884116431700995 0.06973564732681173
0 0.2392919174172877 0.12999425298377174 0.06581517676456468 0.047390210466874014
0 0.36648934438234504 0.36059326364828975 0.03946616431700996 0.06918961575678076
0 0.56328125 0.07265625 0.0515625 0.0296875
0 0.3895520265454945 0.13835424260160245 0.06834818091374953 0.03975972099021767
0 0.3036629933520154 0.08113254777856964 0.06702247925407559 0.042793715728545755
0 0.5468853941725635 0.44342263224766787 0.04571616431700996 0.06955363680346807
0 0.48251985393011465 0.18427441637794778 0.06569677759440165 0.04582771046687402
0 0.5625 0.09765625 0.053125 0.0328125
0 0.4496625775851129 0.04307256370475958 0.04067346680652086 0.06459312101845249
0 0.34594558173429774 0.05689141097510157 0.06882177759440164 0.046009720990217676
0 0.5075431647179954 0.20303982692952632 0.06207487012586874 0.05961719468185844
0 0.47465888712359366 0.24695642690129152 0.06846658008391256 0.04132222099021767
0 0.5704916053800071 0.275598095415965 0.03622276514684693 0.06744510523343691
0 0.2607166315245163 0.15519167405869397 0.07002908008391255 0.04141322625188941
0 0.39238807093712824 0.4088641636765247 0.047041865976683896 0.06651964206513998
0 0.35903388712359374 0.25369081626500833 0.03790366431700996 0.06909861049510883
0 0.56953125 0.2125 0.0390625 0.065625
0 0.3511226082797922 0.4812697846949773 0.05473596680652086 0.06541216837349921
0 0.4868969327646274 0.3318018637612292 0.047041865976683896 0.0665196420651398
0 0.4942843028904962 0.27536985323788554 0.06207487012586874 0.05961719468185844
0 0.40217227094641705 0.03339372681658688 0.0628085759347277 0.04877069994353027
0 0.4701345626387585 0.38877990585460404 0.04067346680652104 0.06459312101845249
0 0.5398336012308222 0.2696057006494019 0.0407918659766839 0.06615562101845249
0 0.45625 0.00859375 0.059375 0.0171875
0 0.2789948800746238 0.05767963722699108 0.06967388257342347 0.0367257262518895
0 0.4754839908532157 0.441358874284573 0.06063076929603177 0.061088689420186526
0 0.35917744231239707 0.16967983731169572 0.05113737012586874 0.05898015785015538
0 0.23720919916087424 0.09589226876878731 0.06437107593472771 0.0488617052052021
0 0.3874423070396812 0.2893707110315713 0.040555067636357835 0.0630306210184525
0 0.3850007008112595 0.4652961741998684 0.05341026514684692 0.06844616311182747
0 0.46540413152451626 0.1432699847796818 0.05703217261537965 0.05465667889684287
0 0.29300891326810286 0.11908757408692887 0.05715057178554286 0.05621917889684287
0 0.3350761688671803 0.22086290571342976 0.029972765146846925 0.0670810841867496
0 0.5330400721865282 0.2155552374811049 0.05137416846619498 0.06210515785015556
0 0.2298432945921265 0.2752157477220999 0.053291865976683984 0.0668836631118273
0 0.27392333608397534 0.3504285793486008 0.06799298340326043 0.03507222099021767
0 0.5352626551702258 0.37098619012605827 0.06773287427505377 0.052168715728545756
0 0.5189505709371283 0.4014927374811049 0.07279888257342346 0.03690773677523325
0 0.301198076335713 0.23683651620853857 0.043798466806520865 0.06477513154179633
0 0.4007729464615819 0.17503519524655572 0.05101897095570571 0.05741765785015538
0 0.5104798331841902 0.14375583219119817 0.05835787427505359 0.05162268415851479
0 0.34530696430772123 0.024260921498445276 0.07002908008391273 0.0414132262518895
0 0.18976551409793982 0.12665642135727095 0.033097765146847015 0.06726309471009326
0 0.18287505144060373 0.19705992661894278 0.05762416846619498 0.06246917889684287
0 0.28254131948723576 0.3188145583019134 0.07002908008391255 0.04141322625188941
0 0.3105012987413113 0.27829597411516377 0.06581517676456468 0.047390210466874014
0 0.3289660335944644 0.342555895190086 0.0498116684661948 0.06201415258848364
0 0.3617356024802222 0.09486184783503937 0.05703217261537983 0.05465667889684287
0 0.44288866886718026 0.21458354265807209 0.062334979254075586 0.04252069994353036
0 0.4359031178275618 0.3067710426580722 0.0678745842330974 0.03350972099021767
0 0.5205382269557685 0.3189532532661204 0.05149256763635783 0.06366765785015538
0 0.2734319643077213 0.028447163535350307 0.06557837842423861 0.04426521046687402
0 0.21362814397207094 0.1812683266471776 0.05438076929603186 0.06072466837349921
0 0.2481411634685955 0.40326515301200666 0.051966164317010045 0.06991765785015538
0 0.2161396825641347 0.06600734769386504 0.06304537427505377 0.05189569994353027
0 0.43145057093712824 0.4065890321347284 0.05172936597668389 0.06679265785015538
0 0.21733960413060735 0.4812837371987563 0.035133861827499044 0.07360409997176517
0 0.40957372570636874 0.5105330794897751 0.06943708423309758 0.03360072625188941
0 0.4125140846340828 0.24590913736816544 0.06678568091374952 0.03966871572854576
0 0.34229298255484597 0.43356032678835205 0.06328217261537983 0.05502069994353036
0 0.43871954189283413 0.35171952161138476 0.04403526514684693 0.06790013154179633
0 0.2941155916830527 0.4534779846385074 0.05641686597668398 0.06706567363517095
0 0.5578125 0.16640625 0.0625 0.0421875
0 0.30102751989750987 0.5059659478068046 0.07170997925407559 0.04306673151356133
0 0.26484375 0.00390625 0.0671875 0.0078125
0 0.22690847135669118 0.2318297687687873 0.050048466806520954 0.06513915258848364
0 0.25628370496044434 0.48057110565695993 0.04439046265733602 0.07258763154179633
0 0.147335680065335 0.44024848449733317 0.06531826929603186 0.0613617052052021
0 0.2788261688671802 0.22413909513361627 0.05281826929603186 0.060633663111827295
0 0.3177432684476173 0.4085449162367734 0.0659335759347277 0.04895271046687384
0 0.17151057633571304 0.244389952927302 0.050048466806520954 0.06513915258848364
0 0.34863991616788786 0.3087423373116957 0.060157172615379825 0.05483868942018653
0 0.17075171450821394 0.31599193714228646 0.0631637734452168 0.05345819994353036
0 0.21826533193479042 0.3458922687687873 0.04848596680652095 0.06504814732681172
0 0.38375046720750633 0.21491674260160246 0.06233497925407576 0.04252069994353036
0 0.221875 0.021875 0.065625 0.04375
0 0.17105844521218203 0.37353142135727097 0.06207487012586883 0.05961719468185844
0 0.4365902020606593 0.277174547919744 0.06702247925407559 0.042793715728545755
0 0.28862445351055177 0.3822400214702104 0.06702247925407559 0.042793715728545755
0 0.20259186512826943 0.4090293056004903 0.06725927759440165 0.04591871572854593
0 0.24826140786951809 0.29903267932036587 0.05438076929603195 0.06072466837349921
0 0.7007692560000628 0.3868673373116957 0.03193708423309758 0.03141659997176518
0 0.59375 0.39453125 0.009375 0.0328125
0 0.7347442821445719 0.24643975838661794 0.03025618506293437 0.029763094710093262
0 0.0990902020606593 0.794010521329036 0.020052390871793335 0.018279563140062294
0 0.14655719791147437 0.7834678634788805 0.018371491701630306 0.016626057878390377
0 0.1314524161678879 0.8185709055722554 0.020052390871793245 0.018279563140062294
0 0.08100213027511645 0.8479545686840828 0.020170790041956276 0.019842063140062295
0 0.06116322695576857 0.8428876370858168 0.018489890871793247 0.0181885578783902
0 0.10889033193479039 0.8494414739739895 0.020052390871793335 0.018279563140062294
0 0.11689300869935507 0.805418458188974 0.020052390871793335 0.018279563140062294
0 0.1347191261259316 0.8370478897872399 0.018371491701630306 0.0166260578783902
0 0.08493261367837697 0.8166135634224109 0.018489890871793334 0.018188557878390375
0 0.1057420211469097 0.829401989759005 0.020052390871793335 0.018279563140062117
0 0.820400207459244 0.8272332740304591 0.05750576929603195 0.06090667889684287
0 0.98046875 0.81328125 0.0390625 0.0609375
0 0.95859375 0.9875 0.0640625 0.025
0 0.84453125 0.990625 0.0484375 0.01875
0 0.8100295472914188 0.9025062898154748 0.05449916846619498 0.062287168373499215
0 0.978125 0.91015625 0.04375 0.0578125
0 0.9441211273753314 0.8573618478350393 0.04368006763635801 0.06321263154179624
0 0.9106448539301146 0.9090909478068046 0.06425267676456467 0.0472992052052021
0 0.8669666315245163 0.8696336056569599 0.07002908008391255 0.04141322625188941
0 0.8998956854639196 0.9688299688534918 0.04969326929603195 0.06045165258848364
0 0.8518851605688106 0.924958142488663 0.05871307178554286 0.056310184158514784
0 0.816586277995387 0.9596817529837718 0.06304537427505377 0.05189569994353036
0 0.84921875 0.58359375 0.0703125 0.0484375