0 0.20889742790779034 0.1743615913410383 0.043299013840164415 0.06586134933607006
0 0.2025890780980708 0.09625477205919752 0.05873301285158128 0.06126475292686617
0 0.06192958600673615 0.13458199473544274 0.05248301285158128 0.06122839149054773
0 0.20326814631030982 0.4197649949318344 0.06291117688202608 0.048792024004105095
0 0.3182909684397005 0.36595821800086303 0.07046900889724839 0.04258747579950324
0 0.0125 0.2296875 0.025 0.046875
0 0.14949325300293062 0.13563543462698407 0.043235346843970034 0.06429884933607007
0 0.00703125 0.2875 0.0140625 0.059375
0 0.0859375 0.02109375 0.06875 0.0421875
0 0.23617880539783886 0.38362750703208287 0.05404551285158128 0.06123748184962743
0 0.30704576783167814 0.20504798907810198 0.044861513840164416 0.06587043969514958
0 0.34113692494204084 0.15952641081927074 0.07515650889724838 0.04261474687674198
0 0.21893827277459402 0.22900363954564015 0.06877917490485963 0.03945338544042354
0 0.3509867688202615 0.2094809590238727 0.051111513840164234 0.06590680113146803
0 0.2492916176413978 0.2835275130822071 0.05697951186299814 0.05656816256778665
0 0.27937175399151376 0.13956843482337583 0.057106845855386903 0.05969316256778665
0 0.303435289580508 0.30821844087350014 0.044861513840164416 0.06587043969514958
0 0.14434413247014533 0.35446724785870065 0.06584517589344294 0.044122704722264317
0 0.35859375 0.50390625 0.0609375 0.0578125
0 0.3550322816718426 0.270409368664793 0.06753500988583169 0.04725679508134384
0 0.10229460083548378 0.2046763261175318 0.04160917984777566 0.06272725897699054
0 0.08305380539783887 0.3845183622218854 0.07040534190105419 0.04102497579950324
0 0.06446563148156219 0.35024335617176117 0.06728034190105418 0.041006795081344014
0 0.2561331611390575 0.48978660344128666 0.06635451186299797 0.056622704722264314
0 0.021524761900179178 0.17857743443059243 0.04160917984777566 0.06272725897699054
0 0.18873611961856404 0.2932570370863122 0.061603344866803765 0.05503293364502539
0 0.15693697437119952 0.39502861534514333 0.0628475098858317 0.04722952400410492
0 0.2545335800752372 0.10532979020957009 0.06029551285158128 0.06127384328594587
0 0.23203125 0.00859375 0.0640625 0.0171875
0 0.15291531923800328 0.44975247678146174 0.04798651384016441 0.06588862041330898
0 0.25673533900966666 0.5429206938003663 0.07321200692008212 0.033230656517662285
0 0.1468086047898165 0.22317179606330254 0.0508568458553869 0.059656801131468026
0 0.0171875 0.421875 0.034375 0.065625
0 0.0140625 0.3453125 0.028125 0.05
0 0.2517109634967847 0.3429025130822071 0.061412343878220456 0.050345433645025396
0 0.12288562653864635 0.3264604225267357 0.06877917490485981 0.03945338544042354
0 0.13790844866803703 0.2732354285768599 0.0446068458553869 0.05962043969514959
0 0.0867464911771135 0.47514336222188547 0.061603344866803765 0.05503293364502539
0 0.07219060676698286 0.2329831332991242 0.04916701186299814 0.056522710772388504
0 0.056687623572896764 0.31277971760807965 0.06833350593149916 0.02851588544042354
0 0.35546875 0.30703125 0.0671875 0.0265625
0 0.25940676387734546 0.1865706998504905 0.05847834486680377 0.055014752926866174
0 0.3466574130790427 0.10323095902387269 0.05267401384016459 0.06591589149054773
0 0.28076711072131555 0.2505241155415351 0.06890650889724856 0.04257838544042354
0 0.33569864433314345 0.40961731441006693 0.06791701186299796 0.05663179508134384
0 0.2921875 0.02578125 0.05 0.0515625
0 0.12822833703250042 0.5342911032448949 0.04498884783255317 0.06899543969514958
0 0.780119806386422 0.4821831817001179 0.06428267589344294 0.0441136143631848
0 0.81875 0.0265625 0.04375 0.053125
0 0.6994534437251211 0.3435570189359395 0.06565417490485963 0.03943520472226432
0 0.8206625988583174 0.2881513805686497 0.0703416749048598 0.03946247579950324
0 0.7749840484405756 0.049297958827480934 0.06897017589344294 0.044140885440423536
0 0.7219942885919248 0.39812634426790455 0.050793178859192524 0.05809430113146803
0 0.80703125 0.61015625 0.0609375 0.0390625
0 0.6942274328507063 0.2920126996540988 0.041736513840164594 0.06585225897699054
0 0.7008143083635884 0.49202179001317836 0.04785917984777566 0.06276362041330899
0 0.8242624427365379 0.3381422902095701 0.046296679847775656 0.06275453005422929
0 0.41328125 0.01171875 0.0484375 0.0234375
0 0.7700789615196182 0.427541133495516 0.041736513840164594 0.06585225897699036
0 0.7816929407593716 0.32901272990471975 0.04011034684397004 0.06428066861791085
0 0.8219306215957305 0.3959820612868089 0.06728034190105418 0.04100679508134384
0 0.7066424971086125 0.5967001996540988 0.06622717787060921 0.05349770472226432
0 0.694232750037181 0.2154320189359395 0.05691584486680377 0.05500566256778665
0 0.6662138152836705 0.5250433682720096 0.059849843878220454 0.05033634328594587
0 0.47435528463759213 0.38081262100248414 0.050793178859192524 0.05809430113146803
0 0.481438272774594 0.3245080788480064 0.06291117688202616 0.048792024004105095
0 0.7567857826604258 0.3697922660090732 0.061094008897248565 0.042532933645025396
0 0.6151023014435062 0.4597001694034777 0.06734400889724856 0.04256929508134384
0 0.4358419298849567 0.2794501089022357 0.07196784190105418 0.04103406615858276
0 0.4548651384016445 0.47782397638867835 0.04623301285158128 0.06119203005422928
0 0.48595331231792105 0.5120262595661657 0.04017401384016441 0.06584316861791084
0 0.5559979209877082 0.23655356089402552 0.04935801285158128 0.06121021077238851
0 0.664372789580508 0.40315018755385035 0.0631021778706092 0.05347952400410509
0 0.792839982279865 0.5258695491865606 0.06772601087441502 0.051944295081344016
0 0.7432432530029306 0.2292127178044714 0.05685217787060921 0.05344316256778665
0 0.8202699625082015 0.43193774200496815 0.0667073389353046 0.026944295081343838
0 0.7401129358164558 0.30581157924078983 0.053854511862998146 0.05654998184962743
0 0.5950789615196183 0.4285592537124332 0.06858817391627667 0.034765885440423715
0 0.5907310652464896 0.13007630191703506 0.06734400889724856 0.042569295081343925
0 0.4015625 0.23203125 0.025 0.0578125
0 0.7665189269192072 0.26346045277735675 0.05541701186299815 0.05655907220870695
0 0.53500362456148 0.4117171873574586 0.06833350593149898 0.028515885440423716
0 0.58046875 0.61171875 0.0421875 0.0359375
0 0.7339717292769343 0.11673998888171022 0.06297484387822046 0.050354524004105096
0 0.7196624674511174 0.4559661153451433 0.05678851087441501 0.05188066256778647
0 0.4719597965005903 0.43708989207972293 0.058351010874414924 0.05188975292686635
0 0.630194107755566 0.33145699473544277 0.0461693458553869 0.05962953005422929
0 0.39609375 0.30234375 0.0140625 0.0578125
0 0.5138395958925679 0.2758705909482549 0.04167284684397003 0.06428975897699055
0 0.8294990879839025 0.23652524805509242 0.046360346843970036 0.06431703005422928
0 0.5379667984777565 0.446083096998379 0.06877917490485981 0.03945338544042354
0 0.40546875 0.36171875 0.0328125 0.0515625
0 0.5583827747517605 0.3334376512531051 0.04773184585538672 0.05963862041330899
0 0.5476839911771135 0.5694933259211401 0.061667011862998146 0.056595433645025395
0 0.5534936393902277 0.4819387837666625 0.06871550790866543 0.03789088544042354
0 0.42244527475176036 0.33422851249303187 0.05697951186299814 0.05656816256778665
0 0.6393197569572633 0.24857177186280577 0.04167284684397003 0.06428975897699037
0 0.6165427846375922 0.37998539832623895 0.04154551285158128 0.061164758976990544
0 0.6141074872227807 0.5503524404807166 0.044797846843970035 0.06430793969514959
0 0.5886777698088446 0.3098183440715127 0.038484179847775656 0.06270907825883114
0 0.6228166423559771 0.49560130796715923 0.06265650889724857 0.042542024004105096
0 0.7884337361970166 0.14924341667300323 0.04792284684397004 0.0643261204133089
0 0.4196332925462576 0.4186398739293503 0.044734179847775654 0.06274543969514976
0 0.052862286614758516 0.9563297297083281 0.017887836958138337 0.01728749394987581
0 0.0836321255500632 0.9827195128858154 0.017887836958138337 0.01728749394987581
0 0.12421875 0.9953125 0.0171875 0.009375
0 0.10078125 0.9953125 0.0171875 0.009375
0 0.14967361961856412 0.9542036274453917 0.016325336958138335 0.017278403590796288
0 0.16679745262236967 0.9525411334955158 0.01626166996194378 0.01571590359079611
0 0.18203125 0.99609375 0.0171875 0.0078125
0 0.170622789580508 0.9697104527773568 0.01782416996194396 0.01572499394987581
0 0.16657195954245196 0.9853627238545956 0.017887836958138337 0.01728749394987581
0 0.44971342889637356 0.8362546208060924 0.03245967292769336 0.029869307181592218
0 0.5233419298849566 0.8405148739293503 0.030833505931498983 0.028297716822512697
0 0.5446784190105418 0.7888160185431561 0.030833505931498983 0.028297716822512697
0 0.48545461072131546 0.9079387232654204 0.03245967292769345 0.0298693071815924
0 0.47305808699531937 0.7954841750608186 0.03402217292769336 0.0298783975406721