0 0.3953125 0.1640625 0.0125 0.040625
0 0.422121024494124 0.1843805356922788 0.04862767676456468 0.04718357593472753
0 0.6296875 0.01953125 0.046875 0.0390625
0 0.6828125 0.0171875 0.04375 0.034375
0 0.39609375 0.1078125 0.0140625 0.046875
0 0.5509061074778215 0.03878646100695091 0.04538427759440165 0.04538427759440165
0 0.4746521834125493 0.07806060332863671 0.04538427759440165 0.04538427759440165
0 0.5291028850722233 0.07907957428434251 0.04694677759440165 0.045502676764564674
0 0.7319677759440164 0.11154056723537265 0.04538427759440165 0.04538427759440165
0 0.57109375 0.0140625 0.0453125 0.028125
0 0.5081266116270065 0.027777183412549266 0.045502676764564674 0.04694677759440165
0 0.6801936336223307 0.18684729793934068 0.04538427759440182 0.04538427759440165
0 0.7348811336223307 0.19099126889504658 0.04538427759440182 0.04538427759440165
0 0.6495104734545055 0.10995291121673238 0.04538427759440165 0.04538427759440165
0 0.771875 0.01015625 0.046875 0.0203125
0 0.5052635659859728 0.11300428839157109 0.04538427759440165 0.04538427759440165
0 0.4148502083076585 0.026923233202767793 0.04862767676456468 0.0471835759347277
0 0.51796875 0.00625 0.0421875 0.0125
0 0.5779440493892333 0.14958225104890718 0.04538427759440165 0.04538427759440165
0 0.7697064195151021 0.22004015146847006 0.047065176764564676 0.047065176764564676
0 0.7032293145360803 0.22432398715146 0.047065176764564676 0.047065176764564676
0 0.5648772095570583 0.22316146100695092 0.047065176764564676 0.047065176764564676
0 0.894491086731897 0.10365998010249014 0.050071777594401824 0.04573947510489074
0 0.6878625784335274 0.10353789047080797 0.043821777594401645 0.04526587842423861
0 0.5537495327924937 0.17881946515613575 0.04694677759440165 0.045502676764564674
0 0.8565193352820046 0.19710140416776242 0.04694677759440165 0.045502676764564674
0 0.8365117207552132 0.03557190831694727 0.04538427759440165 0.04538427759440165
0 0.7734681917109191 0.08516824399993732 0.043821777594401645 0.04526587842423861
0 0.4903508062377105 0.2237283008391257 0.04370337842423862 0.04370337842423879
0 0.8178838103868953 0.24077962657336077 0.045502676764564674 0.04694677759440165
0 0.841911461006951 0.1478351099766213 0.047065176764564676 0.047065176764564495
0 0.8162728435803743 0.17851642491368686 0.04538427759440165 0.04538427759440165
0 0.8412709983496148 0.0778778074871103 0.04526587842423861 0.043821777594401645
0 0.6299102137062433 0.22032172615379791 0.04370337842423862 0.04370337842423862
0 0.7887846157761913 0.041276534041893596 0.042140878424238616 0.04358497925407558
0 0.4109375 0.365625 0.04375 0.05
0 0.7825149954498298 0.26606304648944823 0.045502676764564674 0.04694677759440165
0 0.5523072771934163 0.2827965701351577 0.0455026767645645 0.04694677759440165
0 0.5071849539579809 0.3228761958601039 0.045502676764564674 0.04694677759440165
0 0.717363592130482 0.26734028134260124 0.045502676764564674 0.04694677759440165
0 0.5158980257435238 0.376356393370593 0.0471835759347277 0.04862767676456468
0 0.8920065493892333 0.173380484251675 0.04682837842423844 0.04394017676456467
0 0.549135655617655 0.32294797345450554 0.043821777594401645 0.04526587842423861
0 0.61570415851744 0.13535473030298278 0.04394017676456467 0.04682837842423861
0 0.6878662688950465 0.30860389876917765 0.04694677759440165 0.045502676764564674
0 0.8959818091374956 0.06182767761297923 0.04850927759440182 0.04562107593472771
0 0.6203953489789591 0.34077593611184165 0.0471835759347277 0.04862767676456468
0 0.5287979995990146 0.23906988092303835 0.04538427759440165 0.04538427759440165
0 0.4603584207645019 0.3814690232447241 0.0471835759347277 0.04862767676456468
0 0.6221694913006449 0.2616804319626567 0.045502676764564674 0.04694677759440165
0 0.4481614610069509 0.11799851909553923 0.04694677759440165 0.045502676764564674
0 0.5911096680652096 0.3028256502190702 0.045502676764564674 0.04694677759440165
0 0.41171875 0.22265625 0.0453125 0.0453125
0 0.6752944913006449 0.2657060037481996 0.047065176764564676 0.047065176764564676
0 0.8082934776036904 0.11421712657336078 0.04538427759440165 0.04538427759440165
0 0.6330603697248836 0.30289742781347184 0.045502676764564674 0.04694677759440165
0 0.05744321785542814 0.62588648715146 0.045502676764564674 0.04694677759440165
0 0.06781387802325334 0.7012416846619491 0.04562107593472771 0.04850927759440164
0 0.04375 0.5484375 0.046875 0.0375
0 0.09153479793934069 0.6657544705547205 0.045502676764564674 0.04694677759440165
0 0.15204716806520963 0.7262668406805893 0.04562107593472771 0.04850927759440164
0 0.03940545810716589 0.7363737012586886 0.04562107593472771 0.04850927759440164
0 0.134375 0.53515625 0.046875 0.0109375
0 0.13478973570156755 0.7855467522983071 0.04573947510489074 0.050071777594401644
0 0.01328125 0.71484375 0.0265625 0.0484375
0 0.14825654938923324 0.5737338365314045 0.04370337842423862 0.04370337842423862
0 0.10912596225635074 0.7338891639160247 0.04394017676456467 0.04682837842423861
0 0.09295743321205663 0.7870374747039054 0.04573947510489074 0.050071777594401644
0 0.058697141920700434 0.5809291846619491 0.04370337842423862 0.04370337842423862
0 0.19792466266662484 0.5526410091467843 0.04694677759440165 0.045502676764564674
0 0.02323692906287169 0.7895220120465694 0.04394017676456467 0.04682837842423861
0 0.1373208946199928 0.6754380464894483 0.043821777594401645 0.04526587842423861
0 0.00703125 0.75390625 0.0140625 0.0484375
0 0.17820600374819956 0.6614473240838499 0.047065176764564676 0.047065176764564676