0 0.7218671614754163 0.1709599675358912 0.036737587005972114 0.035002291395857824
0 0.7849464300927773 0.279189478899977 0.03517508700597229 0.034975017856907445
0 0.8306212995838189 0.3299337727314667 0.03513871941479181 0.033412517856907444
0 0.6746609338924995 0.38732135308755034 0.03517508700597229 0.034975017856907445
0 0.8275339735957635 0.2612655933483177 0.03517508700597212 0.034975017856907445
0 0.7801095404657633 0.487001978899977 0.03517508700597229 0.034975017856907445
0 0.8377441217721524 0.29232467857566535 0.03513871941479181 0.033412517856907444
0 0.8061304458603468 0.3084951493546722 0.03517508700597229 0.034975017856907445
0 0.6602049224933331 0.06895318263285515 0.03677395459715278 0.03656479139585782
0 0.7259740864372913 0.12871792045799052 0.03677395459715278 0.03656479139585782
0 0.6144923789903469 0.08693161526241502 0.036773954597152866 0.03656479139585782
0 0.903125 0.01171875 0.0375 0.0234375
0 0.632259147607708 0.19595205925606063 0.03833645459715278 0.03659206493480802
0 0.764417030966458 0.22175880844528173 0.03833645459715278 0.03659206493480802
0 0.9238673789903469 0.08153145455024768 0.04153418977951393 0.03977161201270887
0 0.7469775706697219 0.09867586445163612 0.03677395459715278 0.03656479139585782
0 0.5328125 0.0875 0.028125 0.0375
0 0.6277158115516663 0.2569441063339612 0.036737587005972204 0.03500229139585791
0 0.9765625 0.01484375 0.040625 0.0296875
0 0.49921875 0.71953125 0.0390625 0.0328125
0 0.36015625 0.62578125 0.0671875 0.0515625
0 0.253149609804305 0.697986117698047 0.05639677678548623 0.07439207386326192
0 0.47265625 0.61953125 0.0515625 0.0390625
0 0.44206533301881884 0.7680962459461055 0.05944904160312507 0.07132162094116268
0 0.43679856440145787 0.6588576136408573 0.06090243882958344 0.06666139448011296
0 0.3751337125778467 0.6911712816599205 0.05319904160312507 0.07121252678536116
0 0.48984375 0.62734375 0.0515625 0.0546875
0 0.86328125 0.9890625 0.0578125 0.021875
0 0.9796875 0.9859375 0.040625 0.028125
0 0.9484375 0.9921875 0.03125 0.015625