0 0.46875 0.521875 0.0625 0.05625
0 0.28274568506189657 0.4523786312594476 0.0981841298696163 0.0806423262236546
0 0.44080364691244966 0.4756326626883043 0.05796823295387128 0.10171368942018652
0 0.4 0.51640625 0.0875 0.0671875
0 0.47890625 0.446875 0.0421875 0.090625
0 0.1109375 0.54140625 0.0875 0.0171875
0 0.04609375 0.5265625 0.0921875 0.046875
0 0.1647047970746054 0.4860872313723871 0.0735386858759707 0.09949874203690498
0 0.5046875 0.36328125 0.009375 0.0421875
0 0.475 0.81171875 0.05 0.0453125
0 0.62734375 0.58046875 0.0484375 0.0609375
0 0.53828125 0.578125 0.0578125 0.05625
0 0.7765625 0.565625 0.075 0.03125
0 0.50625 0.5796875 0.0125 0.059375
0 0.5892956939903503 0.5849922521367258 0.055751168019063255 0.06412268415851478
0 0.6878968352240523 0.6001005836220522 0.07288412094116267 0.06199874203690499
0 0.7109375 0.57109375 0.065625 0.0421875
0 0.515625 0.69609375 0.03125 0.0546875
0 0.6474469334370434 0.7866149362952404 0.04338753571381489 0.07120714206513981
0 0.7752604675293007 0.5973843782756758 0.07420115909060954 0.0480272472985769
0 0.6432934472367611 0.6380864310335687 0.06797843262956 0.04922572625188941
0 0.6079286915547183 0.6688058100151161 0.06943183847375849 0.04306673151356133
0 0.5703125 0.55546875 0.078125 0.0109375
0 0.7867355300284767 0.7182429098457069 0.034039809252765355 0.07222361049510884
0 0.5535253839235108 0.8607511153332578 0.06348184740221222 0.05989021046687402
0 0.6099196598980932 0.7828683100151161 0.03872730925276535 0.0724966262801244
0 0.6382434829505762 0.7064724099868812 0.06948638555165906 0.04619173151356133
0 0.5728991266199102 0.6293036942583354 0.07107615909060953 0.047845236775233245
0 0.7855900413925625 0.6526179098457069 0.04651253571381488 0.07138915258848363
0 0.6824219512939509 0.8229920520520212 0.04028980925276535 0.07258763154179633
0 0.5450662272685334 0.7338245942865702 0.061946620941162676 0.0613617052052021
0 0.65859375 0.56875 0.0609375 0.0375
0 0.515625 0.87734375 0.03125 0.0703125
0 0.55025255924947 0.6732511153332578 0.04031708279171564 0.07415013154179632
0 0.52734375 0.8328125 0.0546875 0.053125
0 0.7002719245085898 0.7725216151920833 0.048047762174864596 0.06991765785015538
0 0.5853093977232285 0.7143157310900383 0.041825035713814886 0.07111613680346807
0 0.7752446509696395 0.7753273677523321 0.04497730925276535 0.0728606473268119
0 0.5710208011317952 0.7899681784733199 0.041852309252765355 0.07267863680346806
0 0.5167582207757115 0.6322775048381489 0.02781708279171564 0.07342208944842135
0 0.6031162808392556 0.8402257837067568 0.04802048863591431 0.06835515785015538
0 0.5668981371699218 0.9114791574266323 0.05569662094116268 0.06099768415851479
0 0.5285060186643911 0.7687610364081798 0.052707988635914305 0.06862817363517096
0 0.6927787986961632 0.8797880836220522 0.06041139448011297 0.06283319994353018
0 0.6415708547025176 0.8970974099868811 0.046457988635914306 0.06826415258848365
0 0.7418400413925625 0.6500697625188951 0.05583298863591431 0.06881018415851478
0 0.5993833547025176 0.8946402679217413 0.052680715096963836 0.06706567363517095
0 0.7117707118472578 0.62646566254713 0.06671594155801355 0.06632222099021767
0 0.6798582386326191 0.6761170520520212 0.07261138555165907 0.04637374203690499
0 0.7522514358726754 0.7099907940889262 0.04028980925276535 0.07258763154179633
0 0.7022787094116258 0.708641125715427 0.06512616801906326 0.06466871572854575
0 0.51171875 0.8046875 0.0234375 0.05
0 0.7662162986961631 0.8840653309206292 0.048075035713814884 0.07148015785015556
0 0.7525162629823482 0.8145872888272543 0.06649775324641087 0.053822220990217676
0 0.7343741891190863 0.7588987309488641 0.052707988635914305 0.06862817363517096
0 0.5265625 0.9296875 0.053125 0.04375
0 0.7531629196373257 0.9410587835655825 0.06186480032431163 0.0566742052052021
0 0.7275083547025176 0.9021026993788329 0.04338753571381489 0.07120714206513981
0 0.6453037808392557 0.8426829257718967 0.051118215096963834 0.06697466837349922
0 0.6314242873320774 0.9417728731551783 0.07091251785690744 0.038470236775233244
0 0.6921435990204747 0.9328220783603804 0.054134120941162676 0.06090667889684269
0 0.6419412272685333 0.7394669205102249 0.07247501785690744 0.03856124203690499
0 0.7358196866834543 0.841711230948864 0.07409206493480802 0.0417772472985769