0 0.12421875 0.03515625 0.0515625 0.0703125
0 0.08339947871908375 0.12811120142118781 0.06181768198597286 0.06620479333702489
0 0.299127003396086 0.2341051758213349 0.060155052436323506 0.06454216378737554
0 0.26929980105204754 0.26247000771502266 0.060155052436323506 0.06454216378737562
0 0.3493062785345137 0.17953878933185524 0.07039164558877822 0.05430557063492074
0 0.2978834808785521 0.15638069401993215 0.05118057063492074 0.07019138648947969
0 0.14788348087855202 0.16599313078626698 0.051280700184570094 0.0717538864894797
0 0.20653659007013578 0.12488846699889145 0.07155362739018098 0.04815570018457009
0 0.3661748010520475 0.2562619756367647 0.050980311535622214 0.06706638648947968
0 0.2686150879106674 0.07889604411221725 0.07009125693983034 0.04961807063492083
0 0.20583807834994347 0.25720031925064485 0.07165375693983034 0.04971820018457009
0 0.1747044016057579 0.06312894664082584 0.05723031153562221 0.06746690468807692
0 0.18216314158360863 0.4081014851974887 0.06932979333702498 0.06201794108527139
0 0.08802881709117649 0.2258477945736425 0.06610466378737563 0.060255181985972864
0 0.32008464374307694 0.44127732572904976 0.07019138648947951 0.05118057063492074
0 0.3499700077150226 0.31487551203395936 0.06756703423772628 0.05879281153562203
0 0.325987496917681 0.10634112122554304 0.061617422886674336 0.06307979333702489
0 0.23496676897378962 0.3611473396087105 0.06882914558877821 0.05420544108527139
0 0.07621113510520364 0.2888484423218891 0.052743070634920744 0.07029151603912887
0 0.34470271437799777 0.3727881415836086 0.0648425524363235 0.0648425524363235
0 0.05625 0.51015625 0.05625 0.0578125
0 0.25283658698781686 0.42224552591361997 0.05723031153562204 0.06746690468807692
0 0.2731304981542987 0.4940809531192308 0.060455441085271566 0.06922966378737563
0 0.18971722085640277 0.5087628192506448 0.07331638648947969 0.051380829734219445
0 0.22734375 0.01875 0.0578125 0.0375
0 0.40390625 0.11328125 0.0515625 0.0640625
0 0.36484375 0.0296875 0.0421875 0.059375
0 0.98515625 0.26953125 0.0296875 0.0671875
0 0.8607072486157239 0.23715103023255663 0.04170544108527156 0.06802810919158375
0 0.8849481801402715 0.3445234392395702 0.05390505243632351 0.06414164558877822
0 0.8641512260981902 0.15912615978220596 0.05682979333702498 0.061216904688076924
0 0.978125 0.33203125 0.04375 0.0484375
0 0.97890625 0.2171875 0.0421875 0.04375
0 0.863552843927647 0.2898755120339594 0.0665657387412331 0.04316781153562203
0 0.9420411844592081 0.4248932572535974 0.06999112739018098 0.04805557063492074
0 0.9347083482465838 0.3693441641011426 0.04190570018457009 0.07115310919158375
0 0.8583275185123643 0.4442626233850113 0.05400518198597286 0.06570414558877821
0 0.9346849691583599 0.19973257094868782 0.05849242288667433 0.06287953423772627
0 0.8202872979697287 0.4793781030269457 0.06424177513842758 0.05546755243632351
0 0.9150128192506448 0.16675938464377832 0.05829216378737563 0.059754534237726274
0 0.9506918985234389 0.2656183868032467 0.044930570634920744 0.06979086829088228
0 0.7713677390550001 0.41715750771502264 0.06842862739018099 0.04795544108527139
0 0.721623764654853 0.19782531925064487 0.05067992288667415 0.062378886489479514
0 0.975 0.36953125 0.05 0.0328125
0 0.6137159253599096 0.4490454626799548 0.04765505243632351 0.06374112739018098
0 0.9101226650239933 0.048810421040972905 0.06277940468807693 0.05692992288667424
0 0.6012321190660747 0.255335035474344 0.06959060919158375 0.04180557063492074
0 0.6454036212255431 0.2945186489848643 0.0639413864894797 0.05078005243632351
0 0.990625 0.16328125 0.01875 0.0671875
0 0.6354488278885182 0.35273166718346155 0.05067992288667415 0.062378886489479514
0 0.8236101619416744 0.35467849167589377 0.059854663787375625 0.059854663787375625
0 0.86015625 0.52890625 0.0671875 0.0203125
0 0.9660327035806562 0.07479312770394801 0.04805557063492074 0.06999112739018098
0 0.951637427519378 0.4694047208564028 0.06756703423772628 0.058792811535622214
0 0.8071607464562558 0.19856819401993225 0.04306768198597268 0.06500323874123311
0 0.7529577004983372 0.3887716918604639 0.0679279796419344 0.04014294108527139
0 0.9067812122185295 0.24664714374307692 0.05516716378737563 0.05955427513842757
0 0.6931216255444796 0.3754892442967874 0.06752746144333717 0.03389294108527139
0 0.5570606169066064 0.2161514219638235 0.05672966378737563 0.05965440468807692
0 0.7168781030269458 0.2961626897009955 0.04901729333702498 0.060716256939830335
0 0.8811432572535974 0.4038984392395702 0.061216904688076924 0.0568297933370248
0 0.9227881415836088 0.3125329595976358 0.06686612739018098 0.04785531153562221
0 0.7599829626799547 0.08488522825765843 0.06666586829088246 0.044730311535622215
0 0.547867287172387 0.2867643106127716 0.052042163787375625 0.05935401603912886
0 0.6319442936507919 0.40741916718346155 0.0625791455887783 0.053804922886674336
0 0.5552001233850113 0.3423134037652263 0.06404151603912896 0.052342552436323506
0 0.751292675821335 0.26905996915835984 0.04150518198597286 0.06490310919158375
0 0.776977388962715 0.4510318599667761 0.06364099784053182 0.04609255243632351
0 0.76640625 0.50625 0.0484375 0.065625
0 0.6412005752676245 0.4815180012366177 0.04180557063492083 0.06959060919158375
0 0.792278621225543 0.28510647131782807 0.05078005243632351 0.0639413864894797
0 0.678195137264672 0.24417868754152713 0.044630181985972864 0.06510336829088245
0 0.70078125 0.5203125 0.0609375 0.0375
0 0.7765744756367647 0.33590750771502265 0.044730311535622035 0.06666586829088246
0 0.7088281662606108 0.44606256015134615 0.06802810919158375 0.04170544108527139
0 0.6955061459025453 0.4111263556478394 0.0665657387412331 0.043167811535622214
0 0.5866899552786992 0.3122859423218891 0.05829216378737554 0.059754534237726274
0 0.5814832186969344 0.3935359423218891 0.04609255243632351 0.06364099784053182
0 0.1828034916758937 0.6261295943890725 0.048116127390180986 0.046653756939830336
0 0.39011534392764713 0.6206248642857127 0.046553627390180985 0.046553627390180985
0 0.23646871221852947 0.5900128192506449 0.046553627390180985 0.046553627390180985
0 0.40703125 0.66328125 0.0453125 0.0484375
0 0.03224468229973985 0.74159151295681 0.04977875693983034 0.048316386489479515
0 0.22242719617940052 0.6391512260981901 0.046553627390180985 0.046553627390180985
0 0.3919200709486878 0.7138742165374661 0.04821625693983034 0.04821625693983034
0 0.3253333482465838 0.7088047871723869 0.046453497840531634 0.044991127390180984
0 0.32340750771502264 0.5688806940199321 0.046553627390180985 0.046553627390180985
0 0.3053632048172738 0.8018934531192308 0.048116127390180986 0.04665375693983016
0 0.18857622301587113 0.8031531693429299 0.04821625693983034 0.04821625693983034
0 0.35496268661867647 0.8049393075304525 0.04821625693983016 0.04821625693983034
0 0.3208670913067534 0.7542174167220362 0.048116127390180986 0.046653756939830336
0 0.421875 0.69921875 0.015625 0.0453125
0 0.2448472069767421 0.8477857464562557 0.048316386489479515 0.04977875693983016
0 0.3566624938353621 0.6570024552786992 0.046453497840531634 0.044991127390180984
0 0.04209695095976249 0.5635666425064593 0.048116127390180986 0.046653756939830336
0 0.16796875 0.546875 0.0453125 0.015625
0 0.3952663140088576 0.7587861983388688 0.046553627390180985 0.046553627390180985
0 0.025414888962714998 0.7996042720561085 0.04977875693983034 0.048316386489479515
0 0.4049626866186765 0.8017351619416744 0.04811612739018116 0.046653756939830336
0 0.29943457742709284 0.8458437122185295 0.04821625693983034 0.04821625693983034
0 0.5311408621262445 0.6032742828534502 0.031489831893687634 0.03002746144333699
0 0.588813659782206 0.626031859966776 0.03158996144333699 0.031589961443337165
0 0.457563659782206 0.634442742137319 0.03315246144333717 0.03169009099298634
0 0.43671875 0.5890625 0.0140625 0.03125
0 0.5448238278885181 0.6568603578073077 0.031589961443337165 0.03158996144333699
0 0.5164380120339593 0.6384503192506449 0.03158996144333699 0.03158996144333699
0 0.5214444895164254 0.5603253192506449 0.031489831893687814 0.03002746144333699
0 0.750992287172387 0.5720686459025452 0.033052331893687815 0.03012759099298634
0 0.5636319895164255 0.5576218214101132 0.029927331893687813 0.029927331893687813
0 0.5954851619416743 0.6676185826688801 0.03158996144333699 0.03158996144333699
0 0.6609680644702829 0.568501159782206 0.031489831893687634 0.03002746144333699
0 0.5921875 0.54609375 0.03125 0.0140625
0 0.4471453963639706 0.5541940376338121 0.033052331893687815 0.03012759099298634
0 0.6681006415836086 0.6271752529346607 0.031589961443337165 0.03158996144333699
0 0.6590656030269457 0.5981886597822059 0.031489831893687634 0.03002746144333699
0 0.5692416394241404 0.5914961736618666 0.031489831893687634 0.030027461443337167