0 0.265219352501345 0.09909642451518028 0.05299359604505725 0.08831820616851012
0 0.17508566141963683 0.21956465746905174 0.09082137797604233 0.09366027110331832
0 0.2660712943393578 0.20076801867098162 0.08111859604505715 0.0888091298696164
0 0.5453110440872562 0.12236673458201981 0.10182457995351371 0.050155732953871456
0 0.18125 0.0171875 0.090625 0.034375
0 0.40814953369569607 0.19672362662650072 0.09855746832111638 0.07038641233702041
0 0.546600028499916 0.23028832873782115 0.09329081411407199 0.08433981818121908
0 0.1311492631646772 0.41901127841021424 0.08286676634364491 0.1138091298696164
0 0.44375 0.02109375 0.078125 0.0421875
0 0.57421875 0.0828125 0.0890625 0.046875
0 0.5703125 0.02890625 0.05 0.0578125
0 0.3842864267548756 0.03444181493810348 0.09412134059717552 0.051581865259119654
0 0.4130012886393746 0.08713043831489795 0.10160605866619025 0.04703073295387128
0 0.503125 0.01796875 0.071875 0.0359375
0 0.5004248789844485 0.06213834659472863 0.08998014381548422 0.05931254464226869
0 0.8570240762703429 0.2271712370176518 0.023404649011264312 0.02225682954530477
0 0.7770744963168292 0.18007014042621847 0.023404649011264312 0.02225682954530477
0 0.8252934750295058 0.17609966071875788 0.023404649011264312 0.02225682954530477
0 0.8463707995351377 0.1866826047124035 0.023404649011264312 0.02225682954530477
0 0.8443819646379456 0.24772919886820483 0.023404649011264312 0.02225682954530477
0 0.5984375 0.5484375 0.040625 0.04375
0 0.36443238468443173 0.5065816420477762 0.048371798022528625 0.04454093262956001
0 0.46384179484356086 0.6753668238665572 0.046809298022528624 0.04451365909060954
0 0.5342199968210323 0.6303349675358911 0.04670003737886681 0.042951159090609536
0 0.5571983109351042 0.7128474586074375 0.04524679802252862 0.04448638555165925
0 0.4045874911210491 0.5215248035740176 0.046809298022528624 0.04451365909060954
0 0.4944797896477807 0.7108134001654511 0.04524679802252862 0.04448638555165907
0 0.5920867631646771 0.7419622142894804 0.04524679802252862 0.04448638555165907
0 0.49442552330413586 0.5981770324706994 0.04524679802252862 0.04448638555165925
0 0.4068491136492097 0.576239577112968 0.046809298022528624 0.04451365909060954
0 0.5730097091900639 0.513891761367381 0.04513753737886681 0.04292388555165907
0 0.4468185497872394 0.5661554651002592 0.046809298022528624 0.04451365909060954
0 0.55078125 0.4890625 0.0453125 0.01875
0 0.44477544854640216 0.5145656915613089 0.046809298022528624 0.04451365909060954
0 0.4528935871661062 0.6082884180223586 0.04670003737886681 0.042951159090609536
0 0.4 0.49140625 0.046875 0.0234375
0 0.6078125 0.7078125 0.021875 0.04375
0 0.60390625 0.63125 0.0296875 0.04375
0 0.5083894703379287 0.6636383912369974 0.04524679802252862 0.04448638555165907
0 0.5303958742928716 0.5756474675358912 0.04513753737886681 0.04292388555165907
0 0.573598843118191 0.7907815438347852 0.04368429802252862 0.044459112012708954
0 0.5427423270266476 0.7522099675358913 0.04524679802252862 0.04448638555165907
0 0.4876185124083726 0.5232043060096497 0.04335651609154354 0.03977161201270896
0 0.60546875 0.5875 0.0265625 0.040625
0 0.8852147782478144 0.7313519967568844 0.06687042574646931 0.06359094155801355
0 0.7621814698337256 0.7616588798729116 0.06708894703379294 0.06671594155801355
0 0.7095042200858271 0.8361055008140742 0.04721348960843983 0.07261138555165925
0 0.7843621084534297 0.8551361444834082 0.046885707677454744 0.06792388555165907
0 0.8554944272590786 0.7537724675358912 0.057932468321116204 0.06967730032431163
0 0.64453125 0.94765625 0.0515625 0.0640625
0 0.63046875 0.83515625 0.0234375 0.0703125
0 0.64140625 0.87578125 0.0453125 0.0703125
0 0.8158527730520344 0.7685440795486 0.06207366510280767 0.0619466209411625
0 0.9439227787520175 0.8773815170494238 0.06821440445914603 0.060493215096963836
0 0.77109375 0.990625 0.0734375 0.01875
0 0.8031778104309012 0.8110043149381034 0.07482503737886681 0.043442082791715644
0 0.8384383312140216 0.6664633823085435 0.05546303218308672 0.07899775324641087
0 0.6484375 0.9890625 0.059375 0.021875
0 0.853745529004119 0.9524827029253945 0.04677644703379293 0.06636138555165924
0 0.6772708742928716 0.822588471593081 0.057823207677454566 0.06811480032431164
0 0.884406395075992 0.6750474496789838 0.06105746832111638 0.06973184740221221
0 0.73125 0.97890625 0.078125 0.0421875
0 0.9482175227999328 0.6927065081209701 0.07591764381548423 0.059067082791715644
0 0.9734375 0.81015625 0.053125 0.0640625
0 0.815120071578766 0.959414541399153 0.04666718639013112 0.06479888555165925
0 0.890625 0.98671875 0.05625 0.0265625
0 0.6648701552154506 0.5333896038983292 0.08976162252816078 0.056187544642268696
0 0.8818269703379287 0.9066247321463878 0.07751299480421991 0.037246629869616396
0 0.7125 0.5 0.0875 0.040625
0 0.7442398530055481 0.8182907094182162 0.033041728964778014 0.07080342370110611
0 0.92890625 0.97421875 0.0453125 0.0515625
0 0.984375 0.86953125 0.03125 0.0703125
0 0.7297510181083557 0.8795554918856204 0.07391810124083734 0.05278980925276535
0 0.7456502616520679 0.5476236534118619 0.08976162252816078 0.056187544642268786
0 0.8969720970534635 0.6310247142894803 0.058588032183086725 0.07905230032431163
0 0.8415190445914593 0.8447520235422455 0.07605975544788172 0.03878185633066593
0 0.9167375658787827 0.8465678936726293 0.07773151609154336 0.0403716298696164
0 0.7804829916252521 0.9115225121781598 0.06777736188449897 0.05424321509696384
0 0.8767352787520174 0.8785542792242884 0.07773151609154336 0.0403716298696164
0 0.6637653851886348 0.8979157540604851 0.059276447033792846 0.06657957386326192
0 0.9197425975576664 0.7776815259778775 0.07849634059717552 0.0513091298696164
0 0.7082145077167955 0.9518941420477762 0.07784077673520517 0.0419341298696164
0 0.7060292948435609 0.9206441420477762 0.07805929802252862 0.045059129869616396
0 0.6609375 0.65 0.084375 0.05
0 0.7435628737886685 0.6743770681845144 0.07490144703379294 0.06685230925276535
0 0.8242658426139879 0.8888565795486001 0.04812042574646931 0.06326365909060953
0 0.7153064698337256 0.7624770860414218 0.048994510895763274 0.07576365909060953
0 0.85078125 0.9859375 0.0546875 0.028125
0 0.9431686619238399 0.9337133376662748 0.05135468639013112 0.06488070616851012
0 0.8464586448238904 0.6021826939969409 0.05590007475773362 0.08524775324641087
0 0.8914640502914425 0.9549531379905865 0.04822968639013112 0.06482615909060954
0 0.9796875 0.96953125 0.040625 0.0453125
0 0.7687149651421485 0.944580474028713 0.05883940445914604 0.060329573863261744
0 0.9514410757661398 0.6269451404262185 0.05590007475773362 0.08524775324641087
0 0.778125 0.51796875 0.0625 0.0765625
0 0.8752713317182247 0.8128747321463878 0.07482503737886681 0.043442082791715644
0 0.8069369589379622 0.6857861266265007 0.07479218639013112 0.06528980925276535
0 0.97421875 0.91796875 0.0515625 0.0609375
0 0.6610453047309179 0.7024123392878326 0.07646394703379293 0.06687958279171564
0 0.984375 0.72265625 0.03125 0.0484375
0 0.7905035757661398 0.6297543149381035 0.0809329257464693 0.0638364034085666
0 0.9448082995351378 0.7334406022767714 0.07290190445914586 0.06057503571381488
0 0.690625 0.9828125 0.0625 0.034375
0 0.9859375 0.6109375 0.028125 0.046875
0 0.8915090648703765 0.5528997142894803 0.06516581411407181 0.08384889448011297
0 0.63125 0.57890625 0.025 0.0609375
0 0.65625 0.78046875 0.075 0.0515625
0 0.98515625 0.7609375 0.0296875 0.046875
0 0.7107175227999327 0.6968520860414218 0.07511996832111638 0.06997730925276535
0 0.978125 0.55703125 0.04375 0.0890625
0 0.8463386765027741 0.5333508733800898 0.08002598960843983 0.07318412986961631
0 0.7891374537421822 0.7220781826328551 0.08263753737886681 0.04357845048646745
0 0.6992887138816408 0.5781566331193224 0.09099634059717551 0.05152731818121907
0 0.975 0.5046875 0.05 0.05
0 0.946162985925269 0.7975576493546722 0.07468292574646931 0.06372730925276535
0 0.83515625 0.5 0.0921875 0.040625
0 0.7116137512605077 0.6201804918856204 0.08808986188449897 0.054597771103318316
0 0.64140625 0.61953125 0.0453125 0.0515625
0 0.9302109319506556 0.5694326493546722 0.06818155347041017 0.08234094155801355
0 0.64453125 0.4953125 0.0515625 0.03125
0 0.97265625 0.98671875 0.0546875 0.0265625
0 0.98515625 0.67890625 0.0296875 0.0390625
0 0.925 0.5046875 0.090625 0.05
0 0.98359375 0.65 0.0328125 0.0375
0 0.7796317777436113 0.5861406826328551 0.08405792574646931 0.06389095048646735
0 0.64765625 0.74375 0.0578125 0.05