0 0.2390625 0.0234375 0.109375 0.046875
0 0.096875 0.01953125 0.109375 0.0390625
0 0.2493691519659924 0.1518009807294889 0.10812011646291494 0.10252370248167449
0 0.10397476481086265 0.14007724086894752 0.10647572930778501 0.10085194183801285
0 0.25936602894435695 0.31284774137315063 0.10968261646291495 0.10263296312533612
0 0.11216348032383791 0.2963272408689476 0.10976450361804453 0.1041954631253363
0 0.0125 0.28515625 0.025 0.1109375
0 0.26640625 0.4453125 0.1109375 0.06875
0 0.12265625 0.43828125 0.1140625 0.0828125
0 0.7137924208491851 0.44347502849991594 0.08157090456798421 0.041509792826748534
0 0.853125 0.46796875 0.053125 0.0234375
0 0.83671875 0.453125 0.0578125 0.053125
0 0.925 0.459375 0.05 0.040625
0 0.909375 0.471875 0.046875 0.015625
0 0.043201039121122255 0.9546974797210828 0.046042840343633 0.046809298022528624
0 0.11163677860567267 0.8940984693295224 0.044316566033373486 0.04357503737886681
0 0.1551344730877487 0.9220485067083894 0.04439845318850324 0.04513753737886681
0 0.06640625 0.98984375 0.0453125 0.0203125
0 0.10447273179417596 0.935630405467552 0.04439845318850333 0.04513753737886681
0 0.06779824739800819 0.9190549106633321 0.042754066033373575 0.043465776735205
0 0.06849320895425448 0.7540854745253027 0.042754066033373485 0.043465776735205
0 0.07925364653892553 0.8108817777436113 0.04439845318850324 0.04513753737886681
0 0.19081966756982477 0.9494522408689475 0.04448034034363317 0.04670003737886681
0 0.0410786171402834 0.8844942403647444 0.042754066033373575 0.043465776735205
0 0.1610436363621602 0.9753920279957129 0.04439845318850324 0.04513753737886681
0 0.20234375 0.99296875 0.0453125 0.0140625
0 0.07603347127872637 0.8682572351689644 0.04439845318850333 0.04513753737886681
0 0.23209760628614956 0.6082916453280934 0.042917840343632996 0.046590776735205175
0 0.17078604929788757 0.8048281557196537 0.04439845318850324 0.04513753737886681
0 0.27962105947465277 0.6536477039942838 0.04439845318850324 0.04513753737886681
0 0.1546210594746528 0.644906852501345 0.04448034034363317 0.04670003737886681
0 0.1328478787873868 0.5562049854210659 0.04456222749876275 0.04826253737886681
0 0.20356981456303558 0.568934214385844 0.04127345318850324 0.04491901609154336
0 0.015625 0.928125 0.03125 0.046875
0 0.31940061171321654 0.7591764381548419 0.04439845318850324 0.04513753737886681
0 0.18267081637205784 0.615732804730918 0.04448034034363317 0.04670003737886681
0 0.30971135119776694 0.693114395580195 0.04604284034363317 0.046809298022528624
0 0.3578500373120999 0.9284398903844149 0.04439845318850324 0.04513753737886681
0 0.19931384102100153 0.8441855866619031 0.04596095318850324 0.04524679802252862
0 0.12821568973237768 0.6757526609154338 0.044480340343633 0.04670003737886681
0 0.11367515490666857 0.6062378364098017 0.04283595318850324 0.04502827673520508
0 0.3664327419709412 0.7951574968210322 0.04439845318850324 0.04513753737886681
0 0.15936387041964375 0.7651100918576832 0.042672178878243726 0.041903276735205
0 0.4015625 0.86796875 0.034375 0.0453125
0 0.0203125 0.7640625 0.040625 0.046875
0 0.16019603007601066 0.7215786131450067 0.04439845318850324 0.04513753737886681
0 0.3259582281761313 0.8545981987985037 0.04439845318850324 0.04513753737886681
0 0.04038814111185864 0.6633840648703766 0.046042840343633 0.046809298022528624
0 0.3677362924004825 0.8497357361773705 0.04448034034363317 0.04670003737886681
0 0.21994724558898593 0.881434214385844 0.04596095318850324 0.04524679802252862
0 0.07000704206179834 0.604741038387273 0.04456222749876275 0.04826253737886681
0 0.09041471732199753 0.548567448042199 0.04464411465389251 0.04982503737886681
0 0.3984375 0.97734375 0.040625 0.0453125
0 0.25267121438132134 0.9117444272590787 0.04439845318850324 0.04513753737886681
0 0.2960117786056727 0.9069912252816072 0.04439845318850324 0.04513753737886681
0 0.21851978516439335 0.6462615388914761 0.044480340343633 0.04670003737886681
0 0.3248184520568495 0.8031449594421656 0.046042840343633 0.046809298022528624
0 0.2794307089542545 0.7688356614196369 0.044480340343633 0.04670003737886681
0 0.39765625 0.93828125 0.0421875 0.0421875
0 0.30390625 0.9796875 0.0453125 0.040625
0 0.08356493102595035 0.6555058628929051 0.04283595318850324 0.04502827673520508
0 0.3715097455889859 0.8920324968210324 0.04604284034363317 0.046809298022528624
0 0.26653456128367525 0.7009925975576665 0.04448034034363317 0.04670003737886681
0 0.2831975180902231 0.8407106614196369 0.042754066033373485 0.043465776735205
0 0.24004730438627017 0.7302759059717552 0.04439845318850324 0.04513753737886681
0 0.3167270703287867 0.9458023530055482 0.04439845318850324 0.04513753737886681
0 0.24299524197094122 0.7865259059717552 0.04439845318850324 0.04513753737886681
0 0.42734375 0.9890625 0.0171875 0.021875