0 0.4515625 0.3578125 0.0734375 0.13125
0 0.3359375 0.5125 0.0859375 0.1296875
0 0.4234375 0.471875 0.103125 0.1203125
0 0.2390625 0.5234375 0.1078125 0.125
0 0.384375 0.803125 0.1109375 0.109375
0 0.41875 0.5671875 0.1140625 0.1078125
0 0.409375 0.721875 0.08125 0.128125
0 0.49375 0.6328125 0.11875 0.0984375
0 0.2109375 0.43125 0.075 0.134375
0 0.334375 0.8640625 0.0859375 0.1265625
0 0.44375 0.90625 0.1265625 0.084375
0 0.3375 0.6765625 0.0765625 0.134375
0 0.2046875 0.6671875 0.125 0.10625
0 0.578125 0.8578125 0.1078125 0.1125
0 0.5703125 0.9390625 0.1265625 0.0703125
0 0.271875 0.746875 0.0796875 0.1328125