0 0.428125 0.6265625 0.071875 0.0828125
0 0.43125 0.39375 0.0953125 0.040625
0 0.178125 0.4875 0.075 0.084375
0 0.1015625 0.6734375 0.0859375 0.0765625
0 0.3640625 0.60625 0.0640625 0.0859375
0 0.296875 0.534375 0.096875 0.0421875
0 0.35 0.6484375 0.071875 0.0765625
0 0.225 0.49375 0.0765625 0.0828125
0 0.2890625 0.415625 0.090625 0.0546875
0 0.046875 0.80625 0.0875 0.0828125
0 0.2 0.73125 0.1 0.040625
0 0.2984375 0.3796875 0.0921875 0.065625
0 0.240625 0.1859375 0.0890625 0.059375
0 0.4734375 0.6625 0.0796875 0.075
0 0.44375 0.521875 0.0921875 0.0515625
0 0.278125 0.4484375 0.090625 0.0578125
0 0.3953125 0.446875 0.0953125 0.0359375
0 0.3546875 0.7078125 0.0953125 0.0421875
0 0.61875 0.5140625 0.04375 0.090625
0 0.471875 0.5765625 0.08125 0.0703125
0 0.31875 0.490625 0.09375 0.05
0 0.546875 0.5046875 0.0359375 0.090625
0 0.259375 0.609375 0.0984375 0.040625
0 0.1796875 0.76875 0.0984375 0.053125
0 0.6421875 0.4484375 0.059375 0.0890625
0 0.5984375 0.671875 0.0921875 0.0578125
0 0.134375 0.4546875 0.0875 0.075
0 0.2984375 0.66875 0.0984375 0.0453125
0 0.3703125 0.778125 0.0578125 0.09375
0 0.203125 0.684375 0.0984375 0.0421875
0 0.5953125 0.465625 0.05 0.0875
0 0.3671875 0.384375 0.065625 0.0859375
0 0.41875 0.7265625 0.0390625 0.0921875
0 0.4 0.5734375 0.0359375 0.090625
0 0.64375 0.628125 0.0640625 0.0890625