0 0.26333571635099096 0.43763632541937464 0.0769100098858317 0.04862064437666689
0 0.39140625 0.484375 0.0765625 0.03125
0 0.134375 0.475 0.053125 0.05
0 0.33515625 0.47109375 0.0328125 0.0578125
0 0.4417922746773983 0.157182493163055 0.045307182813525235 0.07754442496187508
0 0.0791464001530994 0.3607504363610414 0.057679848821136394 0.0747103656913195
0 0.17250908098945822 0.29145361607256914 0.07266817885919252 0.05944904160312507
0 0.20204007209220962 0.332913764248958 0.05611734882113639 0.07467399810013901
0 0.4220740463890471 0.4495518311189578 0.08108817391627668 0.036229747150208526
0 0.28029240608459843 0.3279703846899301 0.04524351581733086 0.07598192496187509
0 0.2410389050960152 0.33356707446944406 0.051429848821136305 0.0745648953265972
0 0.14040223513407132 0.35151960030499974 0.057679848821136394 0.0747103656913195
0 0.27749637543852 0.47321014950756907 0.07859984387822046 0.051782011967847194
0 0.22624689323301714 0.3901080151988886 0.07671900889724856 0.043933144376666886
0 0.16390871931674056 0.4259013512549302 0.07821784190105419 0.0424070119678472
0 0.44139173216832184 0.3585631552071522 0.04068334980971962 0.07899782218833344
0 0.175 0.47109375 0.059375 0.0578125
0 0.33820306517212745 0.3625259162250689 0.07123301285158128 0.06253767401194459
0 0.728125 0.0375 0.0875 0.075
0 0.6636355108000528 0.35221058453743026 0.07808519072219058 0.11577177678548622
0 0.63671875 0.0390625 0.1078125 0.078125
0 0.5496207262368228 0.12383362424069429 0.08746019072219058 0.11598998233256949
0 0.8515758625869388 0.2604192087781246 0.1139298488211363 0.07601959897381949
0 0.7541172252482395 0.12375696979604137 0.11861734882113639 0.0761287017473613
0 0.95859375 0.28359375 0.0828125 0.1015625
0 0.6594175374917985 0.22586629008451364 0.09039418973360736 0.11137521751493065
0 0.5626751886706621 0.3014858455553471 0.12043451680591395 0.08241506933854179
0 0.97421875 0.40078125 0.0515625 0.0828125
0 0.9076295444118807 0.18730771067798563 0.10962435079830275 0.08528549620027785
0 0.9265625 0.0484375 0.08125 0.096875
0 0.5612347054765762 0.2219074483288887 0.11325868676785786 0.09785823138263901
0 0.6295628942216004 0.11572887709048593 0.09358285672980182 0.11301045269729179
0 0.8582608971873498 0.09635670877812466 0.1069450197716634 0.09615026101791671
0 0.70546875 0.4703125 0.1171875 0.059375
0 0.96171875 0.4609375 0.0765625 0.078125
0 0.7492838507239407 0.3189967346136802 0.0780215237259961 0.11420927678548623
0 0.7861524979484715 0.4102386772429858 0.07658635771838504 0.11729790919430556
0 0.4086773912558508 0.60332883491868 0.02283000494291585 0.023946646276527872
0 0.3829133873015181 0.6226607163775688 0.02439250494291585 0.023983013867708357
0 0.36135672228249005 0.6153573626540967 0.02439250494291585 0.023983013867708357
0 0.3265015612177947 0.5896313172512494 0.02439250494291585 0.023983013867708357
0 0.3171557361226546 0.5508233903895133 0.02439250494291585 0.023983013867708357
0 0.4074624011416826 0.5565265701010411 0.02439250494291585 0.023983013867708357
0 0.37315106813787696 0.5557641571070133 0.02439250494291585 0.023983013867708357
0 0.2912643981759331 0.5732802718484022 0.02439250494291585 0.023983013867708357
0 0.3397018981759331 0.572152876521805 0.02439250494291585 0.023983013867708357
0 0.4096960631949611 0.5783288349186799 0.02439250494291585 0.023983013867708357
0 0.339603739088404 0.5362517441129856 0.02439250494291585 0.023983013867708357
0 0.3615132311797386 0.5732062302452772 0.02283000494291585 0.023946646276527872
0 0.36693556022921153 0.593373259880555 0.02439250494291585 0.023983013867708357
0 0.38692972524823954 0.6007129811952077 0.02439250494291585 0.023983013867708357
0 0.3862585631949611 0.5788743487863883 0.02439250494291585 0.023983013867708357
0 0.7740238655526882 0.6892014382609025 0.1272575197716635 0.09662303970326391