0 0.2890625 0.5140625 0.04375 0.0453125
0 0.721875 0.4953125 0.0453125 0.04375
0 0.8828125 0.4140625 0.0453125 0.0453125
0 0.33125 0.525 0.04375 0.0453125
0 0.78125 0.60625 0.046875 0.0453125
0 0.3234375 0.31875 0.0453125 0.0453125
0 0.375 0.5296875 0.0453125 0.0453125
0 0.875 0.465625 0.0484375 0.0453125
0 0.484375 0.4234375 0.04375 0.04375
0 0.515625 0.2984375 0.04375 0.0453125
0 0.2078125 0.3 0.046875 0.0453125
0 0.79375 0.546875 0.0453125 0.04375
0 0.7796875 0.415625 0.0453125 0.04375
0 0.4234375 0.240625 0.04375 0.0453125
0 0.346875 0.4140625 0.0453125 0.0453125
0 0.7953125 0.3609375 0.0453125 0.04375
0 0.2578125 0.346875 0.0453125 0.0453125
0 0.9140625 0.5515625 0.046875 0.0453125
0 0.5375 0.4671875 0.04375 0.04375
0 0.95 0.521875 0.0484375 0.0453125
0 0.8390625 0.4234375 0.0453125 0.04375
0 0.9734375 0.484375 0.05 0.0453125
0 0.8546875 0.503125 0.046875 0.0453125
0 0.6640625 0.64375 0.0453125 0.0453125
0 0.8796875 0.5796875 0.046875 0.0453125
0 0.9203125 0.4421875 0.0484375 0.04375
0 0.6390625 0.271875 0.0453125 0.0453125
0 0.9171875 0.490625 0.046875 0.046875
0 0.4765625 0.25 0.04375 0.04375
0 0.3984375 0.290625 0.04375 0.0453125
0 0.48125 0.3296875 0.0453125 0.0453125
0 0.628125 0.33125 0.04375 0.04375
0 0.5828125 0.3484375 0.04375 0.04375
0 0.7671875 0.503125 0.0453125 0.0421875
0 0.825 0.6109375 0.0453125 0.04375
0 0.9671875 0.61875 0.0515625 0.0453125
0 0.8390625 0.5578125 0.046875 0.0453125
0 0.871875 0.625 0.0484375 0.0453125
0 0.865625 0.3109375 0.046875 0.04375
0 0.71875 0.640625 0.0453125 0.04375
0 0.58125 0.39375 0.04375 0.04375
0 0.6234375 0.690625 0.0453125 0.0453125
0 0.3 0.665625 0.0453125 0.0453125