0 0.115625 0.459375 0.0984375 0.09375
0 0.5390625 0.5078125 0.1015625 0.0796875
0 0.3984375 0.528125 0.1 0.0828125
0 0.2734375 0.6328125 0.1 0.0890625
0 0.4640625 0.7375 0.1 0.0953125
0 0.2515625 0.553125 0.0890625 0.09375
0 0.0625 0.3046875 0.103125 0.0859375
0 0.3421875 0.55625 0.10625 0.078125
0 0.4015625 0.6234375 0.096875 0.090625
0 0.5703125 0.7578125 0.075 0.1140625
0 0.5015625 0.43125 0.059375 0.103125
0 0.3984375 0.409375 0.0765625 0.0984375
0 0.49375 0.58125 0.1125 0.065625
0 0.3328125 0.4375 0.053125 0.10625
0 0.475 0.65 0.1171875 0.0546875
0 0.440625 0.465625 0.0671875 0.0984375
0 0.475 0.9140625 0.115625 0.0625
0 0.125 0.825 0.096875 0.1
0 0.5546875 0.8859375 0.0578125 0.1171875
0 0.2578125 0.803125 0.0640625 0.1171875
0 0.1046875 0.684375 0.071875 0.1109375
0 0.034375 0.81875 0.06875 0.10625
0 0.04375 0.546875 0.084375 0.06875
0 0.025 0.4359375 0.046875 0.0546875