0 0.4393507747412029 0.2868894101280556 0.03554652073518518 0.033161110495108836
0 0.35177427935935135 0.13877115756780684 0.034120721771944404 0.03463260523343692
0 0.4396638415649067 0.23716242591307113 0.03398402073518518 0.03307010523343692
0 0.5762671399624996 0.0927739310335686 0.03398402073518518 0.03307010523343692
0 0.5168730161170367 0.05356024161338206 0.03412072177194432 0.03463260523343692
0 0.45448917624907353 0.14009000483814882 0.032421520735185186 0.03297909997176518
0 0.41937188246962903 0.14737188381969632 0.032421520735185186 0.03297909997176518
0 0.5241372949107401 0.17212823109003833 0.03228481969842587 0.03141659997176518
0 0.3167157741755551 0.12895654181102612 0.032421520735185186 0.03297909997176509
0 0.25376742337435154 0.049117852390839545 0.03581992280870363 0.03628611049510884
0 0.2875 0.01484375 0.034375 0.0296875
0 0.5485111612633327 0.27303828370675676 0.03384731969842587 0.03150760523343692
0 0.6631997949107402 0.1802276993788329 0.03554652073518518 0.033161110495108836
0 0.4863653098964812 0.04245614164161691 0.03412072177194432 0.03463260523343696
0 0.6576538409992588 0.09906870464050477 0.03072231969842587 0.03132559471009326
0 0.5104261094253697 0.19309317847331986 0.03384731969842587 0.03150760523343692
0 0.5101718311973141 0.22572366794997617 0.03228481969842587 0.03141659997176509
0 0.6406809544771292 0.1182891415004426 0.032421520735185186 0.03297909997176518
0 0.68984375 0.1296875 0.0203125 0.03125
0 0.60390625 0.30859375 0.0328125 0.0203125
0 0.57109375 0.3125 0.0328125 0.0125
0 0.866693816211573 0.25864404181102607 0.030585618661666557 0.02976309471009344
0 0.8261467286526842 0.2749368997458862 0.03214811866166665 0.02985409997176518
0 0.8532956975499065 0.22988200497932318 0.03214811866166665 0.02985409997176518
0 0.775912991329351 0.21604774715740263 0.03214811866166656 0.02985409997176518
0 0.7483539193218509 0.25641514192396553 0.03214811866166656 0.02985409997176518
0 0.7818499245056472 0.26613875241907436 0.03214811866166665 0.02985409997176518
0 0.8672611612633325 0.1762865681193853 0.03214811866166656 0.02985409997176518
0 0.8261084809617586 0.20342592079257357 0.030585618661666557 0.029763094710093262
0 0.7932180685206474 0.18285581555913666 0.03214811866166656 0.02985409997176518
0 0.8153268058439807 0.24010687343752696 0.03214811866166656 0.02985409997176518
0 0.4276490229977766 0.832308325941306 0.04587842799249984 0.04464464206513998
0 0.49979600801203555 0.9639825311465081 0.04771433006601846 0.04786064732681172
0 0.6617697447697208 0.8785896046687396 0.04757762902925933 0.04629814732681172
0 0.47595123902027686 0.7092040258848362 0.04587842799249984 0.04464464206513998
0 0.4175713939685174 0.7881943048946185 0.04587842799249984 0.04464464206513981
0 0.5499546670127767 0.7554867626600694 0.04587842799249984 0.04464464206513981
0 0.3262055172483324 0.6678370312876825 0.04404252591898139 0.04142863680346807
0 0.37612618774796186 0.7764531680911505 0.04587842799249993 0.04464464206513998
0 0.3571424504246286 0.7193841207361038 0.04601512902925915 0.04620714206513998
0 0.57890625 0.98046875 0.0484375 0.0390625
0 0.41651461630610964 0.9715682470162281 0.04771433006601846 0.0478606473268119
0 0.518081367483888 0.6043946995200072 0.04587842799249984 0.04464464206513998
0 0.46696580122583214 0.8019529680064459 0.04601512902925915 0.0462071420651398
0 0.35013244985898073 0.5681856417827913 0.04757762902925915 0.04629814732681172
0 0.3759731969842587 0.4904092522779001 0.04601512902925915 0.04620714206513998
0 0.3813399509902765 0.8715836575678069 0.04601512902925915 0.0462071420651398
0 0.5658119872768504 0.9367367626600694 0.04615183006601846 0.047769642065139804
0 0.63359375 0.98359375 0.0484375 0.0328125
0 0.5096618576819434 0.7391491311182732 0.04757762902925915 0.04629814732681172
0 0.43612732139536947 0.6804573996047119 0.04587842799249984 0.04464464206513981
0 0.41885907483573936 0.9095232733245876 0.04771433006601846 0.04786064732681172
0 0.5854041514613879 0.7342333889401939 0.04587842799249984 0.04464464206513981
0 0.6192514711598138 0.7657409941736308 0.04587842799249984 0.04464464206513998
0 0.49307853336536916 0.8516645416698518 0.04587842799249984 0.04464464206513981
0 0.3521610074463877 0.8045935786427292 0.0426167269557407 0.042900131541796324
0 0.5502691508957399 0.5813968152767879 0.04587842799249984 0.04464464206513998
0 0.38702402299777655 0.829942189137838 0.04431592799249984 0.044553636803468064
0 0.49140625 0.990625 0.0484375 0.01875
0 0.4802109291237956 0.5446710890248985 0.04601512902925915 0.04620714206513998
0 0.47423008001953565 0.9205209574831021 0.04615183006601846 0.047769642065139985
0 0.33975804373296165 0.8582800207643387 0.04601512902925915 0.0462071420651398
0 0.3966164705941659 0.6019837891096029 0.04587842799249984 0.04464464206513981
0 0.4928270892558325 0.6355691048099139 0.04587842799249984 0.04464464206513981
0 0.6080773997179615 0.9578528994635376 0.04757762902925915 0.0462981473268119
0 0.5427463426962025 0.868548204781679 0.04587842799249984 0.04464464206513998
0 0.310562810462129 0.5068085260260106 0.04431592799249993 0.044553636803468064
0 0.47569979491074016 0.4931085890248984 0.04601512902925915 0.04620714206513998
0 0.2673992793593513 0.45765839448421436 0.04771433006601846 0.04786064732681172
0 0.27116811979296235 0.5185048892225426 0.04757762902925915 0.04629814732681172
0 0.6709875028282393 0.9661806099304115 0.04757762902925915 0.04629814732681172
0 0.6626090748357394 0.923720094145396 0.04757762902925915 0.0462981473268119
0 0.6181564458064802 0.8776039573419279 0.04587842799249984 0.04464464206513981
0 0.6704831975499065 0.6583526993788329 0.04744092799249984 0.04473564732681172
0 0.5506587131012954 0.6746917889684287 0.044179226955740704 0.04299113680346807
0 0.2850528369467583 0.6949763839608707 0.04757762902925915 0.0462981473268119
0 0.4179652073518513 0.5084003890813682 0.044452629029259325 0.046116136803468065
0 0.41583677935935126 0.46630389434304 0.046015129029259326 0.04620714206513998
0 0.5710108778514806 0.6230228731551783 0.04587842799249984 0.04464464206513981
0 0.6476307493878692 0.7347485994070677 0.04744092799249984 0.0447356473268119
0 0.36077742393999934 0.5299421891378379 0.04757762902925924 0.04629814732681172
0 0.3089032741755551 0.4523030365493542 0.04771433006601846 0.04786064732681172
0 0.690625 0.76796875 0.01875 0.0453125
0 0.5170862125356475 0.5219462205666947 0.04601512902925915 0.04620714206513998
0 0.469565955042777 0.5829145416698518 0.046015129029259326 0.0462071420651398
0 0.68203125 0.728125 0.0359375 0.04375
0 0.508547708483147 0.8152566048099139 0.04601512902925915 0.0462071420651398
0 0.6455023213953694 0.6926521046687396 0.04744092799249984 0.04473564732681172
0 0.6212431981155544 0.8062749889119589 0.045741726955740705 0.04308214206513981
0 0.6204215748357393 0.921262952080256 0.04757762902925915 0.04629814732681172
0 0.5925728110277768 0.6740239310335686 0.04587842799249984 0.04464464206513998
0 0.3459287142325911 0.9643480102409949 0.047851031102777775 0.049423147326811724
0 0.30325744985898073 0.5654554839326358 0.04587842799249993 0.04464464206513998
0 0.376012861734444 0.43755726806291567 0.04431592799249993 0.044553636803468064
0 0.6265964965131473 0.6542420520520211 0.04757762902925915 0.0462981473268119
0 0.4112448985866658 0.644808325941306 0.04560502591898139 0.041519642065139986
0 0.67578125 0.9921875 0.0484375 0.015625
0 0.6048978623000918 0.6016784941736308 0.04757762902925915 0.04629814732681172
0 0.2678079654103696 0.5867088576525115 0.04757762902925915 0.0462981473268119