0 0.01484375 0.13359375 0.0296875 0.0484375
0 0.0296875 0.4046875 0.059375 0.08125
0 0.01953125 0.2625 0.0390625 0.059375
0 0.16772256250159678 0.269258120023276 0.04585932028847228 0.09419628121376693
0 0.0296875 0.31953125 0.059375 0.0765625
0 0.09606576804868014 0.25401601517208733 0.03804682028847228 0.09355855242559433
0 0.19268750133118023 0.2055463063877941 0.061447952697291794 0.09390923879011233
0 0.14373693579236058 0.42541252517402706 0.09353310087368065 0.06533769970043757
0 0.14541245782819398 0.21890743365875798 0.05203658510611113 0.09158146424430509
0 0.19006772834541613 0.38536135214542855 0.06613545269729179 0.09429187606301603
0 0.4453125 0.19765625 0.03125 0.0578125
0 0.481023955928333 0.21198826971401524 0.02794446846486114 0.061543277879787084
0 0.43984375 0.11796875 0.0203125 0.0578125
0 0.464819687310972 0.10108272062240084 0.049528527735416716 0.050828918486670635
0 0.45546875 0.28515625 0.0515625 0.0359375
0 0.45577068921083297 0.15356999183422815 0.05109102773541672 0.05095646424430509
0 0.4913445132990274 0.17212854425982246 0.05690461664125017 0.03271664727484325
0 0.47829769301055514 0.2618607239563807 0.05690461664125017 0.03271664727484325
0 0.446875 0.35625 0.034375 0.053125
0 0.4453125 0.23984375 0.03125 0.0453125
0 0.5237179893633328 0.3281870966854168 0.04800239532659738 0.05226387272903601
0 0.5051121533072912 0.38772159335143697 0.023184233282499987 0.058035640606883376
0 0.0890625 0.9390625 0.090625 0.121875
0 0.08346058453743029 0.8238193636451804 0.08564917211208342 0.12863492515463032
0 0.471875 0.99140625 0.034375 0.0171875