0 0.02890625 0.22421875 0.0578125 0.0734375
0 0.03046875 0.27890625 0.0609375 0.0640625
0 0.12237557444499929 0.4984275443396616 0.081725188998964 0.04606866943775678
0 0.0654107526905964 0.3143995368178141 0.07620293507002245 0.06151181301126592
0 0.03511543879407615 0.16080317537675848 0.04553513192686935 0.07310253087881238
0 0.12328741108659846 0.4453480084462843 0.0766395827126578 0.07088681301126591
0 0.0234375 0.36640625 0.046875 0.0765625
0 0.0203125 0.415625 0.040625 0.065625
0 0.04519664433737543 0.48038824967079563 0.08045378742738744 0.05227320533113407
0 0.925 0.5203125 0.059375 0.01875
0 0.7636256207637269 0.47812706769662655 0.05676373035529281 0.07967077962517113
0 0.8042506207637269 0.4769450009244368 0.05825345574818712 0.07815374373179385
0 0.8815408668347855 0.45909225969992545 0.08038101282028158 0.050710705331134066
0 0.9875 0.50390625 0.025 0.0515625
0 0.8547643511190198 0.39745607772575636 0.08157963978475227 0.04294366943775678
0 0.97421875 0.46484375 0.0515625 0.0359375
0 0.8440066335840084 0.42741636236549246 0.07845463978475245 0.04285274122451135
0 0.8687840016571391 0.49847300844628417 0.07950771753501122 0.031960705331134064
0 0.944807154262173 0.4073191595416409 0.08299659057054072 0.039864133544379496
0 0.9205006670824545 0.35965454935422636 0.05349318114108108 0.07645485141192587
0 0.7303422398703148 0.4556897780423255 0.05952485731976367 0.07194920783841656
0 0.953125 0.50234375 0.040625 0.0546875
0 0.8610528924753487 0.36294468540588837 0.08201628742738745 0.05231866943775678
0 0.7973286484712047 0.19003603431053168 0.08357878742738745 0.05236413354437941
0 0.96796875 0.35390625 0.0640625 0.0328125
0 0.39741842390688004 0.7611836086045688 0.058797111248705035 0.056324207838416386
0 0.30434901241050605 0.9168091344688163 0.062285984284234173 0.06422763605166182
0 0.4109375 0.890625 0.0375 0.065625
0 0.20570611290584404 0.7230711578257812 0.06050516046291676 0.0594946719450391
0 0.39519664433737545 0.8423881444979461 0.06377570967712849 0.06271060015828453
0 0.25603144458504445 0.7481333423072327 0.06050516046291676 0.05949467194503928
0 0.3296875 0.54296875 0.059375 0.0265625
0 0.8377437092673528 0.739990570203909 0.05301799214211709 0.03275031551854859
0 0.7671875 0.53515625 0.046875 0.0109375
0 0.7039894474805286 0.6970709474800822 0.04727741439185813 0.04350595909205772
0 0.7936939946278257 0.8817067087628534 0.0291823858558109 0.05702288981258548
0 0.789640157157657 0.6337238498290801 0.030381012820281585 0.04925585391920819
0 0.87265625 0.55 0.0296875 0.040625
0 0.818240346156621 0.5892009600164945 0.045569365177646405 0.040335494985435004
0 0.9484375 0.53828125 0.05 0.0171875
0 0.7347001000855624 0.6072355576674967 0.027256012820281582 0.04916492570596276
0 0.711956112905844 0.5595254833734595 0.04542381596343468 0.03721049498543501
0 0.9404662948754947 0.7791319750601893 0.04862159057054072 0.03886392319868044
0 0.8353208382987383 0.5574963189502677 0.04974744292790554 0.029534387305303157
0 0.7743105636916324 0.5608319191085523 0.04974744292790554 0.029534387305303157
0 0.7109329603008102 0.6484970551602143 0.04982021753501122 0.031096887305303154
0 0.9048242014094701 0.7068310777257564 0.0486943651776464 0.040426423198680436
0 0.8716179032287157 0.6157347162847008 0.04982021753501122 0.031096887305303154
0 0.7030134524429273 0.6175198397999504 0.036412688998964174 0.04475021034569906