0 0.3640625 0.390625 0.053125 0.0578125
0 0.6875 0.5375 0.0484375 0.053125
0 0.7203125 0.5078125 0.05625 0.0390625
0 0.640625 0.6640625 0.05625 0.04375
0 0.51875 0.5984375 0.0625 0.0390625
0 0.53125 0.7171875 0.05625 0.0515625
0 0.6609375 0.4359375 0.0375 0.0609375
0 0.76875 0.7390625 0.0546875 0.053125
0 0.53125 0.3875 0.046875 0.0578125
0 0.6359375 0.5453125 0.0546875 0.053125
0 0.590625 0.603125 0.0609375 0.040625
0 0.515625 0.5625 0.0625 0.0265625
0 0.5921875 0.6921875 0.04375 0.0609375
0 0.6875 0.59375 0.053125 0.0453125
0 0.7265625 0.4046875 0.0484375 0.0515625
0 0.778125 0.528125 0.0578125 0.040625
0 0.403125 0.5796875 0.04375 0.0625
0 0.69375 0.2640625 0.05625 0.0484375
0 0.359375 0.465625 0.05 0.059375
0 0.5984375 0.640625 0.0578125 0.0453125
0 0.453125 0.5921875 0.05625 0.0484375
0 0.590625 0.528125 0.040625 0.0609375
0 0.6796875 0.728125 0.05625 0.0515625
0 0.5328125 0.484375 0.0453125 0.05625
0 0.778125 0.5625 0.0546875 0.025
0 0.7296875 0.1984375 0.0609375 0.040625
0 0.740625 0.4671875 0.0359375 0.059375
0 0.5625 0.2796875 0.0640625 0.040625
0 0.7796875 0.471875 0.040625 0.0578125
0 0.4390625 0.634375 0.0453125 0.059375
0 0.7421875 0.6125 0.0578125 0.0375
0 0.534375 0.63125 0.0640625 0.0390625
0 0.5671875 0.771875 0.040625 0.0640625
0 0.6109375 0.3953125 0.0375 0.0609375
0 0.659375 0.3625 0.05 0.053125
0 0.490625 0.428125 0.0390625 0.0609375
0 0.5640625 0.459375 0.0375 0.059375
0 0.4609375 0.478125 0.0609375 0.04375
0 0.603125 0.478125 0.0421875 0.05625
0 0.4140625 0.4359375 0.0671875 0.0375
0 0.4546875 0.5375 0.0453125 0.0578125
0 0.753125 0.6546875 0.0546875 0.05
0 0.7734375 0.4265625 0.0609375 0.0359375
0 0.6671875 0.4859375 0.0609375 0.034375
0 0.5734375 0.5765625 0.059375 0.034375
0 0.7046875 0.4484375 0.0484375 0.05
0 0.7328125 0.5625 0.0375 0.0609375
0 0.403125 0.490625 0.0546875 0.053125
0 0.76875 0.1703125 0.0359375 0.0625
0 0.7046875 0.375 0.0515625 0.0515625
0 0.6703125 0.6296875 0.046875 0.05625
0 0.3703125 0.5234375 0.059375 0.0484375
0 0.78125 0.3765625 0.040625 0.0578125
0 0.74375 0.29375 0.0421875 0.0609375
0 0.678125 0.778125 0.0625 0.028125
0 0.375 0.140625 0.065625 0.059375
0 0.471875 0.6671875 0.0328125 0.065625