0 0.2890625 0.6015625 0.04375 0.0453125
0 0.3609375 0.4875 0.0453125 0.0453125
0 0.384375 0.4453125 0.0453125 0.04375
0 0.465625 0.475 0.04375 0.04375
0 0.3828125 0.6625 0.0453125 0.0453125
0 0.390625 0.5484375 0.0453125 0.0453125
0 0.2625 0.640625 0.0453125 0.04375
0 0.296875 0.4859375 0.0453125 0.04375
0 0.4125 0.4890625 0.0453125 0.04375
0 0.1484375 0.46875 0.046875 0.0453125
0 0.3453125 0.2828125 0.0453125 0.046875
0 0.1890625 0.5171875 0.046875 0.0453125
0 0.3390625 0.690625 0.0453125 0.0453125
0 0.328125 0.6453125 0.0453125 0.04375
0 0.6 0.5890625 0.04375 0.04375
0 0.403125 0.7046875 0.0453125 0.04375
0 0.234375 0.2359375 0.0453125 0.046875
0 0.54375 0.5890625 0.0453125 0.04375
0 0.403125 0.403125 0.04375 0.04375
0 0.1203125 0.3703125 0.0484375 0.0453125
0 0.4921875 0.6390625 0.04375 0.04375
0 0.1921875 0.73125 0.0453125 0.0453125
0 0.525 0.703125 0.0453125 0.0453125
0 0.209375 0.296875 0.046875 0.0453125
0 0.3421875 0.746875 0.0453125 0.046875
0 0.296875 0.7140625 0.046875 0.046875
0 0.384375 0.2484375 0.0453125 0.0453125
0 0.434375 0.7546875 0.0453125 0.046875
0 0.33125 0.3984375 0.0453125 0.04375
0 0.24375 0.725 0.046875 0.046875
0 0.184375 0.340625 0.0453125 0.0453125
0 0.26875 0.4359375 0.046875 0.0453125
0 0.58125 0.65 0.04375 0.04375
0 0.2859375 0.340625 0.0453125 0.0453125
0 0.1453125 0.4203125 0.046875 0.0453125
0 0.1484375 0.278125 0.046875 0.046875
0 0.2625 0.2921875 0.0453125 0.0453125
0 0.1375 0.1984375 0.0484375 0.046875
0 0.1046875 0.31875 0.046875 0.0453125
0 0.1828125 0.3890625 0.046875 0.0453125
0 0.2296875 0.4046875 0.046875 0.0453125
0 0.49375 0.7953125 0.0453125 0.046875
0 0.2265625 0.346875 0.0453125 0.0453125