0 0.27337488756276773 0.19783404300338284 0.03380091515269079 0.03380091515269079
0 0.1250649333204022 0.20838838997866369 0.03536341515269079 0.03392846091032524
0 0.30185057392728576 0.1722282651235957 0.03536341515269079 0.03392846091032524
0 0.20095826937565953 0.3434333275511296 0.03705346091032524 0.035618506667959696
0 0.25057537422684817 0.2679870463373627 0.03392846091032524 0.0353634151526907
0 0.22646793665438203 0.1830379614900534 0.03536341515269079 0.03392846091032524
0 0.17414016210857497 0.19662197149199306 0.03380091515269079 0.0338009151526907
0 0.32375778271157907 0.26511739572853954 0.03536341515269079 0.03392846091032524
0 0.28106009968104095 0.274811131184672 0.03549096091032524 0.03549096091032524
0 0.2278711978642697 0.24190277845951527 0.03380091515269079 0.0338009151526907
0 0.1972269757440568 0.2180187393698405 0.03536341515269079 0.03392846091032524
0 0.21269273695394447 0.2757356445205915 0.03536341515269079 0.03392846091032524
0 0.15296679271351882 0.22784002058360747 0.03380091515269079 0.0338009151526907
0 0.11352139756470728 0.15966384755500904 0.03536341515269079 0.03392846091032524
0 0.26718878937953877 0.2355891345186519 0.03536341515269079 0.03392846091032524
0 0.32688252483567126 0.18880998724380862 0.03705346091032524 0.03561850666795978
0 0.18329227937759923 0.29365646815801316 0.03536341515269079 0.03392846091032524
0 0.3879475705933057 0.18227320269606176 0.03692591515269043 0.034056006667959784
0 0.3388086978642698 0.23284702966746326 0.03705346091032524 0.03561850666795978
0 0.35685706725932587 0.20188407209111792 0.03536341515269079 0.03392846091032524
0 0.19454851483373165 0.25083123936984053 0.03549096091032524 0.03549096091032524
0 0.2778714557401775 0.31387363118467204 0.03705346091032524 0.035618506667959696
0 0.34690849816383224 0.32375907209111787 0.038615960910325244 0.035746052425594324
0 0.3504797793775992 0.2800090720911179 0.036925915152690794 0.034056006667959784
0 0.3764362436219043 0.2282234314842344 0.03705346091032524 0.03561850666795978
0 0.38606607726126557 0.14828083996896532 0.036925915152690794 0.034056006667959784
0 0.14974593998836205 0.17222774937178018 0.03380091515269079 0.0338009151526907
0 0.3815702827115791 0.26039820269606173 0.038615960910325244 0.035746052425594324
0 0.5495238308851096 0.2016282069481255 0.020408094849248926 0.021843049091614476
0 0.4735348999806034 0.08676822361802498 0.020280549091614475 0.020280549091614475
0 0.6143193966466235 0.09234905967328225 0.020280549091614475 0.020280549091614475
0 0.5729291221008163 0.10504024937178018 0.020280549091614475 0.020280549091614475
0 0.5816349581560736 0.24556965452253116 0.021970594849248924 0.021970594849248924
0 0.5191024914958724 0.07994439664662342 0.018590503333980025 0.018590503333979845
0 0.5659143633068245 0.26703006634124204 0.020280549091614475 0.020280549091614475
0 0.44140625 0.23359375 0.0046875 0.0203125
0 0.44765625 0.18984375 0.0171875 0.0203125
0 0.49815226270769974 0.08941499149587244 0.018590503333979845 0.018590503333980025
0 0.1145744881618925 0.6513416802762865 0.025350686364518003 0.025350686364518003
0 0.08804393907027812 0.672132412398439 0.026913186364518005 0.02547823212215263
0 0.022291135436735842 0.6029995172496276 0.025350686364518184 0.025350686364518003
0 0.031474945738237906 0.6426041511885513 0.025350686364518003 0.025350686364518003
0 0.08115595240619769 0.6044027784595153 0.02691318636451818 0.02547823212215263
0 0.06667912210081628 0.6676680530053225 0.027040732122152633 0.027040732122152633
0 0.11540340664856315 0.6031592717915555 0.025350686364518003 0.025350686364518184
0 0.11674276604167959 0.6247791802762863 0.026913186364518005 0.02547823212215263
0 0.00390625 0.62578125 0.0078125 0.0265625
0 0.04694044907221784 0.6242687393698405 0.02547823212215263 0.02691318636451818
0 0.04609375 0.59375 0.0265625 0.009375
0 0.0671254033145832 0.6241731445205916 0.02547823212215263 0.026913186364518005
0 0.07327980846533429 0.6438479157324188 0.025350686364518003 0.025350686364518184
0 0.09308212543479613 0.6484398208831699 0.02547823212215263 0.026913186364518005
0 0.0917427660416796 0.626819912398439 0.025350686364518003 0.025350686364518003
0 0.9693903075472503 0.9083886478545715 0.023660640606883554 0.023660640606883377
0 0.9839946836102662 0.8435608733087643 0.023788186364518005 0.025223140606883555
0 0.9520433108812302 0.8927316969461859 0.023660640606883377 0.023660640606883554
0 0.9632039514881138 0.8700914224003787 0.022098140606883553 0.023533094849248926
0 0.996875 0.84375 0.00625 0.021875
0 0.996875 0.88671875 0.00625 0.0234375
0 0.9849833566388648 0.8884907360358607 0.021970594849248924 0.021970594849248924
0 0.9921875 0.90703125 0.015625 0.0234375
0 0.9890625 0.8671875 0.021875 0.025