0 0.07833483960871046 0.23436541949058826 0.06812823874123311 0.04326794108527139
0 0.09921875 0.2890625 0.0546875 0.059375
0 0.075689503396086 0.1777149012919909 0.04190570018457009 0.07115310919158375
0 0.21048600555555427 0.2287138016611312 0.04805557063492074 0.06999112739018098
0 0.01484375 0.21796875 0.0296875 0.0640625
0 0.20754028069398195 0.17675078346253387 0.07135336829088228 0.045030700184570095
0 0.14921875 0.303125 0.0421875 0.03125
0 0.00625 0.271875 0.0125 0.065625
0 0.15122972393872178 0.14960849012550897 0.060255181985972864 0.06610466378737563
0 0.07923361042820139 0.09792727174234157 0.05849242288667415 0.06287953423772627
0 0.18125 0.03125 0.05 0.0625
0 0.16703639420450234 0.22122267427095021 0.04336807063492074 0.0696907387412331
0 0.02109375 0.13125 0.0421875 0.06875
0 0.12421875 0.009375 0.0640625 0.01875
0 0.034375 0.29140625 0.0625 0.0546875
0 0.20638069401993214 0.2927763016611312 0.06852875693983033 0.04951794108527139
0 0.22208244448135747 0.12120169031007917 0.04805557063492074 0.06999112739018098
0 0.13767026681432135 0.2632704719269118 0.0667659978405318 0.046292811535622036
0 0.12999507403100682 0.11373154688076918 0.059954793337024984 0.06141716378737554
0 0.12322583744924209 0.19488141733111988 0.05672966378737563 0.05965440468807692
0 0.98984375 0.04921875 0.0203125 0.0609375
0 0.89375 0.01484375 0.0625 0.0296875
0 0.9686222732927263 0.16537319246954746 0.05566781153562204 0.06736677513842756
0 0.86171875 0.025 0.0609375 0.05
0 0.9378705259136201 0.03318245372831443 0.06267927513842757 0.05536742288667416
0 0.8433614574381675 0.13695019894795246 0.04815570018457009 0.07155362739018098
0 0.9594055644702829 0.06437189697305427 0.061317034237726276 0.05839229333702498
0 0.8311804349206335 0.05772377390180994 0.06696625693983034 0.04941781153562221
0 0.7139347732927263 0.14905207587670813 0.051280700184570094 0.0717538864894797
0 0.97734375 0.1265625 0.0453125 0.065625
0 0.8852275848283485 0.09570343768918547 0.07221496144333699 0.034193329734219444
0 0.4419200709486878 0.7397910040051696 0.06530362739018099 0.047755181985972686
0 0.37583160086747736 0.5959222856220021 0.0665657387412331 0.04316781153562203
0 0.5027736351052037 0.5491450200442985 0.0712532387412331 0.043468200184570094
0 0.48125 0.325 0.06875 0.0125
0 0.39263956662975125 0.6519114697674434 0.052142293337024984 0.060916516039128864
0 0.45498367057954764 0.8786928177002601 0.06287953423772627 0.05849242288667398
0 0.3760108760059051 0.5441595265227036 0.04326794108527139 0.06812823874123311
0 0.3616317936507919 0.7440593969730542 0.04931768198597268 0.06540375693983033
0 0.5011319895164255 0.5992451495939479 0.04775518198597286 0.06530362739018099
0 0.4376121051864141 0.6846028562569231 0.04326794108527139 0.06812823874123311
0 0.45954526681432134 0.5871666517534162 0.04160531153562204 0.06646560919158376
0 0.49273969617940044 0.656757260945 0.06822836829088245 0.044830441085271386
0 0.3484938386858598 0.9001091378737556 0.0710529796419344 0.04034320018457009
0 0.3564856138242874 0.8488470265227036 0.06746690468807692 0.05723031153562204
0 0.3840422239387218 0.4677972856220022 0.05819203423772627 0.05819203423772627
0 0.32359157310815617 0.7745689173311199 0.061016645588778215 0.05370479333702498
0 0.14696612122554303 0.6173410009228506 0.05214229333702489 0.060916516039128864
0 0.1599457850129186 0.5616917782207466 0.06404151603912896 0.052342552436323506
0 0.430379398523439 0.6260894494093778 0.062078497840531634 0.045992422886674156
0 0.27935951419342764 0.7058399012919908 0.06832849784053163 0.04639294108527139
0 0.11909954195274892 0.5135756508305656 0.07291586829088237 0.045130829734219446
0 0.11732058914728513 0.7127140576781108 0.04765505243632351 0.06374112739018098
0 0.14480523905500003 0.7489915191214479 0.04170544108527148 0.06802810919158375
0 0.24367803979328057 0.4791982557032126 0.05078005243632351 0.06394138648947952
0 0.3345266779808032 0.6528941764304185 0.06434190468807692 0.05703005243632351
0 0.4500539435585068 0.784241910852715 0.06892927513842757 0.05576794108527139
0 0.4315785579918779 0.4849638016611312 0.05809190468807692 0.05662953423772628
0 0.48731171653746613 0.6924945018457013 0.06732720234403847 0.030767941085271568
0 0.4204222100590611 0.5611257834625338 0.05516716378737563 0.05955427513842757
0 0.2626121051864141 0.6733883466961991 0.06939035009228504 0.03868057063492074
0 0.2895493491694344 0.3754514944444457 0.06832849784053163 0.04639294108527148
0 0.07366592844222852 0.46359663479143653 0.059854663787375625 0.059854663787375625
0 0.45125070789959276 0.5207406153562217 0.05672966378737563 0.05965440468807692
0 0.2043385302325566 0.6523959238095248 0.06898983189368782 0.03243057063492074
0 0.22792052283130096 0.8719865330011085 0.045030700184570095 0.07135336829088246
0 0.43410038556662905 0.37216341301218325 0.06414164558877822 0.05390505243632351
0 0.3842472732927263 0.7094235811184955 0.05799177513842757 0.05506703423772628
0 0.13867395743816752 0.6732906122739026 0.05955427513842757 0.05516716378737563
0 0.307882637264672 0.5790165854374321 0.04755492288667416 0.062178627390180985
0 0.058222598708009075 0.5332082279438913 0.05516716378737563 0.05955427513842757
0 0.19742480105204754 0.5154571283130316 0.043167811535622214 0.0665657387412331
0 0.5170154102436312 0.4982834268918438 0.04785531153562204 0.06686612739018098
0 0.20369818014027158 0.6868710533591742 0.0696907387412331 0.04336807063492074
0 0.06535517582133488 0.5932841347914366 0.06570414558877831 0.05400518198597286
0 0.2359075077150227 0.5759731261535632 0.04911742288667424 0.06227875693983016
0 0.2004754457179752 0.8106089420081222 0.06297966378737563 0.060054922886674154
0 0.21545770049833718 0.723709719306018 0.06959060919158375 0.04180557063492074
0 0.09997000771502265 0.5672618553340725 0.05829216378737563 0.059754534237726274
0 0.325689503396086 0.4970051218346267 0.043167811535622214 0.0665657387412331
0 0.28915362122554306 0.6264527899409389 0.04296755243632351 0.0634407387412331
0 0.2688645003137671 0.796164512643043 0.046292811535622036 0.06676599784053164
0 0.2686594509597625 0.5545382171465498 0.03994268198597286 0.0648029796419344
0 0.28330653455149324 0.7421779194905882 0.06364099784053164 0.04609255243632351
0 0.48512266502399326 0.4083803177002602 0.04941781153562221 0.06696625693983034
0 0.08831301203395933 0.6512363371354751 0.04619268198597286 0.06520349784053163
0 0.8278575709486878 0.8382285040051697 0.06530362739018099 0.047755181985972686
0 0.9152082880952376 0.3809957973421945 0.044930570634920744 0.06979086829088237
0 0.7617691008674774 0.6943597856220022 0.0665657387412331 0.04316781153562203
0 0.8887111351052036 0.6475825200442985 0.0712532387412331 0.043468200184570094
0 0.8680934562015498 0.4062170404023642 0.06999112739018098 0.04805557063492074
0 0.7785770666297512 0.7503489697674434 0.052142293337024984 0.060916516039128864
0 0.840625 0.9734375 0.0625 0.053125
0 0.7619483760059051 0.6425970265227037 0.04326794108527139 0.06812823874123311
0 0.7475692936507918 0.8424968969730543 0.04931768198597268 0.06540375693983033
0 0.8870694895164254 0.6976826495939479 0.04775518198597286 0.06530362739018099
0 0.8235496051864141 0.783040356256923 0.04326794108527139 0.06812823874123311
0 0.8454827668143213 0.6856041517534163 0.04160531153562204 0.06646560919158376
0 0.8786771961794004 0.755194760945 0.06822836829088245 0.044830441085271386
0 0.73359375 0.9890625 0.0703125 0.021875
0 0.7424231138242874 0.9472845265227037 0.06746690468807692 0.05723031153562204
0 0.7699797239387218 0.5662347856220021 0.05819203423772627 0.05819203423772627
0 0.7095290731081562 0.8730064173311198 0.061016645588778215 0.05370479333702498
0 0.8163168985234389 0.7245269494093778 0.062078497840531634 0.045992422886674156
0 0.6652970141934277 0.8042774012919909 0.06832849784053163 0.04639294108527139
0 0.63671875 0.57734375 0.0359375 0.0640625
0 0.7204641779808032 0.7513316764304185 0.06434190468807692 0.05703005243632351
0 0.8359914435585069 0.882679410852715 0.06892927513842757 0.05576794108527139
0 0.8175160579918778 0.5834013016611312 0.05809190468807692 0.05662953423772628
0 0.8732492165374662 0.7909320018457013 0.06732720234403847 0.030767941085271568
0 0.8063597100590612 0.6595632834625339 0.05516716378737563 0.05955427513842757
0 0.65078125 0.77109375 0.0640625 0.0390625
0 0.6754868491694344 0.4738889944444457 0.06832849784053163 0.04639294108527148
0 0.8371882078995927 0.6191781153562217 0.05672966378737563 0.05965440468807692
0 0.62734375 0.9671875 0.0171875 0.065625
0 0.820037885566629 0.4706009130121832 0.06414164558877822 0.05390505243632351
0 0.7701847732927263 0.8078610811184955 0.05799177513842757 0.05506703423772628
0 0.693820137264672 0.677454085437432 0.04755492288667416 0.062178627390180985
0 0.9029529102436312 0.5967209268918439 0.04785531153562204 0.06686612739018098
0 0.63203125 0.6734375 0.0265625 0.0625
0 0.62734375 0.82109375 0.0171875 0.0421875
0 0.711627003396086 0.5954426218346267 0.043167811535622214 0.0665657387412331
0 0.675091121225543 0.7248902899409388 0.04296755243632351 0.0634407387412331
0 0.6548020003137671 0.894602012643043 0.046292811535622036 0.06676599784053164
0 0.6545969509597624 0.6529757171465498 0.03994268198597286 0.0648029796419344
0 0.6692440345514933 0.840615419490588 0.06364099784053164 0.04609255243632351
0 0.8710601650239933 0.5068178177002601 0.04941781153562221 0.06696625693983034