0 0.021622674521543317 0.5141149586310891 0.032705492142117265 0.03143180718159222
0 0.5397177030575907 0.5614172055078311 0.022893844499482084 0.02200226502711473
0 0.5090841331652145 0.541277422330344 0.022893844499482084 0.02200226502711473
0 0.6063615475570726 0.5829104104264873 0.021258569892376046 0.020430674668035033
0 0.5101757522718025 0.564714922330344 0.022893844499482084 0.02200226502711473
0 0.6799788300220614 0.5527865731906656 0.022893844499482084 0.02200226502711473
0 0.652072153843379 0.5576376996540988 0.022893844499482084 0.02200226502711473
0 0.5561432237357551 0.578513801917035 0.021331344499482086 0.02199317466803503
0 0.52578125 0.60078125 0.0234375 0.0171875
0 0.5828512729499667 0.5814842658126815 0.021331344499482086 0.02199317466803503
0 0.5691868792362731 0.5565569886853184 0.021258569892376046 0.020430674668035033
0 0.6147904776646966 0.5625433682720096 0.021258569892376046 0.020430674668035033
0 0.5312159983428609 0.580221747662309 0.022893844499482084 0.02200226502711473
0 0.6087202601296852 0.5328831393492484 0.021258569892376046 0.020430674668035033
0 0.6364428457378271 0.4905229225267357 0.021331344499482086 0.02199317466803503
0 0.5840841331652145 0.5408410850945223 0.021258569892376046 0.020430674668035033
0 0.649418034736791 0.5342092900131783 0.022821069892376044 0.020439765027114733
0 0.5587202601296852 0.5331740308397962 0.021258569892376046 0.020430674668035033
0 0.6271106951997079 0.5921672357584523 0.022893844499482084 0.02200226502711473
0 0.48535553473679105 0.5351637777165383 0.022893844499482084 0.02200226502711473
0 0.6842639156302033 0.5105627117543472 0.022821069892376044 0.020439765027114733
0 0.6569008949520387 0.4935297478587007 0.021258569892376046 0.020430674668035033
0 0.5228897679875681 0.5021240187395477 0.022893844499482084 0.02200226502711473
0 0.52703361248705 0.5239808380213885 0.02282106989237622 0.020439765027114733
0 0.6269608378799443 0.521836555040293 0.021258569892376223 0.020430674668035033
0 0.4811389156302033 0.5117444584346975 0.022893844499482084 0.02200226502711473
0 0.5011603172017798 0.5053762837666624 0.021331344499482086 0.02199317466803503
0 0.48187096980681365 0.5945751391528568 0.022893844499482084 0.02200226502711473
0 0.33466202191650946 0.8302490187395477 0.08361732878371626 0.0848386083130606
0 0.3780438407754284 0.7549763079671592 0.09241013192686935 0.07239315046753828
0 0.3717639156302033 0.8550399404807166 0.08220037799792798 0.0879545179539809
0 0.3333049214211715 0.6333285669441497 0.09883991439185813 0.042751102262936234
0 0.3352698358130296 0.6755160669441497 0.09927656203449331 0.052126102262936236
0 0.12890625 0.9734375 0.0953125 0.053125
0 0.42109375 0.67421875 0.0359375 0.0859375
0 0.1890625 0.9546875 0.059375 0.090625
0 0.20198645491961748 0.6997353378249969 0.05465757485477489 0.10029089149054773
0 0.47077930438149823 0.6490444705349458 0.03761131596343468 0.03614657825883114
0 0.4984375 0.61953125 0.0375 0.0203125
0 0.6524017936281312 0.7902138503180287 0.0408818651776464 0.03928975897699054
0 0.5057879669113295 0.8973456151487517 0.04102741439185813 0.04241475897699054
0 0.60234375 0.61640625 0.0390625 0.0140625
0 0.45234375 0.7078125 0.0265625 0.0375
0 0.6406936980951918 0.6730627117543472 0.03917381596343468 0.03615566861791084
0 0.5984334234880861 0.6717456514494968 0.03761131596343468 0.03614657825883114
0 0.6852099855225793 0.7228172720591975 0.03924659057054072 0.037718168617910844
0 0.6208563870941559 0.7169399767814617 0.03761131596343468 0.03614657825883114
0 0.5988016046291673 0.7467638321676561 0.03917381596343468 0.03615566861791084
0 0.45546875 0.8890625 0.0328125 0.040625