0 0.465625 0.6765625 0.0171875 0.0171875
0 0.49375 0.684375 0.0171875 0.0171875
0 0.534375 0.665625 0.0171875 0.0171875
0 0.41875 0.659375 0.0171875 0.0171875
0 0.5328125 0.5875 0.0171875 0.015625
0 0.3734375 0.6234375 0.0171875 0.0171875
0 0.4921875 0.5921875 0.0171875 0.0171875
0 0.45 0.665625 0.0171875 0.0171875
0 0.490625 0.6609375 0.0171875 0.0171875
0 0.409375 0.615625 0.0171875 0.0171875
0 0.528125 0.6484375 0.0171875 0.015625
0 0.4578125 0.6453125 0.0171875 0.0171875
0 0.4515625 0.621875 0.0171875 0.0171875
0 0.578125 0.6375 0.0171875 0.015625
0 0.478125 0.640625 0.015625 0.0171875
0 0.475 0.621875 0.0171875 0.0171875
0 0.528125 0.603125 0.0171875 0.015625
0 0.4015625 0.634375 0.0171875 0.0171875
0 0.528125 0.63125 0.0171875 0.0171875
0 0.4890625 0.6125 0.0171875 0.0171875