0 0.0485489445127774 0.4190541576927672 0.06952553218308673 0.07998902837152996
0 0.06658838635079016 0.317809906439126 0.09121486188449897 0.05567098997087019
0 0.09618876901840956 0.40948058089144757 0.07108803218308672 0.08003449247815268
0 0.021875 0.3921875 0.04375 0.053125
0 0.01171875 0.41640625 0.0234375 0.0546875
0 0.03781925812264628 0.48293480126627647 0.07265053218308673 0.0800799565847754
0 0.01171875 0.45390625 0.0234375 0.0578125
0 0.5666647960057162 0.19961017273646203 0.026638909654926036 0.024164925705962938
0 0.7012254663043039 0.17847462179938994 0.02496714901126431 0.02255696159934022
0 0.6779300779367015 0.19815062430667235 0.02496714901126431 0.02255696159934022
0 0.6401022960057162 0.20174698574772804 0.025076409654926125 0.024119461599340218
0 0.731011519270511 0.24509983214508893 0.025076409654926125 0.024119461599340218
0 0.05460183858036309 0.926048303773559 0.046809298022528624 0.04502299498543501
0 0.1037277534310693 0.9400031551854848 0.046809298022528624 0.04502299498543501
0 0.02892413140711163 0.8454515216411054 0.046809298022528624 0.04502299498543501
0 0.4789562544394754 0.8272350675636126 0.06308986188449897 0.05485263605166182
0 0.8140853712676529 0.8933507787007343 0.063778276735205 0.04239810015828453
0 0.8564585415662407 0.8695328454729241 0.04041718639013112 0.06510817445232168
0 0.6387468816592132 0.9602701910788621 0.06366901609154337 0.04083560015828454
0 0.7707617061648453 0.9531516760351673 0.05796531930985207 0.04846624373179385
0 0.81484375 0.9765625 0.0421875 0.046875