0 0.07069087403768837 0.42355671642972925 0.04612472749876284 0.04556703005422928
0 0.5025207281761312 0.40732474589478346 0.04760534034363317 0.04401362041330899
0 0.11345158412359665 0.43473965612487897 0.04612472749876275 0.04556703005422928
0 0.09482997964646937 0.2284442043294809 0.04768722749876275 0.04557612041330898
0 0.15744724558898593 0.43968168617910824 0.04768722749876275 0.04557612041330898
0 0.2612539190401627 0.33406801131468156 0.04604284034363317 0.04400453005422946
0 0.28595294662978255 0.20924981849627383 0.04612472749876275 0.04556703005422928
0 0.5609375 0.45859375 0.015625 0.0453125
0 0.55 0.3265625 0.0375 0.04375
0 0.19073562188998175 0.15090098731057638 0.04612472749876275 0.04556703005422928
0 0.12326259610938424 0.32389305971567517 0.04768722749876275 0.04557612041330881
0 0.55625 0.27265625 0.025 0.0453125
0 0.0306789484388049 0.25618740924813693 0.04768722749876275 0.0455761204133089
0 0.3166717593837959 0.3781270835233885 0.04604284034363317 0.04400453005422929
0 0.40799836499257686 0.18340545686356363 0.04768722749876275 0.0455761204133089
0 0.24435194482076028 0.1605850595192834 0.04604284034363317 0.04400453005422929
0 0.16835601085413385 0.20075554156530254 0.04612472749876275 0.04556703005422928
0 0.2532156897323777 0.24029983059652227 0.04768722749876275 0.0455761204133089
0 0.4001725768875074 0.24271682435000633 0.04604284034363317 0.04400453005422929
0 0.3557608355939347 0.2596407039366974 0.046042840343633 0.04400453005422929
0 0.54609375 0.41484375 0.0453125 0.0421875
0 0.3565730630926975 0.30494411357761775 0.04604284034363317 0.04400453005422929
0 0.6827349298942966 0.28104196350286303 0.026228307326946344 0.023582945745273774
0 0.7879889959276701 0.32226692720211786 0.026228307326946254 0.023582945745273774
0 0.733055834462281 0.31726126463433124 0.026228307326946344 0.023582945745273774
0 0.6994997060135784 0.3326862767345796 0.024665807326946343 0.023573855386194255
0 0.851553528944357 0.3429430415653025 0.023021420171816586 0.02200226502711473
0 0.06972151628120078 0.7875737646343313 0.029517081637205768 0.026726126463433177
0 0.047341905245352846 0.8374283188890572 0.028036468792335522 0.02827953610435365
0 0.04341132179912473 0.7624283188890573 0.03132524310259503 0.0314227168225127
0 0.07779296585165944 0.7329498971478885 0.02787269448207601 0.025154536104353475
0 0.0388123530067892 0.734285138170898 0.02787269448207601 0.025154536104353475
0 0.9734375 0.984375 0.053125 0.03125
0 0.9875 0.740625 0.025 0.05