0 0.8573195370863121 0.5034660665977304 0.0314318071815924 0.031613626670908876
0 0.7662400191323313 0.5826455839433663 0.03300339754067192 0.03319430800445424
0 0.9875 0.4484375 0.025 0.03125
0 0.852186609491411 0.5800831105983668 0.0314318071815924 0.031613626670908876
0 0.9652683924725064 0.4787740545830948 0.0314318071815924 0.031613626670908876
0 0.95 0.61171875 0.03125 0.0140625
0 0.98828125 0.5234375 0.0234375 0.03125
0 0.8871343021134269 0.48124562126036696 0.0314318071815924 0.031613626670908876
0 0.9818104769778536 0.5895115599140949 0.0314408975406721 0.03317612667090888
0 0.932155910622879 0.5307183625875491 0.03143180718159222 0.031613626670908876
0 0.8812660971947708 0.4156933465945488 0.0314318071815924 0.031613626670908876
0 0.900669561286809 0.571706989258458 0.03143180718159222 0.031613626670908876
0 0.9482354285768599 0.4524115492520947 0.0314318071815924 0.031613626670908876
0 0.9490979709277294 0.5727058679185493 0.0314408975406721 0.03317612667090888
0 0.9214002178044713 0.4995956319223672 0.0314318071815924 0.031613626670908876
0 0.9611354043763631 0.38351609858373104 0.0314227168225127 0.030051126670908878
0 0.9421945068356912 0.4165467745862764 0.0314227168225127 0.030051126670908878
0 0.69453125 0.6046875 0.0328125 0.028125
0 0.05278657319066564 0.9497058146085481 0.0706670240041051 0.06175566000954511
0 0.02578125 0.98828125 0.0515625 0.0234375
0 0.084375 0.97734375 0.053125 0.0453125
0 0.1234375 0.97734375 0.05 0.0453125
0 0.165625 0.9734375 0.04375 0.053125
0 0.328125 0.9890625 0.040625 0.021875
0 0.32392629586691085 0.8043729439051862 0.0473204275949012 0.07710794000636341
0 0.41454220550783116 0.8048809265595505 0.08303975897699054 0.04002611067790855
0 0.93359375 0.63359375 0.0515625 0.0296875