0 0.7703125 0.8375 0.046875 0.046875
0 0.521875 0.6484375 0.0453125 0.046875
0 0.428125 0.834375 0.046875 0.05
0 0.4 0.7140625 0.0484375 0.0484375
0 0.696875 0.6796875 0.0453125 0.046875
0 0.64375 0.6859375 0.0453125 0.0453125
0 0.7125 0.7671875 0.0484375 0.046875
0 0.60625 0.715625 0.04375 0.0453125
0 0.509375 0.840625 0.046875 0.046875
0 0.65625 0.8390625 0.046875 0.0484375
0 0.5609375 0.8375 0.046875 0.0484375
0 0.6796875 0.721875 0.0453125 0.0453125
0 0.6078125 0.840625 0.0453125 0.046875
0 0.675 0.8 0.0453125 0.0453125
0 0.571875 0.675 0.0453125 0.046875
0 0.565625 0.7328125 0.0453125 0.0484375
0 0.6484375 0.7625 0.0421875 0.0453125
0 0.53125 0.7015625 0.0453125 0.046875
0 0.5859375 0.8 0.04375 0.04375
0 0.546875 0.7734375 0.0453125 0.0484375
0 0.190625 0.4875 0.046875 0.046875
0 0.603125 0.7609375 0.04375 0.0453125
0 0.5078125 0.79375 0.04375 0.0453125