0 0.221875 0.0296875 0.090625 0.059375
0 0.0624757507929695 0.06932988216341629 0.06658771370395292 0.11207366510280767
0 0.20197426277875713 0.1701061423028749 0.06058337516934209 0.11632412252816078
0 0.41328125 0.0234375 0.1046875 0.046875
0 0.34296875 0.0203125 0.0890625 0.040625
0 0.49324771596726047 0.10770542322545396 0.06954893939369348 0.10916718639013112
0 0.3996128233850637 0.2605897586268494 0.11133364767057934 0.07472648441265975
0 0.3972734746736878 0.09729208313248154 0.09381195499752551 0.09685285668871887
0 0.07747222976207033 0.19905023315215206 0.08961577792830414 0.10590007475773362
0 0.0109375 0.19921875 0.021875 0.1078125
0 0.47608679217739935 0.22722024773108612 0.05433337516934209 0.1158870799535137
0 0.6496016938047076 0.24074715219023202 0.029517081637205678 0.028529191585911207
0 0.6744644957045869 0.36043693931699733 0.02959896879233561 0.030091691585911205
0 0.6307211397571215 0.39307447669586415 0.02959896879233561 0.030091691585911205
0 0.22775327001484635 0.6239638437761432 0.04439845318850324 0.04513753737886681
0 0.2999071517429092 0.7621415509493948 0.04275406603337366 0.043465776735205
0 0.009375 0.5921875 0.01875 0.046875
0 0.07440918475959597 0.7576718442803463 0.046042840343633 0.046809298022528624
0 0.15013952510322906 0.7087865940282448 0.04596095318850324 0.04524679802252862
0 0.16298700588135215 0.7903972269479658 0.044480340343633 0.04670003737886681
0 0.3515625 0.4265625 0.046875 0.015625
0 0.37048075983808104 0.45519242842123403 0.04612472749876275 0.048371798022528625
0 0.3425859746736877 0.7498165135705279 0.046042840343633 0.046809298022528624
0 0.03407851311744139 0.6063714242338601 0.04604284034363308 0.046809298022528624
0 0.22278688828678347 0.48108792892543717 0.04283595318850324 0.045028276735205174
0 0.3298756919956851 0.546767923225454 0.04439845318850324 0.04513753737886681
0 0.25585169380470757 0.5036841947648789 0.04448034034363317 0.04670003737886681
0 0.10065078019161167 0.7916426526944351 0.044480340343633 0.04670003737886681
0 0.30667056535600495 0.48456285416770345 0.04604284034363317 0.046809298022528624
0 0.19424364993388687 0.8177902534310693 0.044480340343633 0.04670003737886681
0 0.01796875 0.48125 0.0359375 0.046875
0 0.11435915536095376 0.6785963494761263 0.04448034034363317 0.04670003737886681
0 0.09392490389061577 0.5041098017056994 0.044480340343633 0.04670003737886681
0 0.2555108570791191 0.4507777160522024 0.04439845318850324 0.04513753737886681
0 0.0296499626879001 0.6611681848775218 0.046042840343633 0.046809298022528624
0 0.20307417458283067 0.5898837747183927 0.04439845318850324 0.04513753737886681
0 0.3205958672558843 0.6050174658001009 0.04604284034363317 0.046809298022528624
0 0.11003458276885958 0.4640639559127438 0.04275406603337366 0.04346577673520509
0 0.07076628561867859 0.6489524081423168 0.04604284034363308 0.046809298022528624
0 0.05231725802905873 0.5257005784409045 0.04604284034363308 0.046809298022528624
0 0.29672899932263147 0.5257341573860121 0.044480340343633 0.04670003737886681
0 0.3065798756236274 0.8130484870874243 0.04456222749876275 0.04826253737886681
0 0.2569760232942067 0.7495758489719233 0.04439845318850324 0.04513753737886681
0 0.18628946630594462 0.5536949024423337 0.04448034034363317 0.04670003737886681
0 0.07503106173796041 0.597280647498655 0.046042840343633 0.046809298022528624
0 0.07168033243017531 0.6909213868549933 0.04596095318850324 0.04524679802252862
0 0.37767802691225133 0.644615561340955 0.04596095318850324 0.04524679802252862
0 0.03464507915081496 0.5658556848775218 0.046042840343633 0.046809298022528624
0 0.22721328019161166 0.7827925405578345 0.044480340343633 0.04670003737886681
0 0.34507796811496705 0.4943313380761601 0.04275406603337366 0.04346577673520517
0 0.15651343509828025 0.5277551153155683 0.04439845318850324 0.04513753737886681
0 0.32554231682634305 0.6591586625817921 0.042672178878243726 0.041903276735205
0 0.2140625 0.43203125 0.04375 0.0265625
0 0.11235399932263146 0.5386269133380969 0.04439845318850324 0.04513753737886681
0 0.4019830653560049 0.47789795490433756 0.04604284034363317 0.046809298022528624
0 0.22810075079296954 0.7064485618451581 0.04439845318850324 0.04513753737886681
0 0.12029489484550418 0.743565785614156 0.04448034034363317 0.04670003737886681
0 0.015625 0.521875 0.03125 0.04375
0 0.15300557553277033 0.6540990940282448 0.04439845318850324 0.04513753737886681
0 0.23981509950434549 0.8690906734775556 0.04456222749876275 0.04826253737886681
0 0.16983014812486452 0.8677574024423336 0.042917840343633176 0.046590776735204995
0 0.14375232700310842 0.8306615940282448 0.04448034034363317 0.04670003737886681
0 0.28175693803895624 0.8708281360986886 0.04456222749876275 0.04826253737886681
0 0.3652333378572422 0.5256141890648958 0.04275406603337366 0.04346577673520517
0 0.2643104884684976 0.8175610244662913 0.042917840343632996 0.046590776735205175
0 0.11672723880718187 0.6037056101197882 0.042672178878243726 0.041903276735205
0 0.23508109113660253 0.6623707799141728 0.042672178878243726 0.04190327673520518
0 0.6842356433751662 0.5026672700268158 0.027954581637205766 0.028419930942249393
0 0.7279856433751661 0.49960797200428714 0.02293953301668674 0.02184214901126431
0 0.9008698654468621 0.5871522586268494 0.023021420171816586 0.023404649011264312
0 0.7747168012225109 0.5881898707634499 0.023021420171816586 0.023404649011264312
0 0.8637040581199157 0.6131027534310693 0.023021420171816586 0.023404649011264312
0 0.8168290581199157 0.6163805727409214 0.023021420171816586 0.023404649011264312
0 0.8039882213943272 0.5643481791775387 0.023021420171816586 0.023404649011264312
0 0.8797119176854256 0.48588468956909886 0.023021420171816586 0.023404649011264312
0 0.8836270545018712 0.7082295831324815 0.023103307326946165 0.02496714901126431