0 0.27196017307047365 0.29906204237572354 0.023058068401734032 0.021586573663405773
0 0.2550610994070678 0.278097094992442 0.023058068401734032 0.021586573663405773
0 0.3294394731269434 0.23613783717052134 0.021495568401734035 0.021495568401734035
0 0.30478808362205223 0.27049742661894277 0.021495568401734035 0.021495568401734035
0 0.35994602048199004 0.24847123719875625 0.02158657366340595 0.023058068401734032
0 0.2638144731269434 0.239960058160739 0.021495568401734035 0.021495568401734035
0 0.22429694681858417 0.23442268970253527 0.021495568401734035 0.021495568401734035
0 0.2540292204255203 0.3142166055157857 0.02314907366340595 0.02314907366340595
0 0.304075452080256 0.23134392135727094 0.021495568401734035 0.021495568401734035
0 0.26217637841685015 0.21183505816073903 0.021495568401734035 0.021495568401734035
0 0.28321692051022496 0.223151989759005 0.021495568401734035 0.021495568401734035
0 0.28596248891195897 0.24337348449733315 0.021495568401734035 0.021495568401734035
0 0.3829424466774098 0.3741236845820378 0.023149073663405774 0.023149073663405774
0 0.7671875 0.009375 0.046875 0.01875
0 0.8377671835938173 0.20244756370475958 0.07662268415851478 0.058964747298576904
0 0.8100216151920833 0.18368215315318093 0.07818518415851479 0.05905575256024882
0 0.740625 0.00859375 0.053125 0.0171875
0 0.8049855046969745 0.15105166367652467 0.0805821420651398 0.046737763083592475
0 0.840625 0.01796875 0.05625 0.0359375
0 0.8002686416416169 0.043148158414852845 0.05574874203690498 0.07487817363517095
0 0.8890412572572233 0.22141039533126036 0.04066977360693613 0.0833431210184525
0 0.7565186416416169 0.04569630574166457 0.0738617052052021 0.06503273677523325
0 0.8241288887990195 0.2643861215831499 0.048391268345264395 0.08223564732681173
0 0.9146041574266324 0.04119227431280788 0.04039675782192056 0.0786556210184525
0 0.8313366311182733 0.038203053181415925 0.055657736775233245 0.07331567363517096
0 0.8718089836502871 0.14088843742463517 0.04030575256024882 0.07709312101845249
0 0.8548343152767879 0.0917074847796818 0.06944722099021768 0.06944722099021768
0 0.8539073940606914 0.2642195216113848 0.04526626834526439 0.08205363680346807
0 0.8750235308641594 0.3037524584713226 0.04691977360693613 0.08370714206513999
0 0.7571696309770989 0.19146383205002387 0.03763577886860805 0.08472361049510883
0 0.8969153994635375 0.11434134797621373 0.03414675782192056 0.07829159997176519
0 0.86015625 0.0109375 0.0578125 0.021875
0 0.36299542577189675 0.7355470319935542 0.04464464206513998 0.04464464206513981
0 0.3822929153897274 0.5823464372834608 0.044553636803468064 0.04308214206513998
0 0.4073516415004425 0.7972433951900861 0.0447356473268119 0.0462071420651398
0 0.40530475213672573 0.6813453794050706 0.04299113680346807 0.04299113680346807
0 0.43203125 0.64765625 0.0359375 0.0421875
0 0.4453125 0.80234375 0.009375 0.0453125
0 0.4328125 0.76015625 0.034375 0.0421875
0 0.43984375 0.721875 0.0203125 0.04375
0 0.3628735994070678 0.7872915425168978 0.044553636803468064 0.04308214206513998
0 0.42734375 0.56640625 0.0421875 0.0328125
0 0.36017426266006947 0.6871095319935542 0.04299113680346807 0.04299113680346807
0 0.43125 0.60234375 0.0375 0.0421875
0 0.4095064047252094 0.7265668741433986 0.04299113680346807 0.04299113680346807
0 0.753125 0.5859375 0.178125 0.071875
0 0.79375 0.625 0.1625 0.15
0 0.6745391415004426 0.7499287794333054 0.1624075366905286 0.16829351564384112
0 0.9484375 0.6296875 0.103125 0.159375
0 0.49921875 0.66796875 0.0984375 0.1734375
0 0.6921875 0.9515625 0.140625 0.096875
0 0.51484375 0.834375 0.1296875 0.178125
0 0.8935761097892371 0.8767055691076058 0.1874537683452644 0.0903351156156063
0 0.8390625 0.65234375 0.16875 0.2046875