0 0.6515625 0.6890625 0.0234375 0.025
0 0.70625 0.5234375 0.0265625 0.0265625
0 0.696875 0.6875 0.0234375 0.025
0 0.675 0.6875 0.0234375 0.025
0 0.7390625 0.51875 0.0265625 0.0265625
0 0.625 0.6875 0.025 0.025
0 0.6734375 0.6390625 0.025 0.025
0 0.6421875 0.665625 0.025 0.025
0 0.6859375 0.55 0.0265625 0.0265625
0 0.7453125 0.571875 0.028125 0.0265625
0 0.7375 0.5984375 0.028125 0.0265625
0 0.721875 0.6859375 0.025 0.025
0 0.728125 0.6390625 0.0265625 0.025
0 0.7046875 0.6296875 0.025 0.025
0 0.69375 0.5984375 0.0265625 0.025
0 0.646875 0.6421875 0.025 0.025
0 0.6796875 0.6625 0.025 0.025
0 0.66875 0.6140625 0.025 0.025
0 0.7109375 0.5625 0.025 0.025
0 0.725 0.54375 0.0265625 0.0265625