0 0.14041800056469728 0.4141183100151161 0.06457771046687384 0.0660492052052021
0 0.24014352673188225 0.26314661519208327 0.061179694681858444 0.061179694681858264
0 0.23522924260160244 0.3475216151920833 0.06439569994353037 0.0629242052052021
0 0.2619135689664314 0.4008132151638485 0.06265118942018652 0.05970819994353036
0 0.03809517932036588 0.20591242591307105 0.06274219468185845 0.06127069994353036
0 0.09114458461027261 0.23722261007158582 0.0644867052052021 0.0644867052052021
0 0.17109375 0.0203125 0.0640625 0.040625
0 0.50625 0.41953125 0.075 0.0984375
0 0.5939672057698995 0.3551073310618035 0.12733531570031092 0.1008484104104042
0 0.48046875 0.2234375 0.0234375 0.134375
0 0.5345907477220999 0.19016559954824208 0.10544490514873246 0.1260458314853265
0 0.5740466318241448 0.07801421004335092 0.08273544724210709 0.1371807525602488
0 0.52578125 0.284375 0.1140625 0.115625
0 0.03125 0.4890625 0.0625 0.040625
0 0.01015625 0.5125 0.0203125 0.040625
0 0.046875 0.4734375 0.0625 0.009375
0 0.07131939006958854 0.8853408626318346 0.038197220990217676 0.06762711575678075
0 0.04501157920742642 0.5294857047816791 0.06330363680346807 0.0441742052052021
0 0.11897970022587892 0.49773444681858414 0.0666106473268119 0.04748121572854576
0 0.06489987400222433 0.5917882837067567 0.062196163111827296 0.05189569994353027
0 0.15227804763739528 0.5451400678370366 0.0488617052052021 0.06357665258848363
0 0.07301621089039693 0.6408628205384598 0.05621917889684287 0.05621917889684287
0 0.13440873719875626 0.6365995257436619 0.04867969468185827 0.06045165258848364
0 0.01171875 0.6390625 0.0234375 0.059375
0 0.22066402659070797 0.555394299350598 0.03975972099021767 0.0677181210184525
0 0.2432978897872399 0.5974753835373476 0.06762711575678075 0.038197220990217676
0 0.17178836888172686 0.7485226730704737 0.06099768415851479 0.05805469468185844
0 0.06763148990017935 0.7063968152767879 0.05162268415851479 0.0575086631118273
0 0.1834076793203659 0.656699194117161 0.06072466837349921 0.053367194681858444
0 0.02109375 0.5796875 0.0421875 0.04375
0 0.23551621089039704 0.6503273677523321 0.06891659997176518 0.03360072625188941
0 0.11268492661894278 0.5788934415569124 0.03966871572854576 0.06615562101845249
0 0.06188420591107384 0.9396643415851471 0.04591871572854593 0.0665196420651398
0 0.18093366865584787 0.5107496572854581 0.06339464206513998 0.0457367052052021
0 0.09375 0.98203125 0.046875 0.0359375
0 0.17958400028234872 0.56084066254713 0.050515210466873836 0.06523015785015547
0 0.18849147951800999 0.8655127519955513 0.05033319994353036 0.06210515785015538
0 0.10094670591107384 0.9419394731269435 0.04895271046687384 0.06513915258848364
0 0.10725689006958854 0.8874339836502871 0.042793715728545755 0.06633763154179632
0 0.027234732078258706 0.7808661942583355 0.03507222099021767 0.06744510523343691
0 0.0807237531249461 0.7777103731551783 0.06615562101845249 0.03966871572854593
0 0.021875 0.8328125 0.04375 0.053125
0 0.23824782678835205 0.7649358993223632 0.04095819994353036 0.06155912628012441
0 0.14296875 0.97578125 0.0578125 0.0484375
0 0.23706330033881837 0.6237648677523321 0.06873458944842134 0.0304757262518895
0 0.02578125 0.62109375 0.0515625 0.0546875
0 0.155041942686307 0.8745391415004425 0.0457367052052021 0.06339464206513981
0 0.0078125 0.74375 0.015625 0.0625
0 0.17421875 0.9859375 0.0421875 0.028125
0 0.02421875 0.98828125 0.0484375 0.0234375
0 0.2578125 0.49609375 0.053125 0.0546875
0 0.03501786902290114 0.889497741613382 0.03810621572854576 0.06606461575678076
0 0.23764161105980613 0.829180409845707 0.034890210466873836 0.06432010523343692
0 0.20693764262983727 0.8179853046122698 0.039577710466874014 0.06459312101845249
0 0.09892626350711549 0.6266939047252094 0.042793715728545935 0.06633763154179614
0 0.1614431321064936 0.8184711520237862 0.06099768415851479 0.05805469468185844
0 0.2266439269012915 0.8834128835373477 0.04757222099021767 0.0681731473268119
0 0.15440344780680454 0.7239931099304115 0.0697356473268119 0.047663226251889415
0 0.1302070846102726 0.68182102048199 0.05465667889684287 0.056128173635170954
0 0.2585280476373953 0.5513284256307224 0.04877069994353036 0.06201415258848364
0 0.0542816214419755 0.6664242626600695 0.0677181210184525 0.03975972099021767
0 0.10215913736816544 0.813450452080256 0.06624662628012441 0.04123121572854575
0 0.10355503739640035 0.8433199626035996 0.06744510523343691 0.03507222099021767
0 0.11039584257336754 0.7527859678652715 0.06330363680346807 0.0441742052052021
0 0.05639161105980613 0.8186237994917723 0.04095819994353036 0.061559126280124235
0 0.10859375 0.4796875 0.0671875 0.021875
0 0.07459266339417603 0.5061237994917723 0.04114021046687384 0.0646841262801244
0 0.13770325326612037 0.929970094145396 0.03957771046687384 0.06459312101845249
0 0.22955317917919152 0.5104458203972854 0.05621917889684287 0.05621917889684287
0 0.009375 0.9296875 0.01875 0.046875
0 0.02109375 0.95625 0.0421875 0.053125
0 0.19909432152668013 0.7642232677805669 0.05024219468185844 0.060542657850155376
0 0.05129385835838311 0.7446402679217413 0.06330363680346807 0.0441742052052021
0 0.120284594992442 0.5291664573419278 0.05934417889684287 0.05640118942018653
0 0.10099002147021041 0.6989329257718968 0.04399219468185844 0.060178636803468064
0 0.027370510946866666 0.6977806784733198 0.053276189420186526 0.05916216837349921
0 0.06497546871231759 0.5635722784450851 0.06366765785015538 0.0504242052052021
0 0.20423830588283903 0.9181673151356137 0.06679265785015538 0.050606215728545935
0 0.1428597320782587 0.7876005836220522 0.06780912628012441 0.04132222099021767
0 0.01171875 0.86640625 0.0234375 0.0609375
0 0.18953585295553693 0.6053187046405049 0.0394867052052021 0.06303062101845258
0 0.0203125 0.55 0.040625 0.040625
0 0.17533757408692888 0.6875851730704736 0.0575086631118273 0.05162268415851479
0 0.1503823476938651 0.6046060730987085 0.04739021046687384 0.06504814732681181
0 0.17578125 0.4828125 0.0640625 0.028125
0 0.0546875 0.98046875 0.053125 0.0390625
0 0.18688420591107385 0.9469447625188951 0.07075211575678075 0.03837923151356133
0 0.23342308987194443 0.6862648677523321 0.06937162628012442 0.04141322625188941
0 0.21328125 0.978125 0.0453125 0.04375
0 0.22847798463850744 0.7173328572289884 0.06633763154179632 0.042793715728545935
0 0.48515625 0.653125 0.0328125 0.046875
0 0.7685430005646974 0.7381634837914615 0.04629814732681172 0.0462981473268119
0 0.48203125 0.7015625 0.0265625 0.046875
0 0.9123377741716336 0.665012952080256 0.04308214206513998 0.044553636803468064
0 0.98203125 0.49296875 0.0359375 0.0453125
0 0.8941646268448217 0.7078528994635376 0.04464464206513981 0.04464464206513981
0 0.9623377741716336 0.6679251204537552 0.04464464206513998 0.04464464206513981
0 0.8507030531814159 0.7272707573983975 0.04473564732681172 0.0462071420651398
0 0.930404505685195 0.5970819994353027 0.0447356473268119 0.0462071420651398
0 0.7873377741716335 0.6577325311465081 0.04464464206513998 0.04464464206513981
0 0.8049201163214781 0.7057905995482421 0.04308214206513998 0.044553636803468064
0 0.8585757373399305 0.6728562731834131 0.04464464206513981 0.04464464206513981
0 0.48984375 0.5109375 0.0421875 0.04375
0 0.7838781161803037 0.555623999576477 0.04308214206513998 0.044553636803468064
0 0.9074976267036474 0.5596884152485531 0.0447356473268119 0.0462071420651398
0 0.98125 0.54453125 0.0375 0.0453125
0 0.7691198532378856 0.7820954943148051 0.04620714206513998 0.0447356473268119
0 0.7797674688534919 0.599282994314805 0.04464464206513981 0.04464464206513981
0 0.8815134374246352 0.7635568678935064 0.04620714206513998 0.0447356473268119
0 0.7421162794333054 0.6535308785580245 0.04308214206513998 0.044553636803468064
0 0.8425727637894642 0.8130262468750539 0.04629814732681172 0.04629814732681172
0 0.8255041740586939 0.5408026363799451 0.04464464206513981 0.04464464206513998
0 0.8404334111162759 0.7690032310900383 0.0447356473268119 0.0462071420651398
0 0.8865047743128078 0.8124493942018656 0.0462981473268119 0.0462981473268119
0 0.772636779292131 0.5063674522214303 0.04464464206513981 0.04464464206513998
0 0.690625 0.48515625 0.04375 0.0328125
0 0.8245339372834609 0.6112971469032887 0.0447356473268119 0.0462071420651398
0 0.6757646953877301 0.8236921891378379 0.04629814732681172 0.04629814732681172
0 0.8843793741433986 0.6335963521084909 0.044553636803468064 0.04308214206513981
0 0.8745787108903971 0.5326862994917724 0.04308214206513981 0.044553636803468064
0 0.9114600007058717 0.8954284941736308 0.04638915258848364 0.0478606473268119
0 0.7218177319370843 0.5175177838479311 0.044553636803468064 0.04308214206513998