0 0.05988226094499991 0.5477592102257 0.0382404796419344 0.036564791395857735
0 0.1328125 0.59921875 0.0375 0.0203125
0 0.21484375 0.60390625 0.0359375 0.0109375
0 0.8104038926541175 0.5239865194784652 0.06973031153562222 0.0652079886359143
0 0.9610862106681448 0.4641865998345489 0.05753070018457009 0.06967730032431163
0 0.8615077128276131 0.42030814041962783 0.08132914558877827 0.05136367694751698
0 0.6607090715577715 0.28257849512873606 0.07618057063492076 0.06844208279171564
0 0.7785321313953506 0.5624490016215578 0.07527940468807692 0.05437958279171564
0 0.876150006164638 0.4783115551922803 0.07391716378737563 0.057477309252765355
0 0.8561217011074207 0.2875501874975286 0.06095608883351815 0.0744193474022122
0 0.84140625 0.59921875 0.0796875 0.0203125
0 0.7779943059800678 0.4079251428552599 0.07850453423772627 0.0559966298696164
0 0.9209198904946494 0.5680558936660388 0.0679675524363235 0.06205571509696384
0 0.6775146421926923 0.3499841834403387 0.05959384793281677 0.07751707386326193
0 0.8417144494093778 0.5011217637964224 0.06766716378737554 0.05736821509696384
0 0.7904733220191968 0.4565262840889619 0.059193329734219445 0.07126707386326192
0 0.7389108220191968 0.4556262573036006 0.0530434592838688 0.07272047970746058
0 0.6893509130121831 0.48597623051823946 0.07810401603912895 0.0497466298696164
0 0.6899774645256561 0.20349101298564348 0.08641716378737554 0.05769549756436802
0 0.6759707310262104 0.4233125892845374 0.07149307063492075 0.0683602621748646
0 0.97734375 0.59609375 0.0453125 0.0265625
0 0.7525380212809163 0.18117172808260745 0.07043121838316742 0.0761454886359143
0 0.6437380243632352 0.4804977978886796 0.043768588833518106 0.07411933847375848
0 0.97265625 0.55078125 0.0546875 0.0671875
0 0.8968420404023643 0.533299064120734 0.0708922933370248 0.05898526217486477
0 0.09718200184570129 0.8781945527566484 0.03395349784053163 0.04273297077900686
0 0.2616869879660406 0.7905423685022352 0.03804022054263569 0.03343979139585791
0 0.12196075878553163 0.9238888823019529 0.030928627390180985 0.044240923701106105
0 0.13925317858988678 0.6822741266199102 0.030728368290882456 0.0411159237011061
0 0.21945752004429853 0.8865718887947747 0.03521560919158375 0.03807274431795715
0 0.1934748133813235 0.9438661915547183 0.030928627390181162 0.044240923701106286
0 0.2591022085086764 0.8232730478853842 0.03804022054263569 0.03343979139585773
0 0.2687590083241062 0.7547685097359373 0.030528109191583754 0.03799092370110611
0 0.2475429472499094 0.8620900860348313 0.04398983189368781 0.028861385551659246
0 0.256480251384276 0.7092923685022353 0.041165220542635696 0.03349433847375849
0 0.20571639265411754 0.8426309740221225 0.03385336829088246 0.04117047077900686
0 0.22715369678848418 0.6900514448011291 0.03229086829088246 0.0411431972400564
0 0.15869929518272619 0.9370161736978109 0.029466256939830338 0.04577615016215582
0 0.24107649444444562 0.6637616801906325 0.0366779796419344 0.03653751785690744
0 0.15 0.62578125 0.03125 0.0328125
0 0.16409009715762438 0.8262968620094135 0.0398029796419344 0.03659206493480802
0 0.1939382834625339 0.8049673327884204 0.041165220542635696 0.03349433847375849
0 0.20842468074935513 0.6413412094116258 0.04232720234403846 0.02727161201270878
0 0.17577047192691175 0.7406593709378673 0.04388970234403846 0.027298885551659068
0 0.10117099012550898 0.745600241068251 0.03229086829088246 0.0411431972400564
0 0.17258252004429853 0.8857536826262645 0.04262759099298634 0.03195911201270896
0 0.2123087492248077 0.7506616623337251 0.03365310919158375 0.038045470779006864
0 0.23496140653377823 0.9336650771063775 0.04242733189368782 0.028834112012708957
0 0.22849495372831444 0.7353366712621788 0.03521560919158375 0.03807274431795715
0 0.10297571714654978 0.6519866087630026 0.039602720542635694 0.03346706493480802
0 0.17388899444444564 0.662588918015768 0.04378957279438911 0.025736385551659247
0 0.10668051048357459 0.7097991087630027 0.041165220542635696 0.03349433847375849
0 0.12265625 0.615625 0.0296875 0.0125
0 0.2887525308416402 0.6770798863591427 0.03501535009228505 0.03494774431795715
0 0.2625 0.62421875 0.028125 0.0296875
0 0.8620269494093777 0.9627798327884204 0.03858044108527139 0.06622501785690744
0 0.7238913895717987 0.6825547702892442 0.06646560919158376 0.03861821509696393
0 0.79140625 0.61875 0.0640625 0.01875
0 0.8198652236249547 0.6701832297041652 0.062479016039128865 0.04947389448011297
0 0.9 0.6296875 0.05 0.040625
0 0.7547990330011085 0.7751786469124496 0.038480311535622216 0.06466251785690744
0 0.8339067396640836 0.7188116444768177 0.05652940468807692 0.05405230032431154
0 0.6767321946290158 0.8721433758091311 0.052442681985972864 0.06334547970746059
0 0.7448418445367307 0.8389956850618965 0.04463018198597268 0.06320911201270896
0 0.894343591915837 0.712062812495881 0.04901729333702498 0.058603432629559915
0 0.7591069987633823 0.7206275146072013 0.05360466378737563 0.057122753246410876
0 0.6925598488556673 0.7538024788933864 0.06959060919158375 0.038672762174864775
0 0.96953125 0.634375 0.0390625 0.05
0 0.98125 0.66796875 0.0375 0.0359375
0 0.9451026603912895 0.8222014715864905 0.061317034237726276 0.05569662094116268
0 0.8365496807493551 0.7844093709378673 0.051942034237726274 0.055532979707460586
0 0.9454450169619797 0.7301230657422918 0.061016645588778215 0.05100912094116268
0 0.7206033081395361 0.8260865819776415 0.052142293337024984 0.05865797970746058
0 0.7631145758767082 0.661388882301953 0.06666586829088228 0.04174321509696392
0 0.98046875 0.7203125 0.0390625 0.03125
0 0.8657389281284615 0.6553764358726755 0.04004281153562204 0.06468979139585782
0 0.6199629580472511 0.78999334902377 0.05849242288667415 0.06032957386326192
0 0.85859375 0.9921875 0.0453125 0.015625
0 0.7056000693983032 0.7868058936660388 0.0665657387412331 0.04018071509696384
0 0.6677786967884841 0.8298467816533298 0.04921755243632351 0.06172843262956
0 0.7333011721114818 0.9511684025944925 0.06762759099298635 0.03239548863591431
0 0.92890625 0.6375 0.0515625 0.05625
0 0.6971891872277601 0.6555558936660387 0.06782785009228505 0.0355204886359143
0 0.975 0.9375 0.05 0.059375
0 0.667420146511629 0.7268308758091313 0.06530362739018099 0.04484094155801355
0 0.89765625 0.99296875 0.0484375 0.0140625
0 0.8979644494093778 0.9634071241842783 0.043167811535622214 0.06474433847375849
0 0.8055185286821718 0.8603445795420095 0.03545544108527139 0.06617047077900687
0 0.8582430104835745 0.8550218798663209 0.0663654796419344 0.037055715096964016
0 0.8011104333702488 0.9133332118472577 0.05632914558877822 0.05092730032431163
0 0.7140625 0.98359375 0.053125 0.0328125
0 0.6150542149870815 0.8351694813290184 0.05088018198597286 0.06331820616851011
0 0.9796875 0.69375 0.040625 0.028125
0 0.7844679441675905 0.7023411647693572 0.05486677513842757 0.05246252678536116
0 0.9438381539128844 0.9486003303527883 0.04609255243632351 0.06167388555165907
0 0.7767531785898869 0.8255059293798537 0.027342552436323508 0.06134660308425506
0 0.82578125 0.96796875 0.0390625 0.0640625
0 0.98359375 0.8890625 0.0328125 0.0625
0 0.68515625 0.62890625 0.0640625 0.0390625
0 0.6170196283130316 0.7197081225627204 0.03233044108527148 0.06611592370110611
0 0.8579054441675904 0.7036230211000231 0.04316781153562203 0.06474433847375849
0 0.943358490125509 0.892404877430689 0.061317034237726276 0.05569662094116268
0 0.9248507171465498 0.7984366891190863 0.06999112739018098 0.04492276217486477
0 0.8956848488556673 0.7573480389569305 0.054966904688076926 0.05402502678536116
0 0.990625 0.63046875 0.01875 0.0421875
0 0.631177467607975 0.96499334902377 0.06141716378737554 0.05725912094116268
0 0.8184214420081222 0.7450741355483639 0.0679279796419344 0.037082988635914305
0 0.8838833605758596 0.8898059829505762 0.06646560919158376 0.03861821509696384
0 0.8889108220191968 0.9195480300284767 0.06762759099298635 0.03239548863591431
0 0.8846658081395361 0.8289503035674273 0.06354086829088246 0.041688668019063256
0 0.8390715083241063 0.8968275503210161 0.04130492288667433 0.0600295649348082
0 0.7001091378737556 0.8959627053544359 0.05370479333702498 0.05868525324641087
0 0.9328125 0.9859375 0.040625 0.028125
0 0.6334270758767081 0.6591251785690748 0.061016645588778215 0.0510091209411625
0 0.6605297964193438 0.6923740551922802 0.0655038864894796 0.04796594155801355
0 0.6764503948135859 0.9408115551922801 0.04775518198597286 0.06326365909060953
0 0.7828125 0.99375 0.065625 0.0125
0 0.63359375 0.62421875 0.0640625 0.0296875
0 0.9741288263381334 0.8367548952875966 0.05057979333702498 0.05863070616851011
0 0.8249904194905883 0.8232264090873143 0.06354086829088246 0.041688668019063256
0 0.6228853038205995 0.9086615284069189 0.061016645588778215 0.05100912094116268
0 0.86640625 0.6203125 0.0609375 0.021875
0 0.8687614034514592 0.7756071152558244 0.044329793337024984 0.05852161201270896
0 0.7955241625507579 0.7774502589251584 0.05360466378737563 0.057122753246410876
0 0.8165003917312669 0.6420309561652149 0.06394138648947952 0.047938668019063255
0 0.98203125 0.9828125 0.0359375 0.034375
0 0.9211435286821719 0.8623628214243346 0.06802810919158375 0.038645488635914306
0 0.7515625 0.98125 0.065625 0.0375
0 0.7584828423772624 0.881374099834549 0.06374112739018098 0.04481366801906326
0 0.7892507834625339 0.9474627499967048 0.04911742288667416 0.060165932629559826
0 0.9452657418235522 0.6786151128201924 0.03984255243632351 0.06156479139585782
0 0.758087114433371 0.6316468352240523 0.06646560919158376 0.03861821509696393
0 0.6486491625507579 0.7748865462638265 0.053404404688076924 0.05399775324641087
0 0.941197607954966 0.7612639715864904 0.05779151603912887 0.04939207386326192
0 0.9063033713732013 0.6794957743464339 0.04775518198597286 0.06326365909060953
0 0.7200444987633823 0.7199456761334428 0.05652940468807692 0.05405230032431163
0 0.98125 0.75703125 0.0375 0.0390625
0 0.66875 0.990625 0.065625 0.01875
0 0.7358859515688462 0.9184377232113435 0.06646560919158376 0.03861821509696384
0 0.98203125 0.7875 0.0359375 0.040625