0 0.15723507606617879 0.3770100705933059 0.04424089600572696 0.04575878121376711
0 0.08839416939845153 0.3748095839292255 0.04424089600572696 0.04575878121376711
0 0.22226009205917913 0.3200906487726553 0.039535214672181594 0.0438136439408634
0 0.22763848273390597 0.3790830114997517 0.04111589600572714 0.04550368969849785
0 0.2596510040579064 0.3076545505894265 0.039535214672181594 0.0438136439408634
0 0.31110441605663375 0.29407054058748683 0.039535214672181594 0.0438136439408634
0 0.8680067546944532 0.11600944240425796 0.0426965773392725 0.04719373545613248
0 0.7065430907065436 0.21833670119824963 0.04425907733927241 0.04732128121376693
0 0.7052180427275426 0.37327929271351873 0.0458215773392725 0.047448826971401556
0 0.9639930587205431 0.30054419694618584 0.0426602146721816 0.04406873545613248
0 0.8926442227084526 0.21722125603973996 0.04267839600572696 0.04563123545613248
0 0.924403300047725 0.25842034088704924 0.041097714672181596 0.04394118969849785
0 0.8270555853755436 0.22570317786039046 0.04267839600572696 0.04563123545613248
0 0.8156271893698165 0.18440849816383217 0.044240896005727136 0.045758781213767016
0 0.8013294267186339 0.29974645574017755 0.0458215773392725 0.047448826971401556
0 0.8822703440483615 0.2665515763431817 0.042678396005727134 0.04563123545613248
0 0.3901919320496341 0.651245569675222 0.045839758672817865 0.04901132697140156
0 0.5549271413908154 0.6956657651235958 0.04740225867281787 0.04913887272903601
0 0.59375 0.93125 0.0125 0.05
0 0.4887225280871778 0.9200277784595153 0.0473840773392725 0.04757637272903601
0 0.22691122939208822 0.7318253742268481 0.045839758672817865 0.04901132697140147
0 0.5765625 0.84140625 0.046875 0.0484375
0 0.4105793467536324 0.924842566341242 0.045839758672817865 0.04901132697140156
0 0.5304918574156325 0.8806465430033829 0.04740225867281787 0.04913887272903601
0 0.259375 0.98828125 0.046875 0.0234375
0 0.01015625 0.5984375 0.0203125 0.053125
0 0.10883284404836138 0.6648288060494383 0.047420440006363404 0.05070137272903601
0 0.5494942067154522 0.6319859023964993 0.04740225867281787 0.049138872729036095
0 0.56953125 0.97734375 0.0484375 0.0453125
0 0.4015625 0.98125 0.05 0.0375
0 0.34326348273390594 0.7848869881618925 0.04740225867281787 0.04913887272903601
0 0.99375 0.5640625 0.0125 0.046875
0 0.9720259240929048 0.761768223618025 0.047420440006363404 0.05070137272903601
0 0.940429384070633 0.6001290930130811 0.04585794000636341 0.05057382697140156
0 0.97890625 0.85703125 0.0421875 0.0515625
0 0.9757327267663591 0.8115131321027558 0.04743862133990895 0.05226387272903601
0 0.98984375 0.60703125 0.0203125 0.0484375
0 0.9890625 0.90390625 0.021875 0.0546875