0 0.4265625 0.4828125 0.046875 0.0640625
0 0.4609375 0.4875 0.0453125 0.0609375
0 0.5703125 0.590625 0.05625 0.053125
0 0.65625 0.59375 0.0484375 0.05625
0 0.759375 0.55625 0.0515625 0.059375
0 0.6203125 0.56875 0.0421875 0.059375
0 0.496875 0.428125 0.0671875 0.0390625
0 0.4921875 0.4515625 0.0671875 0.0390625
0 0.5265625 0.4796875 0.0640625 0.0375
0 0.390625 0.4609375 0.059375 0.05625
0 0.5828125 0.6359375 0.0671875 0.0359375
0 0.628125 0.6421875 0.03125 0.06875
0 0.6796875 0.4765625 0.03125 0.0640625
0 0.4984375 0.4015625 0.065625 0.04375
0 0.5390625 0.6125 0.06875 0.03125
0 0.603125 0.6875 0.0296875 0.0703125
0 0.4703125 0.6296875 0.0703125 0.0375
0 0.615625 0.4953125 0.065625 0.0328125
0 0.51875 0.5125 0.06875 0.0296875
0 0.7390625 0.590625 0.065625 0.034375
0 0.4625 0.6984375 0.0734375 0.0328125
0 0.5015625 0.56875 0.0703125 0.034375
0 0.571875 0.44375 0.0671875 0.028125
0 0.6421875 0.53125 0.0609375 0.04375
0 0.4328125 0.265625 0.065625 0.0421875
0 0.7328125 0.4359375 0.046875 0.05625
0 0.728125 0.48125 0.025 0.0625
0 0.59375 0.534375 0.034375 0.065625
0 0.70625 0.45 0.025 0.0609375
0 0.3625 0.746875 0.06875 0.0625
0 0.3921875 0.6328125 0.06875 0.05625
0 0.471875 0.6671875 0.0734375 0.0296875
0 0.5890625 0.40625 0.065625 0.0265625
0 0.54375 0.403125 0.0359375 0.0578125
0 0.575 0.559375 0.053125 0.065625