0 0.0390625 0.03515625 0.078125 0.0703125
0 0.03828125 0.09453125 0.0765625 0.0609375
0 0.91875 0.5734375 0.1 0.071875
0 0.79140625 0.55078125 0.0984375 0.1171875
0 0.6253593333363394 0.5175810113991665 0.13122007485477488 0.10294577488562524
0 0.6059330529382654 0.297959495631597 0.0840197431755744 0.12838087955902786
0 0.682097446651959 0.2712138512549302 0.0762072431755744 0.12819904160312506
0 0.98671875 0.33828125 0.0265625 0.1109375
0 0.51875 0.728125 0.08125 0.0625
0 0.35636539247534865 0.6856010467340274 0.07693068114108108 0.07670927678548622
0 0.2513054032287156 0.8300797049784023 0.08863016046291668 0.05981271751493065
0 0.302615346156621 0.8007909420606246 0.0739512303552928 0.07976154160312507
0 0.44140625 0.61953125 0.0796875 0.0203125
0 0.53046875 0.66171875 0.0578125 0.0703125
0 0.34375 0.625 0.071875 0.03125