0 0.22877307323988286 0.07124376349646182 0.03968412628012441 0.04034158008391255
0 0.205895557313693 0.21262578009320138 0.04124662628012441 0.04045997925407559
0 0.09715759414539593 0.2152753381817897 0.04989358418674961 0.028670374275053766
0 0.25252836263183465 0.1586020535384181 0.04685958944842135 0.029996075934727705
0 0.340625 0.9875 0.040625 0.025
0 0.23515625 0.9859375 0.0515625 0.028125
0 0.3783040944277446 0.8489203228344501 0.041519642065139986 0.045147479254075584
0 0.3962644101280556 0.9436175161957543 0.05025760523343692 0.03492037427505377
0 0.7375 0.98125 0.046875 0.0375
0 0.63515625 0.96796875 0.0328125 0.0453125
0 0.65625 0.990625 0.04375 0.01875
0 0.6888005206231644 0.9681150730349426 0.044553636803468064 0.043821777594401645
0 0.6487677838479312 0.895079392121193 0.046116136803468065 0.04394017676456467
0 0.7046875 0.99375 0.04375 0.0125
0 0.6296875 0.8609375 0.021875 0.04375
0 0.7149542259695408 0.8829830564382032 0.046116136803468065 0.04394017676456467
0 0.6598425207643388 0.8181383838228233 0.046116136803468065 0.04394017676456467
0 0.62890625 0.7671875 0.0203125 0.04375
0 0.6715836575678068 0.8594737788438016 0.044553636803468064 0.043821777594401645
0 0.7149234048663837 0.9358712580978772 0.046116136803468065 0.04394017676456467
0 0.6479179153897274 0.9339050937808672 0.04620714206513998 0.045502676764564674