0 0.5015625 0.684375 0.0234375 0.025
0 0.6046875 0.7 0.025 0.025
0 0.4984375 0.74375 0.025 0.0265625
0 0.6390625 0.753125 0.025 0.0265625
0 0.603125 0.64375 0.025 0.025
0 0.7578125 0.7 0.0265625 0.0265625
0 0.5578125 0.7046875 0.025 0.025
0 0.7 0.6078125 0.025 0.025
0 0.596875 0.7515625 0.0234375 0.025
0 0.534375 0.7375 0.025 0.0265625
0 0.6234375 0.734375 0.025 0.025
0 0.5734375 0.7765625 0.025 0.0265625
0 0.6375 0.6578125 0.0234375 0.025
0 0.5234375 0.6671875 0.025 0.025
0 0.5828125 0.6671875 0.0234375 0.025
0 0.55 0.68125 0.025 0.025
0 0.753125 0.60625 0.025 0.025
0 0.659375 0.59375 0.025 0.025
0 0.65 0.7078125 0.025 0.0265625
0 0.6734375 0.7265625 0.025 0.0265625
0 0.75625 0.66875 0.025 0.025
0 0.64375 0.684375 0.025 0.025
0 0.759375 0.75625 0.0265625 0.0265625
0 0.7203125 0.7265625 0.025 0.025
0 0.7546875 0.640625 0.025 0.025
0 0.51875 0.6171875 0.025 0.025
0 0.571875 0.7375 0.0234375 0.025
0 0.7203125 0.6984375 0.025 0.025
0 0.43125 0.7453125 0.025 0.0265625
0 0.578125 0.5921875 0.025 0.025
0 0.5703125 0.64375 0.0234375 0.025
0 0.565625 0.6171875 0.025 0.025
0 0.6546875 0.6265625 0.025 0.025
0 0.7328125 0.671875 0.025 0.025
0 0.7234375 0.6484375 0.0234375 0.025
0 0.7375 0.621875 0.0234375 0.025
0 0.7 0.6515625 0.025 0.025
0 0.6765625 0.634375 0.025 0.025
0 0.696875 0.71875 0.025 0.0265625
0 0.6875 0.671875 0.025 0.025
0 0.6703125 0.6953125 0.025 0.025
0 0.696875 0.69375 0.025 0.025
0 0.378125 0.7640625 0.0265625 0.0265625