0 0.13818954699692593 0.37824442783342827 0.017842264427970277 0.019450336958138338
0 0.12083835588993334 0.3742572647915665 0.017787700725639333 0.017887836958138337
0 0.17895839073632364 0.3359004189361797 0.017787700725639333 0.017887836958138337
0 0.10650303737827907 0.3670177677573161 0.017842264427970277 0.019450336958138338
0 0.1079216936388813 0.4076427677573161 0.01778770072563942 0.017887836958138337
0 0.131086375127227 0.3988752628144002 0.017842264427970277 0.019450336958138338
0 0.09311514917384414 0.43171693771926006 0.017842264427970277 0.019450336958138338
0 0.1701290277596322 0.35190742091334604 0.01778770072563942 0.017887836958138337
0 0.1505060085223385 0.32767142486767875 0.01778770072563942 0.017887836958138337
0 0.5638145734906137 0.2152112341454882 0.06366568511654283 0.08060801285158128
0 0.5862847958157996 0.0969413952101835 0.04669643992586607 0.08615767589344295
0 0.52578125 0.07421875 0.0140625 0.0859375
0 0.628655834290387 0.1452860533091293 0.05127481252120454 0.08322367688202607
0 0.5703125 0.01171875 0.06875 0.0234375
0 0.7074405771188108 0.2954187044879929 0.06533731252120453 0.08379667984777565
0 0.6130705290255765 0.23667505726346202 0.04982143992586607 0.0862850098858317
0 0.7064385831092606 0.22191753749179846 0.05601687622353531 0.08497717787060921
0 0.54140625 0.12890625 0.0453125 0.0609375
0 0.6558780771188107 0.29751971536240784 0.060758939925866076 0.08673067885919253
0 0.55859375 0.29765625 0.0796875 0.0640625
0 0.5943602237607661 0.3281913952101835 0.07740080290255769 0.07180601581733086
0 0.62734375 0.01328125 0.0671875 0.0265625
0 0.6595635831092606 0.22382754737763033 0.04993056733052796 0.0894100098858317
0 0.6499653498994835 0.08339354836621346 0.07970734736759474 0.04849584980971962
0 0.8340377934535468 0.24644801080005285 0.08488592068857255 0.06274935079830275
0 0.6874306335647475 0.12567920745374242 0.08294147477225663 0.05174818380210837
0 0.736121104708807 0.08614186357552196 0.08294147477225663 0.05174818380210837
0 0.8050695121505356 0.044214348746774323 0.06355655771188111 0.07748301285158128
0 0.7084425711283611 0.3689198714841872 0.06081350362819702 0.08829317885919252
0 0.7683979244864056 0.33831185863260604 0.07454862141421188 0.07949118182494193
0 0.751880057881517 0.2685723615983555 0.051383939925866075 0.08634867688202626
0 0.8606399881887364 0.3361180058571369 0.0576885036281972 0.08816584486680376
0 0.54609375 0.3546875 0.0546875 0.084375
0 0.76796875 0.03203125 0.0765625 0.0640625
0 0.8066915542533201 0.18027918273916307 0.06679068511654282 0.08073534684397003
0 0.8233681335647475 0.12014017878483045 0.051329376223535304 0.08478617688202625
0 0.7639931335647475 0.12255952464021727 0.07600199400955035 0.07642984882113649
0 0.5472570121505356 0.05471940311884893 0.035704376223535304 0.08414950692008212
0 0.7651042549789595 0.19918569163641164 0.060704376223535306 0.08516817885919252
0 0.6094296299365505 0.04279772327107327 0.08143353847458741 0.053247016805913816
0 0.6138393992586622 0.39311605825204515 0.06679068511654282 0.08073534684397003
0 0.8572917549789594 0.19542933886094255 0.06075893992586625 0.08673067885919253
0 0.864211388374071 0.12473483688377626 0.04664187622353531 0.08459517589344294
0 0.6537005074260301 0.36958571635099097 0.06695437622353531 0.08542284684397003
0 0.579419726123019 0.16919839718734986 0.07422123920022675 0.07011618182494192
0 0.5390625 0.26328125 0.040625 0.0578125
0 0.6892808210435429 0.04423820646515928 0.08143353847458741 0.053247016805913996
0 0.8550695121505356 0.04217700486855378 0.05278274881887359 0.08172484387822046
0 0.52890625 0.18125 0.0203125 0.05625
0 0.7724703547936249 0.41012319163641175 0.06986112141421189 0.07930018083635915
0 0.8476340459006175 0.4117546758190809 0.07745536660488846 0.07336851581733086
0 0.6950447261230189 0.1644870394689649 0.08880952885594055 0.04106535178688588
0 0.734375 0.01484375 0.0875 0.0296875
0 0.8116221348306919 0.36628034973535745 0.05154763103285873 0.09103617688202607
0 0.56015625 0.42109375 0.0828125 0.0546875
0 0.6979614281146027 0.4272417074537424 0.08880952885594055 0.04106535178688588
0 0.8181598223094874 0.2846483477581911 0.09048115626060227 0.04425401878308044
0 0.10402291123956173 0.9371047746773982 0.058487111795565025 0.06635451186299815
0 0.02578125 0.625 0.0515625 0.065625
0 0.05915681142489619 0.7276952825860636 0.056979175497895974 0.06785334486680376
0 0.028125 0.6828125 0.05625 0.053125
0 0.10232645806685156 0.7541012736888152 0.04765873920022683 0.06903384288963732
0 0.11977190761136462 0.8504032707230657 0.038338302902557686 0.07021434091247088
0 0.0234375 0.91796875 0.046875 0.0515625
0 0.11527783665263965 0.6769021037268712 0.06866071996293313 0.04492518083635879
0 0.09373519726707835 0.8217344426621759 0.04302580290255768 0.07040534190105419
0 0.21811514917384417 0.7540774159704302 0.04140873920022692 0.06877917490485963
0 0.1232193114248962 0.7250849357420937 0.05687004809323426 0.06472834486680376
0 0.06646336913677722 0.8025042815974806 0.04297123920022674 0.06884284190105419
0 0.02421875 0.81328125 0.0484375 0.0484375
0 0.9875 0.53046875 0.025 0.0421875
0 0.98828125 0.56875 0.0234375 0.065625
0 0.895114158792491 0.6339612341454881 0.07572917549789579 0.0686173488211363
0 0.9765625 0.7484375 0.046875 0.08125
0 0.9373760698624167 0.679180892244434 0.04658731252120454 0.08303267589344294
0 0.9077927188666248 0.5489495641835442 0.06350199400955017 0.07592051285158127
0 0.88515625 0.525 0.0421875 0.03125
0 0.9686607861971528 0.6340938853243518 0.05261905771188111 0.07703734387822045
0 0.99453125 0.65625 0.0109375 0.078125
0 0.984375 0.70546875 0.03125 0.0671875
0 0.95703125 0.54453125 0.0515625 0.0703125