0 0.55625 0.58125 0.0921875 0.084375
0 0.3078125 0.584375 0.096875 0.0890625
0 0.4328125 0.58125 0.090625 0.084375
0 0.55625 0.453125 0.0921875 0.0859375
0 0.4375 0.31875 0.0875 0.0859375
0 0.559375 0.3203125 0.084375 0.0859375
0 0.434375 0.45 0.0890625 0.0859375
0 0.4296875 0.7140625 0.0890625 0.0859375
0 0.3109375 0.4484375 0.0953125 0.0875
0 0.55625 0.7140625 0.0875 0.084375
0 0.3046875 0.71875 0.0953125 0.0890625
0 0.43125 0.846875 0.0921875 0.0890625
0 0.5546875 0.846875 0.0890625 0.0890625
0 0.3140625 0.3140625 0.090625 0.0859375