0 0.02421875 0.11328125 0.0484375 0.0640625
0 0.32984128068325946 0.6546714028052293 0.04052684091247105 0.03616475897699036
0 0.24907144174795484 0.6276452944921689 0.04059050790866543 0.037727258976990544
0 0.17611410281265014 0.6006646379745064 0.04221667490485981 0.039298849336070064
0 0.3305522520143474 0.5187702642415477 0.04228034190105419 0.040861349336070066
0 0.22830795558811925 0.6931339391059745 0.038900673916276676 0.03459316861791084
0 0.2729492935348407 0.7152634691602038 0.037338173916276675 0.03458407825883114
0 0.3684502055509382 0.29873047501393624 0.05047484387822045 0.050281801131468115
0 0.30859763345872854 0.7467134570599554 0.035584672927693364 0.029887487899751618
0 0.3074516275272295 0.7185884570599554 0.03564833992388792 0.03144998789975162
0 0.08830899117711351 0.8610294453524905 0.03564833992388783 0.03144998789975162
0 0.6607676285158126 0.7159634268093343 0.05133700692008212 0.03310339149054773
0 0.5081572816718426 0.651028252337691 0.03510451186299797 0.056440897540672094
0 0.6215141275272295 0.7110486678323439 0.03341467787060921 0.0533068071815924
0 0.50078125 0.60859375 0.0234375 0.0484375
0 0.5472197816718426 0.6512555113146815 0.04891234387822045 0.050272710772388506
0 0.5985329308735399 0.5687611738824682 0.05009284190105419 0.04090680113146803
0 0.5951824377936221 0.6015464028052293 0.04259867688202625 0.048673849336070066
0 0.5581281067669828 0.6122657341873184 0.03497717787060921 0.05331589754067192
0 0.5969014466908706 0.6437339028052292 0.0440975098858317 0.047120439695149764
0 0.7093722717860109 0.6053349990180413 0.036348676882026074 0.04863748789975162
0 0.7405877796946763 0.643007715840554 0.047222509885831696 0.04713862041330898
0 0.5768382974891735 0.726410047419035 0.04266234387822045 0.05023634933607006
0 0.5257957678316781 0.5855214270057261 0.03653967787060921 0.05332498789975162
0 0.5658716225843137 0.6872930052645574 0.054143671939110224 0.02530907220870695
0 0.6988751235728967 0.6927531857863248 0.051146005931499164 0.02841589149054773
0 0.6639961047898165 0.6035088786047325 0.052899506920082294 0.03311248184962743
0 0.6368261097327323 0.6267827521412993 0.05289950692008212 0.03311248184962743
0 0.6989096156642314 0.6552622761454044 0.039473676882026076 0.04865566861791084
0 0.6589372371855997 0.441017968963812 0.04865767589344294 0.04402271077238851
0 0.7757612757403436 0.6244667940993853 0.05133700692008212 0.03310339149054773
0 0.6556689516337866 0.6675077460911751 0.05309050790866543 0.03779998184962743
0 0.553607750037181 0.5013282341873184 0.04116351087441501 0.05178975897699054
0 0.50703125 0.6953125 0.0359375 0.040625
0 0.5133302599230127 0.5479577944921687 0.0455963428896375 0.04556703005422928
0 0.6493950939154016 0.5518736557320955 0.052899506920082294 0.03311248184962743
0 0.509375 0.51484375 0.040625 0.0328125
0 0.589004010948777 0.9483032281371943 0.03842051285158128 0.061146578258831144
0 0.6087409190105417 0.5125838967551051 0.048466674904859806 0.03933521077238851