0 0.01328125 0.415625 0.0265625 0.03125
0 0.17442978717238694 0.38431613902091544 0.033052331893687815 0.030492983403260433
0 0.018922661941674336 0.4588873186852651 0.03158996144333699 0.0319370842330974
0 0.08440556447028288 0.36807398715146 0.031489831893687634 0.03037458423309758
0 0.01629591456256794 0.328371024494124 0.029927331893687813 0.030256185062934548
0 0.024848894204502335 0.29290712117477613 0.031489831893687634 0.03037458423309758
0 0.09153814158360865 0.4282777813426012 0.031589961443337165 0.0319370842330974
0 0.08250310302694572 0.39776148715146 0.031489831893687634 0.03037458423309758
0 0.09576217150239827 0.28886008383211215 0.031489831893687634 0.030374584233097402
0 0.00390625 0.37734375 0.0078125 0.0296875
0 0.08614733960871046 0.31639308798129695 0.031489831893687814 0.03037458423309758
0 0.6227042057401244 0.3621773394311895 0.05556768198597286 0.06640717261537983
0 0.5334624306016968 0.4072278850722232 0.05390505243632351 0.0647262734452168
0 0.696945137264672 0.47770909627966684 0.0717538864894797 0.05208456348717298
0 0.706641509874491 0.5224062896409709 0.07059190468807693 0.058216164317009954
0 0.62890625 0.5734375 0.0515625 0.03125
0 0.6479278439276471 0.5320880203449392 0.06171755243632351 0.06531826929603177
0 0.624429787172387 0.5067561336223306 0.05899307063492074 0.07133147095570572
0 0.5890625 0.56875 0.05625 0.040625
0 0.7556588032115159 0.46802736557569863 0.052843200184570095 0.07242037427505359
0 0.7651153439276471 0.5409679581071659 0.06504281153562222 0.06868006763635784
0 0.7345242828534502 0.4303138780232533 0.06348031153562203 0.0685616684661948
0 0.7427163170911765 0.37598157553374245 0.060355311535622215 0.06832487012586874
0 0.7290915129568101 0.221080587981297 0.06141716378737563 0.06063076929603186
0 0.74453125 0.56328125 0.0578125 0.0515625
0 0.7930772624953846 0.39863874814912215 0.07487888648947952 0.052321361827499045
0 0.68359375 0.5640625 0.0734375 0.05
0 0.8001259037652263 0.26414534897895914 0.07331638648947969 0.05220296265733611
0 0.570403621225543 0.5167930618367879 0.0677672933370248 0.06266686597668407
0 0.7307961104282014 0.3169850838321121 0.06328005243632351 0.06543666846619497
0 0.8171365237541517 0.4397140340418936 0.07976664558877822 0.05580155933798814
0 0.6134083513289028 0.3112301460698853 0.07175388648947952 0.05208456348717307
0 0.5746672239387218 0.35225696515613575 0.05566781153562204 0.06796967261537983
0 0.7921875 0.57578125 0.06875 0.0265625
0 0.49979073257659506 0.5161525991794518 0.05118057063492083 0.07073947510489073
0 0.478125 0.565625 0.05 0.046875
0 0.5131709145625679 0.45436299420042997 0.0465932001845701 0.07194677759440164
0 0.7796922902547059 0.21549436142651376 0.07049177513842757 0.05665366431701004
0 0.5545573781653733 0.4700597717948316 0.052542811535622125 0.06773287427505377
0 0.6975249306016968 0.4196597979393408 0.0374184592838688 0.07436138257342365
0 0.6592238942045023 0.4293182178554281 0.045130829734219446 0.07339087842423861
0 0.56015625 0.56015625 0.0609375 0.0578125
0 0.51796875 0.56171875 0.0484375 0.0546875
0 0.7006685194352149 0.3461038987691777 0.052542811535622215 0.06773287427505377
0 0.7950426758213349 0.5149741431701003 0.07588018198597286 0.06794636182749905
0 0.6780110718715384 0.28315361287640634 0.05869268198597286 0.06664397095570589
0 0.7890091286267987 0.315115853128144 0.05899307063492074 0.07133147095570588
0 0.8113080259136198 0.48166473570156754 0.07714229333702498 0.06337726099766208
0 0.5741875601513462 0.4087437634964618 0.03888082973421945 0.0729172817435865
0 0.6258106169066064 0.4362068352820046 0.0387807001845701 0.07135478174358667
0 0.6632290761904752 0.3668182178554281 0.05546755243632369 0.06484467261537982
0 0.6874652174603167 0.23362720955705835 0.05859255243632351 0.06508147095570589
0 0.6000491533038009 0.42169404938923327 0.04044332973421945 0.07303568091374953
0 0.8236053716869683 0.36326993321205664 0.07527940468807692 0.058571361827499044
0 0.8393095172757465 0.31421712657336076 0.05743057063492074 0.07121307178554286
0 0.7413121082687331 0.2753895796829272 0.06882914558877821 0.054972765146847014
0 0.27327020049833717 0.9046948809230383 0.05088018198597286 0.06605197510489073
0 0.36015625 0.6578125 0.0171875 0.065625
0 0.30057078501291856 0.7481847717948316 0.06550388648947969 0.051610966806520865
0 0.25483678285345024 0.7023268975197778 0.07135336829088237 0.045834563487172984
0 0.2921784916758937 0.8056420742843425 0.04911742288667424 0.0628085759347277
0 0.20597778069398193 0.656232224904398 0.05692992288667424 0.06340057178554268
0 0.208504398523439 0.7883110190955392 0.06560401603912895 0.05317346680652087
0 0.2417569895164254 0.7594290024987996 0.059754534237726274 0.05894987012586874
0 0.353125 0.90859375 0.03125 0.0453125
0 0.34609375 0.87265625 0.0453125 0.0453125
0 0.33356256015134617 0.698871856027929 0.04306768198597268 0.06545997925407576
0 0.23771223473606345 0.8470474016689629 0.04785531153562221 0.06737767676456467
0 0.30387985040605214 0.9415562634964619 0.037017941085271386 0.06811138257342346
0 0.29159869833886887 0.8636913726246686 0.0641416455887783 0.05461756763635783
0 0.35234375 0.984375 0.0328125 0.03125
0 0.3609375 0.75625 0.015625 0.059375
0 0.34375 0.83515625 0.05 0.0328125
0 0.19804656231081452 0.730995426564072 0.05400518198597286 0.0662887734452168
0 0.7355045943890725 0.8778256502190702 0.052442681985972864 0.06617037427505376
0 0.6915939080841629 0.8525170742843425 0.052542811535622215 0.06773287427505377
0 0.7722221468253959 0.8193745327924937 0.049818329734219444 0.0737460759347277
0 0.546302392045034 0.8901802497995073 0.06912953423772628 0.05966026514684693
0 0.516635876005905 0.936604963906736 0.059093200184570184 0.07289397095570589
0 0.6556168352897738 0.874912292540756 0.06141716378737563 0.06063076929603177
0 0.75546875 0.96640625 0.0484375 0.0671875
0 0.7320000601513461 0.9325131502190702 0.05420544108527139 0.06941377344521679
0 0.81015625 0.97578125 0.0734375 0.0484375
0 0.53046875 0.98359375 0.0484375 0.0328125
0 0.6137902806939819 0.8905839141165174 0.0703916455887783 0.05509116431700996
0 0.70390625 0.97578125 0.0703125 0.0484375
0 0.7984375 0.990625 0.075 0.01875
0 0.7175928084533032 0.7163194651561358 0.06338018198597287 0.06699916846619498
0 0.5617481169066064 0.9431635398414636 0.0342934592838688 0.0741245842330974
0 0.78284066934293 0.898683524494124 0.07155362739018098 0.04895956348717299
0 0.5912353578073077 0.9485381240745611 0.034193329734219444 0.07256208423309758
0 0.6695372378183824 0.7801917883915711 0.051380829734219445 0.07386447510489073
0 0.490625 0.97421875 0.05 0.0515625
0 0.7773893106127716 0.7632429319626567 0.07049177513842757 0.05665366431701004
0 0.8116060194352149 0.8663213103868953 0.06892927513842757 0.056535265146846925
0 0.6590236351052037 0.944254288391571 0.0452309592838688 0.07495337842423862
0 0.6967634669988915 0.9188524693053207 0.03253070018457009 0.07088118506293455
0 0.6243482464562558 0.9463370066479847 0.034193329734219444 0.0725620842330974
0 0.8132500601513462 0.9386699070675475 0.07311612739018099 0.049077962657336015
0 0.7205595172757466 0.817029860177114 0.06181768198597286 0.06688076929603196
0 0.8211602945736425 0.8152324070675474 0.06201794108527139 0.07000576929603194
0 0.6010690376338121 0.8440874224148871 0.07341651603912895 0.0537654626573361
0 0.6733421607050566 0.720816788391571 0.060355311535622125 0.06832487012586892
0 0.7666310857511991 0.7106148394311895 0.06620479333702498 0.06254846680652096
0 0.7265882742155769 0.7719541585174399 0.06756703423772628 0.05954186597668398