0 0.2921875 0.41328125 0.078125 0.0734375
0 0.04465912072734683 0.3959362426963994 0.07876546265733611 0.07159435633066594
0 0.09965519666207454 0.3497237159110382 0.07900226099766217 0.07471935633066593
0 0.22160012902571663 0.40845205925606065 0.07732136182749905 0.07312958279171547
0 0.69140625 0.37890625 0.0546875 0.0703125
0 0.3601424107693031 0.371704261367381 0.07384116431700996 0.06838753571381488
0 0.10078125 0.41875 0.0796875 0.0625
0 0.15810631408865103 0.3814725478919748 0.0772029626573361 0.07156708279171564
0 0.4432150198975099 0.3874189902640627 0.08200886182749904 0.07321140340856651
0 0.5456296248765318 0.39499393669334026 0.08200886182749904 0.07321140340856669
0 0.8921875 0.4421875 0.025 0.015625
0 0.86171875 0.446875 0.0234375 0.00625
0 0.95234375 0.43828125 0.0234375 0.0234375
0 0.8645501813147348 0.42658267614003337 0.025213487552445457 0.023846603084255236
0 0.80859375 0.44453125 0.0234375 0.0109375
0 0.8018133829744087 0.430798617698047 0.023532588382282428 0.02225682954530477
0 0.7563824838042458 0.4331520503276069 0.02521348755244528 0.023846603084255236
0 0.502572244801908 0.72708150812097 0.04538427759440165 0.04292388555165907
0 0.5005576136783769 0.8566326404262185 0.048746075934727705 0.04610343262956
0 0.40903573235435325 0.7053076939969409 0.047065176764564495 0.04451365909060954
0 0.45039259293245254 0.8184974407505299 0.04538427759440165 0.04292388555165907
0 0.394711277995387 0.7913815616916926 0.04538427759440165 0.04292388555165907
0 0.47546806098837335 0.5699508465947286 0.04526587842423861 0.041361385551659156
0 0.3267919174172877 0.6786554651002593 0.04370337842423862 0.04133411201270896
0 0.49101759293245256 0.8177883287378211 0.04370337842423862 0.04133411201270878
0 0.9782071717669651 0.8005304651002593 0.035298882573423465 0.033385244317957155
0 0.9060002850443569 0.8267577743530247 0.035298882573423465 0.033385244317957155