0 0.20859375 0.1046875 0.1078125 0.028125
0 0.0515625 0.0984375 0.103125 0.040625
0 0.16842912193240397 0.43187939127277863 0.03376724623907634 0.035298882573423465
0 0.1319674700456245 0.666941475505876 0.03698317445232178 0.038660680913749704
0 0.24137384309865553 0.1753441261259316 0.03376724623907634 0.03529888257342351
0 0.12730401675955444 0.45214526969701724 0.035329746239076344 0.03541728174358649
0 0.10545776049134829 0.3992337572494626 0.03537521034569906 0.036979781743586494
0 0.14904995077878755 0.18701717716555 0.03537521034569906 0.036979781743586536
0 0.08529367616818133 0.28850974480190794 0.03372178213245362 0.033736382573423464
0 0.2203793814993153 0.2003208153380509 0.03693771034569906 0.03709818091374952
0 0.01171875 0.265625 0.0234375 0.0375
0 0.06733328635559577 0.3163746356737012 0.03693771034569906 0.03709818091374952
0 0.24342442491454008 0.26561392861544253 0.03537521034569906 0.036979781743586494
0 0.08447062523110915 0.15605244231239698 0.03381271034569906 0.03686138257342351
0 0.06467964779665136 0.35399303484386424 0.035329746239076344 0.03541728174358649
0 0.04880590987084528 0.14940062322614656 0.035420674452321776 0.03854228174358654
0 0.2873395609662019 0.20304215102104087 0.03537521034569906 0.036979781743586536
0 0.17267870124100596 0.5001557945921264 0.035329746239076344 0.03541728174358649
0 0.15139473462710082 0.48150088297440885 0.035329746239076344 0.03541728174358649
0 0.14433577474362025 0.8312640846340826 0.03863660266556703 0.041904080083912554
0 0.17845733979995035 0.4623005970816374 0.03376724623907634 0.035298882573423465
0 0.024166993402589432 0.5675353165874507 0.03698317445232169 0.03866068091374952
0 0.8774524324363874 0.32868445890913656 0.06390938730530316 0.05317346680652095
0 0.978125 0.59609375 0.04375 0.0640625
0 0.9890625 0.30234375 0.021875 0.0546875
0 0.81615591660127 0.5063843290350054 0.03315949247815268 0.06799298340326061
0 0.7587860343105317 0.6027157999907112 0.04869356426490725 0.06605197510489073
0 0.9796875 0.41328125 0.040625 0.0671875
0 0.9004687321198184 0.4485466730163651 0.06988660266556704 0.04427206348717298
0 0.7331829775674719 0.7324983883729936 0.04882995658477522 0.07073947510489073
0 0.7622700501456492 0.4293966991608743 0.06092077962517113 0.0576241684661948
0 0.9029452112701358 0.577760576335713 0.06390938730530316 0.05317346680652087
0 0.9465374015575752 0.36554399625180045 0.05627874373179385 0.058831470955705886
0 0.97109375 0.46484375 0.0578125 0.0484375
0 0.8016795426238019 0.3609301190769617 0.045523100158284535 0.06425267676456467
0 0.98203125 0.51328125 0.0359375 0.0390625
0 0.984375 0.3625 0.03125 0.05625
0 0.9725830760098967 0.32771210952919205 0.03936402837152997 0.06690408008391255
0 0.9417302296125358 0.42359329459212647 0.056324207838416386 0.06039397095570589
0 0.7192929399582348 0.406149375925439 0.06827863855894431 0.042591164317010044
0 0.913303701241006 0.4896685804848978 0.06809678213245363 0.036341164317009955
0 0.8138372471635131 0.5860718290350053 0.045523100158284535 0.06425267676456467