0 0.6359375 0.28125 0.0765625 0.0375
0 0.45625 0.6046875 0.04375 0.0765625
0 0.6390625 0.521875 0.05625 0.071875
0 0.68125 0.3953125 0.0671875 0.0671875
0 0.7125 0.846875 0.0453125 0.084375
0 0.7 0.5734375 0.05625 0.0703125
0 0.7015625 0.5140625 0.065625 0.0671875
0 0.6078125 0.4609375 0.0734375 0.046875
0 0.7625 0.359375 0.06875 0.0640625
0 0.584375 0.3953125 0.03125 0.075
0 0.76875 0.315625 0.0671875 0.0671875
0 0.5359375 0.425 0.0546875 0.0703125
0 0.70625 0.46875 0.0640625 0.0671875
0 0.678125 0.328125 0.0390625 0.0765625
0 0.7125 0.33125 0.0390625 0.0765625
0 0.640625 0.334375 0.0390625 0.078125
0 0.703125 0.671875 0.065625 0.0671875
0 0.753125 0.5375 0.04375 0.0765625
0 0.6578125 0.4421875 0.0328125 0.075
0 0.7375 0.4125 0.065625 0.0671875
0 0.7640625 0.453125 0.046875 0.078125
0 0.6796875 0.8375 0.0421875 0.084375
0 0.7421875 0.625 0.0421875 0.0765625