0 0.58125 0.3734375 0.04375 0.03125
0 0.6300062460432712 0.2695594689946662 0.044480340343633 0.04620714206513998
0 0.5150562754419132 0.35258334257336754 0.04448034034363317 0.04620714206513989
0 0.50703125 0.2296875 0.0359375 0.046875
0 0.6921167424252265 0.36252124274277675 0.046042840343633 0.04629814732681181
0 0.8273659249215151 0.21912131128568513 0.04612472749876275 0.04786064732681172
0 0.50078125 0.3203125 0.0234375 0.046875
0 0.8505710515611952 0.2816367218372637 0.04768722749876275 0.04795165258848364
0 0.6657733276804769 0.24099485323788555 0.04604284034363317 0.04629814732681172
0 0.5581179579382016 0.21455272155491506 0.04456222749876275 0.047769642065139985
0 0.5647154387163248 0.29672818472321205 0.04275406603337366 0.04299113680346807
0 0.571266411126705 0.17172818472321208 0.04612472749876275 0.04786064732681172
0 0.822043259838081 0.3206838112856851 0.04760534034363317 0.04638915258848364
0 0.619498113976524 0.3511734900413536 0.04604284034363317 0.04629814732681172
0 0.5179975689740497 0.26673684783503937 0.04604284034363317 0.04629814732681172
0 0.6008786680241099 0.20115807948977507 0.04456222749876275 0.047769642065139985
0 0.7738381331984009 0.25962448492085616 0.04456222749876275 0.047769642065139985
0 0.72421875 0.375 0.0453125 0.028125
0 0.8891355845778819 0.2591400955571393 0.04768722749876275 0.04795165258848364
0 0.6434202928547679 0.31083691637794775 0.04604284034363317 0.04629814732681181
0 0.869553424921515 0.21666416922054524 0.04612472749876275 0.04786064732681172
0 0.7512394369073025 0.3341540480609183 0.04604284034363317 0.04629814732681181
0 0.641176119403591 0.205041942686307 0.044480340343633 0.04620714206513998
0 0.8156980845778818 0.26341734285571616 0.04612472749876275 0.04786064732681172
0 0.6433870725920942 0.162854442686307 0.042917840343633176 0.046116136803468065
0 0.834375 0.37890625 0.046875 0.0203125
0 0.8722070341483406 0.31464664291218597 0.04768722749876275 0.04795165258848364
0 0.5716138919048281 0.2542676689381965 0.04448034034363317 0.04620714206513998
0 0.7045901662150877 0.24340722169608936 0.041191566033373664 0.04290013154179624
0 0.9070800011316538 0.33286602189373343 0.050812227498762755 0.0481336631118273
0 0.7825447478522933 0.21238546387416876 0.04620661465389268 0.049423147326811724
0 0.9116590377663851 0.2157695271554053 0.04924972749876275 0.04804265785015547
0 0.6846671698331322 0.14798830588283893 0.04620661465389268 0.049423147326811814
0 0.674869445952414 0.09715384797621374 0.047769114653892684 0.04951415258848364
0 0.7817745431934521 0.07846549018252799 0.0466226944820761 0.02763915258848364
0 0.7286495431934521 0.08155966907937087 0.04514208163720568 0.02911064732681177
0 0.3226364020815934 0.5733215058263692 0.029517081637205678 0.028200594710093264
0 0.41893154794315046 0.5490201848643863 0.027954581637205676 0.028109589448421346
0 0.4597336103584794 0.6027220375375746 0.027954581637205676 0.028109589448421346
0 0.3520715965636695 0.5466834111162759 0.027954581637205676 0.028109589448421346
0 0.45947466078802074 0.5482165480609182 0.027954581637205676 0.028109589448421346
0 0.363677481909777 0.5927393637612293 0.027954581637205676 0.028109589448421346
0 0.42889969018666285 0.6263261375093399 0.027954581637205676 0.028109589448421346
0 0.3779723552700968 0.5280398269295263 0.027954581637205676 0.028109589448421436
0 0.38044890208159343 0.5699543111445108 0.027954581637205676 0.028109589448421346
0 0.46128946630594464 0.5730345375375746 0.027954581637205676 0.028109589448421346
0 0.4043091259623116 0.6199697216960894 0.028036468792335612 0.029672089448421347
0 0.43316446630594463 0.5746726322476678 0.027954581637205676 0.028109589448421346
0 0.4103068204443877 0.5946967059110738 0.027954581637205676 0.028109589448421346
0 0.40536701492646365 0.5700607269577611 0.027954581637205676 0.028109589448421346
0 0.4349792718238687 0.5994906217243242 0.027954581637205676 0.028109589448421346
0 0.9615351277713339 0.5393119849208562 0.05376680913596843 0.07478716837349922
0 0.99140625 0.68671875 0.0171875 0.0734375
0 0.978125 0.60859375 0.04375 0.0734375
0 0.9046366745828307 0.5846846690793709 0.06898237336031983 0.06788472099021767
0 0.8912159837187993 0.5138107269577612 0.07202548620519007 0.06650423151356133
0 0.98984375 0.453125 0.0203125 0.075
0 0.9140316067404347 0.6729281217243243 0.07605788896415219 0.0542772472985769
0 0.9280475983726918 0.4649336112009806 0.07449538896415202 0.05418624203690507
0 0.97578125 0.81875 0.0484375 0.059375
0 0.9671875 0.740625 0.065625 0.0625
0 0.8174575791508149 0.5539344689946664 0.07753850180902226 0.05280575256024882
0 0.8205206241532894 0.644104442686307 0.07210737336031983 0.06806673151356132