0 0.16823425938379585 0.03486918006045174 0.03946529172311415 0.03793635200509069
0 0.14451787765573298 0.17825555338954285 0.04102779172311397 0.037954533338636055
0 0.035716087741641235 0.1879203600413617 0.04974769448207601 0.02556362133990877
0 0.1914880529159321 0.1210248560629971 0.04670458163720568 0.027089758672817866
0 0.4945245217082677 0.37647487738699753 0.09208568068726616 0.088518154678545
0 0.48984375 0.5171875 0.0609375 0.084375
0 0.5533395997274289 0.30688963072881525 0.09619997060135788 0.07763519867918127
0 0.6049087437799636 0.2778202960693605 0.09167624491161738 0.080705654678545
0 0.7367385979184066 0.2606157094207232 0.09471935775648746 0.07917951734563573
0 0.4716801639517801 0.29813170138445216 0.08443695499752568 0.09155224801081766
0 0.6967554070543751 0.33198163208145076 0.10335737336031983 0.06522610534690845
0 0.687612780414695 0.39589868141308726 0.1059910504295413 0.05588746801399935
0 0.6143456987774891 0.36849984006999675 0.08887879353213642 0.08691929201145392
0 0.7770647840327396 0.49375547342454124 0.06954893939369348 0.1054329346753633
0 0.5394674502478273 0.1911737240610881 0.05227955223856355 0.10367044000636341
0 0.6792890253263122 0.4754407307447237 0.09381195499752551 0.09166133601209037
0 0.6409414190401627 0.22046232940799654 0.06288950361804453 0.09754770934118148
0 0.6953899016273082 0.1867418574156326 0.06001016508343397 0.10219884667409058
0 0.5990947557657511 0.1668827960693604 0.07374511646291496 0.09611247867599956
0 0.3876946675698248 0.6485862347230883 0.04604284034363317 0.0442590773392725
0 0.37993747851481563 0.7687351027211793 0.04448034034363317 0.044240896005727136
0 0.3389096867917016 0.7307805693825432 0.04612472749876275 0.0458215773392725
0 0.35480692446722967 0.6169726080521795 0.04448034034363317 0.044240896005727136
0 0.35824618498267924 0.6825976080521794 0.04612472749876275 0.04582157733927232
0 0.39255922998515363 0.5924271413908155 0.046042840343633 0.044259077339272326
0 0.4125 0.7546875 0.0125 0.046875
0 0.31171202170826773 0.6289635307129069 0.044480340343633 0.044240896005727136
0 0.3119443950685875 0.6929896680458161 0.04612472749876275 0.04582157733927232
0 0.2694492786056727 0.5972408160407253 0.044480340343633 0.044240896005727136
0 0.40078125 0.80390625 0.0359375 0.0453125
0 0.39765625 0.73046875 0.0421875 0.0453125
0 0.31254418136463463 0.5852498933799979 0.046042840343633 0.0442590773392725
0 0.5828125 0.98671875 0.075 0.0265625
0 0.6953125 0.9671875 0.08125 0.065625
0 0.63984375 0.9796875 0.0609375 0.040625
0 0.55625 0.9546875 0.053125 0.090625
0 0.7014008842144537 0.8982975227561777 0.05458568068726617 0.08808180267345414