0 0.4484375 0.7453125 0.034375 0.0359375
0 0.49375 0.7578125 0.0328125 0.034375
0 0.40625 0.5328125 0.0328125 0.0328125
0 0.525 0.50625 0.0328125 0.03125
0 0.6671875 0.621875 0.0328125 0.0328125
0 0.6359375 0.575 0.0328125 0.03125
0 0.590625 0.634375 0.03125 0.0328125
0 0.6015625 0.56875 0.03125 0.03125
0 0.615625 0.5109375 0.0328125 0.03125
0 0.496875 0.534375 0.0328125 0.03125
0 0.4671875 0.5859375 0.0328125 0.0328125
0 0.5578125 0.4375 0.0328125 0.03125
0 0.6140625 0.609375 0.03125 0.03125
0 0.6296875 0.6765625 0.0328125 0.034375