0 0.025 0.00390625 0.0375 0.0078125
0 0.0890625 0.0125 0.0375 0.025
0 0.090726264248958 0.10152405504029298 0.038300087005972296 0.03459316861791084
0 0.09220949696277714 0.44053201288581534 0.04476829255305557 0.04400453005422929
0 0.20827090805694387 0.42110932631392367 0.043133057370694415 0.040870439695149585
0 0.3216800978364578 0.3813923204601911 0.04309668977951393 0.039307939695149764
0 0.07804573271381923 0.04223086827200957 0.036701219414791805 0.03302157825883114
0 0.01171875 0.065625 0.0234375 0.034375
0 0.22360888658979122 0.2319831938003663 0.03989895459715278 0.03616475897699054
0 0.12706250133118022 0.15130588642238224 0.03833645459715278 0.03615566861791084
0 0.14330705680201367 0.057474073190665644 0.036701219414791805 0.03302157825883123
0 0.98828125 0.621875 0.0234375 0.034375
0 0.9328358033835411 0.593711555040293 0.06468074905006951 0.026935204722264315
0 0.97734375 0.52265625 0.0453125 0.0296875
0 0.9662301848424301 0.5685206574996211 0.04037173328249999 0.056477258976990366
0 0.98671875 0.5625 0.0265625 0.053125
0 0.98046875 0.4265625 0.0390625 0.040625
0 0.9262247403132633 0.4750160971947707 0.0434603656913195 0.054932939695149764
0 0.9685213430868052 0.470083157499621 0.043423998100139014 0.05337043969514958
0 0.99453125 0.4578125 0.0109375 0.053125
0 0.0328125 0.859375 0.065625 0.071875
0 0.0265625 0.959375 0.053125 0.08125
0 0.1203125 0.9546875 0.06875 0.090625
0 0.22306859840513873 0.7352172781093217 0.060140025835555735 0.10033634328594587
0 0.0125 0.7390625 0.025 0.05
0 0.0909094086256248 0.7750433682720096 0.08641158510611113 0.08799087939029934
0 0.0140625 0.78125 0.028125 0.05625
0 0.1328125 0.684375 0.053125 0.090625
0 0.3147105845374303 0.7581184469236242 0.05697865824437507 0.09875566256778665
0 0.1999181198722913 0.9243888624182771 0.09400587955902787 0.07866133118569749
0 0.2695422484813886 0.8193104769778536 0.1026898953265972 0.04902837334017516
0 0.284375 0.95859375 0.053125 0.0828125
0 0.26416637709048596 0.7146684287732517 0.052254790653194404 0.09716589149054773
0 0.6812772226458329 0.7125251875538503 0.03517508700597229 0.03457498789975162
0 0.6309148531547913 0.6612626694034778 0.03357621941479181 0.03300339754067192
0 0.6731023531547914 0.6610172297083281 0.03357621941479181 0.033003397540672094
0 0.8636143311189578 0.8661309348233758 0.03833645459715278 0.03615566861791084
0 0.81328125 0.65 0.0359375 0.021875
0 0.5668887207459719 0.6600728741257421 0.03510235182361114 0.03144998789975162
0 0.87578125 0.65390625 0.0359375 0.0296875