0 0.8300238511977669 0.11728180546971015 0.05278416327441153 0.05720646424430509
0 0.9610149016273082 0.18242805759574204 0.05113977611928178 0.05551641848667064
0 0.7983112630018404 0.3433980242559431 0.05105788896415211 0.05395391848667064
0 0.7179686657608024 0.3243931906165818 0.050976001809022266 0.05239141848667046
0 0.97578125 0.278125 0.0484375 0.053125
0 0.8108311951594445 0.25573852758992305 0.04612472749876275 0.04888378121376711
0 0.848747274987628 0.23705217153078645 0.05105788896415202 0.05395391848667046
0 0.99375 0.36484375 0.0125 0.0515625
0 0.13844494007106184 0.7140612106204612 0.0263101944820761 0.027040732122152633
0 0.23969982360814707 0.6274218221396095 0.0263101944820761 0.027040732122152633
0 0.04214315015697019 0.71709087364712 0.02631019448207601 0.027040732122152633
0 0.0109375 0.69765625 0.021875 0.0265625
0 0.01171875 0.72734375 0.0234375 0.0265625
0 0.07183729420950487 0.6899542887998107 0.0263101944820761 0.027040732122152633
0 0.1289946969684669 0.6821734818322884 0.0247476944820761 0.02691318636451818
0 0.17801205110690982 0.6675049460765936 0.026228307326946164 0.02547823212215263
0 0.2060684520568495 0.6091183612292843 0.024665807326946166 0.025350686364518003
0 0.10218653550307763 0.6753177039525013 0.0247476944820761 0.02691318636451818
0 0.21371053369405538 0.6361910442598224 0.024665807326946166 0.025350686364518003
0 0.14635261533126104 0.6571415309239029 0.026228307326946164 0.02547823212215263
0 0.19101001809022308 0.6483403578953044 0.024665807326946343 0.025350686364518184
0 0.03861535843385613 0.6794633278894855 0.02631019448207601 0.027040732122152633
0 0.1865748236081471 0.6230852663800354 0.024665807326946166 0.025350686364518003
0 0.01435898688255861 0.6619251415249674 0.02631019448207601 0.027040732122152633
0 0.16584624377996357 0.6431746257731519 0.024665807326946343 0.025350686364518184
0 0.16133580619529245 0.5867970800155173 0.024665807326946166 0.025350686364518184
0 0.01717637041964375 0.5672503703131401 0.02631019448207601 0.027040732122152633
0 0.11025134102100158 0.6510829784983085 0.02474769448207601 0.026913186364518005
0 0.15639600067736853 0.6112868969849792 0.024665807326946343 0.025350686364518184
0 0.08253577679665032 0.656599654860887 0.024665807326946343 0.025350686364518003
0 0.01015625 0.6125 0.0203125 0.028125
0 0.06405137041964375 0.5710767430421761 0.02474769448207601 0.02691318636451818
0 0.01015625 0.5890625 0.0203125 0.028125
0 0.13625391904016268 0.5831938478933647 0.024665807326946166 0.025350686364518003
0 0.13879242084918503 0.6316313478933647 0.0263101944820761 0.027040732122152633
0 0.05688067955561236 0.6420589227387344 0.026228307326946344 0.02547823212215263
0 0.11109014472990326 0.5780281157712122 0.024665807326946253 0.025350686364518003
0 0.0355788896415206 0.6512107821318509 0.02631019448207601 0.027040732122152633
0 0.08312227498762806 0.608417246376156 0.024665807326946343 0.025350686364518003
0 0.08747558231457431 0.6321098378914252 0.024665807326946343 0.025350686364518003
0 0.040941419040162776 0.5754135566776581 0.024665807326946343 0.025350686364518003
0 0.03583119515944455 0.6263383278894855 0.026228307326946344 0.02547823212215263
0 0.11214803369405528 0.6279005700135777 0.024665807326946343 0.025350686364518003
0 0.08649958050555204 0.5837998836490597 0.024665807326946343 0.025350686364518003
0 0.06059217774659 0.5941316057692726 0.0263101944820761 0.027040732122152633
0 0.06033987222866606 0.619004060011638 0.026228307326946254 0.02547823212215263
0 0.10771283921197927 0.6026454784983086 0.024665807326946343 0.025350686364518003
0 0.03600161352223878 0.59990337364712 0.024665807326946253 0.025350686364518003
0 0.13279472636710904 0.6062487106204612 0.024665807326946343 0.025350686364518003
0 0.05967148688255861 0.6656239684963688 0.026228307326946254 0.02547823212215263
0 0.01171875 0.6359375 0.0234375 0.028125
0 0.7280253392119793 0.8687809194047545 0.02310330732694634 0.025223140606883375
0 0.878284288782438 0.8265929036529389 0.023021420171816586 0.023660640606883377
0 0.7030253392119793 0.8667401872826019 0.023021420171816586 0.023660640606883554
0 0.8504049502478273 0.8289845800155173 0.021458920171816588 0.023533094849248926
0 0.6865814676606818 0.8498397297062565 0.023021420171816586 0.023660640606883377
0 0.8272949988683462 0.8333213936509992 0.021458920171816588 0.023533094849248926
0 0.6993957281761313 0.9162300042520638 0.023103307326946255 0.025223140606883375
0 0.8036937245580867 0.8282832072864814 0.0230214201718165 0.023660640606883554
0 0.7452880823145743 0.9013063769810998 0.02310330732694634 0.025223140606883375
0 0.7066549502478272 0.8172503703131401 0.023021420171816586 0.023660640606883377
0 0.7150473043862702 0.7992656448589474 0.021458920171816588 0.023533094849248926
0 0.6884781603337354 0.8266573212215256 0.023021420171816586 0.023660640606883377
0 0.7274587731786057 0.828283465162389 0.023021420171816586 0.023660640606883377
0 0.9365062245580867 0.8391245966854168 0.023021420171816586 0.023660640606883377
0 0.6749136273170487 0.8053244551604493 0.0230214201718165 0.023660640606883377
0 0.668656983264514 0.8343742263722767 0.0230214201718165 0.023660640606883554
0 0.7230036465389256 0.8917082363742164 0.023103307326946255 0.025223140606883375
0 0.6930085300760107 0.7943550042520637 0.023021420171816586 0.023660640606883554
0 0.7843705144721784 0.8158151581948669 0.021458920171816498 0.023533094849248926
0 0.7358511273170487 0.8102987397081962 0.021458920171816498 0.023533094849248926
0 0.6799087437799636 0.9006369551604493 0.023103307326946255 0.025223140606883375
0 0.6716934520568495 0.8626267721299111 0.02310330732694634 0.025223140606883555
0 0.6995661465389256 0.8897950500096983 0.023021420171816586 0.023660640606883554
0 0.7625774016273082 0.8155920175879834 0.023021420171816586 0.023660640606883554
0 0.7494975474888652 0.8331941057692726 0.023021420171816586 0.023660640606883377
0 0.6945378098133371 0.9422823212215257 0.024665807326946343 0.025350686364518184
0 0.8674220318850331 0.8568225375918626 0.023021420171816586 0.023660640606883554
0 0.7191483061952926 0.8478306906165818 0.02310330732694634 0.025223140606883375