0 0.07635812659136709 0.21482950837474774 0.020567038669636162 0.023295388367602497
0 0.058879725254639935 0.24103137545502698 0.02054885733609062 0.0217328883676025
0 0.013803582590730733 0.22388743412121723 0.020548857336090798 0.0217328883676025
0 0.0046875 0.1828125 0.009375 0.021875
0 0.10310243992682153 0.19734707743249835 0.020548857336090798 0.0217328883676025
0 0.10261154392109458 0.23953457743249834 0.020548857336090798 0.0217328883676025
0 0.06269561592936687 0.18143785416770344 0.020548857336090798 0.0217328883676025
0 0.014039939926821532 0.20357493412121724 0.020548857336090798 0.0217328883676025
0 0.04385470926163961 0.1905614818916442 0.02054885733609062 0.0217328883676025
0 0.03269903325909436 0.21007630639727637 0.020548857336090798 0.0217328883676025
0 0.10203083593254858 0.15526883807616 0.020548857336090798 0.0217328883676025
0 0.10335697859645779 0.17547207743249835 0.020548857336090798 0.0217328883676025
0 0.003125 0.15 0.00625 0.021875
0 0.06158764926800302 0.14248461481136515 0.020548857336090798 0.0217328883676025
0 0.04002063725336731 0.2517175031789677 0.020548857336090798 0.0217328883676025
0 0.037950154599003125 0.1613110244662912 0.020548857336090798 0.0217328883676025
0 0.08055582527054836 0.1224234870874243 0.020548857336090798 0.0217328883676025
0 0.08971264926800301 0.14051792322545395 0.020548857336090798 0.0217328883676025
0 0.009375 0.1296875 0.01875 0.021875
0 0.050886506604093815 0.12293693931699731 0.020548857336090798 0.0217328883676025
0 0.016166061266730303 0.15502817347755543 0.020548857336090798 0.0217328883676025
0 0.027449006604093818 0.12457584897192335 0.020548857336090798 0.0217328883676025
0 0.03974901193509393 0.14088926382262948 0.020548857336090798 0.0217328883676025
0 0.9348058785805495 0.5138897212479826 0.057213610677908554 0.08674588317182241
0 0.9517592106142752 0.2644688754550269 0.06967724801081765 0.08449496832111639
0 0.98359375 0.49453125 0.0328125 0.0828125
0 0.9338080946053665 0.331295742535306 0.05875792934436319 0.08529264381548422
0 0.8760137759389119 0.33377588635079025 0.0572317920114541 0.08830838317182241
0 0.9452899399268215 0.41792165738601206 0.06964088534372674 0.0813699683211162
0 0.990625 0.26484375 0.01875 0.0859375
0 0.99140625 0.5640625 0.0171875 0.0875
0 0.7681274559198219 0.48183061011978817 0.05250792934436319 0.08485560124083733
0 0.9484375 0.59609375 0.084375 0.0265625
0 0.990625 0.34609375 0.01875 0.0609375
0 0.8650569999204581 0.4703689502127606 0.08343066534054522 0.058915814114071985
0 0.8003410665977304 0.3968328972465535 0.05563292934436319 0.0850741225281606
0 0.8720160719287305 0.4089944076381137 0.0804329346753633 0.06963479282674853
0 0.18306265993000323 0.8692877794099697 0.022147720003181704 0.02496714901126431
0 0.1578444839274579 0.8897859497085575 0.023710220003181702 0.025076409654926125
0 0.13606039059518515 0.8835030987198218 0.023710220003181702 0.025076409654926125
0 0.10043197326545768 0.8594535935240417 0.023710220003181702 0.025076409654926125
0 0.08994900660409381 0.8211559180296739 0.023710220003181702 0.025076409654926125
0 0.18048309993636655 0.8226313006972932 0.023710220003181702 0.025076409654926125
0 0.146126281269912 0.8234725348578514 0.023710220003181702 0.025076409654926125
0 0.06469446793445757 0.8447790883282617 0.023710220003181702 0.025076409654926125
0 0.11313196793445757 0.8413920083747477 0.023710220003181702 0.025076409654926125
0 0.1833535612667303 0.8442877794099697 0.023710220003181702 0.025076409654926125
0 0.1119876386060028 0.8055637690184095 0.023710220003181702 0.025076409654925948
0 0.13498878660091213 0.8414248593634834 0.022147720003181704 0.02496714901126431
0 0.14100242926482132 0.8613003167888366 0.023710220003181702 0.025076409654926125
0 0.16122402259709415 0.8676924284212341 0.023710220003181702 0.025076409654926125
0 0.1599160612667303 0.8459266890648959 0.023710220003181702 0.025076409654925948
0 0.7870410879217309 0.683448104419805 0.08895450668363551 0.13111859604505724
0 0.43359375 0.8625 0.0296875 0.1375