0 0.42053796149005346 0.5494146020072822 0.017028003333980024 0.017733137023308566
0 0.4503210563393024 0.5281199553653269 0.01690045757634522 0.016170637023308565
0 0.8334200830111416 0.09906246025946822 0.0798147878817268 0.08068949400955035
0 0.7989811811943703 0.06287198911540877 0.09129442182065048 0.0686260036281972
0 0.8778397627076998 0.10841761289187346 0.07968724212409217 0.07912699400955034
0 0.96796875 0.26328125 0.0640625 0.0796875
0 0.9796875 0.22265625 0.040625 0.0859375
0 0.9609375 0.109375 0.078125 0.04375
0 0.9609375 0.01796875 0.078125 0.0359375
0 0.96015625 0.32109375 0.0796875 0.0390625
0 0.953125 0.03671875 0.09375 0.0640625
0 0.938840906648563 0.06733625590563178 0.09247428454774687 0.06399306733052797
0 0.9196770920949973 0.2830158196079626 0.0947064642443051 0.05316469473518968
0 0.8919664224003787 0.22166165735691062 0.09343100666795978 0.03753969473518968
0 0.9413284357362983 0.15138387369164663 0.09301641848667064 0.05154763103285873
0 0.96953125 0.38984375 0.0609375 0.0921875
0 0.72734375 0.278125 0.0765625 0.08125
0 0.8252893633068246 0.294102141747814 0.09512105242559432 0.039156758437520624
0 0.814033127850692 0.33656246025946823 0.09875623545613248 0.045515885842182156
0 0.7906595296674632 0.37477178838976943 0.09846919303247778 0.06108632213985139
0 0.1354610730092018 0.7923908196079626 0.04888378121376693 0.04533234736759475
0 0.3426358442210292 0.7929463471979588 0.04732128121376711 0.045277783665263985
0 0.18970203391952706 0.7577777174310444 0.04732128121376693 0.045277783665263985
0 0.1709834690760971 0.6244394277753307 0.04732128121376693 0.045277783665263985
0 0.36081201724962764 0.8374949553653268 0.04901132697140156 0.04689484736759475
0 0.17481061543285645 0.8065971633473603 0.04732128121376702 0.045277783665263985
0 0.44483633088510965 0.8579314517371298 0.04901132697140156 0.04689484736759475
0 0.342795598762957 0.8864235286863046 0.04901132697140156 0.04689484736759475
0 0.2763733733087642 0.8793947678865314 0.04719373545613248 0.04371528366526398
0 0.27691499149587245 0.7391517138028473 0.04732128121376711 0.045277783665263985
0 0.31010987089286823 0.6569741308632228 0.04732128121376693 0.045277783665263985
0 0.25478567360832666 0.972073341207509 0.04888378121376711 0.04533234736759475
0 0.13810835663886478 0.9699156188823231 0.04901132697140156 0.04689484736759475
0 0.30390625 0.9765625 0.0484375 0.046875
0 0.5099514057304793 0.9382340214299104 0.05057382697140156 0.046949411069925694
0 0.2711120463373627 0.9247618315888622 0.04888378121376711 0.04533234736759475
0 0.3890009190663988 0.8739036813187097 0.04732128121376693 0.045277783665263985
0 0.30857983755306934 0.8284126212445759 0.0471937354561323 0.04371528366526398
0 0.043336959074157425 0.6803124602594682 0.04888378121376702 0.04533234736759475
0 0.48447291573241885 0.8877082317741966 0.05057382697140156 0.046949411069925694
0 0.01015625 0.72421875 0.0203125 0.0453125
0 0.01953125 0.615625 0.0390625 0.04375
0 0.4703782069481255 0.7931596236068286 0.04732128121376711 0.045277783665263985
0 0.437757412398439 0.9064780791417915 0.04901132697140156 0.04689484736759475
0 0.12292886422490845 0.6977876477382637 0.04732128121376693 0.045277783665263985
0 0.39604737089286823 0.6539731272350257 0.04719373545613248 0.04371528366526398
0 0.18290964210469557 0.6692062907520221 0.04732128121376702 0.045277783665263985
0 0.34534677179155543 0.9315177738769812 0.04732128121376711 0.045277783665263985
0 0.4111312684575756 0.9463590346767543 0.04901132697140156 0.04689484736759475
0 0.3542754905777885 0.9748312642583343 0.04888378121376693 0.04533234736759475
0 0.44140625 0.9890625 0.0515625 0.021875
0 0.8842497751255355 0.728442425413078 0.08568215060882318 0.07622024881887376
0 0.8275532360358607 0.6977033461016504 0.09575878121376702 0.04696925843752044
0 0.9415198833107038 0.6376338869384905 0.06744233363936125 0.0818154843909035
0 0.9501940263334834 0.8367608677011968 0.05114765394280303 0.09215278366526398
0 0.9442632775414314 0.947589240296535 0.0682076081851685 0.09119048439090349
0 0.86875 0.96015625 0.075 0.0796875