0 0.06486620124100595 0.2796875 0.05788670783841656 0.05625
0 0.06544051425227196 0.20625 0.05632420783841656 0.05625
0 0.10050217286947608 0.34375 0.0563696719450391 0.0578125
0 0.0627006444979461 0.4078125 0.054761707838416565 0.05625
0 0.18170201174498946 0.184375 0.056324207838416386 0.05625
0 0.06328125 0.46484375 0.0578125 0.0484375
0 0.11424172710525342 0.19375 0.05632420783841656 0.05625
0 0.01953125 0.3625 0.0390625 0.05625
0 0.7002748523363627 0.071875 0.04346049498543501 0.04375
0 0.627626962523777 0.0984375 0.04346049498543501 0.04375
0 0.765625 0.00625 0.04375 0.0125
0 0.6662348214575502 0.1140625 0.04024456677218957 0.040625
0 0.577916467538342 0.1421875 0.04346049498543501 0.04375
0 0.7615473214575502 0.1140625 0.04497753087881229 0.0421875
0 0.7956328164429853 0.0703125 0.04341503087881229 0.0421875
0 0.8203125 0.00625 0.04375 0.0125
0 0.6465875626820615 0.0375 0.04497753087881229 0.0421875
0 0.85234375 0.0203125 0.0453125 0.040625
0 0.6085419934025895 0.05625 0.04341503087881238 0.0421875
0 0.8614851369760987 0.0625 0.04341503087881229 0.0421875
0 0.5714057062555709 0.04375 0.04180706677218975 0.040625
0 0.8997580267886842 0.0359375 0.04346049498543501 0.04375
0 0.6901436828986058 0.1515625 0.04502299498543501 0.04375
0 0.50625 0.015625 0.046875 0.03125
0 0.94296875 0.0046875 0.0453125 0.009375
0 0.7124398832151749 0.0296875 0.04180706677218957 0.040625
0 0.7859228473217976 0.028125 0.04502299498543501 0.04375
0 0.5244899391668121 0.20625 0.04506845909205772 0.0453125
0 0.4530194191085523 0.03125 0.04502299498543509 0.04375
0 0.4671875 0.00546875 0.040625 0.0109375
0 0.49149088572245747 0.0515625 0.041761602665567034 0.0390625
0 0.7069052855641729 0.1125 0.04019910266556703 0.0390625
0 0.4732911520197935 0.19375 0.048193459092057724 0.0453125
0 0.6390625 0.00703125 0.04375 0.0140625
0 0.371875 0.01640625 0.046875 0.0328125
0 0.41266720374828847 0.021875 0.04336956677218975 0.040625
0 0.5811036520197935 0.19375 0.04663095909205772 0.0453125
0 0.6201948957515874 0.1390625 0.04180706677218975 0.040625
0 0.7533998523363626 0.071875 0.04502299498543501 0.04375
0 0.2019737446562307 0.6234375 0.048193459092057724 0.0453125
0 0.5022632496707956 0.9328125 0.09414245658477531 0.0671875
0 0.6178380885463091 0.7734375 0.08062552586424747 0.0859375
0 0.7130716836900287 0.66875 0.08379598997087001 0.0875
0 0.603514827263538 0.675 0.07763691818411544 0.090625
0 0.903775588546309 0.7734375 0.062148310503983596 0.0953125
0 0.666589140274804 0.6015625 0.08218802586424748 0.0859375
0 0.8049409349436699 0.6796875 0.09672188730530315 0.0484375
0 0.8786893573509275 0.9375 0.07299488229073817 0.0921875
0 0.8473390351019546 0.61875 0.09685827962517113 0.053125
0 0.9193431010827213 0.8828125 0.05286423871722903 0.0984375
0 0.8277131937191585 0.75625 0.09133570533113407 0.078125
0 0.5578145676966265 0.903125 0.07598348997087019 0.0875
0 0.83359375 0.53671875 0.0546875 0.0953125
0 0.70859375 0.52265625 0.0859375 0.0671875
0 0.9035723147271255 0.565625 0.09262542069139794 0.06875
0 0.90078125 0.5140625 0.0953125 0.05
0 0.7539072838483133 0.6078125 0.09694920783841657 0.05625
0 0.8994183606496329 0.6546875 0.09119931301126591 0.0734375
0 0.46948681974169054 0.609375 0.07919941818411544 0.090625
0 0.8053093448145152 0.828125 0.09575042069139812 0.06875