0 0.43046875 0.0171875 0.0484375 0.034375
0 0.3109375 0.01171875 0.046875 0.0234375
0 0.1984375 0.02109375 0.046875 0.0421875
0 0.11796875 0.01640625 0.0484375 0.0328125
0 0.39774088572245747 0.05453231960867662 0.048193459092057724 0.04667642319868044
0 0.040625 0.01171875 0.05 0.0234375
0 0.3222862446562306 0.0679750424907879 0.048238923198680436 0.048238923198680436
0 0.5375 0.009375 0.05 0.01875
0 0.3850302855641729 0.11515157086231778 0.048238923198680436 0.048238923198680436
0 0.5032922037482884 0.027890914752396155 0.04980142319868044 0.048284387305303156
0 0.1525193139357029 0.04426945486891567 0.048193459092057724 0.04667642319868044
0 0.26506477804232553 0.0459803705457487 0.04663095909205772 0.04663095909205772
0 0.559375 0.03359375 0.040625 0.0453125
0 0.495678280549608 0.07458405832590546 0.049755959092057725 0.046721887305303154
0 0.5190415727111914 0.1315614840318684 0.05136392319868044 0.048329851411925875
0 0.3858820802330388 0.19336749907556322 0.04984688730530316 0.04984688730530316
0 0.700815724597971 0.40244097070403323 0.08872753087881229 0.04473348997087019
0 0.8296875 0.44921875 0.053125 0.0390625
0 0.6828125 0.4484375 0.0875 0.040625
0 0.6046875 0.4203125 0.05 0.046875
0 0.8995714733443296 0.39727741224511376 0.06936977711788864 0.07695495658477522
0 0.6428213681714803 0.40700879875899404 0.042807277117888634 0.07618206677218975
0 0.86328125 0.42578125 0.0390625 0.0859375
0 0.60390625 0.45078125 0.0484375 0.0359375
0 0.8953125 0.44453125 0.0375 0.0484375
0 0.01796875 0.96640625 0.0359375 0.0671875
0 0.042479072711191446 0.7817981986007095 0.07172188730530316 0.050483384798020656
0 0.12097511190327408 0.5025940833987301 0.059676528371529966 0.06574467194503919
0 0.05291177052047811 0.6382300550272002 0.05342652837152997 0.06556281551854841
0 0.050626541832379066 0.8242584832404456 0.06556281551854841 0.05342652837152997
0 0.06345211691783899 0.5447073755603136 0.044187920691397944 0.06997753087881246
0 0.19878656017477914 0.6768786810497323 0.07323892319868044 0.048966348904643374
0 0.04185459857543892 0.6957697703874641 0.04726745658477523 0.06850595909205773
0 0.17846936315691533 0.5152137553437693 0.06289245658477541 0.06896060015828454
0 0.015625 0.61796875 0.03125 0.0703125
0 0.17431540907942242 0.6042307912371466 0.061148100158284535 0.06266513605166182
0 0.15833139324430484 0.7773500424907879 0.06569920783841657 0.05811402837152997
0 0.04421140578071716 0.8834970909205776 0.052000420691397944 0.07020485141192587
0 0.09815475969992545 0.8569178705457487 0.06721624373179384 0.05659699247815268
0 0.27510501926683695 0.6337484581676209 0.052091348904643196 0.07332985141192587
0 0.13674589825886976 0.820509009104693 0.0566424565847754 0.06877874373179385
0 0.14296875 0.9875 0.0796875 0.025
0 0.14739859026216867 0.9381056860642971 0.07204013605166182 0.06142088479802084
0 0.278651219583406 0.511873458167621 0.050574313011266095 0.07484688730530316
0 0.12311662193240398 0.5902304757185982 0.044278848904643196 0.07310253087881229
0 0.22528687569332764 0.6260436067556951 0.04749477711788863 0.07631845909205773
0 0.13232648588074197 0.6499237244649569 0.07310253087881229 0.044278848904643196
0 0.2247460034317193 0.8058674990755632 0.07480142319868044 0.04901181301126591
0 0.15867838572245746 0.7116795783841653 0.05963106426490725 0.0641821719450391
0 0.20242368870459365 0.5518786810497323 0.059812920691397944 0.07043217194503928
0 0.2623416286628285 0.9649075299543755 0.06588106426490725 0.06436402837152996
0 0.27471256268206157 0.7009814222742436 0.0718128155185486 0.05360838479802048
0 0.26902015531849877 0.5741461376345075 0.074710494985435 0.04588681301126592
0 0.0927351369760987 0.7207075859060126 0.06271060015828453 0.06271060015828453
0 0.27026910359000383 0.7462029940609982 0.07595474623907635 0.034994777117888634
0 0.02734375 0.75234375 0.0546875 0.0421875
0 0.24047865201979352 0.8563676042484125 0.07208560015828454 0.06298338479802065
0 0.21562706769662654 0.7430492503292043 0.04432431301126609 0.0746650308788123
0 0.7715828656641979 0.7012421835570147 0.05530727711788863 0.07654577962517113
0 0.7955659349436699 0.6831741451563549 0.05686977711788863 0.07659124373179385
0 0.6874519065721401 0.7441450859060126 0.07668217194503928 0.05999477711788863
0 0.8723844992085772 0.6228564222742436 0.041335705331134065 0.07926160266556703
0 0.797087667854911 0.8458560015828457 0.035085705331134066 0.07907974623907635
0 0.782917519266837 0.7954013605166189 0.0660174565847754 0.06905152837152997
0 0.7610712629986308 0.7400318989172786 0.05682431301126591 0.07502874373179384
0 0.8437019065721401 0.7486914965682807 0.03821070533113406 0.0791706744523216
0 0.8244230576674967 0.8200663913954311 0.033568669437756785 0.08059678213245362
0 0.76953125 0.9640625 0.0421875 0.071875
0 0.807314462523777 0.9243447144358271 0.03825616943775678 0.0807331744523216
0 0.7283042271052534 0.7375146526782024 0.056778848904643374 0.07346624373179385
0 0.8512823890211628 0.5956574247815261 0.04749477711788863 0.07631845909205773
0 0.8207932554767833 0.6760890708623177 0.055534597651002215 0.08435827962517121
0 0.7734923581423503 0.6356171835570147 0.07190374373179384 0.05673338479802066
0 0.7269977913701606 0.674923724464957 0.04744931301126591 0.07475595909205772
0 0.7176969992085771 0.6183554757185983 0.07912521034569905 0.03664820533113407
0 0.7456782805496079 0.8928386501709198 0.058386813011265914 0.07507420783841656
0 0.74140625 0.959375 0.0453125 0.08125
0 0.798549845605938 0.5268786810497322 0.0567788489046432 0.07346624373179385
0 0.6371002170761235 0.6472868062808415 0.0336141335443795 0.08215928213245363
0 0.6972313865138803 0.5692814782258806 0.07056856426490725 0.06450042069139794
0 0.7105591344688162 0.8636679757185982 0.07686402837152997 0.06624477711788863
0 0.78828125 0.98359375 0.0390625 0.0328125
0 0.8126745300873897 0.578895822115959 0.0749832796251713 0.05526181301126609
0 0.6545437813410308 0.5852414473470683 0.04905727711788863 0.07636392319868043
0 0.8422998456059381 0.5281516760351673 0.07516513605166182 0.061511813011266
0 0.7673907738191834 0.5228443989172786 0.05526181301126591 0.07498327962517112
0 0.664452327263538 0.6746676602000496 0.028790241224511348 0.07733538981258556
0 0.6924863990502926 0.6786110141192581 0.03035274122451135 0.07738085391920828
0 0.6909285960681565 0.8396394423325033 0.07373902837152997 0.0661538489046432
0 0.8475830760098967 0.6690494606749035 0.05222774122451135 0.07801735141192578