0 0.22265625 0.44140625 0.0953125 0.0359375
0 0.3257192107632768 0.2998202763417962 0.08262879353213641 0.08639201795398091
0 0.37890625 0.1953125 0.0203125 0.0875
0 0.30337281999010235 0.20128278239192038 0.0797494549975255 0.09106133723582169
0 0.353125 0.12734375 0.071875 0.0859375
0 0.23203125 0.01171875 0.0984375 0.0234375
0 0.275 0.421875 0.078125 0.075
0 0.3703125 0.04140625 0.0375 0.0828125
0 0.16399605947465284 0.13486692115199359 0.0813119549975256 0.09107042759490121
0 0.99609375 0.2625 0.0078125 0.03125
0 0.9730036465389256 0.20638843890958275 0.032887743102595124 0.03143180718159222
0 0.8881240355030776 0.25587937880112416 0.034532130257724704 0.03300339754067192
0 0.99453125 0.225 0.0109375 0.03125
0 0.9558028584338562 0.2656452642415477 0.032887743102595124 0.03143180718159222
0 0.8447015841235966 0.2618748487468949 0.034450243102595125 0.03144089754067192
0 0.830550552915932 0.28990894515609866 0.034450243102595125 0.03144089754067192
0 0.7993957281761312 0.2319328186926656 0.034532130257724704 0.033003397540672094
0 0.9432962143813214 0.2952509510098311 0.032887743102595124 0.03143180718159222
0 0.9473419052453528 0.22342140280522926 0.032887743102595124 0.0314318071815924
0 0.873822518090223 0.2214316559284873 0.032887743102595124 0.03143180718159222
0 0.9103332281761313 0.23257823418731843 0.032887743102595124 0.0314318071815924
0 0.7995528584338562 0.2647362283335859 0.034450243102595125 0.0314408975406721
0 0.9072768272261916 0.293479372751 0.032887743102595124 0.0314318071815924
0 0.824457683173657 0.32267599336070063 0.034532130257724704 0.033003397540672094
0 0.7628850180902231 0.22078624043383438 0.034532130257724794 0.03300339754067192
0 0.98359375 0.1625 0.0328125 0.03125
0 0.8678867786056725 0.2870021137740095 0.032887743102595124 0.0314318071815924
0 0.8245661465389256 0.20552485479701907 0.034450243102595125 0.03144089754067192
0 0.7580956987774892 0.3082316982793566 0.034532130257724794 0.033003397540672094
0 0.78715467774659 0.17719077653818793 0.032969630257724744 0.03299430718159222
0 0.9721581987774892 0.3094770774732643 0.032887743102595124 0.0314318071815924
0 0.8198034034363305 0.17425667407885986 0.034532130257724704 0.03300339754067192
0 0.7563960006773686 0.18638396935659554 0.034532130257724794 0.033003397540672094
0 0.4956754274079057 0.6403533309893057 0.050976001809022266 0.048719301131468204
0 0.4541430246489438 0.6526078912941561 0.049331614653892554 0.04714771077238851
0 0.4078125 0.66875 0.0375 0.05
0 0.4469789778374471 0.6947408491396783 0.05081222749876284 0.04559430113146821