0 0.6375 0.36015625 0.084375 0.0390625
0 0.8453125 0.18401655094939479 0.0484375 0.07994957995351379
0 0.64375 0.8556615940282448 0.0296875 0.03176345222957302
0 0.66328125 0.99453125 0.0296875 0.0109375
0 0.6125 0.9531593069014794 0.0296875 0.03332595222957302
0 0.6859375 0.7355240566493779 0.0296875 0.03176345222957302
0 0.740625 0.7660749341212172 0.03125 0.031872712873234656
0 0.5578125 0.8241709294296402 0.0296875 0.03176345222957302
0 0.5296875 0.8136376210155515 0.03125 0.031872712873234656
0 0.7015625 0.9469314502127606 0.0296875 0.03332595222957302
0 0.55625 0.7945926900733019 0.0296875 0.03176345222957302
0 0.64375 0.8947240940282448 0.0296875 0.03332595222957302
0 0.6171875 0.8731440249704943 0.0296875 0.03176345222957302
0 0.7 0.8923532108564224 0.0296875 0.03176345222957302
0 0.746875 0.7375128915465703 0.0296875 0.03176345222957302
0 0.640625 0.7683801153155683 0.0296875 0.03176345222957302
0 0.65625 0.9532250088789509 0.0296875 0.03332595222957302
0 0.6953125 0.8348684927874075 0.0296875 0.03176345222957302
0 0.6765625 0.8111796205113484 0.0296875 0.03176345222957302
0 0.7109375 0.7509633863507902 0.0296875 0.03176345222957302
0 0.596875 0.7511269133380969 0.0296875 0.03176345222957302
0 0.78125 0.924171657386012 0.03125 0.03343521287323483
0 0.775 0.687108699960659 0.0296875 0.03332595222957302
0 0.728125 0.9716365192705112 0.028125 0.03165419158591121
0 0.7578125 0.9679980670409382 0.028125 0.03321669158591121
0 0.5859375 0.8518917378437291 0.0296875 0.03176345222957302
0 0.740625 0.6707624341212173 0.0296875 0.03176345222957302
0 0.5875 0.8158449772000672 0.0296875 0.03176345222957302
0 0.765625 0.8612017638226295 0.028125 0.030091691585911205
0 0.6640625 0.7854912056606422 0.0296875 0.03176345222957302
0 0.7953125 0.6450633115930564 0.03125 0.03343521287323474
0 0.63125 0.6752856791775387 0.0296875 0.03176345222957302
0 0.5921875 0.9280171952690821 0.0296875 0.03332595222957302
0 0.759375 0.8225763063972764 0.0296875 0.03020095222957302
0 0.5578125 0.8616709294296403 0.03125 0.03343521287323483
0 0.7890625 0.7173753541677035 0.0296875 0.03176345222957302
0 0.64375 0.9806615940282448 0.0296875 0.03332595222957302
0 0.6171875 0.8215815249704942 0.028125 0.030091691585911205
0 0.79375 0.5920475722367182 0.03125 0.03343521287323466
0 0.7203125 0.9237453224888197 0.028125 0.03165419158591121
0 0.5390625 0.764544557153581 0.0296875 0.03176345222957302
0 0.5875 0.8830324772000673 0.0296875 0.03176345222957302
0 0.8125 0.7329239445127774 0.03125 0.03343521287323466
0 0.8421875 0.6620979922832044 0.03125 0.03343521287323466
0 0.7359375 0.6382777160522024 0.0296875 0.03332595222957302
0 0.5015625 0.6656043126014627 0.03125 0.03343521287323466
0 0.6890625 0.6103055353620545 0.0296875 0.03332595222957302
0 0.709375 0.5885726469944519 0.0296875 0.03332595222957302
0 0.7078125 0.7136819076381137 0.0296875 0.03332595222957293
0 0.56875 0.7655936049240081 0.0296875 0.03176345222957302
0 0.6828125 0.6466800779367015 0.0296875 0.03332595222957293
0 0.771875 0.7451397212479826 0.028125 0.030091691585911205
0 0.7890625 0.7658128541677034 0.028125 0.030091691585911205
0 0.678125 0.9704453598676868 0.0296875 0.03176345222957302
0 0.6625 0.626225466304304 0.0296875 0.03176345222957302
0 0.6015625 0.6695491314071116 0.03125 0.03343521287323466
0 0.8015625 0.8493137690184096 0.03125 0.031872712873234656
0 0.64375 0.6478490940282449 0.0296875 0.03176345222957302
0 0.5375 0.7349663177972428 0.03125 0.031872712873234746
0 0.5015625 0.7406043126014626 0.03125 0.03343521287323466
0 0.609375 0.7752528281888029 0.028125 0.03165419158591121
0 0.625 0.9179102217521857 0.0296875 0.03332595222957302
0 0.7515625 0.932497609615585 0.028125 0.03165419158591121
0 0.678125 0.6938828598676866 0.0296875 0.03176345222957302
0 0.7546875 0.6119665883282617 0.0296875 0.03332595222957302
0 0.621875 0.6103162430395092 0.0296875 0.03332595222957293
0 0.615625 0.638878285614156 0.03125 0.03343521287323466
0 0.6296875 0.5816449398212005 0.0296875 0.03332595222957302
0 0.74140625 0.9953125 0.0296875 0.009375
0 0.4921875 0.702197376463433 0.03125 0.03343521287323466
0 0.71171875 0.99453125 0.0296875 0.0109375
0 0.6546875 0.5970842695226126 0.0296875 0.03176345222957302
0 0.765625 0.7815142638226295 0.0296875 0.03176345222957302
0 0.60625 0.7239088494761264 0.0296875 0.03020095222957302
0 0.7015625 0.8625564502127606 0.028125 0.030091691585911205