0 0.00859375 0.46328125 0.0171875 0.0484375
0 0.00703125 0.2421875 0.0140625 0.04375
0 0.023767371378390224 0.3588948066495778 0.04586046360606986 0.04760534034363317
0 0.0864770789886041 0.22560427182386872 0.04415241439185813 0.04439845318850324
0 0.0078125 0.41171875 0.015625 0.0484375
0 0.00859375 0.303125 0.0171875 0.046875
0 0.0320079028099217 0.23315782225341 0.04415241439185813 0.04439845318850324
0 0.831793887094156 0.2796433186353653 0.044225188998963993 0.04596095318850324
0 0.7902998999144375 0.33037365897899845 0.0527996683207995 0.029264776119281778
0 0.6574146253073316 0.3357715671650273 0.05109161910658777 0.02605788896415202
0 0.6012716331652145 0.3073876175945687 0.03201628742738745 0.05155585594746519
0 0.7886260839510028 0.29443615897899844 0.03655823821317572 0.048676517412854635
0 0.585462542594674 0.27062460199073646 0.039537688998963996 0.04571529172311415
0 0.8005053457378271 0.24682417458283065 0.03655823821317572 0.048676517412854635
0 0.8667853172017799 0.2574474140673811 0.049892992142117266 0.033788501809022264
0 0.7114856951997078 0.35329990389061566 0.030381012820281585 0.049911468792335614
0 0.6495250425946739 0.26726722863041663 0.03187073821317572 0.04843085594746519
0 0.6748719148016338 0.5760690185445082 0.0369948858558109 0.05805151741285428
0 0.6477741439185815 0.16241595432015715 0.039537688998963996 0.04571529172311415
0 0.6386260839510027 0.3022973258714545 0.04429796360606986 0.04752345318850324
0 0.6202356488809803 0.24374119742275208 0.03350601282028158 0.050075243102595125
0 0.565625 0.20546875 0.0125 0.0484375
0 0.699627742347005 0.16596367820087526 0.04549659057054054 0.03979284034363299
0 0.5922262729499668 0.34858582768047686 0.050111315963434676 0.03847600180902226
0 0.7492040190210254 0.3560221121675017 0.04982021753501122 0.03222600180902226
0 0.6684634412707664 0.37121774423424886 0.03968323821317572 0.048840291723114146
0 0.6092596075246514 0.2098575203535306 0.04258991439185813 0.044316566033373486
0 0.7551200711307212 0.2476364020815934 0.051382717535011224 0.032307888964152195
0 0.7511131596343472 0.09434762777133394 0.0486943651776464 0.041519114653892596
0 0.6879325711307211 0.25115754975217275 0.04110018899896399 0.04579717887824373
0 0.7470935554149556 0.3107096121675017 0.046767992142117264 0.03362472749876275
0 0.6912373535957099 0.22122438828678348 0.04698631596343468 0.03831222749876275
0 0.6883349855225794 0.2934269369073025 0.039537688998963996 0.04571529172311415
0 0.5969393899896401 0.1807432304394389 0.051382717535011314 0.032307888964152195
0 0.728159464844415 0.27411037087392903 0.04982021753501122 0.03222600180902226
0 0.7404368329175455 0.20141649932263145 0.04982021753501122 0.03222600180902226
0 0.36178540983923496 0.9590984452750455 0.037795406533975395 0.07523901741285463
0 0.4015625 0.721875 0.05625 0.04375
0 0.42859611248705 0.7457109746736877 0.03921235731976367 0.07219590456798422
0 0.32541126219659977 0.9516068498430299 0.0409204065339754 0.07540279172311415
0 0.46682385855810865 0.7593706829505736 0.03764985731976367 0.07211401741285464
0 0.4556081844463408 0.9557477159672605 0.045607906533975215 0.07564845318850325
0 0.8072860769216895 0.8546079398479787 0.04742296360606986 0.04768722749876275
0 0.98671875 0.8421875 0.0265625 0.05
0 0.8946448358130297 0.914248533470972 0.048985463606069854 0.04776911465389251
0 0.97578125 0.98203125 0.0484375 0.0359375
0 0.9320378279551467 0.9436151289029876 0.04735018899896417 0.04612472749876275
0 0.9426799214211714 0.86944064450682 0.04742296360606986 0.04768722749876284
0 0.8986388229927481 0.865483484850453 0.048985463606069854 0.04776911465389251
0 0.8448246182780184 0.8870995352799943 0.048985463606069854 0.04776911465389251
0 0.9129881133156197 0.8036452261440257 0.049058238213175544 0.049331614653892505
0 0.978125 0.915625 0.04375 0.05
0 0.870038633993784 0.8231255664876589 0.048985463606069854 0.04776911465389251
0 0.963788633993784 0.8182123371798736 0.04891268899896417 0.04620661465389251
0 0.90703125 0.99140625 0.0484375 0.0171875