0 0.7109375 0.5296875 0.0234375 0.0234375
0 0.6859375 0.5484375 0.025 0.0234375
0 0.6140625 0.4734375 0.0234375 0.0234375
0 0.6265625 0.5140625 0.0234375 0.0234375
0 0.6734375 0.4796875 0.025 0.0234375
0 0.6640625 0.5421875 0.025 0.025
0 0.7078125 0.48125 0.0234375 0.0234375
0 0.7109375 0.503125 0.025 0.0234375
0 0.5890625 0.4953125 0.025 0.025
0 0.640625 0.496875 0.0234375 0.025
0 0.6375 0.459375 0.0234375 0.0234375
0 0.6609375 0.4984375 0.0234375 0.025
0 0.66875 0.51875 0.0234375 0.0234375
0 0.6890625 0.525 0.0234375 0.025
0 0.6859375 0.503125 0.0234375 0.0234375