0 0.60859375 0.45078125 0.0578125 0.0359375
0 0.5859375 0.39765625 0.0125 0.0796875
0 0.611184068825257 0.4092987244649569 0.06025423151356133 0.07038670783841638
0 0.6725920056851948 0.4298672887298641 0.07524219468185844 0.059903848904643196
0 0.6293572161520689 0.3660033655311838 0.05767526308359248 0.07967077962517113
0 0.59453125 0.33359375 0.0296875 0.0859375
0 0.6842267266754126 0.3644696092629776 0.05491428413027997 0.08582985141192578
0 0.7777484844973331 0.2904985633404704 0.06723227360693614 0.08306856426490725
0 0.6684028475526907 0.179321719450392 0.08663472099021767 0.06803459765100203
0 0.73046875 0.453125 0.0828125 0.03125
0 0.66328125 0.45390625 0.0734375 0.0296875
0 0.7522332740304591 0.35236206584775287 0.09013915258848364 0.04785848997087019
0 0.6339074792356613 0.28787836553118373 0.06419827886860788 0.08454013605166191
0 0.7257309581889739 0.29681074782192196 0.05362479991529554 0.09047188730530316
0 0.7843162738892848 0.2046065274470931 0.07044827886860787 0.0847219924781526
0 0.6046875 0.265625 0.05 0.075
0 0.59921875 0.18203125 0.0390625 0.0578125
0 0.7404906791791916 0.23150399656828072 0.07789675782192056 0.07869931301126601
0 0.60546875 0.221875 0.0515625 0.065625
0 0.6704064213572709 0.30615700409012814 0.06723227360693614 0.08306856426490725
0 0.7405075477785696 0.41932224531463946 0.08655912628012441 0.039955061757624755
0 0.6743196476091604 0.23896950409012813 0.08912268415851479 0.05718802586424747
0 0.742145642488663 0.39119724531463945 0.08803062101845249 0.03843802586424747
0 0.18673301649088722 0.9682859648980455 0.04473564732681172 0.04497753087881229
0 0.5359375 0.9921875 0.04375 0.015625
0 0.33671875 0.98515625 0.0421875 0.0296875
0 0.384375 0.990625 0.04375 0.01875
0 0.44296875 0.9953125 0.0421875 0.009375
0 0.1515625 0.9875 0.04375 0.025
0 0.21875 0.984375 0.04375 0.03125
0 0.25390625 0.99375 0.0421875 0.0125
0 0.725504174058694 0.653012654394062 0.23431335779368573 0.11288775956691141
0 0.96484375 0.903125 0.0703125 0.1625
0 0.8027961741998684 0.8039506802583094 0.18915204721387227 0.16772837226160836
0 0.834375 0.94296875 0.146875 0.1140625