0 0.02421875 0.58125 0.0484375 0.015625
0 0.2655392006099994 0.5427339633064714 0.04792966014423614 0.04558521077238851
0 0.669029182942569 0.4355123366466465 0.04829333605604162 0.06121021077238851
0 0.6191019181249301 0.4320964451560987 0.05443423328249999 0.05655907220870695
0 0.6186317522811107 0.31801576443793944 0.06486258700597229 0.034747704722264315
0 0.7080942957840969 0.30134641490547764 0.05901263050895835 0.05189884328594587
0 0.5744790959365967 0.4693419151018694 0.04832970364722229 0.06277271077238851
0 0.5664510032310413 0.3442782825883121 0.06646145459715277 0.036319295081343836
0 0.7492621968102773 0.41253844495970693 0.06497168977951392 0.03943520472226432
0 0.6442486949104163 0.3587953005422929 0.06497168977951392 0.03943520472226432
0 0.6560577106779857 0.38855552341492994 0.06657055737069442 0.04100679508134384
0 0.5732088430868051 0.3896362343837102 0.04825696846486114 0.05964771077238851
0 0.7042406375397217 0.3997748245463981 0.02652743882958326 0.06577044574527377
0 0.599446647607708 0.26946008976990443 0.04836607123840277 0.0643352107723885
0 0.7955942957840969 0.3018554750139362 0.032813806420763925 0.06736930718159222
0 0.5418497403132634 0.39414192720211777 0.042116071238402865 0.06429884933607007
0 0.5005363689223608 0.2891998971478886 0.04676720364722229 0.06276362041330899
0 0.8760117604492358 0.1366759026088375 0.06802395459715278 0.036328385440423536
0 0.6619466476077079 0.26982370413308915 0.03742857123840295 0.06427157825883115
0 0.549119339287083 0.2832316982793567 0.04520470364722229 0.06275453005422929
0 0.5752467346136803 0.23493964402463058 0.05897626291777787 0.05033634328594587
0 0.6290977800165274 0.27119530659241714 0.04520470364722229 0.06275453005422929
0 0.49897125608083287 0.42358398750696813 0.06475348423243057 0.030060204722264318
0 0.7750622838162495 0.37830889070498086 0.0679512194147918 0.03320338544042354
0 0.5703125 0.56328125 0.053125 0.0515625
0 0.7994856280404165 0.13466797501393626 0.03746493882958344 0.06583407825883122
0 0.21015625 0.98828125 0.0296875 0.0234375
0 0.17890625 0.98515625 0.0296875 0.0296875
0 0.23505292002479114 0.9667997398446591 0.028779616641249995 0.028288626463433175
0 0.23984375 0.98984375 0.0296875 0.0203125
0 0.5970074061570828 0.6704054871141847 0.06558993882958344 0.06599770472226432
0 0.6725516136040272 0.7146009147090859 0.06878767401194459 0.06914088544042371
0 0.5999856293715966 0.7438702581914235 0.06566267401194459 0.06912270472226431
0 0.6646313172512495 0.6520463725546082 0.07035017401194459 0.06914997579950324
0 0.6693889395920827 0.7833418243500063 0.06718880642076393 0.06756929508134402