0 0.24362958869018464 0.1453787559686801 0.03880822177194432 0.03427684091247105
0 0.37075943374194403 0.06804161764139778 0.03894492280870363 0.035839340912471054
0 0.1859375 0.009375 0.040625 0.01875
0 0.2942557223375923 0.04779810182406696 0.039081623845462946 0.03740184091247105
0 0.2289027073518513 0.17280341901054178 0.038944922808703805 0.035839340912471054
0 0.03995778454314762 0.13085204646340917 0.042343324882222165 0.039091674904859805
0 0.15362788821907322 0.29117673421985024 0.04064412384546294 0.03746550790866543
0 0.23062103223407338 0.2102397520143474 0.04220662384546294 0.03752917490485981
0 0.01015625 0.12109375 0.0203125 0.0390625
0 0.3507762902925918 0.3023237757403436 0.037245721771944316 0.03421317391627667
0 0.33768982139536946 0.34849843878220527 0.037245721771944316 0.03421317391627667
0 0.22265625 0.01328125 0.0390625 0.0265625
0 0.14843324882222148 0.23180173421985026 0.04064412384546294 0.03746550790866543
0 0.4401929389257403 0.078655465473951 0.03738242280870363 0.03577567391627658
0 0.3100925016969436 0.31779226684309503 0.03894492280870363 0.035839340912471054
0 0.16019237210203655 0.11706807216657174 0.04064412384546286 0.03746550790866543
0 0.3643111099910176 0.33245694471370435 0.037245721771944316 0.03421317391627667
0 0.2787454654103696 0.26202242790779035 0.04050742280870363 0.03590300790866543
0 0.4050359803961106 0.13950012357289682 0.04064412384546294 0.03746550790866543
0 0.38902141819055525 0.04543178859192487 0.03738242280870363 0.035775673916276673
0 0.11937188246962908 0.13097406326932318 0.03738242280870363 0.03577567391627658
0 0.3640625 0.3671875 0.0375 0.025
0 0.2774960322340734 0.7158292243340185 0.04927683006601846 0.04715884288963732
0 0.35702629029259175 0.8062579061589605 0.045741726955740705 0.04234400889724856
0 0.6463621923661103 0.8211613004549229 0.04587842799249984 0.043906508897248564
0 0.4366358778514806 0.7908185899610689 0.04757762902925933 0.04553267589344294
0 0.5955993576819434 0.9171794545995361 0.04587842799249984 0.043906508897248564
0 0.28079739802101794 0.6645850593149905 0.04927683006601846 0.04715884288963732
0 0.438587940057036 0.8843139219762912 0.04757762902925933 0.04553267589344294
0 0.5044480944396288 0.8184926038012333 0.04601512902925915 0.04546900889724874
0 0.5644669348732398 0.881658448668037 0.04744092799249984 0.043970175893442945
0 0.43945064514629595 0.591646260911596 0.04771433006601846 0.04709517589344294
0 0.48482193374194404 0.5763687707974278 0.04771433006601846 0.04709517589344294
0 0.3989198473143508 0.8935960800752373 0.04757762902925915 0.04553267589344294
0 0.6703125 0.9 0.01875 0.04375
0 0.4941338939685174 0.9675375988583174 0.046015129029259326 0.045469008897248565
0 0.5408736099910176 0.8433307777175099 0.04757762902925915 0.04553267589344294
0 0.53515625 0.9875 0.0453125 0.025
0 0.3994871923661103 0.8111019150562091 0.04757762902925933 0.04553267589344294
0 0.4051301825641655 0.9467847470714315 0.04757762902925933 0.04553267589344294
0 0.29776886748388814 0.7695908942959624 0.04927683006601846 0.04715884288963732
0 0.5601541244111108 0.5654259536109529 0.04615183006601846 0.04703150889724857
0 0.6100556710652774 0.6375211295043959 0.04615183006601846 0.04703150889724857
0 0.5023019596609254 0.6160042737631772 0.04771433006601846 0.04709517589344294
0 0.6250942021680549 0.6848417984777566 0.04771433006601846 0.04709517589344294
0 0.5364623461830551 0.5971561146756482 0.04615183006601846 0.04703150889724857
0 0.5991358778514806 0.7974399575652856 0.04587842799249984 0.043906508897248564
0 0.44466157427009156 0.9359400889724856 0.04757762902925933 0.04553267589344294
0 0.43845407313879575 0.6336427599230128 0.04771433006601846 0.04709517589344294
0 0.66796875 0.57421875 0.0234375 0.0484375
0 0.45390625 0.978125 0.0453125 0.04375
0 0.5360125783225921 0.6454026136870651 0.04771433006601846 0.04709517589344294
0 0.44683391819055523 0.5514669298849567 0.04771433006601846 0.04709517589344299
0 0.4786101814328698 0.6477344348278725 0.04757762902925915 0.04553267589344294
0 0.66953125 0.8421875 0.0203125 0.04375
0 0.5278841773803693 0.9440019397707886 0.04587842799249984 0.043906508897248564
0 0.44571835193249926 0.752265425930624 0.044179226955740704 0.04228034190105419
0 0.61484375 0.9890625 0.0453125 0.021875
0 0.6457962643736103 0.7791011344473118 0.04587842799249984 0.043906508897248744
0 0.39054141932185094 0.851217579086654 0.04757762902925915 0.04553267589344294
0 0.35034706333685106 0.7655055721665718 0.04914012902925915 0.04559634288963732
0 0.5420274239399994 0.7141526136870651 0.04587842799249984 0.043906508897248564
0 0.4632175016969436 0.8277110949039848 0.04757762902925915 0.04553267589344294
0 0.4695277073518513 0.6862875988583175 0.04757762902925933 0.04553267589344294
0 0.5612845633368512 0.7741006166528146 0.04431592799249984 0.04384284190105418
0 0.6302123461830551 0.6009761344473118 0.04771433006601846 0.04709517589344294
0 0.67109375 0.79140625 0.0171875 0.0421875
0 0.5881013415649067 0.742497789580508 0.04587842799249984 0.043906508897248564
0 0.665625 0.70703125 0.028125 0.0453125
0 0.6129426825641655 0.9552524575652857 0.04404252591898157 0.04071784190105419
0 0.35706453798351756 0.8778782381741831 0.04744092799249984 0.043970175893442945
0 0.4797597442040731 0.8922192638773454 0.044179226955740704 0.04228034190105419
0 0.4249575011312957 0.6751299229648745 0.04771433006601846 0.04709517589344294
0 0.9921875 0.825 0.015625 0.125
0 0.959375 0.60234375 0.08125 0.0734375