0 0.6625 0.11264069657932758 0.071875 0.0685536818249421
0 0.49921875 0.2078125 0.0609375 0.06875
0 0.603125 0.08849754243471439 0.06875 0.06686384783255317
0 0.49375 0.109375 0.05 0.065625
0 0.6109375 0.2241167074537424 0.06875 0.06530134783255334
0 0.759375 0.07900584281527526 0.0703125 0.06380251482874755
0 0.8078125 0.22859466593324917 0.0671875 0.06211268083635879
0 0.7578125 0.20406950981146962 0.0703125 0.06380251482874755
0 0.1453125 0.6610569278334283 0.0171875 0.019450336958138338
0 0.128125 0.6570697647915665 0.0171875 0.017887836958138337
0 0.1875 0.6187129189361797 0.0171875 0.017887836958138337
0 0.1140625 0.6498302677573161 0.0171875 0.019450336958138338
0 0.1140625 0.6904552677573161 0.0171875 0.017887836958138337
0 0.1375 0.6816877628144002 0.0171875 0.019450336958138338
0 0.0984375 0.71452943771926 0.0171875 0.019450336958138338
0 0.178125 0.6347199209133461 0.0171875 0.017887836958138337
0 0.159375 0.6104839248676788 0.0171875 0.017887836958138337
0 0.0921875 0.8225966057040376 0.0171875 0.019450336958138338
0 0.62578125 0.96484375 0.0453125 0.0703125
0 0.5328125 0.591190096806789 0.04375 0.06897017589344294
0 0.65 0.7770400720922096 0.0703125 0.05130251482874755
0 0.7203125 0.49292505726346203 0.0578125 0.06641817885919252
0 0.4984375 0.7097782707230657 0.05 0.06609984387822046
0 0.65625 0.6330354041074321 0.0515625 0.06616351087441501
0 0.503125 0.6486497697344824 0.065625 0.051111513840164415
0 0.659375 0.8188455701150433 0.0640625 0.054172846843970036
0 0.575 0.5410335879095405 0.053125 0.06622717787060939
0 0.6640625 0.5389670691264601 0.0421875 0.07046900889724857
0 0.803125 0.6614257064651593 0.071875 0.0498036818249421
0 0.646875 0.6912299060845984 0.0453125 0.06903384288963732
0 0.778125 0.5015068784042696 0.0609375 0.06967051285158128
0 0.6125 0.616068080000875 0.0421875 0.07046900889724857
0 0.7765625 0.5906330454004639 0.059375 0.0633568458553869
0 0.759375 0.38046875 0.065625 0.0421875
0 0.5015625 0.7690259367306769 0.0625 0.05567167984777566
0 0.765625 0.7645162143738247 0.0640625 0.058860346843970034
0 0.51875 0.8480130997725386 0.0390625 0.07190417490485981
0 0.47890625 0.60625 0.0203125 0.04375
0 0.6546875 0.8784115711036264 0.05 0.07078734387822046
0 0.7078125 0.8481218932330172 0.065625 0.05736151384016441
0 0.5859375 0.9046504189361798 0.0625 0.05879667984777566
0 0.5671875 0.7741644228905123 0.0671875 0.04648768083635879
0 0.5796875 0.6470925869209573 0.0515625 0.063038510874415
0 0.878125 0.6130571906478284 0.05 0.07391234387822046
0 0.48984375 0.8125 0.0421875 0.065625
0 0.7453125 0.8090938853243518 0.0546875 0.06941584486680377
0 0.82265625 0.396875 0.0484375 0.075
0 0.7578125 0.98046875 0.078125 0.0390625
0 0.759375 0.9257083823586022 0.0703125 0.062240014828747546
0 0.6015625 0.41651374897423576 0.06875 0.04967634783255317
0 0.878125 0.49118219064782853 0.0484375 0.07541117688202607
0 0.725 0.5802340562748789 0.0421875 0.07359400889724857
0 0.828125 0.608844534526049 0.0453125 0.0768463428896375
0 0.7359375 0.6391633873015181 0.071875 0.045116181824942106
0 0.8328125 0.7883410335374659 0.0734375 0.049867348821136304
0 0.7640625 0.698954881370019 0.0578125 0.06485567885919252
0 0.584375 0.809401585932374 0.0703125 0.045052514828747545
0 0.5625 0.7337304238790956 0.0703125 0.03255251482874755
0 0.803125 0.5364257064651593 0.0578125 0.07110567885919253
0 0.875 0.9444345246402174 0.0640625 0.06511034684397003
0 0.8796875 0.680181023651634 0.0703125 0.054427514828747546
0 0.8703125 0.5540005256288005 0.0734375 0.04674234882113639
0 0.6984375 0.7125663952101835 0.0609375 0.06342051285158128
0 0.8765625 0.7256208576440228 0.075 0.03586851581733086
0 0.6265625 0.7498700770351255 0.0703125 0.04349001482874755
0 0.85 0.8376406965793276 0.0703125 0.06380251482874755
0 0.821875 0.7262867025108266 0.0421875 0.07515650889724856