0 0.1078125 0.16875 0.046875 0.0453125
0 0.1515625 0.2015625 0.0453125 0.0453125
0 0.0890625 0.20625 0.046875 0.0453125
0 0.125 0.2328125 0.0453125 0.04375
0 0.0859375 0.3078125 0.046875 0.046875
0 0.1796875 0.16875 0.0453125 0.046875
0 0.153125 0.275 0.046875 0.0453125
0 0.178125 0.31875 0.0453125 0.0453125
0 0.134375 0.375 0.0484375 0.046875
0 0.36875 0.16875 0.04375 0.04375
0 0.2421875 0.284375 0.0453125 0.0453125
0 0.3375 0.2109375 0.0421875 0.0421875
0 0.321875 0.1703125 0.04375 0.04375
0 0.2765625 0.1671875 0.0453125 0.0453125
0 0.296875 0.25 0.04375 0.04375
0 0.41875 0.1859375 0.04375 0.04375
0 0.25 0.2015625 0.04375 0.0421875
0 0.128125 0.3171875 0.0453125 0.04375
0 0.084375 0.25 0.0453125 0.0453125
0 0.225 0.16875 0.0421875 0.04375
0 0.2546875 0.24375 0.0421875 0.0421875
0 0.203125 0.2078125 0.04375 0.0421875
0 0.2953125 0.2078125 0.0421875 0.0421875