0 0.27983842409290477 0.5909017232033497 0.023728401336727246 0.026228307326946164
0 0.3831452374283593 0.6011221709647859 0.025290901336727244 0.0263101944820761
0 0.2774043147676317 0.6504404975136092 0.02530908267027261 0.027872694482076098
0 0.3809282094207232 0.5449540581199157 0.025290901336727244 0.0263101944820761
0 0.3363247814289956 0.6082662856186787 0.025290901336727244 0.0263101944820761
0 0.375932721435359 0.6530941067404348 0.023728401336727246 0.026228307326946164
0 0.31326908943345 0.6423070929456248 0.02530908267027243 0.027872694482076098
0 0.39453125 0.63359375 0.0109375 0.0265625
0 0.35278612277208604 0.679322414067381 0.02530908267027261 0.027872694482076098
0 0.3015134294239049 0.5725678030315331 0.025290901336727244 0.0263101944820761
0 0.36088842942390487 0.5694560911366026 0.023728401336727246 0.026228307326946164
0 0.3282395614258139 0.5852382213943275 0.025290901336727244 0.0263101944820761
0 0.29624412675045075 0.5228134644969223 0.025290901336727244 0.0263101944820761
0 0.35076908943345 0.6403418012225108 0.023728401336727246 0.026228307326946164
0 0.21023499610117719 0.6555241451841886 0.02530908267027261 0.027872694482076098
0 0.3553282254137235 0.4947017526019918 0.025290901336727244 0.0263101944820761
0 0.3481157094207232 0.5466736883776406 0.023728401336727246 0.026228307326946164
0 0.34311912675045075 0.5203568498430299 0.025290901336727244 0.0263101944820761
0 0.15732817210372252 0.6770583084586 0.02687158267027261 0.027954581637205676
0 0.41875 0.52265625 0.0375 0.1015625
0 0.4689543734086329 0.5137327928547679 0.08528406667727229 0.08254690637700648
0 0.7181180320655425 0.4287558480340075 0.05888519867918127 0.0952173247398008
0 0.7666100760661788 0.43090484622498526 0.057340880012726636 0.09669793758467105
0 0.6459168627466327 0.5388545443251058 0.05888519867918127 0.0952173247398008
0 0.5120680267345423 0.4567524525111347 0.08679202267663584 0.07794129353213641
0 0.7653010200509067 0.3184048462249852 0.055778380012726815 0.09661605042954129
0 0.4698634400859051 0.5918577928547679 0.09287839067472695 0.06420634215265544
0 0.5189350973901792 0.375093016735486 0.08217724801081765 0.08394563206674714
0 0.43984375 0.38203125 0.0796875 0.0734375
0 0.7876145614258139 0.6236722003634283 0.049546561346272 0.09785100180902226
0 0.46286910009545024 0.6625797286304167 0.09456816000954502 0.07522572930778501
0 0.6303089493952699 0.4067790287212736 0.08988066000954512 0.07498006784239593
0 0.6111589600572701 0.3733866745828306 0.08991702267663584 0.07810506784239583
0 0.5388112453850885 0.33652848371879923 0.0806329293443632 0.0854262449116173
0 0.5728953440483615 0.3097269663059447 0.08059656667727211 0.08230124491161739
0 0.6294009774029059 0.46311091587640335 0.08372156667727211 0.0824650192218769
0 0.44933166939845154 0.4397154387163248 0.09743862133990877 0.05351450361804453
0 0.7646668627466326 0.5326311205352446 0.09295111600890867 0.07045634215265544
0 0.6598669906906351 0.12537189846354885 0.0930056600095451 0.07514384215265535
0 0.05703125 0.965625 0.0546875 0.06875
0 0.10977717870781625 0.879705273632891 0.05719542934436319 0.08419793758467105
0 0.22734375 0.9703125 0.0671875 0.059375
0 0.15676126670908896 0.8866236589789984 0.06030224801081765 0.08279921189493056
0 0.146875 0.98671875 0.071875 0.0265625
0 0.0265625 0.89140625 0.053125 0.0609375
0 0.5905202907383604 0.9289970239715754 0.025272720003181703 0.0247476944820761
0 0.6625589227402694 0.9392927148356067 0.025290901336727067 0.0263101944820761
0 0.675912350731997 0.8776182304394389 0.025272720003181703 0.0247476944820761
0 0.6768395987428147 0.9573057304394389 0.025290901336727067 0.0263101944820761
0 0.6896839493952699 0.8518812460432711 0.025290901336727067 0.0263101944820761
0 0.5931362133990878 0.8850832496613158 0.025272720003181703 0.0247476944820761
0 0.6154112027370877 0.9183118294894992 0.025272720003181703 0.0247476944820761
0 0.5971702800763602 0.9630444753510563 0.025272720003181703 0.0247476944820761
0 0.6433907520687241 0.9043378606971636 0.025290901336727067 0.0263101944820761
0 0.6615771307288153 0.8549177148356067 0.023710220003181702 0.024665807326946166
0 0.6358509720719058 0.9281847964728124 0.025290901336727067 0.0263101944820761
0 0.5991498560629971 0.8644432010407967 0.025272720003181703 0.0247476944820761
0 0.652474850731997 0.8788465377663851 0.023710220003181702 0.024665807326946343
0 0.6244589387332697 0.8896955065587207 0.025272720003181703 0.0247476944820761
0 0.6177362240610881 0.8493980551792397 0.023710220003181702 0.024665807326946166