0 0.4296875 0.2921875 0.04375 0.06875
0 0.484375 0.4296875 0.05 0.065625
0 0.45625 0.3578125 0.0515625 0.0671875
0 0.515625 0.4953125 0.0671875 0.05
0 0.50625 0.328125 0.059375 0.0640625
0 0.475 0.215625 0.0453125 0.06875
0 0.4453125 0.4765625 0.06875 0.0546875
0 0.54375 0.4109375 0.0640625 0.05625
0 0.384375 0.4109375 0.0703125 0.046875
0 0.39375 0.2203125 0.06875 0.0484375
0 0.515625 0.2234375 0.0484375 0.06875
0 0.5734375 0.3578125 0.065625 0.0546875
0 0.371875 0.3296875 0.0640625 0.0625
0 0.575 0.3046875 0.0546875 0.0671875
0 0.56875 0.55625 0.06875 0.05
0 0.3578125 0.2640625 0.0640625 0.059375
0 0.4640625 0.5515625 0.06875 0.053125
0 0.578125 0.440625 0.046875 0.0703125
0 0.2828125 0.296875 0.071875 0.046875
0 0.6359375 0.5765625 0.046875 0.071875
0 0.2875 0.378125 0.065625 0.0609375