0 0.42740466418453743 0.048694133584008495 0.04601512902925915 0.04571491439185813
0 0.2571127050892598 0.14532519272301764 0.04757762902925915 0.045787688998963995
0 0.24045430245009344 0.30015824193722934 0.04914012902925915 0.04586046360606986
0 0.4953125 0.23515625 0.028125 0.0421875
0 0.44181989575842645 0.15072751447742064 0.04587842799249984 0.04415241439185813
0 0.4692422667291673 0.1930220223353035 0.044179226955740704 0.042517139784752266
0 0.375921493684908 0.15690904797586666 0.04587842799249984 0.04415241439185813
0 0.36867492167740784 0.11523097022560762 0.04744092799249984 0.044225188998963993
0 0.34307074599398224 0.23002121629666622 0.04914012902925915 0.04586046360606986
0 0.42664466361888953 0.19967443672716162 0.04587842799249984 0.04415241439185813
0 0.616099559942964 0.2504321079434453 0.04757762902925933 0.04578768899896417
0 0.5611974464650936 0.2732189445850445 0.04587842799249984 0.04415241439185813
0 0.6329166215828714 0.30722576344396335 0.042753427992499836 0.044006865177646404
0 0.6593041728551864 0.3791349966947403 0.049413531102777596 0.048985463606069854
0 0.5820772915168531 0.3547215016571391 0.04587842799249984 0.04415241439185813
0 0.5597511065971305 0.18303059222767964 0.04587842799249984 0.04415241439185813
0 0.6036392246931492 0.3039209809789746 0.04289012902925915 0.045569365177646405
0 0.49140625 0.5734375 0.0359375 0.028125
0 0.43633273044259335 0.6838653461566211 0.04431592799249984 0.04407963978475227
0 0.4608241739864821 0.6173670508713507 0.042753427992499836 0.044006865177646404
0 0.3913729620164824 0.7886641621200557 0.04248002591898139 0.0408818651776464
0 0.3800062350607418 0.8296530351555852 0.04404252591898139 0.040954639784752264
0 0.31526164693620495 0.9649398717971842 0.044452629029259325 0.04564213978475244
0 0.3544020593773161 0.9444432812266437 0.044179226955740704 0.042517139784752266
0 0.7577225490097235 0.7005048825505511 0.037519123845462944 0.03753854135632899
0 0.6148132961350015 0.7865237733687607 0.037519123845462944 0.03753854135632899
0 0.8000070852962974 0.6440707919800106 0.03412072177194432 0.034267992142117086
0 0.7744206163990752 0.5985785095150218 0.03398402073518518 0.032705492142117265
0 0.6062762091417604 0.6173028924753486 0.035683221771944315 0.03434076674922295
0 0.5705944044290755 0.7761342369748306 0.037519123845462944 0.037538541356328815
0 0.7388932195093529 0.5955648254784567 0.03398402073518518 0.032705492142117265
0 0.7478389925536122 0.6356076286216098 0.03412072177194432 0.034267992142117266
0 0.63828125 0.5703125 0.0359375 0.021875
0 0.7239134770022234 0.6600639731210918 0.03412072177194432 0.034267992142117086
0 0.54921875 0.5703125 0.0359375 0.021875