0 0.4039980636916324 0.2453125 0.08878001778268044 0.128125
0 0.5052694652632089 0.2515625 0.12907537799792798 0.0875
0 0.703125 0.11953125 0.028125 0.0609375
0 0.6984375 0.22421875 0.01875 0.0640625
0 0.09176354508038251 0.7171875 0.05225601282028158 0.0484375
0 0.05421207940739804 0.953125 0.05062073821317572 0.046875
0 0.4143619830458892 0.76875 0.04905823821317572 0.046875
0 0.10108707940739806 0.953125 0.050547963606069855 0.0453125
0 0.07031226840636204 0.909375 0.050547963606069855 0.0453125
0 0.07109375 0.990625 0.0515625 0.01875
0 0.11428920843878336 0.7703125 0.05225601282028158 0.0484375
0 0.009375 0.9171875 0.01875 0.05
0 0.01171875 0.784375 0.0234375 0.05
0 0.37377121629666626 0.8015625 0.05062073821317572 0.046875
0 0.2377566335840085 0.8703125 0.05062073821317572 0.046875
0 0.13892102729770223 0.8453125 0.050547963606069855 0.0453125
0 0.01015625 0.84609375 0.0203125 0.0515625
0 0.11181056369163234 0.890625 0.050547963606069855 0.0453125
0 0.18106567783582145 0.946875 0.05062073821317572 0.046875
0 0.03143385897690263 0.871875 0.05225601282028158 0.0484375
0 0.1546875 0.98046875 0.053125 0.0390625
0 0.1896102320124319 0.8640625 0.05062073821317572 0.046875
0 0.07832609139911009 0.603125 0.05225601282028158 0.0484375
0 0.3411727320124319 0.8640625 0.05062073821317572 0.046875
0 0.36970445450984196 0.7546875 0.05062073821317572 0.046875
0 0.06599725765299506 0.7671875 0.05062073821317572 0.046875
0 0.9709928569099879 0.7640625 0.04709763192686935 0.071875
0 0.99453125 0.68046875 0.0109375 0.0671875