0 0.941968836182301 0.44711965096963946 0.036650131541796326 0.03966251785690744
0 0.8590051467621145 0.38947870048317207 0.04142863680346807 0.04130683847375849
0 0.9364329257718967 0.3252719245085897 0.038212631541796147 0.03968979139585791
0 0.7946402679217413 0.2759695795420095 0.039866136803468066 0.0412795649348082
0 0.90692889434304 0.16710486850223533 0.0416106473268119 0.04443183847375849
0 0.863283852108491 0.3021423417168741 0.038303636803468065 0.04125229139585791
0 0.9351882151638484 0.41110033035278837 0.03343412628012441 0.038045470779006864
0 0.9025577256871922 0.41365258603483124 0.0383946420651398 0.04281479139585791
0 0.5862986049510883 0.6456468798663211 0.03472361049510884 0.033385244317957155
0 0.544032594145396 0.9383604853862082 0.03463260523343692 0.03182274431795697
0 0.7572173206796341 0.7126276485340075 0.03619510523343692 0.03185001785690744
0 0.6318224785297896 0.7572662183400796 0.03307010523343692 0.031795470779006865
0 0.5426535627165391 0.7806843530809597 0.03307010523343692 0.031795470779006865
0 0.569595494314805 0.7608627767820659 0.03307010523343692 0.031795470779006865
0 0.5561252575395719 0.6903866355483639 0.03307010523343692 0.031795470779006865
0 0.52421875 0.909375 0.0296875 0.034375
0 0.5467333889401937 0.8775320795420095 0.033161110495108836 0.03335797077900686
0 0.51875 0.684375 0.01875 0.03125
0 0.7559124259130712 0.7438231014561068 0.03628611049510884 0.033412517856907444
0 0.51484375 0.85078125 0.0109375 0.0328125
0 0.6672601786144943 0.6689128303527884 0.03472361049510884 0.033385244317957155
0 0.620079883678522 0.8772514358726754 0.03307010523343692 0.031795470779006865
0 0.5979487364928845 0.684873021100023 0.03141659997176518 0.030205697240056395
0 0.5548034941736308 0.9088911736978108 0.03307010523343692 0.031795470779006865
0 0.5874493942018657 0.8798036915547183 0.03472361049510884 0.033385244317956975
0 0.7160000574548674 0.7821492159044475 0.03628611049510866 0.033412517856907444
0 0.7140287628012437 0.6947037629823483 0.03463260523343692 0.031822744317957154
0 0.5203125 0.79375 0.021875 0.03125
0 0.6649234048663837 0.735991236196987 0.03463260523343692 0.03182274431795697
0 0.6967487994917724 0.8536151128201924 0.03472361049510884 0.033385244317956975
0 0.6599922521367259 0.8389253214243346 0.03307010523343692 0.031795470779006865
0 0.6698068678935064 0.8734366891190863 0.03628611049510884 0.033412517856907444
0 0.675421289109603 0.7018344245085897 0.03307010523343692 0.031795470779006865
0 0.6970526363799451 0.8052321598980932 0.03472361049510884 0.033385244317957155
0 0.6895439732681178 0.7567128392812421 0.03463260523343692 0.031822744317957154
0 0.7159398732963526 0.7275162629823482 0.03463260523343692 0.031822744317957154
0 0.608884778445085 0.8458377946389735 0.03307010523343692 0.031795470779006865
0 0.7274681784733199 0.8182503571381495 0.03628611049510884 0.033412517856907444
0 0.5542882837067568 0.8464457207757116 0.03307010523343692 0.031795470779006865
0 0.6338091837349917 0.8181764448011292 0.03307010523343692 0.031795470779006865
0 0.7544101100715859 0.7984287808392557 0.03463260523343692 0.031822744317957154
0 0.5954284941736308 0.9096002857105197 0.03307010523343692 0.031795470779006865
0 0.5916216837349918 0.81744005924947 0.03307010523343692 0.031795470779006865
0 0.6003904680064458 0.7535957475610727 0.03141659997176518 0.030205697240056395