0 0.33198053739654254 0.10879942473237544 0.05083634134309047 0.07507914558877822
0 0.371875 0.26328125 0.015625 0.0734375
0 0.35625 0.18203125 0.046875 0.0734375
0 0.2777839334022696 0.14748239049464926 0.0663704346753633 0.06826794108527157
0 0.2597600920591791 0.07450596544850674 0.06947725334181776 0.0669057001845701
0 0.36328125 0.0328125 0.0328125 0.065625
0 0.29288276941436 0.23744605644149316 0.07401930267345413 0.05470608883351815
0 0.29358965205281573 0.029833815540791786 0.07245680267345414 0.0546059592838688
0 0.36015625 0.37578125 0.0390625 0.0265625
0 0.34921875 0.3125 0.0609375 0.0625
0 0.18830326273072434 0.10583750616463802 0.07556362133990877 0.05324371838316751
0 0.19717028007636017 0.1969631539128846 0.0694954346753633 0.06846820018457009
0 0.4203125 0.01953125 0.046875 0.0390625
0 0.5173373294079966 0.09810894200812212 0.045839758672817865 0.04821625693983034
0 0.396875 0.08671875 0.034375 0.0484375
0 0.47456802673454235 0.0454054441675904 0.04740225867281787 0.048316386489479515
0 0.53671875 0.0078125 0.0453125 0.015625
0 0.5617418574156325 0.15716256939830311 0.045839758672817865 0.04821625693983034
0 0.43634296276254103 0.24905207587670813 0.047420440006363404 0.04987888648947969
0 0.21849874538508854 0.5719469602067194 0.0426602146721816 0.04332849784053163
0 0.00859375 0.57578125 0.0171875 0.0453125
0 0.30005892274026935 0.7379910672388348 0.044240896005727136 0.044991127390180984
0 0.12582034937936154 0.5238518167774096 0.04264203333863614 0.04176599784053163
0 0.34811352005090673 0.5740077128276131 0.04107953333863605 0.04166586829088246
0 0.08717602005090672 0.5572860780361765 0.0442227146721816 0.04342862739018098
0 0.2731498827179976 0.5723264944444456 0.04264203333863605 0.04176599784053163
0 0.258614668045816 0.5308003284976017 0.04107953333863605 0.04166586829088237
0 0.00703125 0.665625 0.0140625 0.046875
0 0.19931239337999784 0.5332454056109276 0.04107953333863605 0.04166586829088237
0 0.36171875 0.67578125 0.0359375 0.0421875
0 0.16931581070972532 0.5047804441675905 0.04107953333863605 0.04166586829088228
0 0.365625 0.4953125 0.028125 0.040625
0 0.19237150270527095 0.4734698874123303 0.03951703333863614 0.04156573874123302
0 0.349076036043907 0.5225453423772624 0.03949885200509069 0.040003238741233016
0 0.2611396840388164 0.47943808759690043 0.03949885200509051 0.040003238741233106
0 0.32367604670590727 0.4865682695828733 0.03951703333863606 0.04156573874123302
0 0.37109375 0.54296875 0.0171875 0.0421875
0 0.29266240404199806 0.5048781785898868 0.03949885200509069 0.040003238741233016
0 0.06464649204327073 0.49963426434108593 0.04264203333863614 0.04176599784053163
0 0.1423896840388164 0.47182824182355204 0.04107953333863614 0.04166586829088228
0 0.3009294373806341 0.5444413263381335 0.03951703333863606 0.04156573874123293
0 0.2270192227084527 0.49911023750461536 0.03951703333863606 0.04156573874123302
0 0.5075987027370876 0.7315270095607239 0.04582157733927241 0.046653756939830336
0 0.6400272053628168 0.43867578038021493 0.045839758672817865 0.04821625693983034
0 0.6027112080680878 0.7204474120893325 0.03949885200509069 0.040003238741233106
0 0.6419737027370876 0.7401381508305656 0.04582157733927241 0.046653756939830336
0 0.5964601133831795 0.5857720234403846 0.0442590773392725 0.046553627390180985
0 0.8617033053787251 0.5699815468807692 0.044240896005727136 0.044991127390180984
0 0.5726964440642698 0.6904199506459955 0.0458215773392725 0.04665375693983016
0 0.5361578653723619 0.5022796005537103 0.04740225867281787 0.04831638648947969
0 0.9162998987109979 0.5656735811184954 0.041097714672181596 0.04322836829088237
0 0.6036191800604518 0.6642975416389818 0.0458215773392725 0.046653756939830336
0 0.5322168947326333 0.7003165823551132 0.045839758672817865 0.04821625693983034
0 0.5550725920591791 0.6518185255998529 0.0458215773392725 0.046653756939830336
0 0.7807805693825431 0.5928998102990045 0.04267839600572696 0.04489099784053163
0 0.701620328055361 0.6331057032668891 0.04267839600572696 0.04489099784053163
0 0.7562714653882703 0.6334852375046154 0.044240896005727136 0.044991127390180984
0 0.5891032414067239 0.7586087461424886 0.0442590773392725 0.046553627390180985
0 0.5250396467218156 0.6202285641565158 0.04582157733927241 0.046653756939830336
0 0.9580339600572702 0.6635894494093778 0.042678396005727134 0.04489099784053163
0 0.7373931013685439 0.48707131245847285 0.044277258672817864 0.048116127390180986
0 0.9031999147039983 0.5133100447213008 0.044277258672817864 0.048116127390180986
0 0.8038180800445435 0.5600267535437443 0.04267839600572696 0.04489099784053163
0 0.738502162714816 0.5823838124584728 0.0426965773392725 0.046453497840531724
0 0.6692612667090889 0.5357906122739027 0.0442590773392725 0.046553627390180985
0 0.9011487080680878 0.7395721560723529 0.04267839600572696 0.04489099784053163
0 0.9558362080680878 0.7430766903100791 0.04267839600572696 0.04489099784053181
0 0.8752760040579064 0.6629700832779637 0.042678396005727134 0.04489099784053181
0 0.9921875 0.5484375 0.015625 0.046875
0 0.611121502705271 0.5039608189368778 0.0442590773392725 0.046553627390180985
0 0.7301271360598154 0.667720535160577 0.042678396005727134 0.04489099784053181
0 0.6448248880489977 0.5826260394795135 0.0458215773392725 0.046653756939830336
0 0.7521283107097252 0.5457849784053167 0.039535214672181594 0.0431282387412331
0 0.8008032627307242 0.7034763648947964 0.042678396005727134 0.04489099784053181
0 0.9828125 0.77109375 0.034375 0.0453125
0 0.9218793787396329 0.7768113402177941 0.0442590773392725 0.046553627390180985
0 0.7829259667409056 0.7772748102990045 0.044259077339272326 0.046553627390180985
0 0.7143374093729982 0.518381869213733 0.04267839600572696 0.04489099784053163
0 0.7831055907065436 0.5243500693983031 0.039535214672181594 0.0431282387412331
0 0.9142294160566337 0.6560983220191968 0.04111589600572696 0.044790868290882455
0 0.7746043894016332 0.7330241625507579 0.04424089600572696 0.044991127390180984
0 0.98984375 0.6359375 0.0203125 0.04375
0 0.7079986920750875 0.778718591915837 0.041097714672181596 0.04322836829088228
0 0.8484600600731784 0.773667751384276 0.041097714672181596 0.04322836829088228
0 0.6159941000954501 0.9227108189368778 0.047420440006363404 0.04987888648947951
0 0.98828125 0.8171875 0.0234375 0.046875
0 0.766447538749178 0.8371108852528619 0.0426965773392725 0.046453497840531634
0 0.7185191160884504 0.877756869213733 0.0426965773392725 0.046453497840531634
0 0.9333077747453601 0.8196997470653393 0.042696577339272325 0.046453497840531634
0 0.7238247814289955 0.9311822578626809 0.044277258672817864 0.048116127390180986
0 0.7606702534213596 0.8773353670542647 0.04111589600572714 0.044790868290882455
0 0.8396657680617243 0.6887921036360293 0.041134077339272324 0.046353368290882456
0 0.9010043520846324 0.8613470265227037 0.04424089600572696 0.044991127390180984
0 0.8311282040897232 0.8943411967884842 0.044277258672817864 0.048116127390180986
0 0.745644142743451 0.7936217011074207 0.042678396005727134 0.04489099784053181
0 0.5483691534054512 0.7466303778516064 0.0458215773392725 0.046653756939830336
0 0.6676838694302683 0.9369525940753054 0.044277258672817864 0.04811612739018116
0 0.8380134560789054 0.8151543445367307 0.042696577339272325 0.04645349784053181
0 0.6724237240610881 0.6733907418235521 0.04424089600572696 0.044991127390180984
0 0.8041475334181779 0.8567014944444455 0.0426965773392725 0.046453497840531634
0 0.6283839174092692 0.7798619848837217 0.04580339600572696 0.045091256939830335
0 0.5602317120464524 0.5584690437984502 0.0458215773392725 0.046653756939830336
0 0.8911384560789054 0.8185587492248075 0.044259077339272326 0.046553627390180985
0 0.846298670751087 0.8562799922849773 0.0426965773392725 0.04645349784053181