0 0.243383812817686 0.19852402792809426 0.07476484561740726 0.06954997867599957
0 0.46171875 0.56640625 0.0796875 0.0453125
0 0.11035669933981569 0.22036375994591156 0.07476484561740726 0.06954997867599957
0 0.10860012676666778 0.3296478532781844 0.07476484561740726 0.06954997867599957
0 0.3109622920825009 0.22895586791854913 0.07972574769092589 0.07272952267663584
0 0.4158658226196307 0.3323161305697317 0.07775314458064812 0.06802384134309047
0 0.42816891592796386 0.1916911305697317 0.07619064458064813 0.06800566000954511
0 0.2426238122520381 0.3499410772597306 0.07816324769092589 0.07271134134309047
0 0.4693818018844456 0.36291160256209576 0.07632734561740726 0.0695681600095451
0 0.9201828842595383 0.234222981222187 0.05070262902925915 0.04429544000636341
0 0.84256502365639 0.17581159190009554 0.04744092799249984 0.042696577339272325
0 0.8911980132887974 0.19085478922664123 0.04914012902925915 0.044277258672817864
0 0.7958663894433344 0.2278649879058225 0.04757762902925933 0.0442590773392725
0 0.8278955138544453 0.04018317457036806 0.04587842799249984 0.04267839600572696
0 0.7934440184725936 0.18418771324000432 0.04587842799249984 0.042678396005727134
0 0.75078125 0.18828125 0.0421875 0.0421875
0 0.7974274723840751 0.10297407590709522 0.04601512902925915 0.044240896005727136
0 0.8812160034868526 0.05517182789627748 0.04744092799249984 0.0426965773392725
0 0.9078769568326862 0.12510251989182314 0.049003427992499834 0.04271475867281786
0 0.74921875 0.0796875 0.0390625 0.04375
0 0.8143224464650937 0.14180021857100442 0.04587842799249984 0.042678396005727134
0 0.7817628076338897 0.05008543324318602 0.046015129029259326 0.044240896005727136
0 0.8413141734208344 0.10090249856782271 0.04587842799249984 0.04267839600572696
0 0.8700270593773162 0.2722684212285502 0.04914012902925915 0.044277258672817864
0 0.74375 0.02109375 0.028125 0.0421875
0 0.78828125 0.0109375 0.0453125 0.021875
0 0.7700256423180566 0.14855929591027692 0.04587842799249984 0.042678396005727134
0 0.74453125 0.12265625 0.0296875 0.0421875
0 0.14422597700222345 0.974525095958002 0.02039041244111104 0.018968176002545432
0 0.22820999773740852 0.9423296666136387 0.02039041244111104 0.018968176002545432
0 0.22643288425953823 0.9626421666136388 0.020253711404351817 0.017405676002545434
0 0.16592461121527888 0.922762601289002 0.020253711404351817 0.017405676002545434
0 0.15076850292120486 0.935426233290911 0.020253711404351817 0.017405676002545434
0 0.7878392759654642 0.6512501332750027 0.02039041244111104 0.018968176002545432
0 0.7375 0.68203125 0.015625 0.0203125
0 0.8314922396788902 0.705374011935094 0.02052711347787035 0.020530676002545434
0 0.884324713759909 0.7437819839274578 0.02052711347787035 0.020530676002545434
0 0.8520193531567605 0.6848433359325485 0.02039041244111104 0.018968176002545432
0 0.8947345334583346 0.7140035772597306 0.02039041244111104 0.018968176002545432
0 0.9178015950982422 0.7714888132559127 0.022089613477870352 0.020548857336090798
0 0.8597539407156495 0.703484247931276 0.02039041244111104 0.018968176002545432
0 0.9118441210172236 0.7325354012571853 0.01882791244111104 0.01894999466899989