0 0.39453125 0.4203125 0.0296875 0.01875
0 0.396875 0.378125 0.025 0.065625
0 0.1070107070582587 0.08569895329409269 0.06976897095570589 0.05545111600890866
0 0.3921875 0.30234375 0.034375 0.0546875
0 0.1953125 0.40859375 0.065625 0.0421875
0 0.14875345685776603 0.36827509595800195 0.07339087842423861 0.04144316000954511
0 0.2674316792633643 0.32466945194145724 0.05149256763635783 0.06148294000636341
0 0.2984430356922788 0.2179649186028211 0.06882177759440182 0.04295111600890866
0 0.09676398175287533 0.32196371729791073 0.06051237012586892 0.05690452800763594
0 0.34453125 0.409375 0.0484375 0.040625
0 0.0911544444102114 0.3924034866327288 0.05582487012586883 0.05684998400699968
0 0.22664165851743992 0.36424102928072966 0.04391686597668389 0.06451703333863605
0 0.271875 0.41015625 0.05 0.0390625
0 0.1359375 0.41171875 0.059375 0.0359375
0 0.3511913726246686 0.3362058412635487 0.04391686597668389 0.06451703333863605
0 0.3026839402610266 0.3977615066040938 0.04067346680652086 0.06291817067154533
0 0.47109375 0.0109375 0.0453125 0.021875
0 0.42890625 0.03203125 0.0390625 0.0421875
0 0.07794958508151195 0.7964899079408209 0.13783373195336796 0.1296158693507266
0 0.1729050423402633 0.6874774399268215 0.1358927236549981 0.14520450668363552
0 0.26713232948243454 0.8990683732495495 0.1564168659766839 0.06582608935390795
0 0.14016247470390547 0.6268672039306395 0.14382362282516112 0.14685791335136286
0 0.35299436142651375 0.6494127239020046 0.09429721950581324 0.15252611067790856
0 0.30666473570156755 0.6984320265754588 0.09406042116548718 0.14940111067790857
0 0.09453125 0.95859375 0.1140625 0.0828125
0 0.2150459207645019 0.7276479065881855 0.13683991701630233 0.1577045066836355
0 0.7372472717948316 0.7277591839592746 0.05797936597668398 0.06468066534054522
0 0.9336971419207005 0.7817728799331849 0.06098596680652087 0.06315452800763595
0 0.7785127344521676 0.7976535132877294 0.051966164317010045 0.0677329400063634
0 0.9587222979393408 0.8643672039306395 0.061104365976683894 0.06471702800763594
0 0.7787513780232533 0.9039944199554565 0.0737460759347277 0.04613066000954493
0 0.9859375 0.78984375 0.028125 0.0578125
0 0.6774471419207004 0.7847546186346378 0.06363737012586893 0.05694089067472703
0 0.9089357854917861 0.8884046879376392 0.0642293659766839 0.06475339067472703
0 0.93828125 0.98046875 0.0640625 0.0390625
0 0.7369172303029827 0.8059569092934563 0.05052206348717299 0.06927725867281787
0 0.8050053020885256 0.8583364746180931 0.07362767676456468 0.04456816000954511
0 0.80625 0.975 0.05625 0.05
0 0.8831303020885256 0.8574274079408208 0.06832487012586874 0.0569954346753633
0 0.7300948547785292 0.5714546399586382 0.06063076929603195 0.058467028007636035
0 0.9734375 0.91796875 0.053125 0.0453125
0 0.8183537166060283 0.6423660292807296 0.06207487012586874 0.05692270934118149
0 0.6924102137062433 0.8377523492998197 0.07362767676456468 0.04456816000954511
0 0.8587922303029828 0.8045387652769117 0.05930506763635783 0.061573846674090583
0 0.6556653850722232 0.7036864319700923 0.050285265146847016 0.06615225867281786
0 0.844065956857766 0.7546660346117298 0.07062107593472752 0.04609429734245403
0 0.824038722004613 0.8205819359484569 0.06124607593472771 0.045985209341181485
0 0.6823444390116267 0.6017239426320925 0.06195647095570589 0.055360209341181486
0 0.68046875 0.99140625 0.0578125 0.0171875
0 0.6820377083076585 0.6595909866327287 0.04993006763635792 0.061464758672817865
0 0.9484019498087962 0.9551921985996394 0.06254846680652086 0.0631727093411815
0 0.8407311597668399 0.9376785292807297 0.0772495842330974 0.03056020401018138
0 0.6534661128764063 0.8397693826384558 0.045834563487172984 0.06922271467218159