0 0.10078125 0.43984375 0.1078125 0.0578125
0 0.08678494665195906 0.273487943650759 0.06893839867609249 0.10729784684397004
0 0.43758115922457164 0.30909920251082657 0.09321065260503385 0.09269151878308027
0 0.15015824193722932 0.2521912638029834 0.06268839867609248 0.10704317885919253
0 0.4578125 0.18984375 0.084375 0.0828125
0 0.23828125 0.45 0.0828125 0.0375
0 0.9128550252307877 0.39188252760596676 0.029507717535011226 0.03083350593149916
0 0.8974098076957763 0.4221430305717163 0.029507717535011226 0.03083350593149916
0 0.98984375 0.45 0.0203125 0.03125
0 0.9704877427657989 0.3599030157429687 0.02943494292790554 0.029271005931498985
0 0.9394560665871164 0.3564888556668565 0.031070217535011223 0.03089717292769336
0 0.9832402998378935 0.3874550127772192 0.02943494292790554 0.029271005931499162
0 0.9740450823028821 0.4174608477581911 0.029507717535011226 0.03083350593149916
0 0.98984375 0.33359375 0.0203125 0.0296875
0 0.9228079139820826 0.4460606916364117 0.031142992142117264 0.03245967292769336
0 0.9442848076957763 0.42023302068588464 0.029507717535011226 0.03083350593149916
0 0.9921875 0.3609375 0.015625 0.028125
0 0.9519175252307877 0.39029085270110697 0.02943494292790554 0.029271005931499162
0 0.9618704139820826 0.4444690167315519 0.029507717535011226 0.03083350593149916
0 0.4147900144774207 0.6778200276059667 0.021331344499482086 0.022702670950527092
0 0.3173371257261257 0.6272072153624079 0.021258569892376046 0.021140170950527094
0 0.39643812076372686 0.703520364564105 0.021258569892376046 0.021140170950527094
0 0.3520716906561031 0.6850542074537425 0.021258569892376046 0.021140170950527094
0 0.33990133044085535 0.645002210419492 0.021258569892376046 0.021140170950527094
0 0.44208026054847915 0.6611126886706622 0.021258569892376046 0.021140170950527094
0 0.440115346156621 0.7033001886706621 0.021258569892376046 0.021140170950527094
0 0.4023285558337495 0.6440180305717164 0.021258569892376223 0.021140170950527094
0 0.3530177605484791 0.6647417074537424 0.021258569892376046 0.021140170950527094
0 0.3832146827982202 0.6525945345260491 0.021258569892376046 0.021140170950527094
0 0.3714038875129499 0.6717902034994098 0.021258569892376223 0.021140170950527094
0 0.44248267494033733 0.6189888556668566 0.021258569892376223 0.021140170950527094
0 0.44309910504796124 0.6392376886706621 0.021258569892376046 0.021140170950527094
0 0.3383773717971842 0.6107545444118807 0.021258569892376046 0.021140170950527094
0 0.3110528924753487 0.5947130503433798 0.021258569892376046 0.021140170950527094
0 0.4025854210113959 0.6050191975679107 0.021258569892376046 0.021140170950527094
0 0.3772514731210917 0.7136593685184378 0.021258569892376046 0.021140170950527094
0 0.3783474003332315 0.6231617025108266 0.021258569892376223 0.021140170950527094
0 0.42220871629666623 0.585505193613578 0.021258569892376046 0.021140170950527094
0 0.4307104210113959 0.6038731916364116 0.021258569892376046 0.021140170950527094
0 0.35018816708245454 0.59155887543852 0.021258569892376046 0.021140170950527094
0 0.3925939909037721 0.5851523665412715 0.021258569892376046 0.021140170950527094
0 0.3568362733687607 0.6162405404575481 0.021258569892376046 0.021140170950527094
0 0.3691564909037721 0.5861073714841873 0.021258569892376046 0.021140170950527094
0 0.38085597022560763 0.6027855355146322 0.021258569892376046 0.021140170950527094
0 0.971875 0.959375 0.05625 0.06875
0 0.96875 0.86875 0.0625 0.053125