0 0.11953125 0.38671875 0.1171875 0.0640625
0 0.6176647006185215 0.20421081513329406 0.03198332363742153 0.030548369395056164
0 0.703474654860887 0.1956332984633946 0.030420823637421712 0.030420823637421622
0 0.7470651581948669 0.20937706300726214 0.03198332363742153 0.030548369395056164
0 0.7322693345574451 0.18227242906833846 0.030420823637421535 0.030420823637421622
0 0.7699288312234653 0.16189628512747506 0.030420823637421535 0.030420823637421622
0 0.7114780866834771 0.5006397917954348 0.050669421820650484 0.06932382697140156
0 0.74140625 0.44140625 0.0515625 0.0453125
0 0.629972995168208 0.5041471711924307 0.058354376063016036 0.06839905575957417
0 0.5484375 0.44765625 0.0625 0.0578125
0 0.6939708197237137 0.7678909357362983 0.049489559093554195 0.07388378121376711
0 0.6778683612292843 0.5128207984633946 0.05653678454774678 0.06514651000193972
0 0.692567558513826 0.8277761187668364 0.057302059093554195 0.07452151000193971
0 0.49633080305381416 0.6975140181677115 0.05586710485118864 0.07595646424430527
0 0.4889336648628266 0.45274365210663525 0.074138872729036 0.05261455909355402
0 0.6755720218400472 0.6388411645244709 0.044546967578284934 0.0703761439408634
0 0.587530403652939 0.5044659066485632 0.04649210485118864 0.07519118969849785
0 0.6426314603305971 0.7941024914958724 0.07021664727484325 0.06160692182065049
0 0.5197371257731518 0.48326032846921363 0.08000623545613231 0.04843724212409217
0 0.59296875 0.4484375 0.0609375 0.059375
0 0.4285697339583203 0.5803582112001893 0.05873701333591956 0.07308655575957416
0 0.7938443054697102 0.44987477512553536 0.06383910151720862 0.059534238790112326
0 0.7350101500290951 0.827457383310704 0.051179604851188644 0.07557382697140155
0 0.6983081491110111 0.5897978866446838 0.0750636439408634 0.044929604851188645
0 0.5957245094222114 0.816806409982543 0.06211710485118864 0.07646664727484324
0 0.6407507406262802 0.5976420796771615 0.041677059093554195 0.07324605242559432
0 0.5321732239563808 0.5199950539234064 0.07675368969849786 0.046619650608823095
0 0.7398901291071318 0.4825914224003786 0.059534238790112326 0.0638391015172088
0 0.67421875 0.4453125 0.0609375 0.053125
0 0.4352982239563807 0.5279028908967476 0.06511455909355401 0.07515923879011233
0 0.5483720509277822 0.5642871878623301 0.05991687606301603 0.06852660151720862
0 0.5798446757828503 0.7378841845283501 0.0737562354561323 0.04792705909355419
0 0.6984990809336014 0.707750661190491 0.04349465060882309 0.07649859818322895
0 0.4891245966854168 0.5706964266524425 0.05873701333591956 0.07308655575957416
0 0.6571095800155173 0.4704738017973745 0.07401132697140156 0.051052059093554106
0 0.84921875 0.43828125 0.0734375 0.0390625
0 0.6580330618478059 0.8478971711924306 0.05691942182065048 0.06983401000193971
0 0.7361266266912357 0.7062520630072621 0.04636455909355419 0.07362868969849785
0 0.7726379536626373 0.748886102096937 0.04467451333591956 0.0719386439408634
0 0.7291752539621997 0.6596321545225312 0.07311850666795969 0.04011455909355419
0 0.7348509112389826 0.7676997460378002 0.052231921820650486 0.06945137272903601
0 0.5248067472942399 0.6417105572573863 0.06316942182065048 0.07034419303247788
0 0.7632634694144528 0.5955060105816677 0.0703761439408634 0.044546967578284934
0 0.7850737939699584 0.8626935105816678 0.05535692182065048 0.06970646424430509
0 0.48203125 0.42890625 0.0734375 0.0203125
0 0.6594370966854168 0.5567939390702781 0.06619882697140156 0.05041433030538141
0 0.43689215911295076 0.6630431654425548 0.0732141015172088 0.06029951333591956
0 0.44381158093360124 0.7285406196849202 0.0722893303053814 0.06798446757828494
0 0.845086522758131 0.8656592717915554 0.06709164727484343 0.061351830305381404
0 0.4878803163897337 0.7674119299864224 0.07582891848667064 0.05430460485118864
0 0.8184608945690833 0.6743645920949972 0.05379442182065049 0.06957891848667064
0 0.84609375 0.4234375 0.0734375 0.009375
0 0.6220960775996213 0.6966853575569487 0.055484467578284936 0.0712689642443051
0 0.661636809721774 0.7186242593737198 0.04649210485118864 0.07519118969849785
0 0.5554501957867295 0.8436876454386756 0.04999974212409235 0.08013378121376694
0 0.857363897903063 0.6884909939117684 0.049489559093554014 0.07388378121376711
0 0.6122106366931754 0.7682733151332941 0.07270391848667046 0.05404951333591956
0 0.8386775418439265 0.729339134518652 0.06839905575957417 0.058354376063016036
0 0.8462037730479952 0.5132359023964993 0.07206618969849803 0.04623701333591956
0 0.8557372382103843 0.8034463142152102 0.05092451333591956 0.07244882697140156
0 0.8448327206224008 0.4771708566388648 0.07362868969849803 0.0463645590935541
0 0.70234375 0.43984375 0.0484375 0.0421875
0 0.8333845218400471 0.6259590430033828 0.04298446757828493 0.07024859818322896
0 0.5376252248744646 0.7602054657421172 0.05586710485118864 0.07595646424430527
0 0.8183328330596332 0.8269474581560736 0.04792705909355419 0.07375623545613248
0 0.46827022062240087 0.5079093842287878 0.061351830305381404 0.06709164727484325
0 0.5762100085041275 0.577743909982543 0.05417705909355419 0.07426641848667064
0 0.784978714872525 0.688108098762957 0.049362013335919386 0.0723212812137671
0 0.8203426457770313 0.5625342717915555 0.05809928454774678 0.06527405575957416
0 0.5894113812331636 0.6238536354367359 0.071013872729036 0.052359467578284934
0 0.5630400709316616 0.666902004831792 0.07362868969849785 0.04636455909355419
0 0.7833520551798461 0.8030634190663987 0.06591178454774696 0.06591178454774678
0 0.4278036857847899 0.8022012602918037 0.07410692182065048 0.07123701333591956
0 0.8239134112389828 0.7604296378526317 0.07480855242559432 0.04180460485118864
0 0.49932851517208743 0.6186237436219043 0.06355205909355419 0.07503169303247788
0 0.5597236233572559 0.7033496878623301 0.07455346091032525 0.03867960485118864
0 0.7249015685157656 0.8770427951294147 0.07455346091032525 0.03867960485118864
0 0.6113822339583204 0.5654353575569486 0.03542705909355419 0.07273586939505616
0 0.6081286566970547 0.8724186811943703 0.0753187354561323 0.04805460485118864
0 0.7655915018361679 0.5276807817934952 0.07244882697140156 0.05092451333591956
0 0.7233717930518745 0.6270747460378002 0.07075878121376711 0.04923446757828494
0 0.6346599794163925 0.6579098999806033 0.06278678454774678 0.06565669303247787
0 0.7923771424430514 0.5475150496713426 0.06709164727484325 0.061351830305381404
0 0.8652722506282199 0.6312206278506921 0.03842451333591956 0.07142846091032524
0 0.62109375 0.43671875 0.0609375 0.0359375
0 0.5117001957867295 0.8472589266524425 0.0391897878817268 0.08080346091032524
0 0.786254430324778 0.6266604157324188 0.06565669303247787 0.06278678454774678
0 0.43046875 0.4515625 0.0390625 0.065625
0 0.8582252830499348 0.5641606736083267 0.04923446757828494 0.07075878121376711
0 0.725572279715955 0.5576870172496277 0.0645087812137671 0.04872428454774678
0 0.7887102663800354 0.4833250039137081 0.06227660151720862 0.05940669303247779