0 0.27929453103618795 0.4598764711598138 0.09723861436318479 0.07097546427907382
0 0.3281047357584523 0.4000517032993507 0.09416815651766228 0.08007706220555537
0 0.19098653083979614 0.3223970120645362 0.09723861436318479 0.07097546427907382
0 0.0899421813073344 0.2244489446751845 0.08489315046753827 0.09644435598499985
0 0.1078125 0.51796875 0.065625 0.1015625
0 0.3900684045727548 0.4977072447697209 0.09269656010845857 0.09556536116879606
0 0.16964786202549362 0.2282956975499065 0.07086701190385654 0.10146404665416657
0 0.18682522990471978 0.5002486099910176 0.06307269262201594 0.10390554147037019
0 0.21796875 0.55234375 0.0609375 0.0328125
0 0.02109375 0.29453125 0.0421875 0.1046875
0 0.28327402478967195 0.31327487323333225 0.08798178903121964 0.0904677580585183
0 0.0328125 0.459375 0.065625 0.075
0 0.03203125 0.384375 0.0640625 0.090625
0 0.08013084407151276 0.2986287384546289 0.07087610226293632 0.1030265466541664
0 0.10610247073133765 0.4025151560795363 0.07554542154477702 0.10031164976444433
0 0.34293082592114016 0.27003201263018395 0.06306360226293624 0.10234304147037036
0 0.36674103064340446 0.8537454654103696 0.05179884933607006 0.04513613421305553
0 0.13984375 0.990625 0.0578125 0.01875
0 0.3100819644848217 0.9191367280870363 0.05488748789975162 0.03915953628657398
0 0.35047061514875166 0.963315955042777 0.051762487899751616 0.038886134213055354
0 0.15985470550783124 0.9450759285581478 0.039371572208707 0.05654252591898157
0 0.22421875 0.98046875 0.0359375 0.0390625
0 0.41015625 0.99453125 0.0359375 0.0109375
0 0.20218765125310512 0.9237668565506476 0.056422716822512695 0.03460873732333312
0 0.2987990308397962 0.9775548208297217 0.05021816861791084 0.04187443317629622
0 0.2921875 0.9921875 0.040625 0.015625
0 0.21606834407151276 0.9562471658814811 0.04558521077238851 0.050839330066018464
0 0.2569751452029809 0.9113638928372216 0.042460210772388506 0.050565927992499836
0 0.18671875 0.99375 0.0421875 0.0125
0 0.77890625 0.98515625 0.0421875 0.0296875
0 0.63828125 0.98203125 0.0421875 0.0359375
0 0.7659410790443981 0.9401723980210178 0.039289758976990455 0.04248002591898139