0 0.1828125 0.5078125 0.053125 0.04375
0 0.06885501926683694 0.47046343611184155 0.06082985141192587 0.054499168466194806
0 0.23663355265293173 0.4628196473192852 0.05926735141192587 0.05438076929603195
0 0.28046875 0.50625 0.0640625 0.046875
0 0.03853102177411936 0.4900888518787442 0.05931281551854841 0.05594326929603195
0 0.0244972655059132 0.43421736017711393 0.04860263605166182 0.06292697510489073
0 0.1133946294542513 0.5004595120465692 0.06087531551854859 0.0560616684661948
0 0.317412191211876 0.4313580049975994 0.045523100158284535 0.06425267676456467
0 0.1359375 0.515625 0.059375 0.028125
0 0.16990069371915856 0.44210348300227514 0.0516821719450391 0.0616012734452168
0 0.3127534349436699 0.37619690831694735 0.066897994985435 0.048722765146846925
0 0.09600855265293173 0.4521637220046131 0.06225595909205772 0.049930067636357836
0 0.01953125 0.5140625 0.0390625 0.03125
0 0.08295828635559577 0.30867383113281976 0.045341243731793844 0.05800267676456468
0 0.01875 0.23515625 0.0375 0.0546875
0 0.08482701174498945 0.4059040286433088 0.06680706677218957 0.04559776514684692
0 0.02421875 0.390625 0.0484375 0.04375
0 0.01484375 0.9546875 0.0296875 0.090625
0 0.8059505393250965 0.9317095120465693 0.025772889812585475 0.028456886722608488
0 0.5723771728694761 0.8325812373519528 0.030505853919208282 0.03037458423309758
0 0.7428715292959668 0.8392367468997224 0.025727425705962936 0.026894386722608486
0 0.8436276987337236 0.7670083946199929 0.02251149749271768 0.023532588382282428
0 0.893577537609237 0.6110669705547205 0.02251149749271768 0.023532588382282338
0 0.7526342888628782 0.6113485452400484 0.025727425705962936 0.0268943867226084
0 0.7208721603330638 0.7342173601771138 0.027335389812585476 0.02857528589277152
0 0.7243728965430101 0.613904860177114 0.024119461599340218 0.025213487552445367
0 0.8183549140939874 0.7744890078973844 0.02255696159934022 0.025095088382282426
0 0.8505094992085771 0.5843142937901559 0.02255696159934022 0.02509508838228234
0 0.8017704708370473 0.6448248186852651 0.02255696159934022 0.025095088382282426
0 0.8070824449727997 0.7313543145360801 0.024119461599340218 0.025213487552445457
0 0.7903328656641978 0.661183524494124 0.02572742570596276 0.026894386722608486
0 0.8301729524946472 0.7988737012586886 0.024119461599340218 0.025213487552445457
0 0.7267871912118762 0.692385057687603 0.02568196159934022 0.02533188672260849
0 0.643713929929105 0.5874356033286366 0.027335389812585653 0.02857528589277143
0 0.6699581811827462 0.6003858892214081 0.027335389812585653 0.02857528589277143
0 0.9322308606496328 0.6280894498087961 0.02255696159934022 0.025095088382282426
0 0.78984375 0.53828125 0.0234375 0.0171875
0 0.909611714568841 0.5981884622563507 0.020948997492717503 0.023414189212119307
0 0.7832645117449895 0.6888349278134719 0.02572742570596276 0.02689438672260831
0 0.8421728473217976 0.8170083946199928 0.024119461599340218 0.02521348755244528
0 0.9014522220906885 0.6633398655756986 0.024119461599340218 0.025213487552445457
0 0.8124926736608987 0.5454168145360803 0.024119461599340218 0.02521348755244528
0 0.8491957371343833 0.7909194913006449 0.02255696159934022 0.025095088382282426