0 0.38984375 0.33828125 0.0390625 0.0484375
0 0.36171875 0.390625 0.0453125 0.0375
0 0.6344529608654168 0.059574046389047106 0.07358427678548622 0.07636618182494201
0 0.6644703820275698 0.20692920745374246 0.06715243882958344 0.0682990138401645
0 0.6532042672861808 0.12606120943090876 0.06558993882958326 0.06823534684397004
0 0.6643262180836115 0.2679303744499368 0.06715243882958344 0.0682990138401646
0 0.24884538202756978 0.6526316155898693 0.0750376740119445 0.07174234882113631
0 0.2700696846486116 0.8253687786317311 0.08412173328250008 0.05962435079830275
0 0.289869119109792 0.6009126066926207 0.08255923328249999 0.05956068380210837
0 0.26160126158659763 0.7303109466165086 0.07354790919430565 0.0748036818249421
0 0.33446079939000056 0.9040720987839552 0.08277743882958344 0.06893568380210838
0 0.1654159393982643 0.6966946333843664 0.0840853656913195 0.05806185079830275
0 0.3546875 0.97890625 0.084375 0.0421875
0 0.39296875 0.9265625 0.0328125 0.065625
0 0.38046875 0.58671875 0.0578125 0.0859375
0 0.39296875 0.721875 0.0328125 0.078125
0 0.3293329690335421 0.6837595987839553 0.05501611474138901 0.08341467787060938
0 0.38203125 0.8484375 0.0546875 0.084375
0 0.3561513485925699 0.760865926844845 0.06122974715020844 0.08210684585538672
0 0.403125 0.59609375 0.0125 0.0859375
0 0.16763436246027824 0.7920071333843663 0.07507404160312507 0.0733048488211363
0 0.8510287439191672 0.6091230602292115 0.043205792553055566 0.045469008897248565
0 0.7797719929692366 0.6386142420541535 0.043205792553055566 0.045469008897248565
0 0.9132364967689588 0.5268252133852415 0.04316942496187508 0.043906508897248564
0 0.8191981688810422 0.6526475671492937 0.04000805737069442 0.04221667490485963
0 0.7323527855222922 0.6843379189361797 0.043205792553055566 0.045469008897248565
0 0.9145106688810423 0.6487638803814358 0.04473192496187508 0.043970175893442945
0 0.9463048763279867 0.6036768734613537 0.04316942496187508 0.043906508897248564
0 0.9679239967689588 0.5245968685184378 0.04316942496187508 0.043906508897248564
0 0.8125455125365282 0.5012124011416825 0.04316942496187508 0.043906508897248564
0 0.7955411569131948 0.5769764050960152 0.04473192496187508 0.043970175893442945
0 0.8512079690335421 0.4824332262368228 0.04160692496187508 0.04384284190105418
0 0.9890625 0.54921875 0.021875 0.0453125
0 0.7584775680073615 0.5972544130046806 0.04316942496187508 0.043906508897248564
0 0.9691942496187504 0.44478203452604903 0.04316942496187508 0.043906508897248564
0 0.99453125 0.5921875 0.0109375 0.04375
0 0.7206866272779171 0.586282420913346 0.041570557370694414 0.04228034190105419
0 0.8450709910693757 0.6891288952101835 0.04476829255305557 0.04553267589344294
0 0.7656692061157642 0.4358712440313199 0.04473192496187508 0.043970175893442945
0 0.6542615402719448 0.5545814347535105 0.04633079255305557 0.04559634288963732
0 0.8609843189572921 0.5664898912558508 0.041570557370694414 0.04228034190105419
0 0.6546875 0.4140625 0.046875 0.009375
0 0.9343854513661116 0.5619350424347144 0.04476829255305557 0.04553267589344294
0 0.682281356760695 0.7505014298105946 0.04480466014423614 0.04709517589344294
0 0.5360180737069448 0.4467927924718954 0.04633079255305557 0.04559634288963732
0 0.5844568801277087 0.5120702825860637 0.04633079255305557 0.04559634288963732
0 0.741505660712917 0.4728274159704302 0.04316942496187508 0.043906508897248564
0 0.8864908523922921 0.4528438853243518 0.04316942496187508 0.043906508897248564
0 0.60625 0.41796875 0.04375 0.0171875
0 0.6150522634864587 0.4826719426621759 0.04633079255305557 0.04559634288963732
0 0.6016456865484727 0.5786211126241197 0.04476829255305557 0.04553267589344294
0 0.5441228208571532 0.526225624487118 0.04633079255305557 0.04559634288963732
0 0.9253351468452087 0.441877210419492 0.041570557370694414 0.04228034190105419
0 0.5663965579393754 0.47527061954420197 0.04633079255305557 0.0455963428896375
0 0.6147989967689588 0.5389856096583703 0.03993532218833336 0.039091674904859805
0 0.64118096523382 0.59734193771926 0.04153418977951393 0.04071784190105419
0 0.8597868012898615 0.6494297252482395 0.03997168977951393 0.04065417490485963
0 0.6304279160312506 0.7401024406850095 0.04792966014423623 0.047222509885831696
0 0.7867103643601393 0.5335447400769872 0.04316942496187508 0.043906508897248564
0 0.5199229078631254 0.5616192964262281 0.04633079255305557 0.04559634288963732
0 0.5608024810013894 0.5709014545251739 0.043133057370694415 0.04234400889724856
0 0.6839113662600004 0.48455809482962264 0.03993532218833344 0.039091674904859805
0 0.7141794412981254 0.4410972549057348 0.04316942496187508 0.043906508897248564
0 0.7382404160312506 0.7357094179475965 0.04636716014423623 0.047158842889637495
0 0.7744675503399311 0.6794939100389311 0.041570557370694414 0.04228034190105419
0 0.9041537439191671 0.6069583823586022 0.04476829255305557 0.04553267589344294