0 0.08986570048976264 0.2537006321027559 0.05265344155801355 0.06670901000193971
0 0.0140625 0.31171875 0.028125 0.0640625
0 0.16920655276323887 0.35644325270576005 0.06956820616851012 0.05248701333591956
0 0.18094289367262933 0.3991728866446838 0.06811480032431164 0.05860946757828493
0 0.1390625 0.49296875 0.046875 0.0515625
0 0.10703125 0.48203125 0.0484375 0.0734375
0 0.1228849318220762 0.4179545796771616 0.05887616801906326 0.06565669303247787
0 0.18046875 0.49140625 0.0453125 0.0546875
0 0.09829403490633135 0.39655781179931415 0.055860262174864596 0.07165160151720862
0 0.067215584419864 0.4786686811943703 0.05273526217486459 0.07139651000193972
0 0.221875 0.49609375 0.05 0.0453125
0 0.22726451461379185 0.33766155967328226 0.049637535713814886 0.07270391848667064
0 0.24007243182207622 0.40838864785457146 0.06205571509696384 0.06903678454774678
0 0.20445430600964976 0.30363724603780035 0.060493215096963836 0.06890923879011232
0 0.2100963798729117 0.2485671087648967 0.05736821509696384 0.06865414727484324
0 0.18933168669004488 0.09735529512941472 0.05879434740221221 0.06096919303247779
0 0.22228491396516875 0.4441666511885513 0.054297762174864594 0.07152405575957417
0 0.2613315974055075 0.263108098762957 0.07269320616851012 0.052742104851188645
0 0.16140196104306942 0.4460159357362983 0.07115797970746059 0.05417705909355419
0 0.26211462175523675 0.12886064452059154 0.07113070616851011 0.05261455909355402
0 0.0449235730557783 0.4149568675588883 0.06507162094116267 0.06304187606301603
0 0.19548050081407417 0.19203006634124203 0.06043866801906326 0.06578423879011233
0 0.27890625 0.3 0.0609375 0.05625
0 0.07823845373617351 0.20472099816383219 0.06956820616851012 0.05248701333591956
0 0.04153729464556406 0.2514045505894265 0.052680715096963836 0.06827151000193962
0 0.27042240503671505 0.4574002327018808 0.06666139448011296 0.06473192182065049
0 0.23949532792374698 0.08389883088510959 0.06808752678536116 0.05704696757828502
0 0.026964505685338126 0.3711749166505028 0.04955571509696401 0.06801641848667064
0 0.1670906737044014 0.2988858442210291 0.03406708279171564 0.07455346091032525
0 0.12937248539279872 0.31444694240425797 0.041852309252765355 0.07362868969849785
0 0.03777354627041705 0.46702955058942647 0.0574227621748646 0.07177914727484343
0 0.27265625 0.5 0.0515625 0.0375
0 0.00859375 0.47578125 0.0171875 0.0734375
0 0.1668100300350673 0.22557588997866365 0.04955571509696384 0.06801641848667064
0 0.2686883555231823 0.37796782421714975 0.07296594155801372 0.06836710485118865
0 0.14131119805413067 0.16680666785845077 0.05577844155801355 0.0669641015172087
0 0.25340209496987554 0.18106087330876425 0.055860262174864596 0.0716516015172088
0 0.27734375 0.34140625 0.0640625 0.0640625
0 0.04368044724335176 0.3073994590741574 0.03560230925276535 0.07311850666795969
0 0.09639634415909662 0.3265004033145832 0.03557503571381489 0.07155600666795987
0 0.13046342695081226 0.25194694240425797 0.05262616801906326 0.06514651000193972
0 0.14843395130054154 0.11629648482791266 0.055751168019063255 0.0654016015172088
0 0.07005203247069938 0.3161686811943703 0.03716480925276535 0.07324605242559432
0 0.28125 0.22265625 0.05625 0.0578125
0 0.2921875 0.171875 0.034375 0.071875
0 0.20402938636573334 0.14920483755306937 0.06649775324641087 0.05535692182065048
0 0.4414985641273246 0.10481607726126559 0.12148526217486459 0.0770085233378591
0 0.7377075422132273 0.2975147917954349 0.1124375446422686 0.09499324879205204
0 0.5821745625057668 0.35857932180125385 0.09722164772652384 0.11715529121570648
0 0.47032912744057487 0.33026261635094034 0.07252165665497756 0.1323020590935542
0 0.0890625 0.97734375 0.065625 0.0453125
0 0.2953125 0.91171875 0.028125 0.0640625
0 0.23294967857566537 0.9053265181677116 0.06200116801906326 0.06591178454774678
0 0.08958150812097014 0.8951857278700889 0.06356366801906325 0.06603933030538141
0 0.1855600300350674 0.6704730281696512 0.06359094155801355 0.0676018303053814
0 0.17206672565356604 0.9071758027154584 0.06356366801906325 0.06603933030538141
0 0.21484375 0.98203125 0.0609375 0.0359375
0 0.70078125 0.528125 0.0421875 0.01875
0 0.73203125 0.54140625 0.0421875 0.0453125
0 0.7796883108809137 0.693433069675222 0.04292388555165907 0.045631235456132305
0 0.8688519967568844 0.5909780072476879 0.04451365909060954 0.04732128121376711
0 0.7764463084452817 0.6110032069481255 0.04448638555165907 0.04575878121376711
0 0.8959757840955526 0.7354296378526317 0.04451365909060954 0.04732128121376711
0 0.7505110998411395 0.5772339848279125 0.04448638555165907 0.04575878121376711
0 0.781476907472347 0.7697404781599528 0.04451365909060954 0.04732128121376711
0 0.7016178579588143 0.6966853575569487 0.04448638555165907 0.04575878121376711
0 0.8620996160764893 0.799045598762957 0.042978432629559825 0.04875623545613248
0 0.65703125 0.53359375 0.0421875 0.0296875
0 0.8757099228936225 0.6450277784595153 0.04130683847375849 0.042378689698497854
0 0.8535973693229 0.7498108733087643 0.04133411201270878 0.04394118969849785
0 0.7496541631543898 0.8051038933126435 0.04451365909060954 0.04732128121376711
0 0.7025724318220762 0.6419978575569487 0.04292388555165907 0.04563123545613248
0 0.9274633376662749 0.6298812684575756 0.04448638555165907 0.04575878121376693
0 0.59609375 0.528125 0.0453125 0.01875
0 0.84140625 0.5265625 0.0421875 0.015625
0 0.8198848425375388 0.8040518342190894 0.041388659090609535 0.04706618969849785
0 0.5808258912369973 0.555198972410077 0.04451365909060954 0.04732128121376711
0 0.7010530219206879 0.8184328117993142 0.042951159090609536 0.04719373545613248
0 0.6646906022767715 0.6669339557401776 0.042951159090609536 0.04719373545613248
0 0.6644372321463878 0.5920615014978121 0.04130683847375849 0.042378689698497854
0 0.875 0.53671875 0.04375 0.0359375
0 0.654914407472347 0.7800716845283502 0.042951159090609536 0.04719373545613248
0 0.6224133733800898 0.5861302369539445 0.04451365909060954 0.04732128121376711
0 0.7269336834469293 0.855327033919527 0.041388659090609535 0.04706618969849785
0 0.8392427686742769 0.8570812393698406 0.04454093262956001 0.04888378121376711
0 0.5816792792242885 0.5956964266524425 0.04451365909060954 0.04732128121376711
0 0.6223394610430695 0.67975269119631 0.04448638555165925 0.04575878121376711
0 0.6274166988682048 0.7464300081657719 0.04451365909060954 0.04732128121376693
0 0.7971370892911279 0.855837474825973 0.042978432629560005 0.04875623545613248
0 0.8101473782513539 0.7361946545225312 0.04292388555165907 0.045631235456132305
0 0.55390625 0.52578125 0.0421875 0.0140625
0 0.6199508465947285 0.6378202827115791 0.04451365909060954 0.04732128121376711
0 0.5791622053610266 0.6505114724100769 0.04451365909060954 0.04732128121376711
0 0.5428895146137919 0.5832600705933059 0.04607615909060954 0.047448826971401556
0 0.7173598603944463 0.7780948542229689 0.042951159090609536 0.04719373545613248
0 0.91015625 0.52578125 0.0421875 0.0140625
0 0.7851394699715232 0.6493004324023183 0.04130683847375849 0.042378689698497854
0 0.6729201136408572 0.7317936811943703 0.042951159090609536 0.0471937354561323