0 0.3390625 0.5484375 0.0234375 0.0234375
0 0.321875 0.4546875 0.021875 0.021875
0 0.36875 0.384375 0.021875 0.021875
0 0.3984375 0.5 0.0234375 0.0234375
0 0.4125 0.3875 0.021875 0.021875
0 0.3328125 0.4171875 0.021875 0.021875
0 0.2578125 0.4546875 0.0234375 0.021875
0 0.328125 0.4796875 0.0234375 0.0234375
0 0.35 0.46875 0.0234375 0.021875
0 0.3296875 0.5125 0.0234375 0.0234375
0 0.378125 0.4078125 0.021875 0.021875
0 0.3 0.4640625 0.021875 0.021875
0 0.2765625 0.4421875 0.021875 0.021875
0 0.4 0.4078125 0.021875 0.021875
0 0.35625 0.4265625 0.021875 0.021875
0 0.353125 0.49375 0.0234375 0.0234375
0 0.4359375 0.384375 0.021875 0.021875
0 0.2984375 0.440625 0.021875 0.021875
0 0.25625 0.43125 0.021875 0.021875
0 0.278125 0.465625 0.021875 0.021875