0 0.15179557328136603 0.26508971057599684 0.047384077339272454 0.04402271077238851
0 0.40319553596436525 0.14623166802873566 0.044277258672817864 0.04556703005422928
0 0.3183830892743663 0.3176248789975159 0.0473840773392725 0.04402271077238851
0 0.26069895329409276 0.17196694535249044 0.04740225867281787 0.04558521077238851
0 0.2117341946212748 0.21699764422102227 0.04740225867281787 0.04558521077238851
0 0.00546875 0.128125 0.0109375 0.046875
0 0.20535583060154847 0.3622828731437834 0.04740225867281787 0.04558521077238851
0 0.43520915197327403 0.08078847521032802 0.04585794000636341 0.04713862041330889
0 0.30105123329091105 0.1956407946885605 0.04742044000636332 0.04714771077238851
0 0.34043880792491255 0.4365112343837102 0.04742044000636332 0.04714771077238851
0 0.025 0.41796875 0.05 0.0484375
0 0.19565575596754697 0.12158515027114651 0.048982940006363315 0.04715680113146821
0 0.18569895329409275 0.17153060811666876 0.048982940006363405 0.04715680113146821
0 0.47265625 0.1109375 0.0140625 0.046875
0 0.07946713462763816 0.16934996369925476 0.05054544000636334 0.04716589149054773
0 0.4529046346276381 0.17152255951928339 0.04585794000636341 0.04713862041330898
0 0.38660583060154846 0.36333735479701906 0.04740225867281787 0.04558521077238851
0 0.3439103479471842 0.2724578247427898 0.04740225867281787 0.04558521077238851
0 0.40172284794718427 0.27279416802873563 0.04585794000636341 0.04713862041330889
0 0.37149100262572915 0.18511236084714328 0.04742044000636332 0.04714771077238851
0 0.353304623965638 0.13656577653818786 0.044277258672817864 0.04556703005422928
0 0.5134410506047301 0.19166130093507636 0.04582157733927246 0.04401362041330899
0 0.5491421932686393 0.2121828791939077 0.0458215773392725 0.04401362041330899
0 0.842146758593276 0.2779543667008758 0.039535214672181594 0.04085225897699054
0 0.5798638399109132 0.3920612767345796 0.04740225867281787 0.04558521077238851
0 0.6102978692711847 0.19378740319801277 0.04582157733927241 0.04401362041330899
0 0.5864603799331849 0.22802604781181843 0.0442590773392725 0.04400453005422929
0 0.9018308412635486 0.2517373003459012 0.042696577339272325 0.04399543969514959
0 0.810188781269912 0.20432596916020387 0.0426965773392725 0.04399543969514959
0 0.91649223058564 0.3346407039366975 0.042678396005727134 0.04243293969514959
0 0.6337182826225475 0.06110216822512737 0.0442590773392725 0.04400453005422929
0 0.8229422252546399 0.3169077823919203 0.042678396005727134 0.04243293969514959
0 0.6236512972629124 0.2548067164297293 0.04738407733927241 0.04402271077238851
0 0.9138581265913672 0.29243502321853826 0.04267839600572696 0.04243293969514959
0 0.7016853905951852 0.2630737343837102 0.041097714672181596 0.040861349336070066
0 0.7765581212603669 0.27444757161953176 0.04267839600572696 0.04243293969514959
0 0.5537398812858203 0.08563855991206686 0.0458215773392725 0.0440136204133089
0 0.7757421506206384 0.0759918909013726 0.04271475867281786 0.04555793969514967
0 0.76328125 0.015625 0.0421875 0.03125
0 0.6805569199554566 0.06449987899751593 0.0442590773392725 0.04400453005422929
0 0.844637601289002 0.06389186670087574 0.04111589600572696 0.04242384933607006
0 0.7818990545830948 0.3526089330558502 0.042696577339272325 0.04399543969514959
0 0.626484301241277 0.4142089875069681 0.045839758672817865 0.04557612041330898
0 0.8325739532940928 0.02631914382823881 0.03955339600572714 0.04241475897699045
0 0.7497967212762754 0.1570964451560987 0.044240896005727136 0.042442030054229286
0 0.9744876386060028 0.18496795686356365 0.0426602146721816 0.040870439695149585
0 0.5872603586091845 0.15927604781181842 0.044240896005727046 0.042442030054229286
0 0.7964546399586382 0.04173506556940763 0.04111589600572714 0.04242384933607006
0 0.6459626492680031 0.21743398145684392 0.0458215773392725 0.04401362041330899
0 0.8917842266072755 0.17511116783234398 0.042678396005727134 0.04243293969514959
0 0.691164966581822 0.36145669222923243 0.044277258672817864 0.04556703005422928
0 0.822451329248913 0.3590952823919203 0.04267839600572696 0.04243293969514959
0 0.9563910719287305 0.26299296291368784 0.042678396005727134 0.04243293969514959
0 0.71484375 0.02109375 0.0453125 0.0421875
0 0.5450183146085481 0.16371810811666876 0.0442590773392725 0.04400453005422929
0 0.9796875 0.340625 0.040625 0.04375
0 0.7970331585773678 0.3948873366466465 0.0442590773392725 0.04400453005422946
0 0.576795573281366 0.11858741529826111 0.04580339600572696 0.042451120413308896
0 0.6234523972788206 0.13761012607064965 0.0458215773392725 0.04401362041330899
0 0.6028500906270018 0.02810786104353502 0.0458215773392725 0.0440136204133089
0 0.6888774026098208 0.1551794211519936 0.04424089600572696 0.042442030054229286
0 0.746216093252731 0.3305248547970191 0.0442590773392725 0.04400453005422929
0 0.9796875 0.29453125 0.040625 0.0421875
0 0.7267592106142751 0.12258508976990443 0.0426965773392725 0.04399543969514976
0 0.7358240332590944 0.2835862222834617 0.04425907733927241 0.04400453005422946
0 0.6842968012412769 0.414545330792914 0.045839758672817865 0.04557612041330898
0 0.8727967745862765 0.3296986738824682 0.042696577339272325 0.04399543969514959
0 0.9324455892743664 0.17222251716841397 0.039535214672181594 0.040852258976990366
0 0.7798114852800934 0.12914416197861142 0.042678396005727134 0.04243293969514968
0 0.7317354225811857 0.3663805415653025 0.041097714672181596 0.040861349336070066
0 0.8509410506047301 0.19362481849627383 0.04111589600572714 0.04242384933607006
0 0.7770853799331849 0.22913507161953178 0.042678396005727134 0.04243293969514959
0 0.8754308785805494 0.37190435460062743 0.042696577339272325 0.04399543969514959
0 0.9528319092934563 0.03170660147736939 0.04267839600572696 0.04243293969514968
0 0.8991251066200021 0.0813975292686624 0.04267839600572696 0.04243293969514968
0 0.8130603372851841 0.09183505951928339 0.042678396005727134 0.04243293969514968
0 0.9553387439529113 0.0848497821955286 0.041097714672181596 0.040861349336070066
0 0.12655812126036697 0.850392968963812 0.04267839600572696 0.04243293969514959
0 0.06634896928709307 0.6531543546006274 0.041097714672181596 0.040861349336070066
0 0.10928080927754795 0.7237213846548567 0.042678396005727134 0.04243293969514959
0 0.16186036927118472 0.7709054568635636 0.041097714672181596 0.040861349336070066
0 0.08838650660409382 0.7736032099868216 0.03951703333863606 0.03928975897699054
0 0.06765583593254858 0.8094225353187866 0.039535214672181594 0.04085225897699054
0 0.062351265276911684 0.7281361738824682 0.03951703333863606 0.03928975897699054
0 0.8309569092934563 0.5521453247427898 0.04425907733927241 0.04400453005422929
0 0.8260319572724573 0.7068146440246306 0.0458215773392725 0.04401362041330899
0 0.9510694146244564 0.5700327823919203 0.04267839600572696 0.04243293969514968
0 0.9406228106301835 0.527781649878363 0.044240896005727136 0.042442030054229286
0 0.9236705732813661 0.6417532462875668 0.0458215773392725 0.0440136204133089
0 0.99140625 0.61484375 0.0171875 0.0421875