0 0.01328125 0.01953125 0.0265625 0.0390625
0 0.6763289615196182 0.1698387822237173 0.026018671939110404 0.0263101944820761
0 0.738956295512007 0.17623926842890736 0.024456171939110226 0.026228307326946164
0 0.7026659684397005 0.2039614767057933 0.026018671939110227 0.0263101944820761
0 0.7447553093521715 0.24202804273916687 0.026018671939110227 0.0263101944820761
0 0.72511397140545 0.2191703968776098 0.026018671939110227 0.0263101944820761
0 0.6563056215957305 0.1376061363621602 0.024456171939110406 0.026228307326946164
0 0.6343377796946763 0.09591660334547347 0.02595500494291585 0.0247476944820761
0 0.7459119496566202 0.1173555913596859 0.02439250494291585 0.024665807326946166
0 0.7240952994663398 0.19417039687760979 0.02439250494291585 0.024665807326946166
0 0.7378739565767024 0.14967676842890737 0.02439250494291585 0.024665807326946166
0 0.7076426285158127 0.17303902532631232 0.024456171939110226 0.026228307326946344
0 0.7410679407593717 0.07500431704942638 0.02595500494291585 0.0247476944820761
0 0.6583482826604258 0.11120741067241972 0.02595500494291585 0.0247476944820761
0 0.7349160998469007 0.03882115558403711 0.02439250494291585 0.024665807326946166
0 0.6318202747517605 0.07239721619034371 0.024456171939110406 0.026228307326946344
0 0.5984375 0.009375 0.025 0.01875
0 0.6762361196185641 0.12929566937884704 0.02439250494291585 0.024665807326946166
0 0.7215884288963735 0.017853558342999065 0.02439250494291585 0.024665807326946166
0 0.6216176038012333 0.051593393259565266 0.02439250494291585 0.024665807326946166
0 0.7128739565767024 0.14836657394683125 0.02439250494291585 0.024665807326946166
0 0.7229837856261753 0.12862728403273954 0.02439250494291585 0.024665807326946166
0 0.6932671107213155 0.08809081524040412 0.02439250494291585 0.024665807326946166
0 0.6953125 0.0109375 0.025 0.021875
0 0.7199914368050389 0.05518978403273955 0.02439250494291585 0.024665807326946166
0 0.6557671107213155 0.08612552351728997 0.02439250494291585 0.024665807326946166
0 0.6703125 0.01015625 0.025 0.0203125
0 0.699482618629981 0.1258364767057933 0.02439250494291585 0.024665807326946343
0 0.646875 0.009375 0.025 0.01875
0 0.7146327747517605 0.07673723541222052 0.026018671939110404 0.0263101944820761
0 0.6467449377936221 0.05602858774164119 0.02439250494291585 0.024665807326946166
0 0.6234375 0.01171875 0.025 0.0234375
0 0.6896274575652857 0.1518257666198851 0.02439250494291585 0.024665807326946166
0 0.6723179407593716 0.07140128222371729 0.02439250494291585 0.024665807326946166
0 0.6113512658545119 0.02922707032878673 0.02439250494291585 0.024665807326946166
0 0.7111549476794539 0.10617907394683126 0.02439250494291585 0.024665807326946166
0 0.7050375988583174 0.032577799636571744 0.02439250494291585 0.024665807326946166
0 0.6566000988583174 0.030039297827549483 0.02439250494291585 0.024665807326946166
0 0.7325206117098987 0.09482549411864785 0.02439250494291585 0.024665807326946343
0 0.6698641028126502 0.049444395068587534 0.02439250494291585 0.024665807326946166
0 0.6800375988583174 0.03126760515449582 0.024456171939110226 0.026228307326946164
0 0.6799049476794539 0.10454133084423631 0.02439250494291585 0.024665807326946166
0 0.6933016028126502 0.050672702395533877 0.02283000494291585 0.024583920171816587
0 0.6349160998469007 0.03358037765573298 0.02439250494291585 0.024665807326946343
0 0.81875 0.27578125 0.040625 0.0328125
0 0.8347463676042167 0.36061426842890737 0.044224843878220454 0.05221095318850329
0 0.8433520464634092 0.4187543170494264 0.045787343878220456 0.052292840343633
0 0.8474267342198502 0.5187543170494264 0.04084517589344294 0.04579717887824373
0 0.8545521206071474 0.7701530427391668 0.04078150889724856 0.04423467887824373
0 0.8198402450942652 0.5687609611019611 0.04090884288963732 0.04735967887824373
0 0.8457899328507062 0.6699073812737776 0.04078150889724874 0.04423467887824373
0 0.8487929160447922 0.5905474298942966 0.03921900889724857 0.04415279172311415
0 0.821898857718385 0.31316605834299904 0.04090884288963732 0.04735967887824381
0 0.8425720909496521 0.6292004941186479 0.04084517589344294 0.04579717887824373