0 0.8109375 0.3278868315888621 0.0296875 0.029161710344286364
0 0.796875 0.2955654049098399 0.028125 0.02910714664195524
0 0.928125 0.261294553914048 0.028125 0.029107146641955416
0 0.8984375 0.26545626425833424 0.028125 0.029107146641955416
0 0.7671875 0.3294146152541261 0.028125 0.02910714664195524
0 0.6890625 0.28839280037066894 0.028125 0.029107146641955416
0 0.7203125 0.3091765263240518 0.028125 0.029107146641955416
0 0.8609375 0.2948907931142748 0.028125 0.029107146641955416
0 0.95 0.40896816208141595 0.0296875 0.03072421034428636
0 0.9359375 0.32352173540239376 0.0296875 0.029161710344286364
0 0.771875 0.3589384241471335 0.028125 0.029107146641955416
0 0.88515625 0.4359375 0.0296875 0.028125
0 0.8140625 0.2168402041842005 0.028125 0.029107146641955416
0 0.6421875 0.22284221144059463 0.028125 0.029107146641955416
0 0.975 0.68046875 0.05 0.0640625
0 0.9296875 0.7532489301375833 0.0609375 0.06150298439090331
0 0.8875 0.5625346501005165 0.0625 0.06624504809323425
0 0.97890625 0.46796875 0.0421875 0.0359375
0 0.9375 0.6186011116259291 0.065625 0.06791667549789597