0 0.08028934158514715 0.070368083916172 0.021495568401734035 0.020430674668035033
0 0.08831467321164799 0.020431716429729276 0.021495568401734035 0.020430674668035033
0 0.021748799491772396 0.057531740630226126 0.021495568401734035 0.020430674668035033
0 0.09921875 0.0046875 0.0234375 0.009375
0 0.075 0.00546875 0.021875 0.0109375
0 0.026602899463537534 0.08723742134838534 0.021495568401734035 0.020430674668035033
0 0.057868310015116095 0.06086581888905727 0.021495568401734035 0.020430674668035033
0 0.09222789946353753 0.08761921642972936 0.023058068401734032 0.020439765027114733
0 0.06293524161338207 0.0405896803253758 0.021495568401734035 0.020430674668035033
0 0.021309183734991688 0.023165830989305736 0.021495568401734035 0.020430674668035033
0 0.02421875 0.00703125 0.0234375 0.0140625
0 0.041697278445084994 0.051399915298261156 0.021495568401734035 0.020430674668035033
0 0.046582199520007264 0.0279987767345796 0.021495568401734035 0.020430674668035033
0 0.06965567847331985 0.021885132120773854 0.021495568401734035 0.020430674668035033
0 0.9594924522214303 0.24603168012898405 0.0462071420651398 0.042442030054229286
0 0.9462335890248983 0.2865657765381878 0.04629814732681172 0.04400453005422929
0 0.9146657996329466 0.20047374043383437 0.04786064732681181 0.04401362041330899
0 0.98828125 0.228125 0.0234375 0.04375
0 0.9828125 0.31875 0.034375 0.04375
0 0.8570969523626047 0.09704875858420699 0.051167657850155465 0.04715680113146812
0 0.98359375 0.359375 0.0328125 0.01875
0 0.9185944364364147 0.24110783079291398 0.044553636803468064 0.040870439695149585
0 0.8476001259977757 0.14853853571157005 0.052821163111827295 0.04872839149054773
0 0.95078125 0.3640625 0.0453125 0.009375
0 0.99453125 0.1890625 0.0109375 0.040625
0 0.9501622258283664 0.32719986689726743 0.04638915258848364 0.04556703005422928
0 0.9875 0.11171875 0.025 0.0453125
0 0.9101896732116479 0.3113476079202771 0.04786064732681172 0.04401362041330899
0 0.8616318048946185 0.20172716822512743 0.04951415258848364 0.04558521077238851
0 0.6546875 0.81171875 0.028125 0.0484375
0 0.8973550152203181 0.7460236315315987 0.0941742052052021 0.06146474082661779
0 0.7167435100998206 0.5950236920328408 0.07099431043863902 0.09256929508134384
0 0.7265287628012438 0.5216680052645574 0.08487479991529553 0.08952610831306052
0 0.9410448310618035 0.6916088423039872 0.08966871572854593 0.06456246974937904
0 0.9002840521931954 0.6085872640451561 0.08763577886860788 0.08329428903121965
0 0.7798776308359245 0.92809072208707 0.10060621572854593 0.06462610226293641
0 0.98671875 0.88203125 0.0265625 0.0640625
0 0.7986767785862593 0.5267736617822197 0.07559080517696729 0.09103406615858275
0 0.97421875 0.778125 0.0515625 0.08125
0 0.8436979361540662 0.8706691075274936 0.06823333148532651 0.0988011143631848
0 0.7462167204255203 0.8060611859827166 0.06970482622365459 0.09724770472226432
0 0.6765625 0.590625 0.015625 0.096875
0 0.68828125 0.75 0.0390625 0.0625
0 0.97734375 0.93515625 0.0453125 0.0671875
0 0.9542589206513993 0.5698520169720223 0.06621580517696728 0.0909795240041051
0 0.6875 0.678125 0.0375 0.075
0 0.742880346846819 0.6951418667008757 0.08009629465362345 0.08793633723582168
0 0.8153461520237861 0.7861577521412993 0.06786931043863902 0.09255111436318479
0 0.8194890785015547 0.6159270653730159 0.09564569994353037 0.05991133118569749