0 0.00859375 0.4171875 0.0171875 0.040625
0 0.2134845887832677 0.42659677791292994 0.04034158008391273 0.037718168617910844
0 0.06758009293245255 0.4352546813073344 0.04034158008391255 0.037718168617910844
0 0.13346520206065932 0.45205129586691084 0.04202247925407558 0.039289758976990365
0 0.0140625 0.471875 0.028125 0.040625
0 0.05297221865739878 0.4837558138208918 0.04034158008391255 0.037718168617910844
0 0.06171875 0.7640625 0.0859375 0.028125
0 0.2938610182471247 0.8118706817001179 0.09846265601864027 0.0833488311856975
0 0.07056522820516839 0.8319115126894235 0.08956125269929238 0.08954428903121965
0 0.02109375 0.96015625 0.0421875 0.0796875
0 0.3736902282051684 0.8301479830279778 0.06863344606059663 0.1019170240041051
0 0.2628226605688105 0.8917036274453917 0.1009956601678251 0.07555451190385672
0 0.3822345887832677 0.944110489078102 0.06093934523075965 0.10343407220870696
0 0.33828125 0.978125 0.0828125 0.04375
0 0.69453125 0.90703125 0.0515625 0.1203125
0 0.928901636923101 0.9485445007855671 0.10914004689043359 0.10059087334017516