0 0.390625 0.678125 0.1078125 0.084375
0 0.4203125 0.5140625 0.109375 0.078125
0 0.465625 0.3078125 0.1015625 0.0875
0 0.5671875 0.44375 0.065625 0.103125
0 0.609375 0.325 0.1109375 0.0609375
0 0.528125 0.7359375 0.096875 0.0984375
0 0.509375 0.3890625 0.090625 0.09375
0 0.7484375 0.4796875 0.0625 0.1078125
0 0.48125 0.2140625 0.0921875 0.1
0 0.5015625 0.5109375 0.0671875 0.1015625
0 0.6078125 0.4046875 0.0796875 0.1015625
0 0.5375 0.5484375 0.0734375 0.103125
0 0.3265625 0.540625 0.0671875 0.1078125
0 0.571875 0.60625 0.0671875 0.10625