0 0.4359375 0.4953125 0.0375 0.05625
0 0.4453125 0.6109375 0.0484375 0.0546875
0 0.478125 0.484375 0.0453125 0.05
0 0.365625 0.490625 0.05 0.0484375
0 0.3984375 0.4328125 0.0515625 0.0453125
0 0.55 0.4890625 0.059375 0.0328125
0 0.4859375 0.453125 0.0546875 0.0421875
0 0.475 0.528125 0.0453125 0.05
0 0.378125 0.534375 0.0375 0.05625
0 0.4078125 0.46875 0.040625 0.0546875
0 0.365625 0.578125 0.059375 0.0421875
0 0.584375 0.58125 0.0609375 0.028125
0 0.5875 0.54375 0.04375 0.05
0 0.4375 0.571875 0.0640625 0.0265625
0 0.521875 0.5125 0.059375 0.0328125
0 0.634375 0.5328125 0.053125 0.05
0 0.5375 0.5546875 0.0578125 0.040625
0 0.421875 0.5328125 0.05 0.05
0 0.3421875 0.4203125 0.040625 0.053125
0 0.3890625 0.4 0.059375 0.0328125
0 0.4453125 0.3875 0.04375 0.05
0 0.6015625 0.4921875 0.04375 0.0515625
0 0.540625 0.4390625 0.0609375 0.0328125
0 0.49375 0.5984375 0.0328125 0.05625
0 0.315625 0.4765625 0.0609375 0.034375
0 0.5015625 0.3984375 0.0546875 0.0390625
0 0.4328125 0.846875 0.046875 0.0640625
0 0.5390625 0.6046875 0.0578125 0.0328125
0 0.5609375 0.3296875 0.0546875 0.04375
0 0.675 0.5140625 0.0640625 0.034375