0 0.00703125 0.3828125 0.0140625 0.0375
0 0.023217522799932767 0.34952865052387355 0.038450494804219915 0.038450494804219915
0 0.18098573617737052 0.5378148903844149 0.04179401609154336 0.04179401609154336
0 0.12746798022528588 0.3505991136492098 0.038559755447881726 0.040012994804219916
0 0.04431699061684604 0.27326108146612305 0.038559755447881726 0.040012994804219916
0 0.16654118790274045 0.42019034780976805 0.040012994804219916 0.038559755447881726
0 0.12424442725907872 0.41567781043090113 0.038450494804219915 0.038450494804219915
0 0.21222502849991595 0.4731403851886348 0.04012225544788173 0.04012225544788173
0 0.14772548592526896 0.4624106987985037 0.038450494804219915 0.038450494804219915
0 0.12636393815484198 0.4904592891435776 0.040012994804219916 0.038559755447881726
0 0.99140625 0.54921875 0.0171875 0.0515625
0 0.98046875 0.57734375 0.0390625 0.0453125
0 0.4214143582013282 0.7309635928660894 0.025076409654926125 0.025076409654926125
0 0.3977254859252691 0.7479654225675016 0.026638909654926123 0.02518567029858776
0 0.3206059750295058 0.6679394329590618 0.025076409654926125 0.025076409654926125
0 0.3359467517647108 0.7094385181083558 0.025076409654926125 0.025076409654926125
0 0.38041801760415267 0.6783413374182078 0.026638909654926123 0.02518567029858776
0 0.3754134433506221 0.7401857735562374 0.02674817029858776 0.02674817029858776
0 0.41490227824781434 0.682307571578766 0.025076409654926125 0.025076409654926125
0 0.4195569272590786 0.7044010928660894 0.026638909654926123 0.02518567029858776
0 0.29713562404077 0.6880662626604741 0.02674817029858776 0.02674817029858776
0 0.34880738468443173 0.6932343639013114 0.02518567029858776 0.026638909654926123
0 0.3430601292365501 0.655515842613988 0.025076409654925948 0.025076409654926125
0 0.3692291453280935 0.6962172522689138 0.02518567029858776 0.026638909654926123
0 0.37846203369569603 0.7170760554872226 0.025076409654926125 0.025076409654926125
0 0.3992115762703429 0.7247464438548251 0.02518567029858776 0.026638909654926123
0 0.39455692725907865 0.7026529225675017 0.025076409654926125 0.025076409654926125