0 0.23984375 0.41171875 0.0234375 0.0140625
0 0.259375 0.4078125 0.01875 0.021875
0 0.6112094245085897 0.28461712051134835 0.07677278003177204 0.10680701089576328
0 0.36768552110002306 0.22499002027891724 0.10451595048646736 0.08689870248167467
0 0.340625 0.04921875 0.065625 0.0984375
0 0.6950820438281945 0.0706860244662912 0.09061709172016937 0.09529035668871888
0 0.40234375 0.03828125 0.0609375 0.0765625
0 0.742241236196987 0.26293922644376266 0.10150004464226861 0.09293018119435104
0 0.5073480389569305 0.24964082299302284 0.07981595941492117 0.10233803218308672
0 0.1578125 0.99375 0.028125 0.0125
0 0.21477080113179517 0.9702711252029254 0.028615923701106105 0.030091691585911205
0 0.1834389805149442 0.96776883807616 0.030205697240056395 0.03176345222957302
0 0.228125 0.990625 0.028125 0.01875
0 0.2578125 0.99375 0.021875 0.0125
0 0.23777192450858972 0.9436322155479994 0.028615923701106105 0.030091691585911205
0 0.24451284820969582 0.9713201729733523 0.028615923701106105 0.030091691585911205
0 0.196875 0.99296875 0.028125 0.0140625
0 0.6168752232113435 0.48175420046486217 0.0511454886359143 0.06912134059717552
0 0.58671875 0.4328125 0.0515625 0.028125
0 0.6492707118472578 0.5451939875916274 0.06806025324641088 0.054698207677454744
0 0.5786309293798537 0.5313607165564055 0.06970457386326193 0.05949496832111638
0 0.6759229407439393 0.4588522960057162 0.06504434740221221 0.06072968639013112
0 0.5165479407439394 0.46999688165921316 0.07113070616851021 0.05179172896477802
0 0.70390625 0.42578125 0.0671875 0.0140625
0 0.703459379866321 0.6024166257071284 0.06962275324641087 0.05480746832111638
0 0.59869005924947 0.6050495888324647 0.06967730032431163 0.057932468321116204
0 0.7108161379839959 0.486136061845158 0.04810230925276535 0.07359031930985208
0 0.7710014358726754 0.6180309180296739 0.04812958279171564 0.07515281930985207
0 0.41796875 0.44765625 0.0671875 0.0578125