0 0.46875 0.4875 0.0578125 0.0375
0 0.5984375 0.509375 0.0546875 0.040625
0 0.6265625 0.4703125 0.05625 0.0390625
0 0.5640625 0.56875 0.05625 0.04375
0 0.546875 0.515625 0.0390625 0.0546875
0 0.515625 0.6078125 0.05625 0.0484375
0 0.4703125 0.428125 0.0484375 0.05
0 0.50625 0.5453125 0.059375 0.040625
0 0.575 0.4390625 0.0453125 0.0515625
0 0.6 0.625 0.0578125 0.0453125
0 0.46875 0.3796875 0.05 0.0453125
0 0.53125 0.4578125 0.0390625 0.053125
0 0.4984375 0.353125 0.05625 0.034375
0 0.5625 0.3546875 0.0390625 0.05
0 0.3984375 0.45625 0.05 0.0484375
0 0.63125 0.43125 0.0484375 0.0484375
0 0.40625 0.396875 0.0578125 0.034375
0 0.621875 0.5359375 0.0421875 0.05625
0 0.51875 0.40625 0.0359375 0.053125
0 0.59375 0.365625 0.04375 0.05
0 0.65625 0.6515625 0.0390625 0.0609375