0 0.3072901153312611 0.41717752027891725 0.01965075870642723 0.018498627723940685
0 0.33359375 0.4125 0.0109375 0.01875
0 0.31156153550307764 0.4388339989915938 0.019650758706427317 0.018498627723940685
0 0.3296875 0.45546875 0.01875 0.0171875
0 0.31302886024287846 0.4967557596352556 0.019732645861556986 0.020061127723940687
0 0.6557143272261917 0.26935202547469733 0.05845430913596861 0.0756991225281606
0 0.6863291621427579 0.16527653067047748 0.07737472749876276 0.050557010895763276
0 0.6821064088633975 0.29416635517610956 0.05977114767057934 0.07112088317182241
0 0.5867385979184065 0.18008171186482844 0.06930992198083885 0.07490144703379294
0 0.8700844436891065 0.35002359922402493 0.04471935775648746 0.080965776735205
0 0.9520647840327395 0.38820130639727635 0.04611808344622812 0.07795003737886681
0 0.7842155427391668 0.4171889559127438 0.07293288896415202 0.05491672896477802
0 0.9109418170494263 0.41146384377614326 0.056809921980838854 0.07402736188449896
0 0.6185684520568495 0.15903723834793207 0.06429487336031983 0.06832366510280767
0 0.7432409034363305 0.14404638685499327 0.042911196291098366 0.07616901609154336
0 0.7026291915413999 0.08729364230287491 0.06577548620519007 0.0668704257464694
0 0.9620860786965297 0.07071887545502689 0.06849105042954129 0.05927644703379294
0 0.7462973043862702 0.08267184428034632 0.06429487336031983 0.06832366510280767
0 0.7483112630018404 0.27071814749865497 0.06988977611928178 0.05626070767745457
0 0.8759715162812007 0.13319673214374578 0.05039614767057934 0.07046531930985207
0 0.785218120758328 0.34654867398175854 0.056809921980838854 0.07402736188449914
0 0.984375 0.18984375 0.03125 0.0703125
0 0.9048534328349728 0.05590225862684939 0.056646147670579336 0.07090236188449897
0 0.5925459418800842 0.32081597250849025 0.0717798247398008 0.06261996832111638
0 0.965625 0.175 0.06875 0.06875
0 0.8429620217082677 0.28135000887895084 0.04587242198083885 0.07326253737886682
0 0.6453633254171693 0.22146082869300604 0.056809921980838854 0.07402736188449896
0 0.8672737042045562 0.4160856417986718 0.05220430913596861 0.07526207995351371
0 0.8389628392119792 0.1451939875916274 0.06265048620519006 0.06665190445914604
0 0.7885534034363305 0.14087782818880293 0.06116987336031983 0.06810514381548423
0 0.7435152996365717 0.38867047200428717 0.07424972749876275 0.050338489608439826
0 0.9342554070543752 0.2279193702592468 0.07244156603337366 0.04554172896477802
0 0.8123338986866322 0.4450190249704943 0.06717421189493056 0.06385468639013112
0 0.5819559226582074 0.23844051508313716 0.06001680913596861 0.07580838317182241
0 0.7634803188584487 0.4703903655676697 0.06634869629109837 0.0778079257464693
0 0.9627699106724197 0.32315546060432077 0.055329309135968605 0.07548060124083733
0 0.7697901153312611 0.20178247720006723 0.031973696291098364 0.0754041915859112
0 0.91171875 0.4734375 0.0515625 0.071875
0 0.6994311069635181 0.41527653067047743 0.06009869629109836 0.07737088317182242
0 0.9671875 0.44765625 0.065625 0.0703125
0 0.9609375 0.0234375 0.046875 0.046875
0 0.8165212731786058 0.10598937595923 0.07877345318850323 0.047541271539425
0 0.9921875 0.365625 0.015625 0.059375
0 0.9609750373120999 0.25898369996065906 0.06898237336031983 0.06865144703379293
0 0.86953125 0.01328125 0.0453125 0.0265625
0 0.721875 0.484375 0.046875 0.05
0 0.7048600768875074 0.04009086037188973 0.074167840343633 0.04877598960843983
0 0.7059732767966503 0.21094966359019834 0.058290534825709096 0.0725741225281606
0 0.9045125961093842 0.10924577991417284 0.06404921189493056 0.06363616510280767
0 0.7332727611928181 0.22315473264794897 0.049161196291098365 0.07660605866619044
0 0.6466336555840371 0.42524139255497656 0.07589411465389251 0.05201025025210164
0 0.83125 0.4859375 0.059375 0.046875
0 0.8171875 0.0234375 0.071875 0.046875
0 0.9594457575747736 0.11010915738601215 0.06701043758467104 0.06072968639013112
0 0.74921875 0.0171875 0.0765625 0.034375
0 0.6406205144721785 0.1010390680493443 0.07449538896415202 0.05502598960843983
0 0.6038795895506636 0.38745716929018154 0.07062676051544958 0.07032320767745474
0 0.96953125 0.4921875 0.0609375 0.034375
0 0.6552849592929387 0.3509298074056826 0.055329309135968605 0.07548060124083733
0 0.893227615331261 0.19315088635079017 0.07120661465389269 0.05168246832111638
0 0.59921875 0.02890625 0.0703125 0.0578125
0 0.6765625 0.48671875 0.034375 0.0453125
0 0.8638189970593239 0.050930535362054476 0.05064180913596861 0.07515281930985207
0 0.8242319538658718 0.19327085467190647 0.07260534034363317 0.048666728964778014
0 0.7213193950685876 0.35415336037188966 0.07860967887824373 0.044416271539424915
0 0.7240416033454735 0.3163255784409046 0.07581222749876275 0.050447750252101645
0 0.8335516429208809 0.07186574823528917 0.06569359905006031 0.0653079257464694
0 0.5808360786965296 0.09737847250849026 0.03838747060135787 0.0789662341605581
0 0.990625 0.47109375 0.01875 0.0765625
0 0.9002765547249545 0.29772912570712845 0.0751571302577247 0.03794775025210164
0 0.9171875 0.02578125 0.053125 0.0515625
0 0.86875 0.47578125 0.059375 0.0671875
0 0.5874976729968917 0.46387755765778416 0.07531426051544958 0.07065098960843982
0 0.8300326537750149 0.36380187595922997 0.042993083446227945 0.07773151609154336
0 0.9953125 0.25078125 0.009375 0.0765625
0 0.8937056501569701 0.2621194076381137 0.07104284034363317 0.0485574683211162
0 0.776318997059324 0.05704913140711163 0.06413109905006031 0.06519866510280767
0 0.8605722455889859 0.22836712051134836 0.06931656603337366 0.04532320767745457
0 0.99140625 0.0953125 0.0171875 0.046875
0 0.99140625 0.025 0.0171875 0.034375
0 0.7985502804146949 0.3017060675451412 0.06413109905006031 0.06519866510280767
0 0.990625 0.053125 0.01875 0.0375
0 0.6337220612836751 0.05917934998032952 0.07465916327441154 0.058150989608439826
0 0.984375 0.30859375 0.03125 0.0734375
0 0.6734375 0.01875 0.078125 0.0375
0 0.9320510979184066 0.15593510961558507 0.06972600180902226 0.05313570767745457
0 0.9107913308442364 0.34874532248881973 0.047598696291098364 0.07649679802252862
0 0.984375 0.40078125 0.03125 0.0421875
0 0.9921875 0.13515625 0.015625 0.0484375
0 0.8030872942095048 0.23865976432683259 0.04143058344622812 0.07762225544788173
0 0.6703832575747735 0.1303223764634331 0.07885534034363299 0.04910377153942509
0 0.0078125 0.6984375 0.015625 0.034375
0 0.06153280076822565 0.5332952851099529 0.03617651741285464 0.0367787341605581
0 0.01328125 0.76640625 0.0265625 0.0359375
0 0.0140625 0.72890625 0.028125 0.0359375
0 0.6342753392119793 0.8034328224888198 0.02137703301668683 0.0217328883676025
0 0.6054952419709412 0.792899514074731 0.021377033016686652 0.0217328883676025
0 0.6254801933504222 0.7852291257071284 0.019732645861557076 0.020061127723940864
0 0.6513875961093842 0.7708716947648789 0.021295145861557074 0.020170388367602588
0 0.5477646291260709 0.7985046578902152 0.021377033016686652 0.0217328883676025