0 0.23575301425227196 0.06444533684303817 0.03211381802583091 0.029869307181592218
0 0.23828125 0.01328125 0.0296875 0.0265625
0 0.1787755885463091 0.089118083916172 0.03211381802583091 0.029869307181592218
0 0.13950248838802448 0.14983741529826117 0.03211381802583091 0.029869307181592218
0 0.18000311942512148 0.046930583916172 0.03211381802583091 0.029869307181592218
0 0.12363344748008229 0.10442492134838535 0.03211381802583091 0.0298693071815924
0 0.06683787820061009 0.12284766842151909 0.03367631802583091 0.029878397540671918
0 0.10103102177411935 0.12929765632127072 0.03211381802583091 0.0298693071815924
0 0.0861501678549111 0.15734084308955412 0.03211381802583095 0.0298693071815924
0 0.14913355265293174 0.08738286709365921 0.030551318025830908 0.0298602168225127
0 0.07082669622644103 0.0931783491396784 0.03211381802583095 0.029869307181592218
0 0.18046875 0.0125 0.0328125 0.025
0 0.12633255014564929 0.06537151170746495 0.03211381802583091 0.0298693071815924
0 0.1442020117449895 0.042034005657340764 0.030551318025830908 0.0298602168225127
0 0.07486097835889464 0.06194652985783762 0.03211381802583095 0.029869307181592218
0 0.07890625 0.00859375 0.0296875 0.0171875
0 0.07416229638472557 0.032249939498757915 0.030505853919208282 0.028297716822512697
0 0.10196904763836682 0.04335106596219109 0.03211381802583091 0.029869307181592218
0 0.10703125 0.01328125 0.0296875 0.0265625
0 0.14609375 0.01171875 0.0296875 0.0234375
0 0.1532012755350431 0.8275453005422928 0.020858069279472247 0.01886817466803503
0 0.23812184481451518 0.8092861799325923 0.019295569279472246 0.01885908430895533
0 0.06584236487277498 0.9833135115110732 0.020903533386094787 0.020430674668035033
0 0.21855349089530698 0.8373020956236369 0.019295569279472246 0.01885908430895533
0 0.03771266785491108 0.8221851139704013 0.019295569279472246 0.01885908430895533
0 0.09203645500192965 0.835003276538188 0.01929556927947216 0.01885908430895533
0 0.17064953681781408 0.9261009752103281 0.019295569279472246 0.01885908430895533
0 0.00625 0.94453125 0.0125 0.0203125
0 0.018921900766152255 0.9846033007386847 0.020903533386094873 0.020430674668035033
0 0.03850227804232551 0.8487567043294808 0.01929556927947216 0.01885908430895533
0 0.04900185735092757 0.9175794272021178 0.019295569279472246 0.01885908430895533
0 0.23828125 0.99609375 0.0203125 0.0078125
0 0.23941625719264295 0.9796350413689108 0.019295569279472246 0.01885908430895533
0 0.0689506444979461 0.9301976018701529 0.01929556927947216 0.01885908430895533
0 0.11207617036219357 0.8444964512062227 0.01768760517284953 0.01728749394987581
0 0.00703125 0.85625 0.0140625 0.01875
0 0.6388659908953069 0.6416987041330892 0.03381271034569906 0.03456589754067192
0 0.8390625 0.5953125 0.034375 0.03125
0 0.71328125 0.59296875 0.0359375 0.0265625