0 0.4062188227193378 0.051190151144332605 0.07987868969849785 0.045531347932816726
0 0.37734375 0.31640625 0.0359375 0.0578125
0 0.39296875 0.11328125 0.0671875 0.0703125
0 0.4605239433223419 0.12853509870800908 0.07869882697140156 0.050118718383167414
0 0.5173158193853579 0.06116832356958148 0.07177914727484325 0.060555570634920786
0 0.44014831513329405 0.32102298735695706 0.08000623545613247 0.04709384793281668
0 0.5121820381715908 0.10501845311923082 0.07624350666795969 0.03908108883351806
0 0.43880998724380865 0.6039961736618665 0.08258910151720862 0.059693977482466035
0 0.4070802078662094 0.1739267442967874 0.0454397878817268 0.08062823874123311
0 0.4279992593737198 0.37464863510520363 0.07710437606301604 0.0686684592838688
0 0.378125 0.621875 0.0375 0.06875
0 0.38203125 0.540625 0.0453125 0.078125
0 0.41766805300532245 0.5012111351052037 0.07554187606301603 0.06856832973421945
0 0.46543587330876424 0.48726974861572403 0.0391897878817268 0.08022772054263569
0 0.4154683399689653 0.6614477282576583 0.0794641015172088 0.059493718383167506
0 0.4402117011982497 0.20599876465485298 0.04218724212409235 0.0788654796419344
0 0.2609375 0.70703125 0.021875 0.0140625
0 0.16652039906251942 0.7737031061092647 0.021970594849248924 0.02161418414544123
0 0.21495789906251944 0.7705990900701358 0.021843049091614386 0.02005168414544123
0 0.2140625 0.709375 0.021875 0.01875
0 0.2129171669403669 0.7955990900701357 0.020408094849248926 0.021514054595791875
0 0.13515625 0.703125 0.0203125 0.00625
0 0.1309016345186519 0.7340188448504977 0.02028054909161443 0.019951554595791877