0 0.21579990389061576 0.057003594704369755 0.034450243102594945 0.03277826674922295
0 0.2471583672558843 0.1759376852749103 0.03280585594746519 0.031142992142117264
0 0.04008949570458684 0.18195643713693724 0.034450243102595035 0.03277826674922295
0 0.33262447648271004 0.2785961124870501 0.032887743102595124 0.032705492142117085
0 0.22265625 0.01171875 0.0328125 0.0234375
0 0.35972696630594464 0.12009440777232036 0.03124335594746519 0.031070217535011223
0 0.3278019369073025 0.04185809180888569 0.03280585594746519 0.031142992142117264
0 0.3790568204443877 0.1397904776646966 0.03272396879233561 0.029580492142117266
0 0.3869445635469827 0.10883157609311996 0.03124335594746519 0.031070217535011223
0 0.2953125 0.0046875 0.03125 0.009375
0 0.3789616451841885 0.08183242845048486 0.03116146879233561 0.029507717535011226
0 0.34401343509828025 0.09116888709415587 0.03116146879233561 0.029507717535011226
0 0.99609375 0.25390625 0.0078125 0.0234375
0 0.33754434984302983 0.91154985359571 0.07958568068726599 0.09099318114108108
0 0.328125 0.98046875 0.059375 0.0390625
0 0.30019483604821995 0.8471577138109577 0.09143058344622812 0.07907537799792799
0 0.313827968114967 0.7663443614535927 0.07966756784239593 0.09255568114108108
0 0.2609375 0.98671875 0.09375 0.0265625
0 0.42026167458283065 0.8574488585581086 0.09998671189493055 0.06388702564056317
0 0.3828125 0.953125 0.059375 0.09375
0 0.42134613975712154 0.9264171823794263 0.07021068068726617 0.09055653349844608
0 0.534375 0.96796875 0.05625 0.0640625
0 0.98203125 0.51875 0.0359375 0.04375
0 0.97890625 0.40546875 0.0421875 0.0109375
0 0.97890625 0.70078125 0.0421875 0.0453125
0 0.9436039993226315 0.5257921360606986 0.04439845318850324 0.04415241439185813
0 0.98046875 0.64609375 0.0390625 0.0453125
0 0.8835672580290588 0.5057664263835703 0.04604284034363308 0.04578768899896417
0 0.9251749038906159 0.4889085661683225 0.044480340343633 0.04571491439185813
0 0.8658950791508151 0.5441011803125116 0.046042840343633 0.045787688998963995
0 0.9765648270031084 0.8233606488809802 0.04448034034363317 0.04571491439185813
0 0.9456091553609538 0.6668537837033337 0.04448034034363317 0.04571491439185813
0 0.9479772388071819 0.5917810090962279 0.042672178878243726 0.040954639784752445
0 0.9412845827688596 0.4505010376322752 0.04275406603337366 0.042517139784752266
0 0.9319007801916117 0.7789899106678045 0.044480340343633 0.04571491439185813
0 0.9062810617379604 0.5804410947043698 0.046042840343633 0.045787688998963995
0 0.9890625 0.86328125 0.021875 0.0453125
0 0.8438363726829513 0.456926511991712 0.04760534034363308 0.04586046360606986
0 0.8653285131174414 0.5847989549196175 0.04604284034363308 0.045787688998963995
0 0.9029303324301754 0.6742638693114756 0.04596095318850324 0.044225188998963993
0 0.9056591847595961 0.741742467739899 0.046042840343633 0.045787688998963995
0 0.8417073066495778 0.49755151199171205 0.044316566033373486 0.04258991439185813
0 0.9020162856186786 0.6319308200972639 0.04604284034363308 0.045787688998963995
0 0.8608999626879001 0.6394136803125117 0.046042840343633 0.045787688998963995
0 0.827084884668739 0.5673545897419711 0.04760534034363308 0.04586046360606986
0 0.9859375 0.784375 0.028125 0.046875
0 0.7906294855278215 0.456014675350113 0.04768722749876275 0.04742296360606986
0 0.78125 0.41328125 0.05 0.0265625
0 0.9515448948455042 0.7329154313459689 0.04448034034363317 0.04571491439185813