0 0.5359375 0.5140625 0.0890625 0.0734375
0 0.3359375 0.44375 0.096875 0.075
0 0.49375 0.4578125 0.05625 0.0984375
0 0.3765625 0.625 0.096875 0.0578125
0 0.5734375 0.6125 0.046875 0.0921875
0 0.453125 0.5109375 0.0859375 0.08125
0 0.44375 0.5953125 0.078125 0.08125
0 0.55625 0.4265625 0.0859375 0.0859375
0 0.490625 0.659375 0.0890625 0.0609375
0 0.5953125 0.546875 0.0984375 0.0515625
0 0.5078125 0.590625 0.0640625 0.090625
0 0.3984375 0.68125 0.096875 0.046875
0 0.3859375 0.790625 0.0890625 0.0671875
0 0.253125 0.690625 0.046875 0.090625
0 0.521875 0.7234375 0.09375 0.0484375
0 0.5640625 0.6875 0.0953125 0.046875
0 0.5 0.8234375 0.0703125 0.0734375
0 0.1625 0.5765625 0.0875 0.0765625
0 0.6375 0.7796875 0.078125 0.071875
0 0.0890625 0.540625 0.109375 0.05625
0 0.2578125 0.7921875 0.0609375 0.08125
0 0.6 0.8609375 0.040625 0.08125
0 0.18125 0.8 0.065625 0.08125
0 0.2171875 0.484375 0.071875 0.0953125
0 0.165625 0.9390625 0.065625 0.075