0 0.19068761243723226 0.22911007606617878 0.06645391848667045 0.04916475334181776
0 0.3288882115385451 0.5070179947485417 0.059534238790112326 0.06001134667409058
0 0.319099654860887 0.21499412675045065 0.06045901000193972 0.052217028007635946
0 0.14859519153466572 0.40189304805854276 0.036606921820650486 0.06598862667090888
0 0.10143289123510328 0.4934442013844523 0.0519768303053814 0.0630454400063634
0 0.30771535789530446 0.32413276941436 0.05041433030538141 0.06302725867281786
0 0.4177595218400471 0.4674656934277229 0.05771664727484325 0.056868165340545215
0 0.3599794885002483 0.2950816160884505 0.06986596091032524 0.033594297342454026
0 0.35589750850412755 0.3980611654200869 0.06986596091032524 0.033594297342454206
0 0.2271986815327261 0.3512941587364513 0.0719386439408634 0.03986247867599957
0 0.0890625 0.59296875 0.053125 0.0140625
0 0.08571281213766993 0.3199885200509067 0.06371155575957417 0.05381589067472703
0 0.24403497941639252 0.4810543840706331 0.06645391848667064 0.04916475334181776
0 0.2644438478933647 0.2721157360757238 0.05915160151720862 0.055323846674090585
0 0.3041118678972441 0.37560436274663267 0.06450878121376694 0.04445907200827239
0 0.11785589031701935 0.2547998720559974 0.04872428454774678 0.0614465773392725
0 0.3331933321415493 0.42589526408335987 0.0699935066679597 0.03515679734245403
0 0.3161338936509993 0.2742782200827235 0.06045901000193972 0.052217028007635946
0 0.2865102954677704 0.23646913741245087 0.042729376063016036 0.06449885200509069
0 0.2660380409258426 0.3298918734086329 0.05927914727484342 0.05688634667409058
0 0.0397945342578828 0.2929169427116343 0.07024859818322886 0.03828179734245403
0 0.35261326971401524 0.33870434675363237 0.036606921820650486 0.06598862667090888
0 0.2447049169888585 0.3936452907383604 0.06973841515269079 0.032031797342454024
0 0.15510002517402696 0.4815805480585428 0.04872428454774678 0.0614465773392725
0 0.4059289436606976 0.5328906987587231 0.032046967578284936 0.06749658267027261
0 0.66640625 0.9515625 0.0140625 0.04375