0 0.42421875 0.48984375 0.0359375 0.0390625
0 0.464640157157657 0.4379270409301446 0.03277826674922295 0.034450243102595125
0 0.43713589537083275 0.38949618498267924 0.032705492142117265 0.032887743102595124
0 0.2694389731210918 0.39167175938379584 0.03434076674922295 0.034532130257724704
0 0.40141671919215033 0.38292528041469504 0.032705492142117265 0.032887743102595124
0 0.4197343796550671 0.3259316519659924 0.03434076674922295 0.034532130257724704
0 0.41202457940739806 0.4242053776557329 0.03277826674922295 0.034450243102595125
0 0.3309629780834905 0.31501408412359666 0.032705492142117265 0.032887743102595124
0 0.299965535155585 0.3415832281761313 0.03434076674922295 0.034532130257724704
0 0.3669047861890423 0.24954621438132135 0.03434076674922295 0.034532130257724704
0 0.3890579603008102 0.4464964574839165 0.03277826674922295 0.034450243102595125
0 0.21104858436979676 0.33379066033373556 0.03434076674922304 0.034532130257724704
0 0.96032514640429 0.07986223541222053 0.04415241439185813 0.04439845318850324
0 0.9859375 0.15625 0.028125 0.046875
0 0.9875 0.0984375 0.025 0.046875
0 0.9859375 0.23125 0.028125 0.046875
0 0.8676239160489972 0.1533196675698248 0.045787688998963995 0.04604284034363317
0 0.9226666728734226 0.2830757666198851 0.045787688998963995 0.04604284034363317
0 0.9483601856937043 0.23586657394683125 0.045787688998963995 0.04604284034363317
0 0.9765625 0.31484375 0.046875 0.0484375
0 0.8942206492997741 0.18760613636216023 0.04571491439185813 0.04448034034363317
0 0.8409501000855624 0.1879469730877487 0.04415241439185813 0.04439845318850324
0 0.9464251964470712 0.3782997354122205 0.045787688998963995 0.04604284034363317
0 0.8139851856937043 0.2288242786056726 0.044225188998963993 0.04596095318850324
0 0.7890194189444812 0.2604084712787264 0.04415241439185813 0.04439845318850324
0 0.8764081029810467 0.3010135391211223 0.04571491439185813 0.044480340343633
0 0.8558088126581751 0.238847731794176 0.045787688998963995 0.04604284034363317
0 0.8498798362318236 0.33251584463904627 0.047350188998963996 0.04612472749876275
0 0.9258730636916322 0.1469744923096256 0.04571491439185813 0.04448034034363317
0 0.7988396827982202 0.11682224558898593 0.04258991439185813 0.04431656603337366
0 0.8284201749403373 0.08704621438132136 0.04415241439185813 0.04439845318850324
0 0.7604663875129499 0.1336069538658718 0.04415241439185813 0.04439845318850324
0 0.8060956029810467 0.2973286171402834 0.0424443651776464 0.04119156603337348
0 0.7314980173729048 0.25112864653892564 0.04415241439185813 0.04439845318850324
0 0.8399997220876344 0.27561074739800817 0.04258991439185813 0.044316566033373486
0 0.7015625 0.0828125 0.04375 0.04375
0 0.69453125 0.3078125 0.0296875 0.046875
0 0.7232917191921503 0.15828604929788756 0.04258991439185813 0.04431656603337366
0 0.8979364623677248 0.0405673620519007 0.042517139784752266 0.04275406603337366
0 0.8594561592245716 0.026020183173656973 0.04415241439185813 0.04439845318850324
0 0.69140625 0.04453125 0.0234375 0.0453125
0 0.6875 0.25546875 0.015625 0.0421875
0 0.69140625 0.16640625 0.0234375 0.0421875
0 0.8225725893321953 0.04444927860567258 0.04415241439185813 0.04439845318850324
0 0.7566564909037721 0.047260018090223 0.0408818651776464 0.041109678878243724
0 0.7171875 0.0125 0.04375 0.025
0 0.76875 0.0140625 0.04375 0.028125
0 0.9763525607961483 0.03841171980838833 0.045787688998963995 0.046042840343633
0 0.06015625 0.94296875 0.1046875 0.1140625
0 0.1890625 0.9765625 0.109375 0.046875
0 0.3320545971900783 0.758907926276252 0.12115587014004525 0.1248096494796016
0 0.3703125 0.984375 0.14375 0.03125
0 0.37981150868645236 0.6079119923096254 0.13754284946188075 0.10852290818602892