0 0.425 0.8234375 0.0453125 0.071875
0 0.33125 0.44375 0.04375 0.0671875
0 0.4484375 0.634375 0.0703125 0.0484375
0 0.51875 0.353125 0.0578125 0.0640625
0 0.296875 0.5609375 0.05 0.0640625
0 0.4546875 0.490625 0.0515625 0.0640625
0 0.246875 0.60625 0.046875 0.0640625
0 0.3015625 0.5 0.065625 0.0484375
0 0.4578125 0.6765625 0.0640625 0.0515625
0 0.3734375 0.3953125 0.053125 0.0640625
0 0.24375 0.5140625 0.0578125 0.05625
0 0.4625 0.396875 0.0421875 0.06875
0 0.6015625 0.525 0.071875 0.046875
0 0.4453125 0.5484375 0.0453125 0.0671875
0 0.5765625 0.3640625 0.0609375 0.0671875
0 0.4109375 0.471875 0.0421875 0.06875
0 0.575 0.453125 0.059375 0.0609375
0 0.5578125 0.23125 0.065625 0.0640625
0 0.2015625 0.409375 0.0546875 0.0609375
0 0.3 0.6203125 0.0625 0.053125
0 0.5640625 0.6265625 0.0640625 0.05625
0 0.3171875 0.7 0.0390625 0.0703125
0 0.253125 0.45625 0.06875 0.0421875
0 0.453125 0.7359375 0.05 0.06875
0 0.50625 0.7078125 0.065625 0.0546875
0 0.384375 0.759375 0.0625 0.05625
0 0.365625 0.628125 0.0671875 0.04375
0 0.2140625 0.5484375 0.0640625 0.0515625
0 0.378125 0.5015625 0.0515625 0.0609375
0 0.6765625 0.4796875 0.05 0.071875
0 0.284375 0.6640625 0.05 0.0640625
0 0.54375 0.6703125 0.0546875 0.0671875
0 0.621875 0.259375 0.0484375 0.078125
0 0.55625 0.8453125 0.078125 0.0390625
0 0.5578125 0.7875 0.0703125 0.059375
0 0.4 0.271875 0.06875 0.046875
0 0.6765625 0.3578125 0.0484375 0.0734375
0 0.5234375 0.440625 0.0421875 0.071875
0 0.6265625 0.4734375 0.0453125 0.075
0 0.534375 0.5 0.071875 0.0421875
0 0.63125 0.653125 0.0734375 0.046875
0 0.5625 0.5609375 0.0578125 0.0625
0 0.3828125 0.6640625 0.0703125 0.0421875
0 0.3609375 0.5875 0.0703125 0.0296875
0 0.6015625 0.4 0.0578125 0.06875
0 0.6734375 0.8109375 0.0640625 0.0625
0 0.2 0.4875 0.05 0.059375
0 0.678125 0.546875 0.0703125 0.0515625
0 0.66875 0.4203125 0.0734375 0.04375
0 0.5984375 0.146875 0.075 0.05625
0 0.496875 0.571875 0.0609375 0.0609375
0 0.675 0.5921875 0.075 0.0328125
0 0.425 0.60625 0.0703125 0.040625
0 0.646875 0.103125 0.0453125 0.0828125
0 0.6484375 0.703125 0.0703125 0.0609375
0 0.2015625 0.1546875 0.0640625 0.0671875
0 0.6203125 0.590625 0.0421875 0.0734375