0 0.5953125 0.609375 0.05 0.0328125
0 0.4453125 0.5453125 0.0328125 0.05625
0 0.55625 0.6046875 0.03125 0.053125
0 0.4296875 0.503125 0.0421875 0.0484375
0 0.484375 0.5453125 0.046875 0.05
0 0.5390625 0.4625 0.0484375 0.040625
0 0.38125 0.490625 0.0578125 0.034375
0 0.534375 0.4953125 0.040625 0.0484375
0 0.496875 0.50625 0.0328125 0.053125
0 0.534375 0.5375 0.0421875 0.046875
0 0.6484375 0.4984375 0.034375 0.0484375
0 0.678125 0.5359375 0.0453125 0.046875
0 0.5109375 0.6203125 0.040625 0.05
0 0.465625 0.4796875 0.034375 0.053125
0 0.5015625 0.58125 0.053125 0.025
0 0.4015625 0.43125 0.0359375 0.053125
0 0.634375 0.5859375 0.05 0.028125
0 0.603125 0.496875 0.0515625 0.0328125
0 0.575 0.5203125 0.0515625 0.0328125
0 0.6359375 0.5484375 0.0375 0.0484375
0 0.6046875 0.334375 0.046875 0.04375
0 0.7140625 0.5171875 0.05 0.0328125
0 0.5921875 0.5609375 0.0515625 0.0375
0 0.496875 0.3953125 0.0390625 0.0515625
0 0.434375 0.590625 0.0515625 0.040625
0 0.4546875 0.4421875 0.04375 0.0453125
0 0.590625 0.4453125 0.0515625 0.0328125
0 0.4453125 0.409375 0.053125 0.0328125
0 0.5140625 0.8421875 0.0359375 0.0609375
0 0.5515625 0.40625 0.046875 0.0390625