0 0.02152250850412756 0.3058399012919909 0.03549096091032524 0.0349152205426357
0 0.07235142699079819 0.3572812877814705 0.03549096091032524 0.0349152205426357
0 0.14974361910519213 0.18193893121078056 0.03380091515269079 0.033252590992986344
0 0.05152900183616786 0.2735676218346267 0.03536341515269079 0.033352720542635696
0 0.1984375 0.4953125 0.0375 0.028125
0 0.19741532880756935 0.32799191085271484 0.03549096091032524 0.0349152205426357
0 0.14566138123316366 0.3604248766149887 0.03549096091032524 0.0349152205426357
0 0.6155276000193967 0.10207455119970579 0.03367336939505616 0.03169009099298634
0 0.7193854079050027 0.2890319355297171 0.03223841515269079 0.033152461443336986
0 0.7398574045710229 0.27324624922480767 0.03211086939505616 0.03158996144333699
0 0.48953918486670595 0.06291431677740941 0.035235869395056164 0.031790220542635694
0 0.7554185027542518 0.3115472856220022 0.03223841515269079 0.033152461443336986
0 0.7344051457770312 0.11124689697305427 0.03367336939505616 0.03169009099298634
0 0.7502849794163925 0.1915351742709502 0.03211086939505616 0.03158996144333699
0 0.7495516557789708 0.16351030382059956 0.033545823637421535 0.03012759099298634
0 0.813072279715955 0.10385350400516966 0.03367336939505616 0.03169009099298634
0 0.5826182157906088 0.4605693692137329 0.03549096091032524 0.0349152205426357
0 0.7117643554794084 0.25279404688076923 0.03211086939505616 0.03158996144333699
0 0.7523257115385451 0.2165351742709502 0.030548369395056164 0.031489831893687634
0 0.6077148421434889 0.17773588525286196 0.035235869395056164 0.031790220542635694
0 0.7488175585138259 0.36397137877445684 0.03223841515269079 0.033152461443336986
0 0.7754761691148905 0.2335619879660406 0.03367336939505616 0.03169009099298634
0 0.6563757406262802 0.1264527899409389 0.03367336939505616 0.03169009099298634
0 0.7837666433611352 0.3351244879660406 0.03223841515269079 0.033152461443336986
0 0.5473192182065049 0.23759294416759041 0.03536341515269079 0.033352720542635696
0 0.8490414727484328 0.163668594998156 0.03367336939505616 0.03169009099298634
0 0.8292386400271553 0.32094087445552033 0.03549096091032524 0.0349152205426357
0 0.5282504827503723 0.19440414867109723 0.03536341515269079 0.033352720542635696
0 0.5984034860843522 0.21599734885566732 0.03380091515269079 0.033252590992986344
0 0.8269747672981194 0.27416600400516966 0.03380091515269079 0.033252590992986344
0 0.6903673297256533 0.35245408543743206 0.031600686364518 0.02533996144333699
0 0.7981806033533765 0.13087707895902714 0.03198332363742153 0.03002746144333699
0 0.809375 0.5 0.034375 0.01875
0 0.08515625 0.9890625 0.0609375 0.021875
0 0.009375 0.76640625 0.01875 0.0609375
0 0.72734375 0.5265625 0.0734375 0.034375
0 0.96796875 0.6828125 0.0640625 0.06875
0 0.903125 0.52890625 0.071875 0.0390625
0 0.9150810609297219 0.6518509130121831 0.07254442182065049 0.06993057063492074
0 0.6163884694144528 0.6296011690291629 0.07267196757828502 0.07149307063492075
0 0.59765625 0.53125 0.0734375 0.04375
0 0.7524215642637018 0.6585248102990044 0.07423446757828493 0.07159320018457009
0 0.98125 0.89140625 0.0375 0.0765625
0 0.7984375 0.54375 0.071875 0.06875