0 0.4640625 0.5921875 0.046875 0.0609375
0 0.4140625 0.5890625 0.053125 0.05625
0 0.4109375 0.475 0.0640625 0.034375
0 0.5 0.4578125 0.0578125 0.0515625
0 0.3703125 0.6265625 0.046875 0.0625
0 0.359375 0.5015625 0.065625 0.0359375
0 0.54375 0.56875 0.0640625 0.0390625
0 0.4375 0.515625 0.0640625 0.0390625
0 0.45 0.5453125 0.065625 0.040625
0 0.3671875 0.546875 0.046875 0.059375
0 0.4984375 0.55625 0.025 0.065625
0 0.390625 0.4265625 0.046875 0.0640625
0 0.5875 0.4578125 0.03125 0.0671875
0 0.3359375 0.5515625 0.040625 0.0640625
0 0.2921875 0.446875 0.0453125 0.0625
0 0.6640625 0.2921875 0.0671875 0.0359375
0 0.453125 0.4265625 0.0359375 0.0640625
0 0.340625 0.440625 0.04375 0.0625
0 0.365625 0.3921875 0.0578125 0.05
0 0.4203125 0.428125 0.04375 0.0625
0 0.29375 0.58125 0.0640625 0.0296875
0 0.56875 0.534375 0.0671875 0.0328125
0 0.36875 0.7265625 0.0515625 0.0625
0 0.5875 0.290625 0.0359375 0.065625