0 0.09738706418354423 0.2640957402879244 0.03229784684397004 0.06648586939505616
0 0.24765625 0.20703125 0.0421875 0.0578125
0 0.08532741597043017 0.1778711978642698 0.062338173916276586 0.03934928454774696
0 0.19299404144613125 0.36374531179931413 0.039983012851581276 0.06399859818322895
0 0.1875027282139891 0.2691980863451214 0.044543178859192525 0.06125623545613248
0 0.259375 0.246875 0.01875 0.046875
0 0.08749209384103951 0.1247461978642698 0.059595175893442945 0.048469193032477875
0 0.15059958889812358 0.14295432180125384 0.06240184091247088 0.04091178454774695
0 0.06853255232054618 0.3225140181677116 0.06240184091247105 0.04091178454774678
0 0.1277934416735927 0.05293509968104093 0.03373301285158128 0.0634884151526907
0 0.24921875 0.13515625 0.0390625 0.0390625
0 0.1442037143738247 0.3381392760436193 0.060775673916276675 0.03922173879011233
0 0.2108075770351255 0.1941024914958724 0.05934050790866543 0.042219193032477786
0 0.6146488655526883 0.22254596907609708 0.043906508897248564 0.04563123545613248
0 0.6703656718647482 0.34569668452835023 0.04559634288963732 0.04888378121376693
0 0.8445618586326059 0.23648169694618587 0.04553267589344294 0.04732128121376693
0 0.679180892244434 0.09113673028598476 0.043906508897248564 0.04563123545613248
0 0.6101815414461311 0.17930615210663525 0.043906508897248564 0.04563123545613248
0 0.7477743833471855 0.12758467119243067 0.043906508897248564 0.04563123545613248
0 0.5336428991645162 0.07031353150363114 0.04221667490485981 0.042378689698497854
0 0.5699385434232976 0.1732473418051331 0.043906508897248564 0.045631235456132305
0 0.5581680552862957 0.11814525362384395 0.043970175893442945 0.04719373545613248
0 0.7477903349066098 0.3565068966466235 0.0455963428896375 0.04888378121376711
0 0.585481335895193 0.3650841554406151 0.04559634288963732 0.04888378121376711
0 0.6581733724727705 0.18628973361996462 0.043970175893442945 0.04719373545613248
0 0.5629298566554397 0.2688149333204022 0.043970175893442945 0.0471937354561323
0 0.740389011788636 0.3088346711924307 0.04403384288963732 0.04875623545613248
0 0.8023505009142211 0.3551677951294147 0.04559634288963732 0.04888378121376693
0 0.709284886312935 0.11671081513329398 0.04553267589344294 0.04732128121376711
0 0.6427632311797387 0.06763532846921363 0.043906508897248564 0.04563123545613248
0 0.5958405157429687 0.3019464266524425 0.04559634288963732 0.04888378121376711
0 0.7862293882901012 0.1010860730092018 0.043906508897248564 0.04563123545613248
0 0.8162697153624079 0.1282226578565111 0.043906508897248564 0.04563123545613248
0 0.6780746955907444 0.23294159301308115 0.043906508897248564 0.04563123545613248
0 0.5421663704956041 0.2051031196849203 0.04071784190105419 0.0438136439408634
0 0.5740238655526883 0.22586215877459495 0.04234400889724856 0.04550368969849785
0 0.6577091629674996 0.388777004831792 0.04559634288963732 0.04888378121376711
0 0.9796875 0.18984375 0.040625 0.0484375
0 0.7306373269979445 0.39528235422296876 0.04559634288963732 0.04888378121376711
0 0.6502096807619967 0.3052948251352337 0.04403384288963732 0.04875623545613248
0 0.5227505256288005 0.26119362301890015 0.043970175893442945 0.04719373545613248
0 0.6125 0.0078125 0.04375 0.015625
0 0.7046875 0.01796875 0.04375 0.0359375
0 0.9531622203053237 0.09368867694230651 0.04703150889724857 0.04588632697140156
0 0.7802500078343033 0.3242684814939327 0.04553267589344294 0.04732128121376711
0 0.7259391926249948 0.2430501745264106 0.043906508897248564 0.045631235456132305
0 0.84255900684572 0.3238541511885513 0.04553267589344294 0.04732128121376693
0 0.8395905157429688 0.28204928846145494 0.04553267589344294 0.04732128121376693
0 0.8007481916364118 0.24161547815995288 0.043906508897248564 0.04563123545613248
0 0.88046875 0.0171875 0.0453125 0.034375
0 0.7588975671492937 0.045696942404257965 0.04228034190105419 0.04394118969849785
0 0.48868322623682275 0.10357231271739806 0.04553267589344294 0.04732128121376693
0 0.978125 0.1390625 0.04375 0.05
0 0.7859375 0.00625 0.04375 0.0125
0 0.8488567222824901 0.0928592427038204 0.045469008897248565 0.04575878121376693
0 0.9038333823586022 0.11951759542897715 0.04703150889724857 0.04588632697140156
0 0.889800057263462 0.08173055300532246 0.04384284190105418 0.04406873545613248
0 0.61171875 0.41796875 0.0453125 0.0234375
0 0.6983527034994097 0.19391104392146677 0.043970175893442945 0.0471937354561323
0 0.8521382311797385 0.05054419694618586 0.045469008897248565 0.04575878121376693
0 0.8130518734613537 0.16897520361414564 0.04384284190105418 0.04406873545613248
0 0.7974030157429687 0.28549302391758735 0.04553267589344294 0.04732128121376711
0 0.8012124011416827 0.03912820694812549 0.043906508897248564 0.04563123545613248
0 0.5152961698875818 0.3676987145341692 0.0456600098858317 0.05044628121376693
0 0.83671875 0.01875 0.0453125 0.0375
0 0.6222889050960152 0.0350459690760971 0.04377917490485981 0.04250623545613248
0 0.8424024979484717 0.3659141054309168 0.04553267589344294 0.04732128121376693
0 0.484375 0.009375 0.046875 0.01875
0 0.22826037939285274 0.9330377036141456 0.019514003954332716 0.020280549091614475
0 0.26640625 0.98671875 0.0046875 0.0203125
0 0.26171875 0.92734375 0.0140625 0.0203125
0 0.31089510174970486 0.4708873584750326 0.03902800790866543 0.04056109818322886
0 0.546073914981847 0.5466853575569487 0.037338173916276675 0.03730855242559432
0 0.6072422252482396 0.6507034357362983 0.035775673916276673 0.03718100666795969
0 0.6520162143738247 0.6984395630072621 0.03571200692008212 0.035618506667959696
0 0.49510036950702097 0.7657540930130811 0.035775673916276673 0.03718100666795969
0 0.6501300622063779 0.6300722002801658 0.035775673916276673 0.03718100666795969
0 0.5987745147543855 0.8585159357362983 0.035775673916276673 0.03718100666795969
0 0.6597942222824902 0.6604293799767239 0.03571200692008212 0.035618506667959696
0 0.6279075523205462 0.6786052951294147 0.035775673916276673 0.03718100666795969
0 0.4859375 0.4484375 0.0375 0.0375
0 0.5509179238790956 0.5042427660416797 0.03740184091247105 0.03887105242559432
0 0.4402005997725385 0.4696760605913662 0.03740184091247105 0.03887105242559432
0 0.45605641003893116 0.5773929657421173 0.03896434091247105 0.03899859818322886
0 0.5877229041074321 0.5946765763431816 0.03896434091247105 0.03899859818322895
0 0.74921875 0.446875 0.0421875 0.034375
0 0.572440096806789 0.4728971711924307 0.03740184091247105 0.03887105242559432
0 0.3542630997725385 0.4766910772612656 0.03902800790866543 0.04056109818322877
0 0.45044839718734986 0.6385855572573862 0.037338173916276675 0.03730855242559432
0 0.6 0.990625 0.034375 0.01875