0 0.598136107904444 0.2858871955907444 0.09040810087368065 0.06144151878308026
0 0.5569305328663191 0.2454187044879929 0.09298758700597212 0.038131352775469016
0 0.42109375 0.34765625 0.0859375 0.0234375
0 0.5156535290665969 0.1409513803814359 0.08848192496187508 0.04575285178688597
0 0.6453760902370135 0.20122835270110695 0.0519274823325695 0.08484984387822045
0 0.3264065782691662 0.29071525292856853 0.051891114741388925 0.08328734387822045
0 0.61484375 0.33671875 0.0671875 0.0453125
0 0.49875566337527744 0.19627555034337982 0.08713763050895836 0.05506418479069151
0 0.5078125 0.35078125 0.078125 0.0171875
0 0.40108188279006907 0.16747407110362644 0.08855466014423623 0.04887785178688588
0 0.7143456022048608 0.12192817186474816 0.06893314437666671 0.07773768083635879
0 0.3076981715434025 0.021421424867678774 0.08840918977951392 0.042627851786885884
0 0.7266598449866661 0.3306028349066098 0.08681032218833344 0.04100168479069168
0 0.4576955587018746 0.1495570592406284 0.04237064437666671 0.07665534190105419
0 0.36870318104270794 0.2843087440313199 0.050292247150208524 0.08166117688202608
0 0.50546875 0.328125 0.0765625 0.0625
0 0.44432143009277736 0.2546902282139891 0.08255923328249999 0.05956068380210837
0 0.6792432503812497 0.15457884578102474 0.03953658510611113 0.08902800790866543
0 0.4370895051309024 0.29713239619876664 0.08989895459715277 0.03956651878308044
0 0.3980646791428469 0.2300377380998208 0.08521145459715278 0.03937551779449713
0 0.5305849319926385 0.3042498764271032 0.04872974715020835 0.0815975098858317
0 0.2877804893633329 0.2735569278334283 0.06740701196784729 0.07923651384016442
0 0.4019170309664579 0.19866040410743208 0.08517508700597212 0.037813017794497125
0 0.56796875 0.32578125 0.0484375 0.0671875
0 0.7111829281929163 0.19074183886094254 0.03797408510611113 0.08896434091247105
0 0.8337099319926384 0.059162869507020946 0.04473192496187508 0.043970175893442945
0 0.8687395486338885 0.029637195590744358 0.04473192496187508 0.043970175893442945
0 0.93046875 0.01953125 0.0453125 0.0390625
0 0.4117582775479855 0.7883993833471854 0.03201371941479181 0.03408583992388792
0 0.28567508833715244 0.4376247450199031 0.03353985182361115 0.03258700692008221
0 0.32044751899861074 0.5532842371112376 0.03194098423243048 0.030960839923887918
0 0.11383384308680511 0.5773132806088974 0.03353985182361115 0.032587006920082116
0 0.40878136075423555 0.6480290513319631 0.031977351823611146 0.032523339923887916
0 0.2915263512549302 0.3874337440313199 0.031977351823611146 0.032523339923887826
0 0.43124085505465237 0.4878900473776303 0.030378484232430482 0.03089717292769336
0 0.39708536702249975 0.41279188829010127 0.03194098423243048 0.030960839923887828
0 0.45111694396048574 0.5058123764271032 0.031904616641249994 0.029398339923887917
0 0.45809429578409677 0.47430770844232556 0.030378484232430482 0.03089717292769336
0 0.36328125 0.37109375 0.0296875 0.0234375
0 0.44933754483416627 0.448127210419492 0.030342116641249993 0.029334672927693362
0 0.41470797169590246 0.46046538433576867 0.030342116641249993 0.029334672927693362