0 0.50078125 0.30859375 0.0328125 0.0203125
0 0.44875778271157907 0.29920741998046435 0.030420823637421535 0.030585618661666557
0 0.4774885605913662 0.270321002355557 0.03211086939505616 0.03228481969842587
0 0.328540877560828 0.28955760084768634 0.030420823637421535 0.030585618661666647
0 0.4862577827115791 0.2959265950982422 0.03211086939505616 0.03228481969842587
0 0.43711865210663525 0.27075022931129766 0.030420823637421535 0.030585618661666557
0 0.3787959690760971 0.28205816767139014 0.030548369395056164 0.03214811866166656
0 0.41484375 0.31171875 0.0328125 0.0140625
0 0.3875 0.309375 0.03125 0.01875
0 0.40586865210663525 0.2734842500464828 0.030420823637421535 0.030585618661666647
0 0.36171875 0.3046875 0.0328125 0.028125
0 0.41801796574211725 0.29569144071564946 0.03198332363742153 0.03072231969842587
0 0.20303121028210533 0.7523118790757419 0.08405600666795969 0.04148345391148141
0 0.05449811543285641 0.7854742765311121 0.08207891848667045 0.05527255183796278
0 0.11980386422490845 0.6696155392077788 0.07372428454774678 0.06695234561740726
0 0.1697724290683384 0.7986591987741678 0.07895391848667047 0.05499914976444433
0 0.226181409982543 0.6587573687081494 0.0454397878817268 0.0815425259189814
0 0.11454279512941472 0.791080436097501 0.0376272878817268 0.08085902073518518
0 0.02109375 0.84140625 0.0421875 0.0703125
0 0.04180666785845073 0.7509037868987047 0.08038887272903601 0.053573350801203644
0 0.3255748584750326 0.44838721375990875 0.08300368969849785 0.04759675287472209
0 0.07165392240037863 0.8413729620164825 0.06524210485118864 0.07706963939685174
0 0.00703125 0.646875 0.0140625 0.078125
0 0.06505246240813731 0.6371734775678713 0.049999742124092174 0.08039012902925916
0 0.02421875 0.7015625 0.0484375 0.046875
0 0.02578125 0.64453125 0.0515625 0.0765625
0 0.23507740423266715 0.4547533738919457 0.049999742124092174 0.08039012902925916
0 0.6479922502898641 0.5772722143255566 0.0422511439408634 0.04248002591898139
0 0.7083237145341692 0.5223509770022234 0.0422511439408634 0.04248002591898139
0 0.619835815133294 0.7131509257299085 0.04550368969849785 0.04431592799249984
0 0.6423160772612656 0.5327799205461122 0.0422511439408634 0.04248002591898139
0 0.6919336978642698 0.609108683222779 0.0438136439408634 0.0426167269557407
0 0.6093762893795389 0.6132288381710196 0.0438136439408634 0.0426167269557407
0 0.5359375 0.53203125 0.034375 0.0421875
0 0.53203125 0.58203125 0.0265625 0.0421875
0 0.5375 0.6203125 0.0375 0.04375
0 0.5928262602918037 0.5309043537224084 0.04056109818322895 0.04078082488222208
0 0.5662320672593258 0.5906306682370379 0.042378689698497854 0.04404252591898139
0 0.6150202536238439 0.5630921371342603 0.0422511439408634 0.04248002591898139
0 0.5599181654425548 0.5539508744575936 0.04212359818322895 0.04091752591898139
0 0.5474189390702782 0.7830915703105565 0.04563123545613248 0.04587842799249984
0 0.6782855281696512 0.5482490956638901 0.0422511439408634 0.04248002591898139