0 0.49921875 0.18828125 0.0796875 0.0640625
0 0.34375 0.04609375 0.071875 0.0921875
0 0.525 0.13203125 0.028125 0.0671875
0 0.51015625 0.05078125 0.0578125 0.0859375
0 0.3671227251753395 0.37676084120750897 0.10098031153562204 0.06744544954451293
0 0.4380150185123643 0.3166021020072822 0.06880816162790726 0.10062004809323426
0 0.3483703300479865 0.2558134241471336 0.07027053207825791 0.09911211179556503
0 0.27890625 0.046875 0.0703125 0.09375
0 0.2674998642857127 0.20407236407299978 0.10088018198597286 0.0658829495445131
0 0.27679332356958153 0.1320336729660072 0.09543121838316733 0.07816469473518968
0 0.15107382788851814 0.22061007804548308 0.07047079117755653 0.10223711179556502
0 0.19341961906607472 0.11935511289187346 0.0765205320782579 0.09933036660488845
0 0.35860452807308824 0.1447667967424719 0.08060725478036197 0.09011905771188111
0 0.41998451419342764 0.23304555754224507 0.06840764342931002 0.09437004809323427
0 0.44496113510520363 0.062241984221267366 0.09599242288667434 0.06259425843752045
0 0.9774150848283485 0.08449395173712979 0.04176599784053163 0.043551592558271325
0 0.42423192320044123 0.6783233412075089 0.07465764342931003 0.09458830290255768
0 0.5171875 0.66171875 0.04375 0.0796875
0 0.3315227914913236 0.6410267270496912 0.07445738433001133 0.09146330290255769
0 0.21008788248431004 0.6140872595338289 0.0967934592838688 0.07509425843752063
0 0.7234260965485408 0.6140525431990927 0.053104016039128954 0.05018353847458741
0 0.7609890484311539 0.7577281321291671 0.053204145588778215 0.051746038474587405
0 0.7775176095053508 0.8647221765942043 0.053204145588778305 0.051746038474587405
0 0.79921875 0.55078125 0.0515625 0.0421875