0 0.16850213027511646 0.14174455680201364 0.035298882573423465 0.03357621941479181
0 0.44551491616788785 0.10878136075423557 0.03674298340326043 0.0320500870059723
0 0.33671875 0.00390625 0.0359375 0.0078125
0 0.009375 0.0328125 0.01875 0.034375
0 0.42479690662011826 0.27927569871013835 0.03866068091374952 0.03677395459715278
0 0.14409597135669117 0.031570776216805284 0.03518048340326043 0.03201371941479163
0 0.36502377799538693 0.038906578269166214 0.03686138257342364 0.03361258700597229
0 0.07847097135669116 0.033098215046388726 0.03518048340326043 0.03201371941479181
0 0.5182634867040308 0.23966637842166608 0.038542281743586496 0.03521145459715278
0 0.318925414918488 0.2973373273192356 0.03877908008391255 0.03833645459715278
0 0.04977728629375673 0.061841464096458146 0.03529888257342351 0.03357621941479163
0 0.72890625 0.29453125 0.0390625 0.0390625
0 0.15219373650353818 0.5870583632227776 0.02365098755244537 0.023946646276527872
0 0.309462707459244 0.528806839287083 0.023532588382282428 0.022384146276527784
0 0.12719373650353819 0.5876402446816664 0.023532588382282338 0.02238414627652787
0 0.28098250994875495 0.534148955928333 0.021970088382282336 0.022347778685347208
0 0.11275272820516839 0.572378920593472 0.023532588382282338 0.02238414627652787
0 0.25707141326810284 0.5409444697960414 0.021970088382282336 0.022347778685347208
0 0.11715496305832138 0.6377857150463887 0.02365098755244528 0.023946646276527872
0 0.23387071160842887 0.5383649836637497 0.023532588382282338 0.022384146276527784
0 0.1654507531002777 0.617944687310972 0.02365098755244537 0.023946646276527872
0 0.13723250994875494 0.5374947743169443 0.023532588382282338 0.02238414627652787
0 0.1480282999907112 0.5185265687698608 0.021970088382282336 0.022347778685347208
0 0.11765371575761377 0.5488686854111109 0.023532588382282338 0.02238414627652787
0 0.15683461492777678 0.5463969956315969 0.023532588382282338 0.022384146276527784
0 0.3666832116084288 0.5352737384134023 0.023532588382282428 0.022384146276527784
0 0.10669290496973308 0.5288471261405554 0.023532588382282338 0.022384146276527784
0 0.09663082073663562 0.5587164640964581 0.023532588382282338 0.02238414627652787
0 0.1441677489510928 0.6106413335874997 0.02365098755244537 0.023946646276527872
0 0.12639009833103726 0.5159107150463887 0.023532588382282338 0.022384146276527784
0 0.21594950579957004 0.5278638947579164 0.021970088382282336 0.022347778685347208
0 0.16763040496973308 0.5274287900845136 0.021970088382282336 0.022347778685347208
0 0.09947055558978861 0.6241596261405553 0.02365098755244537 0.023946646276527872
0 0.09606213567370121 0.5868050965052776 0.02365098755244537 0.023946646276527872
0 0.12073024895109281 0.611186847455208 0.023532588382282338 0.02238414627652787
0 0.19395610662940702 0.5299355410344442 0.023532588382282248 0.022384146276527784
0 0.17847281658745073 0.5490128493550692 0.023532588382282338 0.02238414627652787
0 0.10889217716555 0.664493685411111 0.025213487552445367 0.023983013867708357
0 0.2945947240559835 0.5603477800165274 0.023532588382282248 0.02238414627652787
0 0.1459204257156575 0.5669277011786804 0.02365098755244537 0.023946646276527872
0 0.746875 0.984375 0.0375 0.03125
0 0.7357362518508779 0.9559148531547914 0.035298882573423465 0.03357621941479181