0 0.36875 0.6265625 0.065625 0.1
0 0.359375 0.3484375 0.0734375 0.0984375
0 0.2796875 0.3515625 0.084375 0.0921875
0 0.3234375 0.778125 0.103125 0.0671875
0 0.0890625 0.609375 0.0671875 0.1
0 0.2046875 0.5203125 0.096875 0.08125
0 0.290625 0.6515625 0.065625 0.1
0 0.2 0.43125 0.0671875 0.1
0 0.2921875 0.53125 0.0765625 0.0953125
0 0.4640625 0.578125 0.0984375 0.0640625
0 0.575 0.6125 0.090625 0.0890625
0 0.5359375 0.3796875 0.0640625 0.1015625
0 0.6078125 0.73125 0.103125 0.075
0 0.2015625 0.5953125 0.1015625 0.0671875
0 0.3796875 0.4453125 0.1 0.0640625
0 0.11875 0.5109375 0.0734375 0.0984375
0 0.26875 0.4296875 0.071875 0.096875
0 0.4734375 0.428125 0.0890625 0.0859375
0 0.58125 0.790625 0.1015625 0.0796875
0 0.515625 0.515625 0.0953125 0.071875
0 0.3984375 0.7171875 0.0640625 0.1046875