0 0.2453125 0.4890625 0.103125 0.08125
0 0.03046875 0.4875 0.0609375 0.084375
0 0.84453125 0.5046875 0.1203125 0.05
0 0.67734375 0.5078125 0.1234375 0.04375
0 0.6737817363517102 0.40252971144059463 0.12228379465362345 0.09159227767481415
0 0.8347192363517102 0.3969096501005165 0.11576077886860787 0.0866865228654909
0 0.6591298892225426 0.1509672114405946 0.11585178413027979 0.08824902286549072
0 0.6665013154179623 0.27752971144059463 0.12210178413027979 0.08846727767481415
0 0.8275298206796341 0.27347215010051645 0.11410727360693614 0.08506945916315986
0 0.820340405007558 0.15003465010051648 0.11263577886860787 0.08657739546082902
0 0.3970372258283665 0.7072866441100667 0.023058068401734032 0.02107639183263199
0 0.4544857047816791 0.699017787123825 0.023058068401734032 0.021076391832631814
0 0.4886324626035997 0.7745435767795387 0.021495568401734035 0.021021828130301047
0 0.2600076626883043 0.6932836862128512 0.02314907366340595 0.022638891832631992
0 0.5201400678370367 0.8047568664352525 0.021495568401734035 0.021021828130301047
0 0.46452710466873964 0.8176586597191633 0.023058068401734032 0.021076391832631814
0 0.50213352048199 0.7912945671608919 0.021495568401734035 0.021021828130301047
0 0.463192846846819 0.7409870323145016 0.021495568401734035 0.021021828130301047
0 0.4036358363234753 0.7399354530030741 0.023058068401734032 0.02107639183263199
0 0.4692300152203182 0.7908779049098399 0.021495568401734035 0.021021828130301047
0 0.778125 0.54375 0.046875 0.028125
0 0.7146041574266324 0.5588491441100667 0.04951415258848364 0.046949411069925694
0 0.9640625 0.54453125 0.05 0.0296875
0 0.925435241613382 0.576537607997732 0.04960515785015538 0.048511911069925695
0 0.8046677153050228 0.5729265130772079 0.04951415258848364 0.046949411069925694
0 0.6934417889684287 0.5987300996450295 0.04804265785015538 0.04845734736759475
0 0.6133902679217413 0.5952628484639032 0.04951415258848364 0.046949411069925694
0 0.8951708889401939 0.6214334457466799 0.04951415258848364 0.046949411069925694
0 0.8210809415569124 0.6396775034585611 0.04960515785015538 0.048511911069925695
0 0.887782594145396 0.6827528916629959 0.04960515785015538 0.048511911069925695
0 0.9859375 0.58671875 0.028125 0.0484375
0 0.6496763784168501 0.6268749470126244 0.04951415258848364 0.046949411069925694
0 0.7620853731551783 0.6213838604448026 0.04795165258848364 0.04689484736759475
0 0.984375 0.634375 0.03125 0.046875
0 0.8954578572289883 0.7607687642583343 0.05125866311182729 0.05012897477225646