0 0.27981672008582714 0.4453104369927379 0.03332595222957302 0.03223841515269079
0 0.24183611884498993 0.39094193032477803 0.03176345222957302 0.03211086939505616
0 0.14437125696049086 0.330164184866706 0.03332595222957302 0.03223841515269079
0 0.22965319309852053 0.32780420153660544 0.03176345222957302 0.03211086939505616
0 0.2517681297407532 0.46632456759768176 0.03332595222957302 0.03223841515269079
0 0.32829777875201743 0.4943217639641393 0.03343521287323483 0.03380091515269079
0 0.30053341167173836 0.4749659860843522 0.03332595222957302 0.03223841515269079
0 0.15546157627034293 0.37767691365487865 0.03332595222957302 0.03223841515269079
0 0.24668714583229656 0.504749338809509 0.03343521287323466 0.03380091515269079
0 0.8188578047309181 0.4512414436606976 0.04521394703379293 0.06894118969849786
0 0.8102697725478312 0.37286135214542854 0.06051116510280767 0.06552914727484342
0 0.6707045279957129 0.3987546882006859 0.05426116510280767 0.06501896424430527
0 0.6054944272590786 0.4882000833494972 0.0657778193098519 0.0519768303053814
0 0.5541068898802118 0.4420586648628266 0.07159077673520517 0.04623701333591956
0 0.7583137886393746 0.4074597506282198 0.04510468639013112 0.06737868969849785
0 0.60390625 0.53203125 0.0484375 0.0359375
0 0.6924160010084062 0.28711555759574203 0.07035605866619044 0.05079696757828502
0 0.8695797985267317 0.19904095699661717 0.0736995799535137 0.05417705909355401
0 0.9179180176041527 0.4903992806340388 0.04677644703379293 0.06906873545613249
0 0.9506869589379624 0.4480203330596332 0.0763875373788668 0.048182150608823096
0 0.8304944272590786 0.5065666724488704 0.06991901609154354 0.044546967578284934
0 0.9619957995351378 0.4986580618478058 0.05302644703379293 0.06957891848667064
0 0.86171875 0.54140625 0.0578125 0.0171875
0 0.9124885643661734 0.16836478396801874 0.050338489608439826 0.07557382697140155
0 0.499594352501345 0.39566215486088696 0.057276904459145864 0.06371155575957417
0 0.8883290705703597 0.42273354851188627 0.05883940445914604 0.0638391015172088
0 0.51875 0.525 0.065625 0.05
0 0.5487745336956961 0.49910589031701946 0.06007412252816078 0.05927914727484325
0 0.96640625 0.54140625 0.0671875 0.0171875
0 0.7131212569604909 0.47212828638391463 0.04343292574646931 0.0656886439408634
0 0.6315763260182414 0.43906095274455337 0.04343292574646931 0.0656886439408634
0 0.8015625 0.54375 0.0625 0.0125
0 0.8624878364098016 0.38644536214736824 0.06207366510280767 0.06565669303247787
0 0.8372150487788332 0.2694173588133883 0.0663241225281606 0.0597893303053814
0 0.7581823846844318 0.49444956759768166 0.05258940445914586 0.06332891848667063
0 0.4856746920901143 0.15216724637615603 0.06676116510280768 0.06603933030538141
0 0.75 0.53046875 0.046875 0.0390625
0 0.6838379485464021 0.497702371231224 0.050808383171822416 0.06007637272903601
0 0.8697318898802118 0.4678229079050028 0.06007412252816078 0.05927914727484325
0 0.5017138633971083 0.4704070633456179 0.0543704257464694 0.06658146424430508
0 0.9545660757661398 0.3924080618478058 0.05458894703379293 0.06970646424430509
0 0.8921875 0.5296875 0.06875 0.040625
0 0.8985567403647444 0.3023890976035007 0.05179172896477802 0.0741388727290361
0 0.3063685124083726 0.7995508821512475 0.048371798022528625 0.047448826971401556
0 0.2890281930985205 0.7515279703325367 0.046809298022528624 0.04732128121376693
0 0.24785688988021182 0.7403992806340389 0.04670003737886681 0.04575878121376711
0 0.26818009755766636 0.8088622382103843 0.046809298022528624 0.04732128121376693
0 0.2390060497872394 0.8359988230576935 0.048371798022528625 0.047448826971401556
0 0.328125 0.76640625 0.04375 0.0484375
0 0.2349634059717552 0.7781863230576935 0.046809298022528624 0.04732128121376711
0 0.28673299162525206 0.9408775127561914 0.048371798022528625 0.047448826971401556
0 0.2864273530055481 0.8476376957867295 0.048371798022528625 0.047448826971401556
0 0.19469903889147613 0.7578101791168301 0.04513753737886681 0.04563123545613248
0 0.24893806068300267 0.911381460330597 0.048371798022528625 0.047448826971401556
0 0.3140625 0.98515625 0.05 0.0296875
0 0.2009376032576496 0.9136775418439264 0.046809298022528624 0.04732128121376693
0 0.1682565072125925 0.8240092639641393 0.04670003737886681 0.04575878121376693
0 0.3212065445914593 0.8784411566970547 0.048371798022528625 0.047448826971401556
0 0.2390625 0.984375 0.046875 0.03125
0 0.11109957107456285 0.8286650709316616 0.046809298022528624 0.04732128121376711
0 0.18088718321116345 0.9602018554794085 0.046809298022528624 0.04732128121376693
0 0.1415190445914593 0.8637733945690833 0.04670003737886681 0.04575878121376693
0 0.08861256587878277 0.862561838809509 0.04513753737886681 0.045631235456132305
0 0.13699507157876595 0.976815528508007 0.04670003737886681 0.04575878121376711
0 0.10929640647595829 0.9139648421434888 0.046809298022528624 0.04732128121376693
0 0.06656260325764958 0.9027086066873565 0.04513753737886681 0.04563123545613248
0 0.04541957677454604 0.9336079203228383 0.04357503737886681 0.04550368969849785
0 0.09785616192383992 0.950316930324778 0.04357503737886681 0.04550368969849785
0 0.20581150151260932 0.7167705909355409 0.046809298022528624 0.04732128121376711
0 0.03849259755766639 0.7901130118381074 0.04357503737886681 0.04550368969849785
0 0.06443238468443173 0.7611588354755291 0.04513753737886681 0.04563123545613248
0 0.05366984730556492 0.7183336066873565 0.04513753737886681 0.04563123545613248
0 0.1140625 0.99140625 0.046875 0.0171875
0 0.08818695893796233 0.7009546591129507 0.04513753737886681 0.04563123545613248
0 0.01171875 0.80546875 0.0234375 0.0453125
0 0.06668257157876596 0.9710759694144528 0.04179401609154336 0.0422511439408634
0 0.0046875 0.921875 0.009375 0.046875
0 0.1281235440872562 0.7166433030538142 0.04335651609154336 0.042378689698497854
0 0.0046875 0.71796875 0.009375 0.0421875
0 0.11197438418022862 0.6190030285080069 0.04524679802252862 0.04719373545613248
0 0.06989614482389044 0.6171217930518745 0.043465776735205 0.04394118969849794
0 0.1578125 0.56640625 0.046875 0.0328125
0 0.2099312829393914 0.5757310027542517 0.04859031930985207 0.05057382697140156
0 0.009375 0.67734375 0.01875 0.0453125
0 0.06648692155909544 0.6572366100213364 0.04524679802252862 0.04719373545613248
0 0.026331815122478196 0.638422966080473 0.04513753737886681 0.04563123545613248
0 0.103125 0.56953125 0.046875 0.0390625
0 0.01015625 0.59765625 0.0203125 0.0484375
0 0.7903507564562878 0.7082891848667059 0.03165419158591121 0.030548369395056164
0 0.8761789958126261 0.7137417015366054 0.030091691585911205 0.030420823637421622
0 0.9195683628929052 0.7343729369927379 0.03165419158591121 0.030548369395056164
0 0.9051016713069939 0.7052275709316616 0.030091691585911205 0.030420823637421622
0 0.9429623042267149 0.691228714872525 0.030091691585911205 0.030420823637421622