0 0.221875 0.37265625 0.05 0.0140625
0 0.06564119370616517 0.1665123673680317 0.05007914558877822 0.053003886489479644
0 0.17578125 0.3671875 0.0515625 0.025
0 0.5665561582318211 0.3345218877260973 0.031489831893687814 0.030027461443337167
0 0.5190198241786651 0.35168840376522625 0.03315246144333717 0.03169009099298634
0 0.6620107557032127 0.23270096699889145 0.02982720234403846 0.028364831893687815
0 0.6346867921004071 0.24700329889257927 0.02982720234403846 0.028364831893687638
0 0.5250299922849774 0.3230627560169797 0.031489831893687814 0.03002746144333699
0 0.5964253284976018 0.26200653763381226 0.02982720234403846 0.028364831893687815
0 0.6665585533591741 0.2057379488002941 0.02982720234403846 0.028364831893687815
0 0.4165561582318212 0.34413432449243214 0.031489831893687814 0.030027461443337167
0 0.47573089913252253 0.33720440160575793 0.031489831893687814 0.03002746144333699
0 0.49765625 0.36796875 0.0328125 0.0234375
0 0.4609375 0.36484375 0.03125 0.0296875
0 0.4296875 0.365625 0.03125 0.028125
0 0.554938735345147 0.2756475354743439 0.029927331893687813 0.029927331893687813
0 0.5341651603912896 0.2942368491694344 0.029927331893687813 0.029927331893687813
0 0.4946415854374321 0.31402771746031677 0.029927331893687813 0.029927331893687813
0 0.4282970897563687 0.2335577698966403 0.031489831893687814 0.030027461443337167
0 0.6296593306570701 0.21751605799187787 0.02826470234403846 0.02826470234403846
0 0.4141134762458483 0.2815341949427828 0.02982720234403846 0.028364831893687815
0 0.500551623994095 0.2838395697120702 0.029927331893687813 0.029927331893687813
0 0.4404547331856786 0.32534475169804294 0.029927331893687813 0.029927331893687636
0 0.6041586829088235 0.211305630786267 0.02826470234403846 0.02826470234403846
0 0.5690617921004073 0.25120873997785076 0.02982720234403846 0.028364831893687815
0 0.4674783081395361 0.30635491980435525 0.029927331893687813 0.029927331893687813
0 0.4856089420081221 0.2220404765596154 0.02982720234403846 0.028364831893687815
0 0.4400146421926923 0.29399462214839367 0.029927331893687813 0.029927331893687813
0 0.5543589420081221 0.2176347763750453 0.02826470234403846 0.02826470234403846
0 0.5799597193060181 0.22540770358065618 0.02826470234403846 0.02826470234403846
0 0.5277754580472511 0.2679747378183824 0.029927331893687813 0.029927331893687813
0 0.5167588124584729 0.21847538556662896 0.02982720234403846 0.028364831893687815
0 0.4363494216500565 0.261282251698043 0.029927331893687813 0.029927331893687636
0 0.4864495511997058 0.25964060610926476 0.02982720234403846 0.028364831893687815
0 0.4572836829088235 0.2207178084533032 0.02982720234403846 0.028364831893687815
0 0.41445343768918547 0.3113218244924322 0.02982720234403846 0.028364831893687815
0 0.5401357557032126 0.24051107187153847 0.02982720234403846 0.028364831893687815
0 0.462110885252862 0.2470800493540045 0.029927331893687813 0.029927331893687636
0 0.608985885252862 0.23766787168696837 0.02826470234403846 0.02826470234403846
0 0.510548385252862 0.24397603331487563 0.029927331893687813 0.029927331893687636
0 0.46068808759690044 0.2738428084533032 0.029927331893687813 0.029927331893687813
0 0.03548303824289585 0.9018748642857126 0.026602072794389107 0.026602072794389107
0 0.07326244293097277 0.9527970141934275 0.026702202344038462 0.02816457279438911
0 0.03031587445552031 0.8457249938353619 0.026602072794389107 0.026602072794389107
0 0.18860803824289576 0.8920621684200792 0.028264702344038283 0.02826470234403846
0 0.1248878948135859 0.8035794617571043 0.026602072794389107 0.026602072794389107
0 0.030974813381323508 0.9539380120339593 0.025039572794389287 0.026501943244739933
0 0.056435888335180984 0.9350483096899209 0.026602072794389288 0.026602072794389288
0 0.0109375 0.9796875 0.021875 0.028125
0 0.06559204040236422 0.857584643743077 0.02503957279438911 0.026501943244739933
0 0.01171875 0.86953125 0.0234375 0.0265625
0 0.17791276526393657 0.7986125570690272 0.026602072794389288 0.026602072794389107
0 0.08336172886674201 0.7921203300479865 0.026602072794389107 0.026602072794389288
0 0.08129618599114244 0.9067836073458825 0.026702202344038462 0.028164572794389286
0 0.1059352405869343 0.9240316641011426 0.026702202344038462 0.02816457279438911
0 0.1850429472499094 0.8609122979697286 0.026602072794389288 0.026602072794389288
0 0.07354424274640267 0.8837466255444797 0.026602072794389107 0.026602072794389107
0 0.19377520203027138 0.9482120388704299 0.02826470234403864 0.02826470234403846
0 0.15281024058693432 0.921027777611663 0.026602072794389107 0.026602072794389288
0 0.1816781153562216 0.8328874275193779 0.026602072794389288 0.026602072794389107
0 0.00859375 0.94140625 0.0171875 0.0265625
0 0.1510079086932466 0.892902777611663 0.026602072794389288 0.026602072794389288
0 0.00703125 0.79453125 0.0140625 0.0265625
0 0.0046875 0.84765625 0.009375 0.0265625
0 0.08077694940937778 0.8252332186969344 0.026602072794389107 0.026602072794389288
0 0.16180570634920813 0.8655392412144683 0.026602072794389288 0.026602072794389107
0 0.1509287631044683 0.8427025185123643 0.02503957279438911 0.026501943244739933
0 0.16328906076042982 0.8152388525655205 0.02503957279438911 0.026501943244739933
0 0.1276915222037669 0.8473294617571042 0.026602072794389107 0.026602072794389107
0 0.10315259715762437 0.831643905001844 0.026602072794389107 0.026602072794389288
0 0.12887209283868772 0.9147172208564027 0.026702202344038462 0.02816457279438911
0 0.11649320634920812 0.8684429981542987 0.026602072794389288 0.026602072794389107
0 0.10080764959394788 0.8929819232004412 0.026602072794389107 0.026602072794389107
0 0.12727002004429852 0.8897172208564028 0.026602072794389288 0.026602072794389107
0 0.6449000061646379 0.5979674167220363 0.031489831893687814 0.03002746144333699
0 0.6287347856220021 0.5660560826688801 0.029927331893687636 0.029927331893687813
0 0.7580823241786652 0.5279577004983371 0.029927331893687636 0.029927331893687813
0 0.7285950832779637 0.5329851619416742 0.029927331893687636 0.029927331893687813
0 0.601150006164638 0.6007710441122173 0.029927331893687813 0.029927331893687636
0 0.520221378774457 0.5620275215946833 0.029927331893687813 0.029927331893687636
0 0.5528731924695475 0.5818999306016969 0.029927331893687813 0.029927331893687813
0 0.6928974151716515 0.563513271133258 0.029927331893687813 0.029927331893687813
0 0.7894696313953506 0.6749933868032467 0.03158996144333699 0.031589961443337165
0 0.7699000061646379 0.5899570527500906 0.031489831893687814 0.03002746144333699
0 0.607739967607975 0.6301581554632693 0.029927331893687636 0.029927331893687636
0 0.8845237106681448 0.5669224660760408 0.031489831893687634 0.030027461443337167
0 0.7271093337393891 0.7056611983388688 0.03158996144333699 0.03158996144333699
0 0.6409158081395361 0.4868296576227376 0.029927331893687636 0.029927331893687813
0 0.46904080813953614 0.4978439080841629 0.029927331893687813 0.029927331893687813