0 0.45166066005314115 0.30733633088510964 0.027799668320799498 0.028730777879787082
0 0.5125 0.35078125 0.046875 0.0765625
0 0.56640625 0.34375 0.1015625 0.090625
0 0.6551495330886704 0.28431316119049105 0.1278382096771285 0.07114116061076281
0 0.50234375 0.1953125 0.0265625 0.103125
0 0.52421875 0.28515625 0.0703125 0.0671875
0 0.7014124110865985 0.19336942573435856 0.10502144789030421 0.11597542848861017
0 0.646875 0.34921875 0.08125 0.0796875
0 0.19274384822353566 0.5530943384711533 0.055817660462916766 0.06214905575957417
0 0.4565707919800106 0.8039562393698405 0.05828768899896399 0.04834164727484343
0 0.33775232547845657 0.7482798084653343 0.0643193651776464 0.0441643303053814
0 0.3447214553384114 0.8660094424042579 0.05865156203449331 0.05615414727484325
0 0.478125 0.57265625 0.021875 0.0640625
0 0.36007689743774735 0.536321942404258 0.04956766046291676 0.06163887272903601
0 0.45741416212005576 0.685588876642744 0.05716183664159917 0.05758910151720862
0 0.4094090016571391 0.7471002036141456 0.06282963978475245 0.045599284547746956
0 0.3363011414418914 0.7125973999806033 0.0637371683207995 0.031664330305381405
0 0.40682334905210515 0.8360351578565112 0.04658820967712849 0.06450878121376694
0 0.2230006207637269 0.7389681945302898 0.046660984284234264 0.06607128121376711
0 0.18456316708245452 0.6284769757440569 0.052765435070022626 0.0634564642443051
0 0.41547491108659845 0.783962474825973 0.05992296360606986 0.05003169303247788
0 0.27241842390688004 0.7473867302859848 0.05850601282028158 0.053029147274843244
0 0.41290218279822016 0.6721002036141457 0.04346320967712849 0.06425368969849785
0 0.47578125 0.8640625 0.0265625 0.05625
0 0.3571273717971842 0.6330693966466234 0.04793238585581072 0.05994882697140156
0 0.3963483453280515 0.42595852725156724 0.06595463978475227 0.04585437606301594
0 0.2563910095150219 0.7907221421046955 0.04807793507002263 0.06307382697140156
0 0.35184905872923355 0.7798168508889889 0.06588186517764641 0.04429187606301603
0 0.3781118440897064 0.9177633899786637 0.043608758891340214 0.06737868969849785
0 0.439400524402218 0.5376296087648967 0.04033820967712849 0.06399859818322887
0 0.47578125 0.5 0.0265625 0.05625
0 0.31755975765299504 0.5802631321027559 0.041900709677128486 0.0641261439408634
0 0.389541765510878 0.6055184814939327 0.04026543507002245 0.06243609818322895
0 0.2855434702256076 0.632686501497812 0.062975188998964 0.04872428454774695
0 0.42773097022560763 0.6210798375530693 0.0448073858558109 0.05969373545613248
0 0.2406333846174658 0.5943253742268482 0.06893409057054063 0.04298446757828493
0 0.276528035155585 0.6925716845283503 0.048005160462916766 0.06151132697140156
0 0.47421875 0.62265625 0.0296875 0.0390625
0 0.3934586699779386 0.7219407069481255 0.06097604135632899 0.03922173879011233
0 0.2271487733687608 0.6499056945302899 0.05716183664159917 0.05758910151720862
0 0.47578125 0.76640625 0.0265625 0.0609375
0 0.19280800661953776 0.6853966554406151 0.061631012820281585 0.05328423879011233
0 0.47265625 0.9140625 0.0328125 0.034375
0 0.28767524276579887 0.8208561811943703 0.035869033498445904 0.06830346091032524
0 0.6879321079434453 0.8379802951294147 0.04578768899896417 0.04732128121376693
0 0.6494860380510692 0.8613538933126434 0.045787688998963995 0.04732128121376711
0 0.8215793618723868 0.8426363599728447 0.045787688998963995 0.04732128121376693
0 0.6393447506236818 0.9119916221008163 0.04578768899896417 0.04732128121376711
0 0.49375 0.75 0.009375 0.046875
0 0.575170934660247 0.9530309524061977 0.045787688998963995 0.04732128121376711
0 0.6622342870176119 0.9552633899786637 0.044225188998963993 0.04719373545613248
0 0.50234375 0.97734375 0.0265625 0.0453125
0 0.8426109917323416 0.9592180820930576 0.04742296360606986 0.04901132697140156
0 0.5249698432611369 0.6940702827115791 0.04571491439185813 0.04575878121376711
0 0.8461041728734227 0.8842180820930576 0.045787688998963995 0.04732128121376711
0 0.7601623647678709 0.9581655072476879 0.045787688998963995 0.04732128121376711
0 0.7320416728734227 0.8935289224003787 0.04571491439185813 0.04575878121376711
0 0.7805562555860804 0.8210800954289772 0.04415241439185813 0.04563123545613248
0 0.7988995330886705 0.9285419090644591 0.045787688998963995 0.04732128121376711
0 0.7065664838744588 0.9391921087648967 0.045787688998963995 0.04732128121376711
0 0.880367856909988 0.9172220296674632 0.04891268899896417 0.04757637272903601
0 0.725 0.98515625 0.046875 0.0296875
0 0.7754663411942223 0.8635226869442463 0.04571491439185813 0.04575878121376711