0 0.2074682707816679 0.091305532866319 0.017128711404351904 0.01755117591180557
0 0.21578791017851967 0.03185779768395793 0.017128711404351904 0.01755117591180557
0 0.1707488122520381 0.029787457828193985 0.018691211404351905 0.017587543502986237
0 0.21393288425953827 0.07088393009277735 0.016992010367592413 0.015988675911805573
0 0.23065149255361223 0.058020254180971786 0.016992010367592413 0.015988675911805573
0 0.25190177596546415 0.08247474031326343 0.018691211404351905 0.01758754350298606
0 0.24035868322277895 0.07182818104270786 0.017128711404351904 0.01755117591180557
0 0.16796875 0.00625 0.0171875 0.0125
0 0.21328125 0.00234375 0.0171875 0.0046875
0 0.28844345164888985 0.8513312302452771 0.023788814514629664 0.02238414627652787
0 0.21611868378842686 0.8046757422131245 0.023788814514629664 0.02238414627652787
0 0.2648295858619454 0.8004233468865273 0.023788814514629664 0.02238414627652787
0 0.28418517860463055 0.8108880682011799 0.023788814514629664 0.02238414627652787
0 0.2726038381710195 0.8719710385659022 0.023788814514629664 0.02238414627652787
0 0.786470848538612 0.8825500883371525 0.023788814514629573 0.02238414627652787
0 0.8898897915168529 0.9659054893633329 0.02365211347787035 0.020821646276527873
0 0.7386389412812974 0.894578616072569 0.023788814514629573 0.02238414627652787
0 0.8727993278034271 0.9117271356398607 0.023788814514629664 0.02238414627652787
0 0.9953125 0.9 0.009375 0.021875
0 0.8955915703105564 0.8472645921368744 0.02365211347787035 0.020821646276527873
0 0.9436395081050012 0.9397053588543745 0.023788814514629664 0.02238414627652787
0 0.7924871112152789 0.9385455151988886 0.023788814514629664 0.02238414627652787
0 0.8547724977374086 0.9573669439604856 0.022089613477870175 0.020785278685347207
0 0.9379554360975011 0.8977360644014578 0.02365211347787035 0.020821646276527873
0 0.8390490443915752 0.8875635902370135 0.023788814514629664 0.02238414627652787
0 0.8901426526856492 0.8738998273192357 0.02365211347787035 0.020821646276527873
0 0.7734828329872233 0.9062421614754163 0.023788814514629573 0.02238414627652787
0 0.9477008744575937 0.8398144616279162 0.02365211347787035 0.020821646276527873
0 0.9360416215828714 0.9196110644014578 0.02365211347787035 0.020821646276527873
0 0.9396737609797231 0.8602724319926385 0.02365211347787035 0.020821646276527873
0 0.8687365443915752 0.8868726060045831 0.022089613477870352 0.020785278685347207
0 0.84569002365639 0.9185953846899302 0.023788814514629664 0.02238414627652787
0 0.8341278070682419 0.9438135902370135 0.023788814514629664 0.02238414627652787
0 0.8862371112152789 0.9363634597280551 0.023788814514629664 0.02238414627652787