0 0.14610424351047352 0.24547821085642232 0.09366027110331832 0.09082137797604233
0 0.03359375 0.253125 0.0671875 0.090625
0 0.14834067370440138 0.11735321085642232 0.09368754464226861 0.09238387797604233
0 0.0375 0.01796875 0.075 0.0359375
0 0.15234375 0.01484375 0.0859375 0.0296875
0 0.03515625 0.12265625 0.0703125 0.0921875
0 0.03125 0.38671875 0.0625 0.0921875
0 0.14378599269969464 0.3782907108564224 0.08897277110331832 0.09049359604505725
0 0.03125 0.51953125 0.0625 0.0953125
0 0.13990524188891573 0.5112124715000841 0.09061709172016937 0.09529035668871906
0 0.5375 0.25 0.015625 0.034375
0 0.5761462995168279 0.2958824024423336 0.033385244317957155 0.03510697351689629
0 0.6714975300350673 0.10818602446629119 0.031795470779006865 0.03343521287323466
0 0.563529297081196 0.2140532482352892 0.03335797077900686 0.03354447351689629
0 0.6893985016281483 0.42373461481136515 0.034975017856907445 0.0367787341605581
0 0.7049258644516361 0.24942302966207128 0.033385244317957155 0.03510697351689647
0 0.6496110730557783 0.289184652190232 0.033385244317957155 0.03510697351689629
0 0.2797543149381035 0.6662056101197882 0.046021612012708955 0.04379355866619026
0 0.3885565706201463 0.6913698650634668 0.044459112012708954 0.04368429802252862
0 0.29765625 0.59453125 0.0328125 0.0515625
0 0.3350963798729116 0.6248814875916274 0.04443183847375849 0.04212179802252862
0 0.27403042045799053 0.7259083920507734 0.03524775324641087 0.0524037341605581
0 0.3437895413991531 0.663288423729657 0.0489556972400564 0.033074579953513705
0 0.4063440884770538 0.6557929979831876 0.049010244317957155 0.03619957995351371
0 0.378125 0.97578125 0.028125 0.0484375
0 0.41796875 0.57421875 0.0484375 0.0109375
0 0.5109375 0.61953125 0.0375 0.0421875
0 0.2803701493546722 0.8097370888324648 0.04604888555165907 0.045356058666190434
0 0.5171875 0.584375 0.025 0.03125
0 0.28595767614003337 0.7578468069014794 0.05054547077900686 0.03474634059717552
0 0.44091000324970614 0.6424517638226295 0.028997753246410872 0.051966691585911204
0 0.22265625 0.584375 0.0359375 0.03125
0 0.47869855519887083 0.8021109870874243 0.04443183847375849 0.04212179802252862
0 0.44280769399694087 0.712545742535306 0.049010244317957155 0.03619957995351371
0 0.3627929115295368 0.7368680353620545 0.029025026785361164 0.053529191585911205
0 0.3054440616916926 0.7143481791775387 0.025900026785361165 0.053310670298587756
0 0.415653084419864 0.8377314128338937 0.05213524431795715 0.03641810124083733
0 0.51015625 0.86953125 0.0390625 0.0421875
0 0.59609375 0.9671875 0.0453125 0.065625
0 0.575 0.98671875 0.06875 0.0265625
0 0.6563168149381035 0.953913423729657 0.07891593262956001 0.050775532183086725
0 0.6998952654245707 0.8712758863507901 0.045031856330665934 0.07649679802252862
0 0.6296875 0.98046875 0.04375 0.0390625
0 0.5790293863657333 0.8219857165564054 0.0803420649348082 0.043072292826748536
0 0.5640625 0.87421875 0.06875 0.0515625
0 0.7610236801972231 0.8560772212479826 0.03730117694751698 0.08063799480421992
0 0.53984375 0.93046875 0.0203125 0.0609375
0 0.6210338798729116 0.918926418533877 0.07861592370110611 0.03358803218308672
0 0.7651850746773361 0.796483699960659 0.0652352621748646 0.07166718639013112
0 0.53828125 0.97421875 0.0171875 0.0390625
0 0.67734375 0.98984375 0.0578125 0.0203125
0 0.73031915097623 0.8270124341212173 0.03258640340856669 0.07874771287323465
0 0.7828125 0.9828125 0.084375 0.034375
0 0.53671875 0.8375 0.0140625 0.078125
0 0.8064259090939048 0.9371744019381305 0.0699227621748646 0.07199496832111625