0 0.31037976136079043 0.36848196942828365 0.02384660308425506 0.02439250494291585
0 0.22421875 0.37734375 0.0234375 0.0234375
0 0.25546875 0.3765625 0.0234375 0.025
0 0.20253998782184013 0.3625264466908707 0.023846603084255236 0.02439250494291585
0 0.2177013376596843 0.33660061665281465 0.02384660308425506 0.02439250494291585
0 0.30859375 0.38515625 0.0234375 0.0078125
0 0.2383683936660388 0.35774078760334166 0.023846603084255236 0.02439250494291585
0 0.27575929951023737 0.3530187955120071 0.02384660308425506 0.02439250494291585
0 0.35092294074393937 0.36544981132933785 0.025409103084255237 0.024456171939110226
0 0.19094792288703194 0.3245807777175099 0.025409103084255057 0.024456171939110226
0 0.371875 0.37734375 0.025 0.0234375
0 0.3303922524323367 0.35212214037881073 0.025409103084255057 0.024456171939110226
0 0.39111156412073395 0.34210515323039203 0.023819329545304767 0.02283000494291585
0 0.3946729407439394 0.3672324872227808 0.023819329545304767 0.02283000494291585
0 0.6627173774306889 0.30822094866803706 0.02543637662320535 0.026018671939110227
0 0.6905696420411858 0.2937419545995361 0.02543637662320535 0.026018671939110404
0 0.3405696420411856 0.9409512411399324 0.04451365909060954 0.04553267589344294
0 0.3867434383083074 0.8132374180219586 0.041361385551659066 0.04384284190105418
0 0.24359345616521494 0.8417550543720747 0.04451365909060954 0.04553267589344294
0 0.41378895372958296 0.9314435899610689 0.044540932629559826 0.04709517589344294
0 0.31415141801576796 0.8586825692008222 0.04766593262955983 0.047222509885831696
0 0.48027524999670473 0.8045574377936221 0.04292388555165925 0.043906508897248564
0 0.38125 0.978125 0.04375 0.04375
0 0.3862446063273707 0.8741112510257641 0.04451365909060954 0.04553267589344294
0 0.42566957061355576 0.8070165929268184 0.04292388555165907 0.043906508897248744
0 0.8916843084386912 0.7345739071475437 0.05317163879807012 0.09428851087441484
0 0.8357070438281944 0.7479068952845456 0.05788641233702041 0.09604201186299814
0 0.97265625 0.94765625 0.0546875 0.0921875
0 0.8573207654179802 0.9127333992388783 0.09344208279171565 0.0756313527754692