0 0.0109375 0.71171875 0.021875 0.0453125
0 0.0390625 0.6234073432611369 0.04375 0.047350188998963996
0 0.021875 0.8734375 0.04375 0.046875
0 0.0328125 0.5408859416895604 0.04375 0.047350188998963996
0 0.9 0.6429492477281976 0.034375 0.035976041356328814
0 0.85625 0.6106119367271616 0.0328125 0.03434076674922295
0 0.765625 0.7242078639393014 0.0328125 0.03590326674922295
0 0.9078125 0.6050853746926683 0.0328125 0.03434076674922295
0 0.934375 0.6366607063718688 0.0328125 0.03434076674922295
0 0.965625 0.6680177142297516 0.0328125 0.03434076674922295
0 0.8875 0.5294689445850445 0.0328125 0.03434076674922295
0 0.846875 0.5797985843697967 0.0328125 0.03277826674922304
0 0.8390625 0.667662457405326 0.0359375 0.03604881596343468
0 0.7640625 0.6070931385464072 0.0328125 0.03434076674922295