0 0.778125 0.590625 0.046875 0.0453125
0 0.459375 0.30625 0.0453125 0.0453125
0 0.825 0.5890625 0.0453125 0.04375
0 0.8203125 0.703125 0.046875 0.0453125
0 0.85625 0.459375 0.046875 0.04375
0 0.759375 0.7 0.046875 0.0453125
0 0.896875 0.4859375 0.0484375 0.04375
0 0.459375 0.3640625 0.04375 0.0453125
0 0.46875 0.5140625 0.04375 0.04375
0 0.796875 0.6296875 0.046875 0.04375
0 0.5515625 0.2890625 0.0453125 0.0453125
0 0.5546875 0.459375 0.04375 0.04375
0 0.634375 0.4703125 0.04375 0.04375
0 0.4109375 0.3390625 0.0453125 0.0453125
0 0.353125 0.315625 0.04375 0.0453125
0 0.7859375 0.484375 0.0453125 0.04375
0 0.7375 0.4796875 0.0453125 0.04375
0 0.9296875 0.56875 0.05 0.04375
0 0.715625 0.3453125 0.0453125 0.04375
0 0.396875 0.2828125 0.0453125 0.046875
0 0.696875 0.73125 0.0453125 0.04375
0 0.628125 0.6953125 0.0453125 0.0453125
0 0.5515625 0.3578125 0.04375 0.04375
0 0.7109375 0.684375 0.0453125 0.0453125
0 0.8625 0.5515625 0.046875 0.04375
0 0.390625 0.5296875 0.0453125 0.04375
0 0.390625 0.2234375 0.0453125 0.046875
0 0.75 0.634375 0.0453125 0.04375
0 0.7796875 0.265625 0.0453125 0.0453125
0 0.790625 0.7375 0.046875 0.0453125
0 0.8984375 0.4 0.0484375 0.04375
0 0.6875 0.45625 0.04375 0.04375
0 0.5 0.38125 0.04375 0.04375
0 0.703125 0.553125 0.04375 0.0421875
0 0.940625 0.6421875 0.05 0.0453125
0 0.828125 0.5015625 0.0453125 0.0421875
0 0.6375 0.31875 0.0453125 0.04375
0 0.4671875 0.4234375 0.0453125 0.04375
0 0.8875 0.7765625 0.05 0.046875
0 0.6609375 0.403125 0.0453125 0.0421875
0 0.7609375 0.4 0.0453125 0.0421875
0 0.60625 0.7984375 0.04375 0.0453125
0 0.8125 0.159375 0.046875 0.046875