0 0.2959376512531051 0.03780698868531847 0.05038179508134384 0.06591589149054791
0 0.32680585617176117 0.10325018150372615 0.06747839149054773 0.05039088544042354
0 0.2566024404807166 0.084909247662309 0.06906816256778665 0.05508747579950324
0 0.3546875 0.0234375 0.065625 0.046875
0 0.1953125 0.02109375 0.071875 0.0421875
0 0.37957633216765607 0.16387860929501913 0.06904089149054773 0.05039997579950324
0 0.2749161032448949 0.1598001633533535 0.06905907220870695 0.05352497579950324
0 0.3896240187395478 0.04819906714054145 0.04728406615858276 0.07058521077238851
0 0.44664565749962104 0.18380022385459557 0.04729315651766246 0.0721477107723885
0 0.0984375 0.00859375 0.065625 0.0171875
0 0.6782421329063408 0.044093350121636996 0.036137487899751616 0.03458407825883114
0 0.6764432835702707 0.0847274404807166 0.03612839754067192 0.03302157825883114
0 0.5969194100337039 0.05706604879377712 0.036137487899751616 0.03458407825883114
0 0.7404057896203949 0.1015422357584523 0.0361193071815924 0.03145907825883114
0 0.5715467053114395 0.121273994539051 0.036137487899751616 0.03458407825883123
0 0.6359728196746243 0.058401289816786675 0.034565897540672096 0.03301248789975162
0 0.5296875 0.07421875 0.021875 0.0359375
0 0.5594648618291019 0.04947171741168792 0.03612839754067192 0.03302157825883123
0 0.53046875 0.22890625 0.0234375 0.0359375
0 0.7429944584346975 0.19371155504029297 0.03769998789975162 0.03459316861791084
0 0.7503968505144204 0.5327195128858153 0.04400453005422929 0.04400453005422929
0 0.6133705909482547 0.18352855484390132 0.03769998789975162 0.03459316861791084
0 0.5592739642884299 0.08228421741168793 0.036137487899751616 0.03458407825883123
0 0.8661309348233758 0.5132968263139237 0.04242384933607006 0.040870439695149585
0 0.978125 0.47265625 0.04375 0.0390625
0 0.5639331514494969 0.35568535597536943 0.039289758976990455 0.03928975897699054
0 0.7312853196746243 0.057846777912929956 0.0361283975406721 0.03302157825883114
0 0.7292773920797229 0.13441836827200956 0.0361283975406721 0.03302157825883114
0 0.6572660366935287 0.15827402478967204 0.036137487899751616 0.03458407825883114
0 0.8781683682720096 0.3241706938003663 0.03927157825883114 0.03616475897699054
0 0.7802035669441498 0.24349338642238222 0.037709078258831144 0.03615566861791084
0 0.7948114884889268 0.14966157319066564 0.0361283975406721 0.03302157825883123
0 0.23776049512822617 0.8384786334955159 0.03639201795398091 0.07833407825883114
0 0.32081843482337585 0.7958093444642962 0.06904998184962743 0.051962475799503235
0 0.2938468686647931 0.8662763805686498 0.06131020472226432 0.06441702400410527
0 0.16286048907810197 0.8217274707313376 0.047311337235821684 0.07527271077238851
0 0.24308432026379947 0.7290763624182771 0.04103406615858276 0.07054884933607006
0 0.20397636846840134 0.7371161213952675 0.03947156615858276 0.07053975897699054
0 0.33708885031802877 0.6847809408735002 0.04883747579950324 0.06903180113146803
0 0.2675298083599428 0.8242434166730032 0.0316954275949012 0.07674430718159223
0 0.5934661153451433 0.8582831151487517 0.05511474687674216 0.07375566256778665
0 0.6243070491865605 0.9284138079671592 0.07376475292686617 0.05667724687674216
0 0.6796875 0.98125 0.075 0.0375
0 0.540625 0.7015625 0.04375 0.078125
0 0.662343380372258 0.8360081393492484 0.07380111436318479 0.06292724687674216
0 0.6954922236582038 0.7780047418085765 0.0753545240041051 0.06137383723582168
0 0.56796875 0.97890625 0.0734375 0.0421875
0 0.5626888140172834 0.7772149223303441 0.05979315651766246 0.0722204336450254
0 0.58671875 0.60859375 0.0546875 0.0796875
0 0.5515625 0.909375 0.065625 0.0625
0 0.6974274283804682 0.7139331514494969 0.06449883723582168 0.07537270472226432
0 0.632356940284325 0.6190024465308408 0.056713608313060604 0.08001475292686626
0 0.696527482831586 0.868620651449497 0.0535704275949012 0.07687157220870695
0 0.6191297115579555 0.7440751694034777 0.06759656615858275 0.07070338544042372
0 0.75 0.9859375 0.05 0.028125