0 0.42592876310446826 0.41693767856907477 0.018288925046142525 0.017487508928453722
0 0.44137448796604073 0.36570246103647885 0.018288925046142525 0.017487508928453722
0 0.43380181985972843 0.39366381980277687 0.018288925046142525 0.017487508928453722
0 0.38526419031007914 0.3912558400953163 0.018288925046142525 0.017487508928453722
0 0.40787966995201347 0.42754789610167077 0.018288925046142525 0.017487508928453722
0 0.3792540222037669 0.41924447240056456 0.018288925046142525 0.017487508928453722
0 0.41388983805832574 0.39955926379642237 0.018288925046142525 0.017487508928453722
0 0.4006889312107805 0.38840357548481974 0.018288925046142525 0.017487508928453722
0 0.4716022085086764 0.39900588473758497 0.018288925046142525 0.017487508928453722
0 0.47655052436323525 0.3788024788933864 0.019851425046142523 0.017514782467404188
0 0.0046875 0.9203125 0.009375 0.025
0 0.48494760795496605 0.7548274163942101 0.04489099784053163 0.04292388555165925
0 0.30872506939830313 0.7814057329538715 0.048116127390180986 0.04454093262956001
0 0.3506937214654864 0.7056614391223816 0.046453497840531675 0.042951159090609536
0 0.4472077760612782 0.7260751249983524 0.04489099784053163 0.04292388555165925
0 0.4385126989479525 0.7852319366867496 0.046453497840531634 0.042951159090609536
0 0.3962484484865271 0.6128114659077428 0.046553627390180985 0.04451365909060954
0 0.4370131508305656 0.6400558043815013 0.046453497840531634 0.042951159090609536
0 0.4829869848837217 0.6268115105500115 0.044991127390180984 0.04448638555165925
0 0.3699071915466968 0.5670898628234877 0.046453497840531675 0.042951159090609536
0 0.5399984484865271 0.6153206314911741 0.04489099784053163 0.04292388555165916
0 0.6291005212809162 0.6418479496723932 0.044991127390180984 0.04448638555165925
0 0.34776658543743205 0.8304705243497292 0.04801599784053168 0.042978432629560005
0 0.4636571915466968 0.5687262751605081 0.044991127390180984 0.04448638555165916
0 0.5788792782207466 0.6862331493480817 0.04489099784053163 0.04292388555165916
0 0.7628351711886312 0.6098457475610728 0.04332849784053163 0.04289661201270878
0 0.8054441733480996 0.5684491801906326 0.04342862739018116 0.04445911201270878
0 0.5918217643410859 0.5959354318154857 0.04342862739018098 0.04445911201270878
0 0.98046875 0.5609375 0.0390625 0.04375
0 0.6804627621816176 0.6396229764577543 0.04489099784053163 0.04292388555165925
0 0.6 0.5546875 0.04375 0.03125
0 0.9550832279438914 0.5897901663909149 0.046553627390180985 0.04451365909060954
0 0.8979320619970474 0.5747458189887027 0.044991127390181164 0.04448638555165916
0 0.759375 0.56015625 0.04375 0.0421875
0 0.8088485780361765 0.6215741801906326 0.044991127390181164 0.04448638555165925
0 0.9359375 0.553125 0.046875 0.028125
0 0.69921875 0.55625 0.0421875 0.034375
0 0.8554441733480995 0.5693219334370434 0.044991127390181164 0.04448638555165925
0 0.53515625 0.54375 0.0421875 0.009375
0 0.5615940437984502 0.5626320081143795 0.04342862739018098 0.04445911201270878
0 0.50078125 0.55703125 0.0421875 0.0359375
0 0.721208875692138 0.5935116355483638 0.04332849784053181 0.04289661201270878
0 0.6333083574935408 0.5857343173671449 0.044991127390180984 0.04448638555165916
0 0.6770583574935407 0.5864979764577544 0.04342862739018098 0.04445911201270878