0 0.74609375 0.3984375 0.1515625 0.08125
0 0.8671875 0.0265625 0.14375 0.053125
0 0.5591715479235982 0.30640349434265923 0.13238096878180672 0.12262040944452864
0 0.43541164411006666 0.683791133495516 0.04689484736759475 0.04557612041330898
0 0.36304557078908894 0.6982717900131783 0.048511911069925695 0.04714771077238851
0 0.4533034938399142 0.7977263684684013 0.048511911069925695 0.04714771077238851
0 0.326760841207509 0.7531592779129299 0.04689484736759475 0.04557612041330898
0 0.43629953231450164 0.7478354527773567 0.04840278366526398 0.04402271077238851
0 0.3536854397562301 0.7873706514494968 0.04689484736759475 0.04557612041330898
0 0.39205845899352393 0.762152482831586 0.046949411069925694 0.04713862041330898
0 0.4045237426587878 0.7183388503180288 0.04689484736759475 0.04557612041330898