0 0.0944846130169605 0.24733160147736938 0.053029147274843244 0.05653180113146812
0 0.12123830271545835 0.20684295686356363 0.05210437606301603 0.0643352107723885
0 0.09438876029180374 0.19105433040013056 0.05041433030538141 0.06276362041330899
0 0.16431862301890013 0.19615089655871332 0.03973192182065048 0.06582498789975162
0 0.13185706725932586 0.24911227009528022 0.041166876063016035 0.06427157825883115
0 0.18600243332040217 0.23692134230398718 0.06830346091032524 0.033194295081344014
0 0.12465060301502077 0.299094089377121 0.06176641848667046 0.048773843285945875
0 0.01953125 0.24140625 0.0390625 0.0484375
0 0.04218878937953887 0.2751657099868216 0.0441643303053814 0.06272725897699045
0 0.17091982513523368 0.32593839050858914 0.0703761439408634 0.03945338544042354
0 0.07605360634900071 0.2816156978865732 0.050159238790112325 0.05963862041330899
0 0.009375 0.18203125 0.01875 0.0421875
0 0.17114244999030168 0.15085657727687254 0.057461555759574165 0.053434072208706954
0 0.04113673028598477 0.3455054810640605 0.048469193032477875 0.058067030054229286
0 0.0203125 0.28828125 0.040625 0.0546875
0 0.01328125 0.53359375 0.0265625 0.0671875
0 0.12375726695976352 0.15683386650448403 0.06594373545613248 0.042551114363184706
0 0.01953125 0.15703125 0.0390625 0.0671875
0 0.16253401391564778 0.5244213423039872 0.04923446757828494 0.06744203005422929
0 0.06227763302083975 0.14397025214129933 0.06607128121376711 0.04411361436318471
0 0.17901910968298057 0.26501907122674834 0.06935577787978708 0.026953385440423538
0 0.0140625 0.31796875 0.028125 0.0359375
0 0.08753349816383213 0.3707872821955286 0.0659437354561323 0.042551114363184796
0 0.17697837756082802 0.29001907122674836 0.06961086939505616 0.030078385440423537
0 0.05551770786620942 0.22678275214129934 0.041039330305381407 0.06270907825883124
0 0.11243790331458321 0.3912543182998821 0.062404147274843245 0.056586343285945875
0 0.07930666785845072 0.4332691014773694 0.06868609818322895 0.03788179508134402
0 0.17493816119049105 0.4682167940993853 0.036606921820650486 0.06580680718159222
0 0.17691499149587245 0.4056986133812261 0.0441643303053814 0.06272725897699054
0 0.2023288060494383 0.19011906517662416 0.04859673879011232 0.05962953005422929
0 0.09104165118855131 0.5193156857863247 0.047416876063016034 0.06430793969514959
0 0.09875829846339457 0.463083866504484 0.062404147274843426 0.056586343285945875
0 0.01171875 0.10625 0.0234375 0.040625
0 0.01953125 0.21328125 0.0390625 0.0453125
0 0.0734375 0.56171875 0.040625 0.0359375
0 0.14432588997866364 0.46022248691779294 0.041166876063016035 0.06427157825883115
0 0.06297926362578359 0.17367593285945854 0.059024055759574166 0.05344316256778665
0 0.00546875 0.46953125 0.0109375 0.0609375
0 0.07066473361996461 0.32848160752749356 0.05733401000193972 0.05187157220870695
0 0.13785249149587245 0.40547135440423565 0.051721738790112326 0.05964771077238851
0 0.13828125 0.5578125 0.0671875 0.04375
0 0.015625 0.35546875 0.03125 0.0546875
0 0.11572214210469553 0.33187022794080245 0.05864141848667046 0.04875566256778665
0 0.203667907566647 0.13541338445846493 0.054719193032477874 0.05810339149054773
0 0.0477376745264106 0.39869411357761775 0.0625636439408634 0.03940793364502539
0 0.04021247482597294 0.4908816135776178 0.06804836939505617 0.030069295081343837
0 0.12474697149199301 0.5085690833269968 0.051849284547746774 0.06121021077238851
0 0.034375 0.56875 0.053125 0.021875
0 0.025 0.42734375 0.05 0.0359375
0 0.04276364785457147 0.5362304750139362 0.044419421820650486 0.06585225897699054
0 0.16824136422490846 0.3587508905085891 0.0703761439408634 0.03945338544042354
0 0.11913341090062693 0.11772591470908593 0.06463632697140156 0.04566702400410509
0 0.009375 0.39453125 0.01875 0.0390625
0 0.05338086514299238 0.118906619627742 0.0672511439408634 0.03943520472226432
0 0.04107334422102911 0.46118502321853816 0.0672511439408634 0.03943520472226432
0 0.5080377036141457 0.4373101442210222 0.03367336939505616 0.029869307181592218
0 0.653891563925346 0.22086805366555096 0.0353634151526907 0.03144089754067192
0 0.7049443966466235 0.38061575838781525 0.03536341515269079 0.03144089754067192
0 0.6544975996810409 0.27089532474278977 0.0338009151526907 0.0314318071815924
0 0.8575898751449321 0.02352139675510505 0.03380091515269079 0.03143180718159235
0 0.4840250872632053 0.0995101623713949 0.0338009151526907 0.0314318071815924
0 0.7265625 0.0109375 0.03125 0.021875
0 0.7252561230189001 0.15093734874689488 0.03367336939505616 0.0298693071815924
0 0.7383619008986873 0.12443848126045216 0.03211086939505616 0.0298602168225127
0 0.8361941387707157 0.3047804871141847 0.03380091515269079 0.0314318071815924
0 0.5125963684769722 0.05590560811666876 0.03211086939505616 0.0298602168225127
0 0.6340889890799765 0.13790101756119738 0.03211086939505616 0.0298602168225127
0 0.6685595839292253 0.1177794151018694 0.03211086939505616 0.0298602168225127
0 0.8255434233184626 0.24375208352338848 0.03211086939505616 0.0298602168225127
0 0.8859382736277233 0.078399794295777 0.03718100666795969 0.03457498789975162
0 0.6953125 0.01171875 0.03125 0.0234375
0 0.8108120172496276 0.4625202642415477 0.03536341515269079 0.0314408975406721
0 0.875 0.00546875 0.03125 0.0109375
0 0.5704410772612656 0.1515999031980127 0.03211086939505616 0.0298602168225127
0 0.83912769119631 0.2688429871141847 0.03367336939505616 0.0298693071815924
0 0.7240126163509404 0.18532143910597448 0.03211086939505616 0.0298602168225127
0 0.7888398751449321 0.02312142095560188 0.03223841515269079 0.03142271682251274
0 0.8123420505894264 0.2905725413689108 0.03211086939505634 0.0298602168225127
0 0.7649566096829806 0.2199509691602038 0.03380091515269079 0.0314318071815924
0 0.7893827827115791 0.26542709562363687 0.03211086939505616 0.0298602168225127
0 0.5390635315036312 0.1529805960164204 0.030548369395056164 0.029851126463433176
0 0.921875 0.0140625 0.034375 0.028125
0 0.22213163877071568 0.6036623729473917 0.13651132697140156 0.046085180521767556
0 0.2130119881618925 0.6770816922292324 0.13963632697140155 0.0461033612399266
0 0.20650715452253127 0.7567691922292324 0.139763872729036 0.047665861239926596
0 0.20038495815607354 0.8317691922292324 0.1400189642443051 0.0507908612399266