0 0.4598205560395144 0.4288912427505374 0.044986498100139015 0.05644017676456468
0 0.55859375 0.3296875 0.0421875 0.05
0 0.4603634570656947 0.3181905410908635 0.05399782218833345 0.04152557178554286
0 0.5412861487450698 0.3102847979393407 0.043423998100139014 0.05632177759440164
0 0.56484375 0.38828125 0.0296875 0.0359375
0 0.56171875 0.36171875 0.0359375 0.0359375
0 0.5005897199834726 0.3711505203449391 0.02794446846486114 0.06138778589277152
0 0.5235921153100699 0.4212456087272214 0.051018292553055566 0.0475387734452168
0 0.5270431172099309 0.3684758062377105 0.027908100873680654 0.05982528589277134
0 0.8996805302039587 0.43078931993466496 0.03266833605604162 0.06330548340326062
0 0.9682123246568753 0.4266238834218381 0.06333645459715279 0.04067346680652086
0 0.5609375 0.94375 0.0375 0.05
0 0.6536861909168756 0.9546034830022752 0.02238414627652787 0.023532588382282428