0 0.47661812159573047 0.4682765708623178 0.024456171939110406 0.02568196159934022
0 0.4546502796946763 0.42706053747622297 0.02595500494291585 0.024164925705962757
0 0.5662244496566202 0.4459134890464333 0.02439250494291585 0.024119461599340218
0 0.5578125 0.47734375 0.025 0.0234375
0 0.5613804407593717 0.40363506083318795 0.02595500494291585 0.024164925705962938
0 0.4786607826604258 0.4418049990755632 0.02595500494291585 0.024164925705962757
0 0.5552285998469007 0.3675611685133199 0.02439250494291585 0.024119461599340218
0 0.45213277475176045 0.40357757336960026 0.024456171939110406 0.02568196159934022
0 0.4198349279077903 0.3386512553437694 0.02439250494291585 0.024119461599340218
0 0.4965486196185641 0.45949260424841265 0.02439250494291585 0.024119461599340218
0 0.5419009288963735 0.34688495566033845 0.02439250494291585 0.024119461599340218
0 0.4419301038012334 0.3829922887298641 0.02439250494291585 0.024119461599340218
0 0.5328125 0.47734375 0.025 0.0234375
0 0.5432962856261753 0.4577315274470931 0.02439250494291585 0.024119461599340218
0 0.5135796107213155 0.4178506735278848 0.02439250494291585 0.024119461599340218
0 0.5166462609115959 0.33990752995437556 0.02439250494291585 0.024119461599340218
0 0.5403039368050389 0.38429402744709307 0.02439250494291585 0.024119461599340218
0 0.47607961072131555 0.41675953496894047 0.02439250494291585 0.024119461599340218
0 0.49164626091159597 0.33918010424841266 0.02439250494291585 0.024119461599340218
0 0.519795118629981 0.4554870658477529 0.02439250494291585 0.024119461599340218
0 0.46820876091159597 0.3384981426490724 0.02439250494291585 0.024119461599340218
0 0.5349452747517605 0.4059871710206024 0.026018671939110404 0.025727425705962936
0 0.46705743779362213 0.3868447144358271 0.02439250494291585 0.024119461599340218
0 0.4449622619001792 0.3425036810497322 0.02439250494291585 0.024119461599340218
0 0.509375 0.47890625 0.025 0.0203125
0 0.4926304407593716 0.40163464014179 0.02439250494291585 0.024119461599340218
0 0.4316637658545119 0.36084450409012814 0.02439250494291585 0.024119461599340218
0 0.5314674476794539 0.43553827870073436 0.02439250494291585 0.024119461599340218
0 0.5253500988583174 0.362009850487489 0.02439250494291585 0.024119461599340218
0 0.47691259885831744 0.36060046318218586 0.02439250494291585 0.024119461599340218
0 0.5528331117098987 0.42367477619345184 0.02439250494291585 0.024119461599340218
0 0.49017660281265013 0.37971417603516733 0.02439250494291585 0.024119461599340218
0 0.5003500988583174 0.36128242478152606 0.024456171939110226 0.02568196159934022
0 0.5002174476794539 0.4346289965682807 0.02439250494291585 0.024119461599340218
0 0.5136141028126502 0.3803961376345075 0.02283000494291585 0.024073997492717502
0 0.4552285998469007 0.3646514656894683 0.02439250494291585 0.024119461599340218
0 0.6949569447137043 0.7520317937444292 0.04384284190105418 0.041852530878812286
0 0.7379535751323212 0.5816116451563549 0.04221667490485981 0.04024456677218975
0 0.7609692638773454 0.6868447144358271 0.04377917490485963 0.040290030878812465
0 0.8240184091247101 0.5872371710206024 0.04221667490485981 0.04024456677218975
0 0.6078125 0.58359375 0.0375 0.0421875
0 0.64375 0.49765625 0.040625 0.0171875
0 0.70859375 0.49921875 0.0390625 0.0203125
0 0.59609375 0.5421875 0.0140625 0.040625
0 0.6598922421285156 0.5809009398252208 0.04221667490485963 0.04024456677218975
0 0.644110733231267 0.5383042628656167 0.04065417490485963 0.04019910266556703
0 0.6883700692008222 0.5520772578510519 0.040654174904859806 0.04019910266556703
0 0.7609375 0.50390625 0.040625 0.0296875
0 0.7724267342198503 0.5467198196086767 0.040654174904859806 0.04019910266556703
0 0.61015625 0.50703125 0.0421875 0.0359375
0 0.6773397272997681 0.5111794732113157 0.04059050790866543 0.03863660266556703
0 0.828125 0.5015625 0.040625 0.025
0 0.7994693952845455 0.5209756735278848 0.03902800790866543 0.03859113855894432
0 0.737351397261712 0.5285321092629776 0.040654174904859806 0.04019910266556703