0 0.15137954441188076 0.38380306656295654 0.019514003954332716 0.01907728246740419
0 0.15297121931674057 0.34474056656295654 0.017887836958138337 0.017487508928453722
0 0.11827788433576858 0.353153084419864 0.019450336958138338 0.017514782467404188
0 0.36265391992476287 0.13826011039115108 0.03564833992388783 0.03185001785690744
0 0.5435855849437908 0.1429088798729116 0.032523339923887826 0.031795470779006865
0 0.7669594179475965 0.140571263803013 0.032523339923887916 0.031795470779006775
0 0.5013980849437909 0.1436452654245708 0.03414950692008221 0.033385244317957155
0 0.6583245641835443 0.23927359091268574 0.032523339923887916 0.031795470779006865
0 0.7410150473776304 0.31746104627041705 0.03414950692008212 0.033385244317957155
0 0.7955407212939068 0.2821587459461055 0.03408583992388792 0.031822744317957154
0 0.667513880381436 0.3203054026010831 0.03414950692008212 0.033385244317957155
0 0.6241113902672677 0.2742213352306429 0.03414950692008212 0.033385244317957155
0 0.1160787143738247 0.6643985016281484 0.03979201186299797 0.0569045649348082
0 0.11804175688290117 0.4629450957839497 0.04004667984777566 0.0631545649348082
0 0.06882702958313311 0.7510996607187579 0.0367943458553869 0.05997501785690744
0 0.0046875 0.9046875 0.009375 0.05625
0 0.032908070115043306 0.5596758198093674 0.05653384288963732 0.04626707386326192
0 0.10600869460216114 0.7582575957839497 0.04135451186299797 0.05693183847375849
0 0.0765625 0.9890625 0.053125 0.021875
0 0.07464458395520772 0.4933689813356089 0.0625291749048598 0.040126168019063255
0 0.06009933391802669 0.8886542077966585 0.05621550790866543 0.03845457386326192
0 0.054260510800052855 0.8403530754914103 0.0367943458553869 0.05997501785690744
0 0.01796875 0.81875 0.0359375 0.05625
0 0.04373418768207893 0.7921337638030129 0.056279174904859806 0.04001707386326174
0 0.03046486654127145 0.7345939991925163 0.04734984387822046 0.050790932629559825
0 0.00390625 0.7234375 0.0078125 0.059375
0 0.00859375 0.653125 0.0171875 0.053125
0 0.03801738137001909 0.6641996785756653 0.05366351087441501 0.05246252678536116
0 0.015625 0.8703125 0.03125 0.046875
0 0.05712020844232555 0.6935326225693109 0.05216467787060921 0.05399775324641087
0 0.08182573117973861 0.5853655665629566 0.042980678859192524 0.05852161201270896
0 0.06794632600936126 0.9259905665629565 0.05672484387822045 0.05095457386326174
0 0.01015625 0.771875 0.0203125 0.0375
0 0.1023451837277463 0.8098473693229 0.05640650889724856 0.04314207386326192
0 0.10323120448799292 0.7114644164008007 0.06083934091247105 0.03697389448011297
0 0.09788317680766401 0.8427144164008007 0.05583350593149916 0.02907957386326192
0 0.66875 0.40546875 0.034375 0.0109375
0 0.4850435730807928 0.5107043060096498 0.046967841901054186 0.041415932629560004
0 0.5930815661607106 0.541607658283126 0.045405341901054184 0.041388659090609535
0 0.5050960879095404 0.44009179708119595 0.03484984387822045 0.05057274431795715
0 0.5412590809894582 0.4722497321463878 0.04534167490485981 0.039826159090609534
0 0.477936727225406 0.5701611266265008 0.036412343878220454 0.050600017856907445
0 0.5490424060845984 0.5111485909126857 0.04964717292769336 0.030532979707460585
0 0.6116697400769873 0.5069326493546722 0.04977450692008212 0.03365797970746058
0 0.5766156718647482 0.830751978899977 0.028790844866803767 0.05515115016215581
0 0.625 0.41484375 0.05 0.0296875
0 0.7221907460084862 0.47689850162814834 0.048466674904859806 0.03988070616851029
0 0.48231120943090877 0.654399758931749 0.04703150889724857 0.042978432629560005
0 0.7286609219019292 0.4330666810112973 0.03478617688202625 0.049010244317957155
0 0.48909972030532367 0.6027554383148981 0.05127333992388792 0.032122753246410875
0 0.6464904090503479 0.49539513149776465 0.030162343878220456 0.050490923701106104
0 0.43046875 0.4203125 0.0359375 0.040625
0 0.6804940414461312 0.6571860194850558 0.04534167490485981 0.039826159090609534
0 0.6467503942216004 0.565653084419864 0.04977450692008212 0.03365797970746058
0 0.5662988902672677 0.5857940349063313 0.03022601087441501 0.052053423701106105
0 0.5095687292025722 0.5602406558474939 0.02710101087441501 0.05199887662320535
0 0.6167207015222435 0.6895269610430695 0.05289950692008212 0.033712526785361165
0 0.7151290266173836 0.7268439545502476 0.046904174904859805 0.03985343262955983