0 0.21291124465623062 0.38124551447217847 0.0819439849563052 0.13534435775648762
0 0.28199621377741824 0.4271179364530173 0.08024509263643723 0.13057497060135786
0 0.25467754433966155 0.5054952419709412 0.1125574874635877 0.11510710085908257
0 0.33828125 0.3453125 0.0609375 0.1
0 0.20078125 0.5484375 0.0890625 0.103125
0 0.10299800171585964 0.12510397783744706 0.07890991316955054 0.13830558344622804
0 0.21929293995823484 0.21570240162730822 0.08966555674305984 0.1326287935321364
0 0.12687811942512148 0.21868355947465287 0.10823370031656906 0.12736143939369332
0 0.30636704262380193 0.18114369515944456 0.10193823620994635 0.12547139077317446
0 0.33515625 0.06796875 0.0671875 0.1359375
0 0.3078125 0.58359375 0.121875 0.0328125
0 0.08684884982908017 0.3574251549066686 0.1280006310370969 0.10967597241038014
0 0.2989062321198183 0.27621053369405535 0.11563702335696498 0.1137083751693421
0 0.14698471628470075 0.44195064111185867 0.0819439849563052 0.13534435775648762
0 0.9828125 0.275 0.034375 0.021875
0 0.9517176803913234 0.39131099050060325 0.03349446159934022 0.02515713025772488
0 0.9193718448145152 0.2659900859326189 0.025909282132453627 0.0325601944820761
0 0.984375 0.328125 0.03125 0.03125
0 0.9041152546853606 0.41385437584671064 0.02439224623907634 0.034040807326946164
0 0.9628778039065728 0.22288853912112225 0.021267246239076342 0.03387703301668683
0 0.9845087629986308 0.17864057213780898 0.02287521034569906 0.03552142017181659
0 0.9826567579840658 0.13472679782754948 0.028852425705962935 0.02647396879233561
0 0.9890625 0.43828125 0.021875 0.0265625
0 0.9318310777257564 0.42939084463904625 0.02287521034569906 0.03552142017181659
0 0.9295197346271008 0.23991890886339745 0.03193196159934022 0.025075243102595124
0 0.9562975318032493 0.34147476481086264 0.02898881802583091 0.03116146879233561
0 0.98828125 0.36015625 0.0234375 0.0359375
0 0.9663497963847256 0.15734542627625192 0.02439224623907634 0.034040807326946164
0 0.9580753289793975 0.4417204262762519 0.025909282132453627 0.0325601944820761
0 0.9386961578257813 0.19345334463904623 0.028943353919208194 0.02959896879233561
0 0.98828125 0.39765625 0.0234375 0.0296875
0 0.98828125 0.21171875 0.0234375 0.0234375
0 0.8912348214575502 0.3724923914505428 0.025909282132453627 0.0325601944820761
0 0.3288665167595545 0.9319359905006032 0.056005959092057724 0.04817855042954129
0 0.353125 0.86796875 0.03125 0.0421875
0 0.19546298337345958 0.9452880823145744 0.06359113855894431 0.04077548620519007
0 0.3625 0.96015625 0.0125 0.0609375
0 0.02109375 0.8109375 0.0421875 0.059375
0 0.83359375 0.98125 0.0421875 0.0375
0 0.8830946786754638 0.9431943950685875 0.04506845909205772 0.04760534034363299
0 0.7215206811827463 0.956635018090223 0.04346049498543501 0.04596095318850324
0 0.87421875 0.98203125 0.0421875 0.0359375
0 0.7935608172344082 0.9009449400710619 0.04350595909205772 0.04752345318850324
0 0.46328125 0.98203125 0.0484375 0.0359375
0 0.85310095328607 0.8445997648108626 0.04350595909205772 0.04752345318850324
0 0.7015551736608988 0.8898635979184066 0.04506845909205772 0.04760534034363308
0 0.7697883481132205 0.8574472455889859 0.04346049498543501 0.04596095318850333
0 0.6613848147271256 0.8721095318850332 0.04502299498543501 0.046042840343633
0 0.7695944683297649 0.9716735198992454 0.04346049498543501 0.04596095318850333
0 0.7072261636317689 0.8025273722286661 0.04506845909205772 0.04760534034363308
0 0.6904190968595793 0.8423335006773686 0.04506845909205772 0.04760534034363308
0 0.7819533789920329 0.8158329556748942 0.04506845909205772 0.04760534034363308
0 0.637339560966202 0.837986837402957 0.04506845909205772 0.04760534034363299
0 0.8481119249145401 0.9084984905006032 0.04506845909205772 0.04760534034363308
0 0.646566145289369 0.9511419346439951 0.04502299498543509 0.046042840343633
0 0.6477482120615586 0.9105169346439951 0.04506845909205772 0.04760534034363299
0 0.90703125 0.99296875 0.0421875 0.0140625
0 0.6039982120615586 0.9082240943003619 0.04506845909205772 0.04760534034363299
0 0.9249759532860701 0.8483665739468315 0.04506845909205772 0.04760534034363299
0 0.822288873977468 0.774130134553138 0.04355142319868044 0.049085953188503284
0 0.5989302788337484 0.8672715456798429 0.04663095909205772 0.04768722749876275
0 0.9234468940357277 0.954698461101961 0.04346049498543501 0.04596095318850333
0 0.75 0.99140625 0.04375 0.0171875
0 0.5954703097125608 0.8248383842144538 0.04506845909205772 0.04760534034363299
0 0.6011627170761236 0.9518922071452323 0.04502299498543509 0.046042840343633