0 0.2875 0.49296875 0.021875 0.0140625
0 0.99453125 0.1375 0.0109375 0.065625
0 0.9625 0.0265625 0.053125 0.053125
0 0.98984375 0.0484375 0.0203125 0.05625
0 0.97265625 0.0796875 0.0546875 0.05
0 0.20246164391858149 0.9136485949039848 0.045059942927905536 0.029907675893442943
0 0.1557321931327932 0.9148635850181531 0.04059076674922295 0.03440417490485981
0 0.3021020789886041 0.9769709486680369 0.03321491439185813 0.04346083992388792
0 0.12491884077542839 0.9229652450942651 0.03321491439185813 0.04346083992388792
0 0.2868366439185815 0.9170866126984819 0.04364299214211727 0.03296900889724856
0 0.17332210752465133 0.9576877549800968 0.0449871683207995 0.02834517589344294
0 0.2829154313459689 0.9668319447137044 0.03165241439185813 0.043397172927693364
0 0.10703125 0.99375 0.0421875 0.0125
0 0.09759436145359279 0.939006739162766 0.028818512820281583 0.04951983893530461
0 0.2591140583104396 0.9580644397707884 0.03761131596343468 0.037401840912470875
0 0.31328125 0.990625 0.0265625 0.01875
0 0.26171875 0.9859375 0.0296875 0.028125
0 0.22742741066780453 0.9474160998469007 0.03328768899896399 0.04502333992388792
0 0.3283007059530748 0.9702407876033418 0.027037688998963992 0.044768671939110403
0 0.2328125 0.99375 0.040625 0.0125
0 0.3284077138109577 0.9390544545995361 0.04215326674922295 0.03446784190105419
0 0.1311346075246514 0.9559687460828483 0.047893844499481995 0.0237850098858317
0 0.10715345202413333 0.9768250741437381 0.04371576674922295 0.03453150889724856
0 0.1899659520241334 0.9801994249420408 0.0449871683207995 0.02834517589344294
0 0.34609375 0.99140625 0.0453125 0.0171875
0 0.3434505169541108 0.9271911245614799 0.03782963978475227 0.04208934091247105
0 0.15689658684648694 0.9398635850181531 0.04625856989237622 0.02215884288963732
0 0.2296875 0.98359375 0.040625 0.0328125
0 0.34988460752465134 0.9648821255500633 0.03001713978475227 0.04177100593149916
0 0.2890625 0.9921875 0.034375 0.015625
0 0.21111320595307478 0.9654657628887623 0.0449871683207995 0.02834517589344294
0 0.19375 0.99375 0.046875 0.0125
0 0.19581353763227521 0.9383302599230128 0.04215326674922295 0.03446784190105419
0 0.25355326302516945 0.9391234387822053 0.042080492142117266 0.03290534190105419
0 0.2958135376322753 0.9424049476794538 0.0449871683207995 0.02834517589344294
0 0.24486746773989906 0.9200551038012333 0.04505994292790536 0.029907675893442943
0 0.14765625 0.99296875 0.0453125 0.0140625
0 0.14167400123834514 0.9813507480600148 0.046767992142117264 0.03309634288963732
0 0.8703125 0.99140625 0.053125 0.0171875
0 0.9875 0.9390625 0.025 0.05
0 0.7828725818840881 0.8760955622807399 0.049713209677128486 0.06284750988583174
0 0.72578125 0.98828125 0.0515625 0.0234375
0 0.78515625 0.97734375 0.0703125 0.0453125
0 0.71640625 0.796875 0.0328125 0.059375
0 0.725 0.96796875 0.05 0.0484375