0 0.62109375 0.015625 0.0828125 0.03125
0 0.50078125 0.125 0.0421875 0.103125
0 0.6615079139932638 0.1678380885463091 0.09511618182494211 0.07455738229073816
0 0.6525547252482395 0.2726619808661771 0.08181768577927465 0.09289820533113406
0 0.7605582262368228 0.2648374575092121 0.07119852076024671 0.10039245658477522
0 0.865625 0.04453125 0.0625 0.0890625
0 0.6195352727002319 0.0488895117449895 0.10041117688202625 0.05130173871722894
0 0.6145108971873499 0.2487985835317442 0.08487901878308027 0.0914266335443795
0 0.7336959317877609 0.08146266785491107 0.08794035178688589 0.08995506175762476
0 0.6209412638029834 0.09098608353174412 0.10229201186299815 0.059159702823851565
0 0.77734375 0.01796875 0.0546875 0.0359375
0 0.9577701017497049 0.05933630060786772 0.05869852076024671 0.10002874373179385
0 0.8400839001530993 0.22818925217807803 0.09537084980971962 0.08080738229073817
0 0.9115370888981236 0.12154679559330277 0.10353617688202625 0.051392666930474284
0 0.9242387242596564 0.26943872631383065 0.05407468775644109 0.10145485141192587
0 0.90703125 0.0328125 0.0546875 0.065625
0 0.88359375 0.98828125 0.0296875 0.0234375
0 0.9953125 0.91484375 0.009375 0.0296875
0 0.9890625 0.94453125 0.021875 0.0296875
0 0.9199491777962472 0.9600302855641729 0.03089717292769336 0.030551318025830908
0 0.92109375 0.9875 0.0296875 0.025
0 0.9786875078343034 0.9739276495125111 0.029271005931499162 0.028943353919208194
0 0.9490000078343034 0.974791467538342 0.029334672927693362 0.03050585391920819
0 0.990625 0.99140625 0.01875 0.0171875
0 0.96484375 0.9921875 0.0296875 0.015625