0 0.109375 0.0234375 0.103125 0.046875
0 0.03203125 0.01796875 0.0640625 0.0359375
0 0.2068854079050027 0.03520136931147562 0.10577151000193971 0.056292849461880755
0 0.24496026638003537 0.6318494292790543 0.030293277879787084 0.027872442927905538
0 0.22404173062434046 0.6806850355653606 0.02885832363742171 0.0293621683207995
0 0.2179195342578828 0.6056850355653607 0.0322384151526907 0.03263271753501122
0 0.25143366486282664 0.5776713515287953 0.028603232122152544 0.026237168320799586
0 0.21249871062046113 0.577414486351149 0.028603232122152634 0.026237168320799586
0 0.3411022006185215 0.40372442927905433 0.06230855242559432 0.03870293507002263
0 0.6539531448589473 0.36537267452154343 0.057493506667959694 0.036922111248705036
0 0.5671225666795978 0.4267039727022978 0.05892846091032524 0.0354323858558109
0 0.3857130700135777 0.43537684367091245 0.0594386439408634 0.0416823858558109
0 0.43233323637421633 0.3581636803125116 0.05108401000193972 0.05374573821317572
0 0.5526137854658308 0.38244455045255676 0.037276601517208796 0.05621576674922295
0 0.5506372130363572 0.2438186980951919 0.05070137272903601 0.04905823821317572
0 0.6195778869830395 0.44004303473679107 0.057493506667959694 0.036922111248705036
0 0.39767067819874613 0.5246576674922301 0.058003689698497854 0.043172111248705035
0 0.538519592433353 0.32419540280992165 0.04808655575957417 0.055162688998963996
0 0.6070776291071318 0.5157322394515208 0.05500623545613248 0.04458906203449331
0 0.6610954494105735 0.52914407609312 0.06061850666795969 0.03706766046291676
0 0.4537931324411117 0.5257150533480409 0.06218100666795969 0.037140435070022626
0 0.6795906157712122 0.45062096980681365 0.054623598183228775 0.03990156203449331
0 0.6337042887998108 0.40334355541495553 0.037276601517208616 0.05621576674922295
0 0.5342139560785333 0.5574787837033337 0.058003689698497854 0.043172111248705035
0 0.3504130409258425 0.5177869292790543 0.04496155575957417 0.05501713978475227
0 0.6682068345574452 0.4065070967712844 0.04352660151720862 0.0565068651776464
0 0.5809621839486221 0.32928531720177984 0.04783146424430527 0.052037688998963993
0 0.4692272006185215 0.4096919470617347 0.03871155575957417 0.05472604135632882
0 0.519290586683477 0.5272090868464869 0.05931109818322895 0.0401198858558109
0 0.6851389851662684 0.4804540190210254 0.05841827787978708 0.0291823858558109
0 0.6019126706127025 0.26177248552257937 0.04040160151720862 0.056361315963434765
0 0.5763695051701477 0.5781209234880861 0.0594386439408634 0.0416823858558109
0 0.6418991681968065 0.4846663300220614 0.037404147274843244 0.05777826674922295
0 0.3399859818322885 0.44725610545773675 0.05682382697140156 0.047786836641599176
0 0.5971285442598224 0.546400042594674 0.05095646424430509 0.05218323821317572
0 0.4717139560785332 0.5545677994190995 0.062308552425594146 0.03870293507002263
0 0.4040167887998106 0.39264568817039447 0.0404016015172088 0.056361315963434674
0 0.389794276381975 0.561648245242489 0.04652405575957417 0.05508991439185813
0 0.38941189698497924 0.48068934367091243 0.045089101517208796 0.056579639784752445
0 0.5090549751643287 0.42088631223938106 0.046268964244305266 0.05196491439185813
0 0.5938765142540035 0.3921491902373091 0.05057382697140156 0.04749573821317572
0 0.7137736524449909 0.6405567650920839 0.05251896424430509 0.05225601282028158
0 0.5968737106204612 0.46700364102309744 0.05082891848667046 0.05062073821317572
0 0.3234375 0.4734375 0.046875 0.04375
0 0.42152250850412754 0.5880309627775004 0.03584164727484333 0.057705492142117266
0 0.6046228245555055 0.35217916170126184 0.046268964244305086 0.05196491439185813
0 0.5005730533436783 0.35511576302516934 0.04040160151720862 0.056361315963434674
0 0.5494565766815375 0.47724762820281585 0.05264651000193972 0.053818512820281585
0 0.5063762563780957 0.4643452138109577 0.04170901000193972 0.053309090570540715
0 0.31015625 0.42890625 0.0203125 0.0515625
0 0.44368480880369 0.49722618031251165 0.06167082363742171 0.030890435070022627
0 0.309375 0.37109375 0.01875 0.0515625
0 0.5233398421434889 0.6721577138109576 0.045216647274843244 0.058142139784752266
0 0.44939293274067404 0.43367310256225267 0.04770391848667064 0.05047518899896399
0 0.44068812818904785 0.2698289263835702 0.06087359818322895 0.040192660462916675
0 0.49888249183422817 0.5060232915612166 0.059183552425594324 0.0385573858558109
0 0.6310247963858544 0.6756166617012618 0.06454073212215264 0.02791098428423435
0 0.6520719094028149 0.32325794912864925 0.04470646424430509 0.05189213978475227
0 0.5366053745652039 0.6058435090962279 0.0482141015172088 0.05672518899896417
0 0.4839586066873564 0.6282963978475229 0.06125623545613248 0.04488016046291676
0 0.6242009694144528 0.6301586124870501 0.05876896424430526 0.052547111248705036
0 0.6778364103208988 0.5626115475570727 0.05707891848667046 0.050911836641599