0 0.27028825079296953 0.12134865622385682 0.06783595318850325 0.04677644703379293
0 0.18665687924167199 0.13118284210978484 0.05171298620519007 0.0658870799535137
0 0.09775150949939677 0.09203322477740414 0.069480340343633 0.04844820767745457
0 0.21328125 0.03125 0.0546875 0.0625
0 0.26394307553277035 0.0628805923618863 0.041103034825709095 0.07137225544788173
0 0.103125 0.021875 0.046875 0.04375
0 0.14735536182881742 0.1629355866619031 0.06199538896415202 0.05415190445914604
0 0.3153418012225108 0.06961119360272364 0.07022396879233561 0.0329324683211162
0 0.0789129782917323 0.06248783640980164 0.07235967887824382 0.04397922896477802
0 0.09431889303648192 0.18745498542106587 0.050314260515449585 0.06890281930985206
0 0.29392274536590257 0.2688463690970915 0.0624048247398008 0.06196440445914604
0 0.10499744346602324 0.13331378863937457 0.0649566146538926 0.05124542574646949
0 0.02578125 0.03828125 0.0515625 0.0328125
0 0.18881916553771916 0.23954164532809347 0.07013543758467122 0.06094820767745457
0 0.21066094527504556 0.09208749112104915 0.06043288896415202 0.05404264381548422
0 0.02578125 0.07734375 0.0515625 0.0453125
0 0.1493826085494571 0.034482804730918026 0.0624048247398008 0.06196440445914604
0 0.3204320929456248 0.03232971489004708 0.06799972749876275 0.049901447033792935
0 0.02734375 0.20703125 0.0546875 0.0578125
0 0.25078125 0.0125 0.0671875 0.025
0 0.03359375 0.11484375 0.0671875 0.0453125
0 0.2804135232942067 0.16753524137315062 0.06857293758467105 0.06083894703379293
0 0.05872887381460505 0.2680822725478311 0.048997421980838854 0.07348105866619008
0 0.18439061510817786 0.29411988468443173 0.07211401741285464 0.03929172896477802
0 0.44675557553277034 0.6522273156266812 0.018088258706427142 0.01838936708027905
0 0.4750509938955645 0.6808657678562542 0.018088258706427142 0.018389367080279228
0 0.5147752351891373 0.7008940445914593 0.01808825870642732 0.01838936708027905
0 0.5517839122583588 0.712891300039341 0.018088258706427142 0.01838936708027905
0 0.49133773518913726 0.6992551349365332 0.01808825870642732 0.01838936708027905
0 0.5437124626879001 0.6574389755337088 0.01652575870642714 0.018280106436617417
0 0.5609818498430299 0.6570783426139879 0.016443871551297562 0.016717606436617415
0 0.5725058480340075 0.7064991884069436 0.016525758706427317 0.018280106436617417
0 0.5632060911366026 0.6744843639013114 0.018006371551297563 0.01682686708027923
0 0.557699719585305 0.6897815819703261 0.018088258706427142 0.01838936708027905
0 0.7112075791508149 0.6466000284999159 0.08157090456798421 0.041509792826748534
0 0.88887447648271 0.8174145450956625 0.07820024310259513 0.036603771539424915
0 0.7332596415661439 0.7045981987985037 0.06890048620519007 0.06708894703379294
0 0.6230790581199158 0.7721684750295057 0.058536196291098366 0.07726162252816078
0 0.8465785131174414 0.6968399651421486 0.05368492198083885 0.07380884059717552
0 0.8341537562200365 0.664606619349193 0.058126760515449585 0.0694491225281606
0 0.8098553618288176 0.8589357735562373 0.06149742198083885 0.07435514381548422
0 0.8077749626879001 0.7490144703379287 0.06281426051544958 0.06977690445914586
0 0.921080546134128 0.6816627153942502 0.050723696291098366 0.07671531930985206
0 0.9025828516520521 0.7054608483139712 0.047598696291098364 0.07649679802252862
0 0.7451997195853051 0.7760033052351211 0.05524742198083885 0.07391810124083734
0 0.862865254411014 0.7152293322224277 0.05360303482570892 0.07224634059717552