0 0.7488180742656414 0.36629261668929614 0.028730777879787082 0.028730777879787082
0 0.63125 0.39921875 0.028125 0.0203125
0 0.7544622963858544 0.34036784547746884 0.028730777879787082 0.028730777879787082
0 0.7953743388095089 0.3281865809336012 0.028730777879787082 0.028730777879787082
0 0.6683652997198342 0.3504127830499348 0.028730777879787082 0.028730777879787082
0 0.7271664727484327 0.3102021133553162 0.028730777879787082 0.028730777879787082
0 0.16779173062434047 0.8029959069869189 0.10519742515463033 0.09084788273097573
0 0.4345326915346657 0.8573636400271554 0.08603283697334127 0.1032522878817268
0 0.9551641848667061 0.9161970218400471 0.05589905575957417 0.05733401000193972
0 0.9890625 0.91484375 0.021875 0.0609375
0 0.93125 0.99375 0.059375 0.0125
0 0.9588630118381074 0.9615095218400471 0.048469193032477875 0.06138378121376711
0 0.9186206491110112 0.9628808321415493 0.04547173879011233 0.06269118969849785
0 0.88046875 0.98984375 0.0484375 0.0203125