0 0.1671875 0.51484375 0.05 0.0484375
0 0.1418610284135095 0.42532652243212876 0.04769320616851012 0.0509760311027776
0 0.18677588230854356 0.2727674504246286 0.04607615909060954 0.04771433006601846
0 0.1 0.5296875 0.046875 0.01875
0 0.2 0.53359375 0.046875 0.0109375
0 0.037520176140033404 0.3066558519324992 0.04769320616851021 0.0509760311027776
0 0.9765625 0.16640625 0.046875 0.0640625
0 0.8647486980541306 0.2065956462775916 0.08595686525911965 0.09800685598499985
0 0.7504952832814783 0.2075539705941659 0.08129663879807011 0.09915925287472209
0 0.8159487337679456 0.1334712131012954 0.08280459172016937 0.09617095391148131
0 0.95546875 0.228125 0.0890625 0.059375
0 0.9033396396121443 0.14737647115981373 0.10103639448011278 0.06812386635259235
0 0.96953125 0.309375 0.0609375 0.090625
0 0.690625 0.01015625 0.103125 0.0203125
0 0.85625 0.04609375 0.090625 0.0921875
0 0.7643747767886565 0.3089209809617584 0.08436709172016936 0.09630765494824053
0 0.7010644788999769 0.4395271405281475 0.08285913879807012 0.09929595391148141
0 0.95546875 0.38671875 0.0890625 0.0828125
0 0.6079725925342435 0.1246649752123143 0.08132391233702041 0.1007217528747221
0 0.98125 0.07734375 0.0375 0.1078125
0 0.64114400812097 0.4655825011312958 0.10122730925276535 0.07906136635259245
0 0.4007292881527422 0.6787645892558325 0.03848184740221221 0.059530824882222076
0 0.40808604627041706 0.795209795476388 0.04939207386326192 0.058925232139537084
0 0.4431077029253946 0.6715180172483324 0.04618525324641087 0.05396433006601846
0 0.33049860876959325 0.6679255426016659 0.05084547970746058 0.05281193317629622
0 0.36432022971075584 0.6129837643736102 0.052353432629559826 0.04982363421305536
0 0.4514656737044014 0.6409515224321287 0.05542388555165907 0.04697203628657398
0 0.43921904383478505 0.7149946151748139 0.04618525324641087 0.05396433006601846
0 0.3422349496789837 0.7127691508957399 0.03848184740221221 0.059530824882222076
0 0.37306793831489804 0.6497414705941659 0.04157957386326192 0.0582417269557407
0 0.3289712905883742 0.755425542601666 0.06011138555165916 0.04738213939685174
0 0.4009553847441755 0.7554637902925918 0.06452615016215582 0.032167242507129504
0 0.47265625 0.703125 0.0328125 0.0375
0 0.48046875 0.74609375 0.0171875 0.0453125
0 0.3860122232179341 0.7150342799249991 0.05087275324641087 0.05437443317629622
0 0.3082884180223585 0.5955625270502771 0.04155230032431154 0.0566792269557407
0 0.35551797402871294 0.5793510581530548 0.05994774431795715 0.03800713939685174
0 0.4119861623403157 0.5717722954763881 0.04462275324641087 0.05382762902925915
0 0.48203125 0.63125 0.0140625 0.0375
0 0.45674173458201983 0.786947527615925 0.03379434740221221 0.059120721771944315
0 0.28074407062014634 0.6494886094253698 0.06153751785690744 0.039706340433610876
0 0.4640625 0.5875 0.05 0.04375
0 0.48046875 0.796875 0.0171875 0.0375
0 0.9044894878284306 0.668100491329351 0.051554591720169365 0.09343693317629623
0 0.978125 0.8234375 0.04375 0.09375