0 0.6442586357750916 0.34824377079742774 0.028603232122152634 0.026082338935304605
0 0.6299727372923003 0.402167266843095 0.027040732122152633 0.026018671939110227
0 0.7030276000193967 0.4004721156642314 0.027040732122152633 0.026018671939110227
0 0.7006039727484327 0.44709244767945383 0.027040732122152633 0.026018671939110404
0 0.7302914727484326 0.44830212060714725 0.027040732122152633 0.026018671939110227
0 0.5420261982026255 0.4312870810638203 0.027040732122152633 0.026018671939110227
0 0.6117009694144528 0.4263395958925679 0.027040732122152633 0.026018671939110227
0 0.59765625 0.46171875 0.0265625 0.0140625
0 0.0890625 0.990625 0.025 0.01875
0 0.13125 0.99140625 0.025 0.0171875
0 0.02308449275231208 0.9830167243340184 0.025350686364518003 0.02439250494291585
0 0.059375 0.9953125 0.025 0.009375
0 0.06307176396413938 0.9768595662350726 0.025350686364518003 0.02439250494291585
0 0.04521458426758116 0.98703306228074 0.023788186364518005 0.024328837946721648
0 0.00546875 0.9609375 0.0109375 0.025
0 0.5681102082045651 0.9199622619001792 0.025350686364518184 0.02439250494291585
0 0.5232442472942399 0.8854307530029306 0.025350686364518184 0.02439250494291585
0 0.42703866911489036 0.9469173982502952 0.025350686364518003 0.02439250494291585
0 0.5437159860843522 0.9454424229648744 0.02547823212215263 0.02595500494291585
0 0.526815528508007 0.9291807530029306 0.025350686364518003 0.02439250494291585
0 0.5246475085041276 0.8263104209877081 0.025350686364518184 0.02439250494291585
0 0.49910511668929614 0.914035914067626 0.025350686364518003 0.02439250494291585
0 0.36702594032671776 0.9366855523949082 0.025350686364518003 0.02439250494291585
0 0.35078125 0.95234375 0.0234375 0.0234375
0 0.4812479369927378 0.9242094101132932 0.023788186364518005 0.02432883794672147
0 0.35078125 0.9890625 0.0234375 0.021875
0 0.42943034547746883 0.9189833992388783 0.025350686364518003 0.02439250494291585
0 0.4694498254735895 0.8178320761209044 0.025350686364518003 0.02439250494291585
0 0.5053553745652039 0.837982750037181 0.025350686364518003 0.02439250494291585
0 0.4011777997198342 0.9162748933073793 0.025350686364518003 0.02439250494291585
0 0.35078125 0.8109375 0.0234375 0.025
0 0.4656548879011234 0.9048864071475438 0.025350686364518003 0.02439250494291585
0 0.3484375 0.87890625 0.01875 0.0234375
0 0.6105844927523121 0.9824277698088444 0.02547823212215263 0.02595500494291585
0 0.40149705092778226 0.8057193952845456 0.025350686364518003 0.02439250494291585
0 0.35675837789918374 0.8490582184025195 0.025350686364518003 0.02439250494291585
0 0.42298941365487863 0.801923233231267 0.025350686364518003 0.02439250494291585
0 0.3484375 0.90078125 0.01875 0.0234375
0 0.38558475062821984 0.8969518903416297 0.025350686364518003 0.02439250494291585
0 0.4135822048705853 0.8965353962731288 0.025350686364518003 0.02439250494291585
0 0.3484375 0.92421875 0.01875 0.0234375
0 0.4420898421434889 0.9023689022046278 0.025350686364518003 0.02439250494291585
0 0.4558016557789709 0.8795680721665718 0.025350686364518003 0.02439250494291585
0 0.4652086066873564 0.8612637411399324 0.025350686364518003 0.02439250494291585
0 0.3764011982026255 0.8607597223568522 0.025350686364518003 0.02439250494291585
0 0.36868429305187445 0.8806902203796858 0.025350686364518003 0.02439250494291585
0 0.3982442472942399 0.8803373933073793 0.025350686364518003 0.02439250494291585
0 0.485553057595742 0.843405079086654 0.023660640606883377 0.02276633794672147
0 0.46342296608047295 0.8393887411399324 0.025350686364518003 0.02439250494291585
0 0.43864610668735643 0.8601814022046279 0.025350686364518003 0.02439250494291585
0 0.4357442472942399 0.8818654012160447 0.023788186364518005 0.02432883794672147
0 0.3988183321415492 0.8492147272997681 0.025350686364518003 0.02439250494291585
0 0.441547966080473 0.838497403193211 0.023660640606883554 0.02276633794672147
0 0.42308500850412756 0.8221720662350727 0.025223140606883555 0.02283000494291585
0 0.3760505118381075 0.8373858893530466 0.023660640606883554 0.02276633794672147
0 0.4032826915346657 0.8275943952845456 0.023788186364518005 0.02432883794672147
0 0.4201831491110111 0.8438560652464895 0.025350686364518003 0.02439250494291585
0 0.4172812897178946 0.8655400642579064 0.025350686364518003 0.02439250494291585