0 0.54375 0.2203125 0.065625 0.034375
0 0.65 0.23125 0.0640625 0.0390625
0 0.6765625 0.2609375 0.05625 0.05
0 0.615625 0.35625 0.05625 0.0546875
0 0.509375 0.2578125 0.0609375 0.046875
0 0.540625 0.2796875 0.0609375 0.0484375
0 0.4734375 0.24375 0.0578125 0.05
0 0.4640625 0.3296875 0.0609375 0.046875
0 0.621875 0.271875 0.05625 0.0515625
0 0.646875 0.4359375 0.0578125 0.053125
0 0.6109375 0.3 0.05625 0.053125
0 0.7109375 0.4328125 0.0375 0.0671875
0 0.6375 0.7609375 0.0359375 0.078125
0 0.446875 0.3515625 0.0625 0.046875
0 0.403125 0.303125 0.0640625 0.0390625
0 0.559375 0.4359375 0.0671875 0.0390625
0 0.7203125 0.71875 0.06875 0.0515625
0 0.69375 0.7890625 0.0609375 0.0640625
0 0.4703125 0.4546875 0.0578125 0.0546875
0 0.5625 0.74375 0.046875 0.075
0 0.6421875 0.6515625 0.040625 0.0703125
0 0.603125 0.659375 0.0390625 0.0703125
0 0.7359375 0.6078125 0.0484375 0.06875
0 0.6671875 0.746875 0.03125 0.0765625