0 0.25625 0.0296875 0.059375 0.059375
0 0.33490999516185116 0.03428608198423202 0.06541216837349921 0.051090941558013546
0 0.30625 0.0078125 0.0625 0.015625
0 0.3572862531249461 0.10569743182207621 0.061179694681858444 0.05882162094116268
0 0.3465014005929323 0.21046675243892726 0.0759856473268119 0.045031856330665934
0 0.39453125 0.01875 0.0703125 0.0375
0 0.3772949162367734 0.056959922893622485 0.07378611049510883 0.03406708279171564
0 0.15164246885349192 0.04528958604142179 0.04913472099021767 0.06641593262955983
0 0.4218191899848839 0.1233019431861619 0.0551117052052021 0.06183752678536116
0 0.08642772155491504 0.11979075406048505 0.06430469468185844 0.05887616801906326
0 0.15141568472321207 0.12958276542457076 0.0656851841585147 0.055778441558013724
0 0.2311941899848839 0.12662931493810348 0.03828822625188959 0.06778751785690744
0 0.041935726957761196 0.26729304545634286 0.04306673151356133 0.06943183847375849
0 0.39888294794797885 0.1955042256535661 0.042793715728545935 0.06474433847375849
0 0.8760068900695884 0.08727116559002183 0.049423147326811724 0.044568206168510115
0 0.7966525900131188 0.029341663154389862 0.0462071420651398 0.042951159090609536
0 0.6147655531814158 0.043442893672629344 0.04464464206513998 0.04292388555165907
0 0.8457425373964004 0.04409390990797899 0.0478606473268119 0.044540932629559826
0 0.7514619163779478 0.08164054870604902 0.04629814732681172 0.04451365909060954
0 0.7477600637047596 0.037999642861850445 0.04464464206513981 0.04292388555165907
0 0.6328125 0.00546875 0.04375 0.0109375
0 0.703737047919744 0.04345080195245998 0.04464464206513998 0.04292388555165907
0 0.5453125 0.01875 0.046875 0.0375
0 0.76640625 0.0078125 0.0453125 0.015625
0 0.8269477637894642 0.12558937175853205 0.04786064732681172 0.044540932629559826
0 0.665625 0.01796875 0.04375 0.0359375
0 0.72265625 0.01171875 0.0453125 0.0234375
0 0.21353625312494612 0.7308258912369974 0.1166708314853265 0.10037392126547431
0 0.053125 0.61171875 0.10625 0.0609375
0 0.37599002147021043 0.648383763803013 0.09267188936371688 0.11712504464226861
0 0.401520642488663 0.6120371607187579 0.08881884727034191 0.10457049756436802
0 0.30596594780680453 0.671458799516828 0.081097352532014 0.1059966298696164
0 0.23110464277101164 0.9115849675358912 0.12245039462538862 0.11920574188232518
0 0.2762630372552259 0.6454417702958347 0.0825688472703419 0.10446140340856651
0 0.09610655844308766 0.7906293595803722 0.10526289462538863 0.11890573295387145
0 0.373791942686307 0.8201223961082613 0.14371917889684288 0.055579618505530705
0 0.07720391097510157 0.6863782362035776 0.1197958314853265 0.10042846834337489
0 0.25188466353535033 0.6084054204579905 0.0884548262236546 0.09832049756436803
0 0.6589243478350394 0.6211623392878327 0.04786064732681172 0.044540932629559826
0 0.8575424003105836 0.45379974107484156 0.04308214206513998 0.04289661201270878
0 0.6944963687405524 0.46601118912567685 0.04620714206513989 0.042951159090609536
0 0.8560121794615402 0.6676713263021892 0.04299113680346807 0.04133411201270878
0 0.7605484900413536 0.7255304651002592 0.04629814732681181 0.04451365909060954
0 0.9697862531249462 0.6438326314977647 0.04464464206513998 0.04292388555165907
0 0.9059505372552259 0.5606576672115796 0.04482665258848364 0.04604888555165907
0 0.794254174058694 0.5220236355549545 0.04473564732681172 0.04448638555165925
0 0.9155537794333053 0.6369747053610266 0.04464464206513981 0.04292388555165925
0 0.6002928004799928 0.6362339602289953 0.04786064732681181 0.044540932629559826
0 0.5586205109468667 0.5745248928585551 0.04629814732681181 0.04451365909060954
0 0.7904781847232121 0.6672543149381035 0.04464464206513998 0.04292388555165907
0 0.6460588687405524 0.4668566688331374 0.04786064732681181 0.044540932629559826
0 0.8275972950771464 0.48554066477594765 0.04299113680346807 0.04133411201270887
0 0.809375 0.44296875 0.04375 0.0265625
0 0.98671875 0.67578125 0.0265625 0.0421875
0 0.9311340058263692 0.7178701493546722 0.04464464206513998 0.04292388555165907
0 0.6011720319935542 0.5675385073068959 0.04629814732681181 0.04451365909060954
0 0.9289036478915091 0.6757644699715233 0.04464464206513981 0.04292388555165907
0 0.6354406161803037 0.5419657629889387 0.04786064732681172 0.04454093262956001
0 0.9828125 0.56484375 0.034375 0.0421875
0 0.8242609214984453 0.596423617698047 0.04308214206513981 0.04289661201270878
0 0.7914638320500238 0.6235315884770538 0.0462071420651398 0.042951159090609536
0 0.7413111845820377 0.519825935879266 0.04464464206513998 0.04292388555165916
0 0.9468485530402415 0.5552610551988708 0.039866136803468066 0.0412795649348082
0 0.72734375 0.4359375 0.0453125 0.0125
0 0.8657049688534919 0.5816520056853381 0.04308214206513981 0.04289661201270896
0 0.7506876426298372 0.6804361534118619 0.044553636803468064 0.041361385551659066
0 0.7053303690229011 0.7623952654245707 0.04638915258848364 0.04607615909060954
0 0.5909471635353503 0.5286941956184987 0.04786064732681172 0.044540932629559826
0 0.8875660163497129 0.7155088084452818 0.0462071420651398 0.042951159090609536
0 0.5663867792921311 0.4947828457806544 0.047769642065139895 0.042978432629559825
0 0.98671875 0.71875 0.0265625 0.04375
0 0.7473358584995574 0.7647838798729116 0.04464464206513998 0.04292388555165907
0 0.8364585426580721 0.7085963352306429 0.0447356473268119 0.04448638555165907
0 0.5620493478350393 0.6228532987027537 0.04795165258848364 0.04610343262955983
0 0.6242609214984454 0.5999146306836904 0.04786064732681172 0.044540932629559826
0 0.6411166796027146 0.819708933443634 0.04795165258848364 0.04610343262956
0 0.9129733529555368 0.46688039367262935 0.04464464206513981 0.04292388555165916
0 0.7878823476938651 0.47062477678865655 0.043173147326811726 0.04445911201270878
0 0.7952119163779477 0.7467781737044014 0.04473564732681172 0.04448638555165907
0 0.7158422057698994 0.6623134448077197 0.04299113680346807 0.04133411201270896
0 0.8115957795744798 0.7870758912369974 0.04629814732681172 0.04451365909060954
0 0.5256414109751015 0.6047578636375619 0.047860647326811764 0.044540932629559826
0 0.8897963742845729 0.7576144878284307 0.04629814732681172 0.04451365909060954
0 0.7032805635635853 0.5563907272751238 0.04620714206513998 0.042951159090609536
0 0.7626555635635852 0.5553543327950109 0.04464464206513998 0.04292388555165925
0 0.615625 0.44375 0.046875 0.028125
0 0.8371264005929323 0.7507292881527422 0.0447356473268119 0.04448638555165925
0 0.970785852955537 0.4658712727314668 0.045008663111827295 0.04917388555165925
0 0.6378992162932431 0.6605521217552368 0.04786064732681172 0.044540932629559826
0 0.6976396953877301 0.8140395860414218 0.04786064732681172 0.044540932629559826
0 0.5938622480044486 0.8002419131510946 0.04795165258848364 0.04610343262955983