0 0.4609375 0.5625 0.0296875 0.028125
0 0.5203125 0.5890625 0.0296875 0.0296875
0 0.3890625 0.5890625 0.03125 0.0296875
0 0.35625 0.5421875 0.03125 0.0296875
0 0.478125 0.6171875 0.0296875 0.0296875
0 0.4484375 0.596875 0.0296875 0.0296875
0 0.4484375 0.51875 0.0296875 0.028125
0 0.6796875 0.5453125 0.03125 0.028125
0 0.490625 0.51875 0.028125 0.028125
0 0.5296875 0.63125 0.0296875 0.0296875
0 0.5890625 0.5359375 0.0296875 0.028125
0 0.51875 0.5015625 0.028125 0.028125
0 0.3734375 0.5078125 0.03125 0.028125
0 0.525 0.465625 0.0296875 0.028125
0 0.30625 0.525 0.03125 0.0296875
0 0.6 0.5953125 0.0296875 0.0296875
0 0.5890625 0.565625 0.0296875 0.028125
0 0.5953125 0.45625 0.0296875 0.028125
0 0.4984375 0.553125 0.0296875 0.028125
0 0.5875 0.484375 0.0296875 0.028125