0 0.30445728516439335 0.11835224175455634 0.046042840343633 0.04629814732681172
0 0.3094391135222388 0.2728577312312127 0.04760534034363299 0.04638915258848364
0 0.8194492786056726 0.5587937731834132 0.041109678878243724 0.04133763154179633
0 0.91855516395178 0.5178341151920833 0.041109678878243724 0.04133763154179633
0 0.8094391135222387 0.45695825739839757 0.042754066033373485 0.04299113680346807
0 0.78515625 0.57265625 0.0390625 0.0328125
0 0.928125 0.58359375 0.040625 0.0109375
0 0.97578125 0.578125 0.0421875 0.021875
0 0.29635925938379587 0.8719616311182733 0.07736808344622795 0.07927724729857691
0 0.3265625 0.646875 0.025 0.075
0 0.20390625 0.98828125 0.0890625 0.0234375
0 0.15148941542211816 0.7233281680911505 0.07605124491161738 0.08387374203690498
0 0.253125 0.9703125 0.075 0.059375
0 0.31328125 0.721875 0.0515625 0.08125
0 0.2763123530067892 0.7866765785015548 0.07284435775648763 0.08212923151356133
0 0.21171875 0.609375 0.0921875 0.040625
0 0.5709431795556124 0.7157116311182732 0.04653416327441153 0.05567314732681172
0 0.58671875 0.99140625 0.0609375 0.0171875
0 0.6700623530067892 0.615558983650287 0.04776911465389251 0.04951415258848364
0 0.7818939676606818 0.6688043519673166 0.056980340343633175 0.04693518415851479
0 0.7272949988683463 0.6375851730704737 0.054926517412854634 0.03746917889684287
0 0.56796875 0.60703125 0.0546875 0.0359375
0 0.64765625 0.60546875 0.0453125 0.0328125
0 0.68871717774659 0.6742815362670056 0.056325243102595124 0.034435184158514785
0 0.6810750961093843 0.6473550152203182 0.0564071302577247 0.03599768415851479
0 0.7633010979184066 0.7004337835655825 0.05401911465389268 0.049878173635170955
0 0.6099370805055521 0.6572312731834131 0.02967421189493056 0.06092208944842135
0 0.6620063500661131 0.9671368942018657 0.031482373360319824 0.06570059471009344
0 0.6343505823145743 0.7069428468468191 0.052292840343633 0.046662168373499215
0 0.6362539190401628 0.6540908626318347 0.0295923247398008 0.059359589448421346
0 0.746005134553138 0.8162562046405046 0.03131859905006031 0.06257559471009326
0 0.7173069244672297 0.8036806099304116 0.033044873360319825 0.06579159997176517
0 0.8257192107632768 0.7025114940324565 0.0374048247398008 0.05981461575678075
0 0.6333900271353345 0.9561237994917724 0.033044873360319825 0.06579159997176517
0 0.6954385685197644 0.7728100415286774 0.04513543758467105 0.05870714206513998
0 0.7359375 0.96953125 0.0375 0.0609375