0 0.5296875 0.634375 0.0265625 0.0484375
0 0.4953125 0.54375 0.0390625 0.0421875
0 0.4734375 0.5109375 0.046875 0.0328125
0 0.4765625 0.4703125 0.0390625 0.040625
0 0.4234375 0.6140625 0.03125 0.0453125
0 0.534375 0.5109375 0.0484375 0.0265625
0 0.5140625 0.6109375 0.028125 0.0453125
0 0.4953125 0.5953125 0.028125 0.0453125
0 0.603125 0.5734375 0.028125 0.0453125
0 0.5375 0.546875 0.0375 0.04375
0 0.5203125 0.5640625 0.03125 0.0453125
0 0.4546875 0.6703125 0.046875 0.0359375
0 0.4625 0.6 0.0484375 0.0328125
0 0.5171875 0.6921875 0.0390625 0.0421875