0 0.4015625 0.4578125 0.04375 0.034375
0 0.3359375 0.546875 0.0390625 0.046875
0 0.40625 0.4953125 0.0484375 0.0296875
0 0.46875 0.49375 0.046875 0.0296875
0 0.45 0.5234375 0.0421875 0.0375
0 0.4734375 0.35 0.0421875 0.0296875
0 0.3453125 0.490625 0.0421875 0.0375
0 0.5125 0.3640625 0.0359375 0.040625
0 0.4859375 0.409375 0.0453125 0.028125
0 0.421875 0.5640625 0.0296875 0.0484375
0 0.5390625 0.6453125 0.0453125 0.0390625
0 0.50625 0.484375 0.0265625 0.0453125
0 0.4046875 0.303125 0.0296875 0.04375
0 0.58125 0.4703125 0.04375 0.0375
0 0.3671875 0.428125 0.028125 0.0453125
0 0.403125 0.36875 0.034375 0.0421875
0 0.5296875 0.3859375 0.0296875 0.04375
0 0.5046875 0.5515625 0.046875 0.0296875
0 0.3609375 0.321875 0.046875 0.028125
0 0.578125 0.721875 0.0328125 0.053125
0 0.3671875 0.5390625 0.021875 0.046875
0 0.5875 0.4296875 0.0359375 0.040625
0 0.334375 0.625 0.0421875 0.040625
0 0.5953125 0.309375 0.04375 0.03125
0 0.471875 0.6703125 0.05 0.0328125
0 0.584375 0.3609375 0.0421875 0.0328125
0 0.28125 0.2390625 0.0421875 0.0375
0 0.2984375 0.4015625 0.0359375 0.04375
0 0.425 0.8140625 0.0296875 0.0546875
0 0.34375 0.5765625 0.05 0.0296875