0 0.746875 0.465625 0.05 0.071875
0 0.80625 0.6171875 0.05625 0.0703125
0 0.7765625 0.5375 0.05625 0.0703125
0 0.8625 0.5953125 0.0640625 0.0578125
0 0.6921875 0.5078125 0.065625 0.0640625
0 0.821875 0.50625 0.0625 0.065625
0 0.675 0.4359375 0.06875 0.0625
0 0.7890625 0.3828125 0.05 0.071875
0 0.70625 0.596875 0.0734375 0.05
0 0.709375 0.3890625 0.071875 0.05
0 0.790625 0.7484375 0.0734375 0.05625
0 0.8375 0.6859375 0.071875 0.0515625
0 0.8875 0.5390625 0.065625 0.0546875
0 0.8953125 0.6265625 0.0484375 0.071875
0 0.7671875 0.66875 0.06875 0.0578125
0 0.828125 0.39375 0.05 0.06875
0 0.8859375 0.48125 0.0546875 0.065625
0 0.890625 0.75 0.0703125 0.0515625
0 0.603125 0.471875 0.075 0.0484375
0 0.6109375 0.5625 0.06875 0.0640625
0 0.9515625 0.76875 0.046875 0.0734375