0 0.22581008371978023 0.18131287031314008 0.032994307181592394 0.03392846091032524
0 0.26876922247985346 0.04894665152690707 0.032994307181592394 0.03392846091032524
0 0.20834078258831207 0.1314723669791602 0.03300339754067201 0.03549096091032524
0 0.1785532886384363 0.11186149758410399 0.032994307181592394 0.03392846091032524
0 0.18057030659241713 0.19011404334173854 0.034556807181592396 0.034056006667959694
0 0.24118964402463056 0.14040082788948544 0.0314318071815924 0.0338009151526907
0 0.15114642700572606 0.23300317394668238 0.034565897540672005 0.035618506667959696
0 0.3220033067888089 0.07203320728648129 0.032994307181592394 0.03392846091032524
0 0.30342602361132165 0.10019015819486685 0.032994307181592394 0.03392846091032524
0 0.5413350897699044 0.19065566152884675 0.05346134328594587 0.06214905575957417
0 0.86484375 0.36171875 0.0484375 0.0546875
0 0.8982668667008757 0.3369235942695208 0.05647725897699054 0.04365414727484325
0 0.8384737101832134 0.2602018554794084 0.03785452400410509 0.06399859818322895
0 0.7085044090517452 0.20117805759574203 0.047211343285945874 0.06163887272903601
0 0.81328125 0.36328125 0.0546875 0.0515625
0 0.69375 0.3734375 0.0625 0.03125
0 0.903916903001621 0.23430877730005895 0.04873748184962743 0.05551641848667064
0 0.9561975413689108 0.36195528730199855 0.05804884933607006 0.04534419303247787
0 0.58125 0.36875 0.04375 0.040625
0 0.8702862706844554 0.0910053163897337 0.056531801131468204 0.053029147274843244
0 0.537083927005726 0.2652730242559431 0.050345433645025486 0.0634564642443051
0 0.63125 0.38046875 0.05625 0.0171875
0 0.7686975413689108 0.34664979638585436 0.040979524004105095 0.06425368969849785
0 0.7106305113146816 0.2981806033533766 0.04563975292686635 0.05994882697140156
0 0.95546875 0.38515625 0.0546875 0.0078125
0 0.9058419756031114 0.028313868815328026 0.06117384933607006 0.045599284547746956
0 0.9183430173648057 0.2979566891187697 0.0362829336450254 0.06230855242559432
0 0.7391271742752517 0.09591647274843274 0.06429884933607007 0.04585437606301594
0 0.9574327884420445 0.3058328330596332 0.040961343285945875 0.06112868969849785
0 0.7882373608471432 0.21549539123510328 0.03785452400410509 0.06399859818322895
0 0.8364839633064713 0.18663680972177393 0.05030907220870695 0.05720646424430509
0 0.6681157583878152 0.2384868678972441 0.03941702400410509 0.0641261439408634
0 0.7417350655694076 0.27573151850606725 0.03784543364502539 0.06243609818322895
0 0.638719149878363 0.28606349850218793 0.06119203005422928 0.04872428454774695
0 0.7809066498783631 0.2976701624469307 0.04251475292686635 0.0596937354561323
0 0.5915987101832133 0.24004962577315184 0.06740566861791084 0.04298446757828493
0 0.6328145835233885 0.34492831547164976 0.04564884328594587 0.06151132697140156
0 0.9509191680287357 0.26001015002909506 0.061146578258831144 0.04091178454774678
0 0.8450146016737611 0.31071203850994655 0.06113748789975162 0.03934928454774678
0 0.7515625 0.38125 0.059375 0.015625
0 0.8822964330558503 0.2762731366931755 0.04872839149054773 0.05395391848667046
0 0.91015625 0.37421875 0.0390625 0.0296875
0 0.580979372751 0.29384430546971013 0.05499657220870695 0.05758910151720862
0 0.94453125 0.01796875 0.0359375 0.0359375
0 0.8818691861791083 0.20283563669317548 0.051862481849627426 0.055771510001939716
0 0.5483577702916719 0.3239783445593849 0.059656801131468117 0.05328423879011233
0 0.9584407765381879 0.21064787881726765 0.040961343285945875 0.06112868969849785
0 0.9204589875069681 0.1247742806340388 0.042542024004105096 0.06438123545613247
0 0.8699600595192833 0.6920264560785332 0.03928975897699054 0.0422511439408634
0 0.7637100595192834 0.6833533445593849 0.050172716822512696 0.03376896424430527
0 0.9143907946885605 0.5441627830499348 0.039307939695149584 0.0453761439408634
0 0.9274362162333375 0.6389331491110111 0.04861930718159222 0.03520391848667046