0 0.596875 0.5921875 0.0578125 0.046875
0 0.5125 0.56875 0.0390625 0.0609375
0 0.39375 0.4625 0.065625 0.0375
0 0.315625 0.5640625 0.0609375 0.0453125
0 0.3453125 0.621875 0.065625 0.0375
0 0.4453125 0.640625 0.0484375 0.0546875
0 0.5484375 0.578125 0.0453125 0.0578125
0 0.3421875 0.496875 0.0625 0.0421875
0 0.415625 0.496875 0.0671875 0.0375
0 0.4875 0.5828125 0.0546875 0.0515625
0 0.48125 0.45 0.0390625 0.065625
0 0.51875 0.6375 0.040625 0.05625
0 0.5609375 0.54375 0.0421875 0.0625
0 0.3734375 0.5890625 0.053125 0.053125
0 0.5234375 0.51875 0.0375 0.0609375
0 0.4515625 0.4765625 0.0625 0.040625
0 0.559375 0.484375 0.046875 0.0609375
0 0.2890625 0.4875 0.0609375 0.0484375
0 0.378125 0.5484375 0.0640625 0.0375
0 0.4390625 0.56875 0.053125 0.0515625
0 0.321875 0.6953125 0.0421875 0.0578125
0 0.5921875 0.675 0.0609375 0.053125
0 0.6453125 0.61875 0.0625 0.0359375
0 0.434375 0.43125 0.0609375 0.046875
0 0.371875 0.6890625 0.0453125 0.0578125
0 0.54375 0.6203125 0.0484375 0.0515625
0 0.528125 0.46875 0.05625 0.053125
0 0.653125 0.5328125 0.065625 0.034375
0 0.375 0.3953125 0.0609375 0.0453125
0 0.6 0.5421875 0.0359375 0.0640625
0 0.4125 0.5875 0.0515625 0.053125
0 0.2890625 0.53125 0.059375 0.0515625
0 0.6296875 0.4921875 0.0359375 0.0671875
0 0.3578125 0.653125 0.0609375 0.0390625
0 0.5 0.8078125 0.034375 0.059375
0 0.66875 0.4859375 0.046875 0.0609375
0 0.3953125 0.7 0.0359375 0.0609375
0 0.3515625 0.75 0.0484375 0.05625
0 0.4765625 0.5359375 0.059375 0.0484375
0 0.3203125 0.596875 0.059375 0.0453125
0 0.4484375 0.396875 0.065625 0.040625
0 0.303125 0.64375 0.0515625 0.0546875
0 0.40625 0.640625 0.03125 0.0640625
0 0.2875 0.8140625 0.053125 0.0515625
0 0.565625 0.659375 0.059375 0.040625
0 0.4671875 0.8140625 0.034375 0.0578125
0 0.453125 0.7203125 0.0328125 0.0609375
0 0.3296875 0.73125 0.0453125 0.0609375
0 0.28125 0.428125 0.040625 0.065625
0 0.271875 0.590625 0.0265625 0.0640625
0 0.5890625 0.4984375 0.05 0.0609375
0 0.4859375 0.6484375 0.04375 0.05
0 0.278125 0.765625 0.0546875 0.0484375
0 0.325 0.40625 0.0484375 0.0609375
0 0.621875 0.7421875 0.0328125 0.059375
0 0.49375 0.8546875 0.0390625 0.0546875
0 0.2703125 0.7046875 0.046875 0.0578125
0 0.384375 0.771875 0.0625 0.0375
0 0.503125 0.7125 0.0625 0.0328125
0 0.4625 0.909375 0.0453125 0.0484375
0 0.640625 0.65 0.0625 0.0375
0 0.5890625 0.6234375 0.053125 0.0484375
0 0.5296875 0.7421875 0.065625 0.0390625
0 0.528125 0.6875 0.05625 0.0375
0 0.40625 0.7390625 0.059375 0.0421875
0 0.475 0.50625 0.0609375 0.0484375
0 0.596875 0.9015625 0.034375 0.0546875
0 0.48125 0.75 0.0328125 0.0546875
0 0.321875 0.8453125 0.059375 0.040625
0 0.575 0.79375 0.0359375 0.05625
0 0.4734375 0.6828125 0.059375 0.0359375
0 0.6140625 0.690625 0.0484375 0.0546875
0 0.425 0.6875 0.021875 0.059375
0 0.41875 0.528125 0.0625 0.040625
0 0.328125 0.79375 0.04375 0.05625
0 0.6515625 0.69375 0.0375 0.05625
0 0.3625 0.8421875 0.04375 0.059375
0 0.65 0.75 0.0265625 0.059375
0 0.2734375 0.6609375 0.053125 0.05625
0 0.61875 0.9296875 0.0515625 0.0421875
0 0.525 0.896875 0.0375 0.053125
0 0.5671875 0.925 0.04375 0.046875
0 0.6484375 0.5609375 0.0671875 0.0296875
0 0.5125 0.4109375 0.065625 0.0390625
0 0.6296875 0.884375 0.0390625 0.0546875
0 0.378125 0.9015625 0.034375 0.0578125
0 0.66875 0.4265625 0.05 0.0625
0 0.3515625 0.525 0.065625 0.0375
0 0.5609375 0.7171875 0.0625 0.0359375
0 0.3984375 0.825 0.0609375 0.0359375
0 0.43125 0.796875 0.04375 0.0546875
0 0.5828125 0.4078125 0.0609375 0.046875
0 0.6390625 0.7953125 0.0359375 0.059375
0 0.3421875 0.903125 0.0234375 0.0578125
0 0.409375 0.884375 0.05 0.05625
0 0.490625 0.896875 0.04375 0.053125
0 0.528125 0.8515625 0.040625 0.053125
0 0.4265625 0.85 0.05625 0.040625
0 0.5765625 0.7453125 0.053125 0.053125
0 0.646875 0.584375 0.0640625 0.0296875
0 0.3703125 0.43125 0.065625 0.0296875
0 0.5609375 0.8359375 0.0328125 0.05625
0 0.6390625 0.4453125 0.05625 0.0578125
0 0.60625 0.784375 0.04375 0.05625
0 0.5328125 0.809375 0.0359375 0.0578125
0 0.4453125 0.7671875 0.0515625 0.046875
0 0.5234375 0.4359375 0.0640625 0.04375
0 0.46875 0.6109375 0.0625 0.034375
0 0.3296875 0.4546875 0.065625 0.03125
0 0.45 0.8703125 0.053125 0.0453125
0 0.5890625 0.446875 0.0640625 0.0421875
0 0.4203125 0.925 0.0609375 0.03125
0 0.56875 0.88125 0.05 0.046875
0 0.61875 0.828125 0.05625 0.040625
0 0.528125 0.7671875 0.0609375 0.03125
0 0.275 0.86875 0.0546875 0.05
0 0.3796875 0.8 0.0609375 0.0328125
0 0.515625 0.93125 0.059375 0.03125
0 0.60625 0.85 0.059375 0.0328125