0 0.425 0.6828125 0.0171875 0.0171875
0 0.41875 0.6359375 0.0171875 0.0171875
0 0.3796875 0.6734375 0.0171875 0.0171875
0 0.3484375 0.6765625 0.0171875 0.0171875
0 0.346875 0.7 0.015625 0.0171875
0 0.3625 0.665625 0.0171875 0.0171875
0 0.3421875 0.625 0.0171875 0.0171875
0 0.38125 0.690625 0.0171875 0.0171875
0 0.334375 0.6875 0.0171875 0.0171875
0 0.3375 0.646875 0.0171875 0.0171875
0 0.3265625 0.6734375 0.0171875 0.0171875
0 0.3453125 0.6609375 0.0171875 0.0171875
0 0.3984375 0.6828125 0.0171875 0.0171875
0 0.35625 0.59375 0.0171875 0.0171875
0 0.390625 0.7046875 0.0171875 0.0171875
0 0.3625 0.70625 0.0171875 0.0171875
0 0.3328125 0.70625 0.0171875 0.0171875
0 0.315625 0.7046875 0.0171875 0.0171875
0 0.3109375 0.6875 0.0171875 0.0171875
0 0.3609375 0.6875 0.015625 0.0171875