0 0.01484375 0.05234375 0.0296875 0.1046875
0 0.07274319510538145 0.05248214114562551 0.10878273677523324 0.07274912860909737
0 0.47336627943330534 0.4443734747331252 0.019751057878390377 0.017623911094166545
0 0.46682785309671126 0.4223166367772224 0.019842063140062205 0.019186411094166543
0 0.25617877943330536 0.8365622811538891 0.018188557878390375 0.017587543502986237
0 0.29511945306847637 0.785836235751042 0.018188557878390375 0.01758754350298606
0 0.2396283162650083 0.8252247376509031 0.018188557878390375 0.01758754350298606
0 0.2671918741433986 0.8086554867009725 0.018279563140062204 0.019150043502986235
0 0.27585424260160246 0.8479725598392364 0.018188557878390375 0.01758754350298606
0 0.31042666367652466 0.8722465144363893 0.018279563140062204 0.019150043502986235
0 0.2764156847232121 0.865196427430417 0.018188557878390375 0.017587543502986237
0 0.2224408162650083 0.824824694147917 0.016626057878390377 0.01755117591180557
0 0.26302104265807214 0.907129354292153 0.018279563140062204 0.019150043502986235
0 0.32784094780680456 0.7881624551658337 0.018188557878390375 0.017587543502986237
0 0.20883334257336755 0.8166848858272919 0.018188557878390375 0.01758754350298606
0 0.23862725838661794 0.8424122376509031 0.016626057878390377 0.01755117591180557
0 0.25840913736816545 0.8788588839274307 0.018279563140062204 0.019150043502986058
0 0.25830272155491507 0.8538225163362503 0.018188557878390375 0.017587543502986237
0 0.315993395190086 0.8035328820275698 0.016626057878390377 0.01755117591180557
0 0.3452104583301482 0.7854374986688197 0.018188557878390375 0.017587543502986237
0 0.28245285309671125 0.8152691626127782 0.018188557878390375 0.017587543502986237
0 0.3004594004517579 0.8016067061157642 0.016626057878390377 0.01755117591180557
0 0.20783228469497722 0.833872385827292 0.018279563140062204 0.019150043502986058
0 0.22143975838661795 0.8420121941479171 0.018188557878390375 0.017587543502986237
0 0.40573770562872513 0.8268963404244447 0.04638915258848364 0.04633079255305557
0 0.6139450477785696 0.8786809652338199 0.04473564732681172 0.04473192496187508
0 0.6625029160955991 0.7702878901956949 0.0447356473268119 0.04473192496187508
0 0.580692932021789 0.9123286134102088 0.04473564732681172 0.04473192496187508
0 0.5075424003105835 0.7713749986688198 0.04473564732681172 0.04473192496187508
0 0.5471061582736785 0.8442682912218753 0.04473564732681172 0.04473192496187508
0 0.49642434783503936 0.9354011310776393 0.0462981473268119 0.04476829255305557
0 0.5355455739457545 0.7203943801277087 0.0462981473268119 0.04476829255305557
0 0.4406433266471777 0.7917225598392365 0.04620714206513998 0.043205792553055566
0 0.7240480898719445 0.868726696616459 0.04629814732681172 0.04476829255305574
0 0.7044944530684764 0.9089516531134727 0.04464464206513998 0.04316942496187508
0 0.8600905476373952 0.7357713390932645 0.04638915258848364 0.04633079255305557
0 0.5224547687687873 0.8108375421718058 0.04629814732681172 0.04476829255305557
0 0.8829218319088495 0.800452088143334 0.04795165258848364 0.04636716014423614
0 0.725201795218321 0.9563721669811812 0.04629814732681172 0.04476829255305557
0 0.6984250055440204 0.7445254772016672 0.0462981473268119 0.04476829255305557
0 0.6609375 0.98671875 0.04375 0.0265625
0 0.5909611160391293 0.7091672458190282 0.04482665258848364 0.04629442496187508
0 0.42024127943330536 0.9539679867009726 0.04629814732681172 0.04476829255305574
0 0.5970753371705213 0.7922343189572921 0.04299113680346807 0.041570557370694414
0 0.38828125 0.92890625 0.0390625 0.0453125
0 0.6043557581042693 0.6672343189572921 0.04638915258848364 0.04633079255305557
0 0.8541752056287251 0.8373338390932645 0.0478606473268119 0.04480466014423605
0 0.49169061618030374 0.855495425530556 0.0462981473268119 0.04476829255305557
0 0.6813607899566491 0.9569163744281255 0.04638915258848364 0.04633079255305574
0 0.603125 0.9890625 0.046875 0.021875
0 0.75546875 0.9953125 0.0453125 0.009375
0 0.651520642488663 0.8513924198309727 0.0462981473268119 0.04476829255305557
0 0.5505489476656302 0.7582944236306949 0.04629814732681172 0.04476829255305557
0 0.4534332110315713 0.9750805737069449 0.04629814732681172 0.04476829255305557
0 0.6337856528708323 0.6992116707809033 0.04482665258848364 0.04629442496187508
0 0.8063439213572711 0.7720712085843062 0.04482665258848364 0.04629442496187508
0 0.7569670056851949 0.8945267836224311 0.0462981473268119 0.04476829255305557
0 0.9216049003105835 0.7810124103316675 0.04795165258848364 0.04636716014423614
0 0.40981898990017934 0.8911406783803475 0.04795165258848364 0.04636716014423605
0 0.6756707740304592 0.8128390661075006 0.0462981473268119 0.04476829255305557
0 0.9022780476373953 0.7367532640551395 0.04638915258848364 0.04633079255305557
0 0.7833166740586941 0.8450722974901396 0.04629814732681172 0.04476829255305557
0 0.3796875 0.88125 0.021875 0.046875
0 0.6740466318241449 0.7064072281515977 0.0447356473268119 0.04473192496187508
0 0.8191183951900861 0.928830354860834 0.0462981473268119 0.04476829255305557
0 0.4569361845820377 0.8343464709334031 0.04795165258848364 0.04636716014423614
0 0.8481674003105836 0.7793031335461812 0.04638915258848364 0.04633079255305557
0 0.7140625 0.9875 0.04375 0.025
0 0.7984375 0.9796875 0.046875 0.040625
0 0.9066183951900861 0.9308669399669451 0.04786064732681154 0.04480466014423605
0 0.6765037738892848 0.6642197281515977 0.0431731473268119 0.044695557370694416
0 0.8670854583301482 0.9111713825962507 0.0478606473268119 0.04480466014423605
0 0.9043572161520688 0.8353726020110424 0.04795165258848364 0.04636716014423623
0 0.859375 0.9875 0.046875 0.025
0 0.5421008688817268 0.9302057912218753 0.04308214206513981 0.043133057370694415
0 0.6042199792356613 0.7501559217308338 0.0447356473268119 0.04473192496187508
0 0.3890625 0.98984375 0.040625 0.0203125
0 0.7372144897590049 0.7501221669811812 0.04142863680346807 0.04153418977951393
0 0.9391116477503347 0.8565215566081952 0.05107665258848364 0.04643989532659738
0 0.8153240792074264 0.7253416789490285 0.04648015785015538 0.047893292553055564
0 0.9443745423757235 0.7392976890170146 0.04951415258848364 0.046403527735416714
0 0.7178568159826597 0.6526652855222922 0.04648015785015538 0.047893292553055564
0 0.9359375 0.978125 0.05 0.04375
0 0.7083599896178306 0.6008118447928478 0.04804265785015538 0.04792966014423614
0 0.8153380317112054 0.5907848409931257 0.046768584186749604 0.02605466014423614
0 0.7622130317112055 0.5895483428929866 0.04529708944842135 0.027580792553055566