0 0.4421875 0.01953125 0.034375 0.0390625
0 0.36796875 0.02578125 0.0765625 0.0515625
0 0.4453125 0.096875 0.028125 0.071875
0 0.17674345061076674 0.03569895329409274 0.0787887734452168 0.05087270401018138
0 0.25460649625180043 0.12065466128263864 0.07902557178554286 0.05399770401018138
0 0.4063088609790846 0.24065698392745788 0.06193316016782511 0.07565452800763595
0 0.28125 0.01953125 0.059375 0.0390625
0 0.4484375 0.1609375 0.021875 0.05
0 0.228125 0.0203125 0.05625 0.040625
0 0.4044880970816374 0.12047175326227606 0.07216026514684692 0.06640679734245403
0 0.42734375 0.19609375 0.0640625 0.0703125
0 0.264453247701693 0.21732966661363876 0.0560383576783142 0.08026930267345414
0 0.12734375 0.03515625 0.0453125 0.0703125
0 0.33180945890913643 0.04950581993954826 0.07324916846619481 0.060174978675999566
0 0.2938591730163651 0.0764864906110935 0.07360436597668407 0.06486247867599956
0 0.3822112779953869 0.08482515459900312 0.0748116684661948 0.06019316000954511
0 0.11447655848957365 0.23936939330045606 0.06060745850815121 0.07876134667409058
0 0.3166795211469097 0.16676604527372998 0.0850620842330975 0.03065111067790873
0 0.766656210359029 0.11414902792809425 0.05764747925407558 0.039698846674090585
0 0.6828125 0.01875 0.046875 0.0375
0 0.8006778580792995 0.01540244525782164 0.058499584233097576 0.030342028007635947
0 0.8012428526807149 0.19336381325591265 0.04008147095570589 0.05510567067154515
0 0.5325897862937568 0.07160009062700183 0.03250576929603195 0.05813976400381797
0 0.6228595887832677 0.07523307328136601 0.04765717261537983 0.0520715773392725
0 0.71953125 0.0140625 0.0359375 0.028125
0 0.74609375 0.015625 0.0296875 0.03125
0 0.5354976082797922 0.30105123329091105 0.043798466806520955 0.06295453333863606
0 0.5064524161678878 0.128104629296638 0.06330548340326043 0.031959072008272214
0 0.6317358360839753 0.16411375994591157 0.03719326929603195 0.05819430800445424
0 0.712253975505876 0.0492149186028211 0.054877676764564676 0.044349984006999674
0 0.791941475505876 0.04828767059200345 0.05838118506293455 0.028779528007635946
0 0.640625 0.00703125 0.059375 0.0140625
0 0.8059788194872357 0.13086381325591265 0.04609467261537983 0.05205339600572696
0 0.7488067821445719 0.06127856659773041 0.02926237012586892 0.05654090133672725
0 0.7139078734266392 0.23340810526736666 0.04368006763635801 0.061392033338636055
0 0.5805052228065837 0.1397319252864567 0.06162458423309749 0.030378390674726852
0 0.241489344382345 0.6979967692552764 0.07758147095570571 0.05554202267663584
0 0.21646603359446442 0.6779933519255489 0.07914397095570572 0.05556020401018138
0 0.21582741616788786 0.6452172145926397 0.08132177759440165 0.04309656667727211
0 0.225 0.54609375 0.05625 0.0546875
0 0.2898317560000628 0.7192899665818221 0.04209425684847723 0.08166817067154533
0 0.18125 0.54375 0.075 0.05
0 0.2196842767459871 0.7591342639242763 0.0497883576783142 0.08019657733927232
0 0.33828125 0.5484375 0.0421875 0.059375
0 0.25625 0.54375 0.05625 0.05
0 0.28348851284854 0.6381854172501857 0.041620660167825105 0.07541817067154533
0 0.2732147862937568 0.5883490492520946 0.07059776514684693 0.06638861600890866
0 0.24925337757582405 0.7603513185869127 0.0466633576783142 0.0801602146721816
0 0.26492499915158546 0.8007581425843675 0.04834425684847723 0.08174089600572695
0 0.16298583608397532 0.683299017266094 0.03908765601864026 0.08319430800445424
0 0.3119453995711483 0.6128763345799131 0.03548905933798814 0.07690794533736352
0 0.7424187626480473 0.7759046879376392 0.048746075934727705 0.045839758672817865
0 0.7380379933520154 0.8337171879376392 0.0471835759347277 0.0458215773392725
0 0.7359375 0.98046875 0.046875 0.0390625
0 0.8359086535198406 0.757644489258458 0.04874607593472753 0.045839758672817865
0 0.826128143972071 0.9279206265913672 0.047065176764564676 0.0442590773392725
0 0.9049868497809298 0.9379308785805494 0.047065176764564676 0.044259077339272326
0 0.6914948800746238 0.8092808092775481 0.048746075934727705 0.045839758672817865
0 0.6354583676270692 0.7865160186187294 0.0471835759347277 0.0458215773392725
0 0.99140625 0.9453125 0.0171875 0.04375
0 0.98515625 0.8109375 0.0296875 0.04375
0 0.6816947502004926 0.753194441279457 0.04886447510489074 0.04740225867281787
0 0.8306990900326674 0.8263944892584579 0.047065176764564676 0.0442590773392725
0 0.65546875 0.98828125 0.0484375 0.0234375
0 0.6799439186666876 0.6938921666136388 0.04886447510489074 0.04740225867281787
0 0.9591774423123969 0.9232502132400043 0.047065176764564676 0.044259077339272326
0 0.7773606024802222 0.8504319732654576 0.047065176764564676 0.0442590773392725
0 0.9195965692867432 0.7863320159134586 0.04862767676456468 0.044277258672817864
0 0.7413513248858206 0.893001281269912 0.04862767676456468 0.044277258672817864
0 0.9366405140979399 0.8704342959102768 0.04850927759440164 0.04271475867281786