0 0.19732447530180613 0.38600231380268885 0.1323773953265972 0.052256484956305194
0 0.19383318654847267 0.23600231380268877 0.13074216014423615 0.04908602084968265
0 0.19528527735416706 0.1642182420159342 0.12758079255305557 0.04743259263643722
0 0.193648735751042 0.0939057420159342 0.12598192496187507 0.045824628529814504
0 0.19397996333395887 0.30939434969606616 0.13390352773541672 0.05073944906292791
0 0.69140625 0.0484375 0.0765625 0.096875
0 0.58203125 0.18046875 0.0859375 0.1328125
0 0.6672330125365281 0.14357077289474657 0.10592530452090294 0.123313131037097
0 0.63515625 0.453125 0.1140625 0.071875
0 0.6647639355985422 0.23874688057487853 0.11657186379145834 0.11113137978345584
0 0.6589893271254172 0.3931615959351424 0.08423214247680555 0.1304891335443795
0 0.7412913744281255 0.3065541576927672 0.12104115824437507 0.10189277210332381
0 0.5860596669811812 0.3457577470304991 0.07969011284152785 0.13660274122451135
0 0.55078125 0.41328125 0.0234375 0.1359375
0 0.68828125 0.98828125 0.0453125 0.0234375
0 0.7545875421718059 0.8067072703874641 0.03114220364722229 0.06336381802583091
0 0.8039666802802085 0.6473155500126353 0.060538762917777864 0.05172763605166182
0 0.8946644154625698 0.6530774681967507 0.03582970364722229 0.06350021034569897
0 0.706551392095556 0.8896274189755383 0.04669446846486114 0.06069345909205772
0 0.734272429330278 0.6718321652146146 0.043605836056041625 0.06216503087881238
0 0.98984375 0.87265625 0.0203125 0.0546875
0 0.9513170718070837 0.8061857478219221 0.06322735182361114 0.03306856426490725
0 0.8465932042159032 0.8015771526782023 0.06635235182361114 0.03315949247815268
0 0.9532055737069449 0.7531516760351673 0.02957970364722229 0.06331835391920819
0 0.904005660712917 0.7860718246232414 0.058867160144236055 0.046994671945039104
0 0.840671818957292 0.882599832145089 0.06042966014423605 0.04704013605166182
0 0.7578956865484727 0.8817527344940868 0.043533100873680654 0.05904003087881247
0 0.9284978208571533 0.8320662862225816 0.06326371941479181 0.03463106426490725
0 0.8719906348773614 0.6852080065974105 0.051236498100139014 0.054579851411925784
0 0.8701748681598614 0.7413670783841653 0.052835365691319504 0.05618781551854859
0 0.9209412004161809 0.9099185015828457 0.052835365691319504 0.05618781551854859
0 0.7012793977951393 0.7302069548689156 0.05745013050895835 0.05319920783841638
0 0.6585463839274308 0.7055419239901033 0.06181032218833336 0.03927310015828454
0 0.9220633700597226 0.6897878580093364 0.054288762917777865 0.05154577962517113
0 0.9091282653863197 0.7378161810497322 0.043533100873680654 0.05904003087881247
0 0.8316215144363893 0.7621054757185981 0.06337282218833344 0.03931856426490725
0 0.9615622811538891 0.7096744606749035 0.06170121941479181 0.03458560015828453
0 0.98984375 0.934375 0.0203125 0.0625
0 0.9285666367772224 0.6337651785424498 0.055960365691319326 0.05627874373179385