0 0.40774648365028715 0.160188781269912 0.03472361049510884 0.03319430800445442
0 0.4515625 0.07890625 0.015625 0.0328125
0 0.4328683100151161 0.10829901726609403 0.03472361049510884 0.03319430800445424
0 0.34362379949177235 0.1062103532781844 0.03472361049510884 0.03319430800445424
0 0.70234375 0.01875 0.0390625 0.0375
0 0.9412268415851471 0.02995474657864037 0.03968412628012441 0.03793635200509051
0 0.7639194308923942 0.20713650660409383 0.041519642065139806 0.04264203333863605
0 0.9092935730987085 0.0991229172501857 0.04133763154179633 0.03951703333863606
0 0.7086858993223633 0.1983978532781844 0.03977513154179633 0.03949885200509051
0 0.8753288258001316 0.026030862587549032 0.03803062101845249 0.036355670671545326
0 0.8536204257718968 0.05599108259073073 0.03812162628012441 0.03791817067154533
0 0.45234375 0.57890625 0.0140625 0.0234375
0 0.38226209428657026 0.5053547359166402 0.02480257892507769 0.023710220003181702
0 0.3971282310900383 0.5458342852482766 0.024802578925077867 0.023710220003181702
0 0.44200111533325764 0.5109138452419133 0.026365078925077688 0.023728401336727066
0 0.4362663258001316 0.573522933243186 0.026456084186749607 0.025290901336727244
0 0.3585361679499762 0.5275206372533673 0.026456084186749607 0.025290901336727067
0 0.410189673211648 0.5284831532463676 0.024893584186749605 0.025272720003181703
0 0.40488054693152364 0.49101951591345855 0.02480257892507769 0.023710220003181702
0 0.43059317847331985 0.5298092959102768 0.024893584186749605 0.025272720003181703
0 0.4395887468750539 0.5500308892425496 0.02480257892507769 0.023710220003181702
0 0.453125 0.5546875 0.0125 0.025
0 0.45078125 0.53359375 0.0171875 0.0234375
0 0.8000389414157378 0.7776126386060028 0.07266322625188959 0.06798747867599957
0 0.8586103046122698 0.7362785665977304 0.0676117052052021 0.0616829346753633
0 0.9378273677523321 0.7541194999204581 0.07091871572854594 0.06484429734245403
0 0.7307429098457068 0.7690376172820024 0.07413472099021767 0.06644316000954512
0 0.6667868256589573 0.7447648706238201 0.07257222099021768 0.06642497867599957
0 0.6071542204255203 0.7141875799650016 0.07587923151356132 0.06958634134309047
0 0.6175904624624253 0.7859898546308198 0.07431673151356133 0.0695681600095451
0 0.5597023677523321 0.7585193826384559 0.0757882262518895 0.06802384134309047