0 0.21550571140807512 0.4354853897872399 0.08197951186299815 0.06089126834526439
0 0.2455009120160975 0.2731828108621621 0.08067167984777565 0.06705026308359248
0 0.33639653156029947 0.4907959741151638 0.04875051779449713 0.08701415258848363
0 0.30992687346135367 0.45180906882525707 0.05337435079830275 0.08572466837349921
0 0.30400584281527526 0.597121568825257 0.07349584980971961 0.08222023677523324
0 0.28377023315690497 0.32862917405869396 0.07030718281352524 0.08047572625188941
0 0.32898989125585076 0.3665240162085386 0.05480951680591399 0.08269067363517095
0 0.3600780651721275 0.3304199162367734 0.06412084980971962 0.0816742052052021
0 0.2783240463890471 0.42403267932036587 0.053247016805913996 0.08259966837349922
0 0.3579372450199031 0.26819293202178895 0.08335101087441502 0.05629477360693613
0 0.2563057608372339 0.19929028455380288 0.07037084980971961 0.08203822625188958
0 0.1441108724727705 0.46614312656247303 0.05337435079830275 0.08572466837349921
0 0.19615885072394068 0.5659919371422866 0.08861151384016441 0.0706302893919517
0 0.7540641926249949 0.5398719689946663 0.019514003954332716 0.019842063140062295
0 0.7847995394689649 0.47417137428457296 0.019514003954332716 0.019842063140062115
0 0.7815816975679107 0.5148873795462448 0.019514003954332716 0.019842063140062295
0 0.8076348615983555 0.5258402900978234 0.017887836958138337 0.0181885578783902
0 0.807918704487993 0.4806187953594952 0.016325336958138335 0.01809755261671846