0 0.0203125 0.04296875 0.040625 0.0328125
0 0.5808030269122513 0.05042936793325285 0.050812227498762796 0.04785100180902226
0 0.5873938636378397 0.1030630450024744 0.050812227498762796 0.04785100180902226
0 0.5763058774326497 0.1659724807781231 0.050894114653892555 0.049413501809022264
0 0.6218573948455042 0.1293046404344901 0.050894114653892555 0.049413501809022264
0 0.6365683480340075 0.08646204319345205 0.050894114653892555 0.049413501809022264
0 0.5044662562200364 0.7034083672558844 0.06577548620519007 0.06577548620519007
0 0.3779922874277009 0.7380843396662645 0.06593926051544959 0.06890048620519007
0 0.3163310911366025 0.8145516644060653 0.04595430913596861 0.07408595318850324
0 0.3887040581199158 0.8310154681149671 0.04570864767057934 0.06939845318850324
0 0.47206983604821995 0.7269211103584794 0.056728034825709095 0.07153416327441171
0 0.23551710312239016 0.9294197478522934 0.05796298620519007 0.06536605042954129
0 0.2226629782917323 0.8179023937138504 0.05360303482570909 0.07137038896415202
0 0.23772141225835877 0.8576266350074231 0.056809921980838854 0.07309666327441171
0 0.4307078516520521 0.743112676391853 0.06100609905006031 0.0639673247398008
0 0.53046875 0.846875 0.0390625 0.0625
0 0.35625 0.978125 0.071875 0.04375
0 0.4128718984635489 0.7861190479431505 0.07408595318850324 0.04595430913596861
0 0.465718016735486 0.6399943204443876 0.05409435775648763 0.08074538896415202
0 0.22734375 0.97890625 0.0734375 0.0421875
0 0.1858512957954439 0.9553957496613158 0.06725609905006032 0.06429487336031983
0 0.44604516734674143 0.926177481909777 0.04562676051544958 0.06783595318850325
0 0.28581807553277033 0.8021269075086603 0.056646147670579336 0.06997166327441154
0 0.5105391938047075 0.6469945929456249 0.0598530348257091 0.07169793758467105
0 0.3212974728646654 0.9576465671650272 0.07712906603337348 0.04455558344622812
0 0.5421875 0.66171875 0.015625 0.0609375
0 0.4066551187262224 0.9344746607880208 0.04554487336031983 0.06627345318850324
0 0.47734375 0.97265625 0.0546875 0.0546875
0 0.30877969923177445 0.5126549717330116 0.08880355042954129 0.05919129353213641
0 0.47966989484550415 0.8792272388071819 0.07688340456798422 0.03986808344622812
0 0.3627169267305372 0.4646401956137298 0.08633364767057934 0.0715275192218769
0 0.35316934984302983 0.7954807598380811 0.03180992198083885 0.0717864687923356
0 0.5178449242441464 0.9535787856186786 0.04414614767057934 0.06931656603337366
0 0.3312257507929695 0.8574009056996381 0.07301477611928178 0.05524742198083885
0 0.38764832768047686 0.5241037268213943 0.08880355042954129 0.05919129353213641
0 0.52421875 0.6015625 0.0515625 0.08125
0 0.4470078810506942 0.8186106433751661 0.07540279172311415 0.041348696291098365
0 0.51640625 0.8171875 0.0671875 0.04375
0 0.3779436205352448 0.8876749038906159 0.06684666327441154 0.056482373360319825
0 0.4780188636378398 0.8512660131174414 0.07704717887824372 0.04299308344622812
0 0.26313749208654225 0.8781095533702175 0.058126760515449585 0.06849105042954129
0 0.521875 0.74765625 0.05625 0.0546875
0 0.3008964416570009 0.9306679873368437 0.07712906603337348 0.04455558344622794
0 0.302534184759596 0.8994179873368437 0.077292840343633 0.04768058344622794
0 0.290138162597043 0.6304975689740496 0.08691350180902227 0.05285940637700657
0 0.37007796811496696 0.6512394369073025 0.07375176051544959 0.06930992198083885
0 0.42440254070706124 0.8634251763918529 0.04702548620519007 0.06479284034363317
0 0.3311172874277009 0.7405409543201571 0.04768058344622812 0.07729284034363318
0 0.4359375 0.97265625 0.053125 0.0546875
0 0.53046875 0.90390625 0.0390625 0.0671875
0 0.521875 0.9859375 0.05625 0.028125
0 0.48157539009580586 0.5752767232033497 0.054421906377006654 0.08699538896415202
0 0.4833813930364819 0.9273371901866628 0.047107373360319824 0.06635534034363318
0 0.21287405698826203 0.43977074966131574 0.06552318068726608 0.09069359905006032
0 0.17457295906985545 0.9030077340574835 0.07177982473980085 0.06141553482570909
0 0.38515625 0.9859375 0.0671875 0.028125
0 0.1581091553609538 0.8306347670741703 0.06618492198083885 0.07358798620519007
0 0.1710406818189199 0.5541541542293 0.08304487336031982 0.06823874491161738
0 0.281044202849819 0.4174996019907364 0.08477114767057933 0.0714456320667471
0 0.1734375 0.99296875 0.075 0.0140625
0 0.3621614902775199 0.9212243882867834 0.057799211894930556 0.06224105042954129
0 0.1533419267305372 0.47561307440111655 0.05483134215265535 0.09480788896415202
0 0.42546923224846117 0.48628282225341 0.06099945499752568 0.09357293758467104
0 0.21655017639185298 0.6966824909548885 0.07967421189493056 0.06338747060135788
0 0.48458312415328936 0.7854772388071819 0.07408595318850324 0.04595430913596861
0 0.431922870873929 0.6604639507021124 0.07366987336031983 0.06774742198083886
0 0.2843108864777612 0.6822238432843092 0.07531426051544958 0.06939180913596861
0 0.5359375 0.41328125 0.028125 0.0671875
0 0.4223708084586001 0.6048690479431504 0.07983798620519007 0.06651247060135787
0 0.3809623156946893 0.41382132406243227 0.09373671189493056 0.06412445499752559
0 0.53828125 0.703125 0.0234375 0.0625
0 0.17097208276885953 0.6149278799190405 0.07868492198083885 0.07424308344622813
0 0.27734375 0.971875 0.0609375 0.05625
0 0.525 0.52421875 0.05 0.0859375
0 0.2407799717330116 0.5614067322484612 0.08436171189493055 0.06363313206674714
0 0.2677165287212736 0.7610039405253471 0.08074538896415202 0.05409435775648763
0 0.19477035165205211 0.7554776368164455 0.07243492198083885 0.07391553482570909
0 0.3345565479431505 0.674915954320157 0.07391553482570909 0.07243492198083885
0 0.48986592492151493 0.5062810617379604 0.0787668091359686 0.07580558344622812
0 0.4723309441433917 0.4246149819097769 0.09044793758467104 0.06083568068726612
0 0.40972696630594474 0.6974659837187993 0.08189845318850324 0.04636374491161739
0 0.3376549717330116 0.5563297286304165 0.09012038896415202 0.05458568068726617
0 0.15273333785724222 0.6953523643152083 0.040277519221876855 0.08469590456798422
0 0.53515625 0.7671875 0.0296875 0.065625
0 0.4843462652651479 0.4629404975136092 0.09077548620519008 0.06708568068726609
0 0.3448190185445083 0.598025905699638 0.08715916327441153 0.05754690637700666
0 0.252713405699638 0.6012947478522934 0.09012038896415202 0.05458568068726608
0 0.5421875 0.5390625 0.015625 0.084375
0 0.16245581863536535 0.7774278799190405 0.07712242198083885 0.07416119629109837
0 0.2751350395754074 0.4707883763009959 0.09119156603337349 0.04529256784239584
0 0.54140625 0.9625 0.0171875 0.04375
0 0.5390625 0.471875 0.021875 0.059375
0 0.22020852216255293 0.5079475395754074 0.08814845318850333 0.04669129353213641
0 0.41685114880223306 0.5615284837187993 0.08296298620519008 0.06667624491161739
0 0.2524124332892579 0.7259671992317743 0.08535100180902226 0.0527775192218769
0 0.20798740389061576 0.6519432010407967 0.08131859905006031 0.06503185775648763
0 0.6701399231124926 0.6043024819097769 0.03116146879233561 0.02968085594746528
0 0.7561593102676223 0.5982361883776406 0.02959896879233561 0.02959896879233561
0 0.797446051561195 0.6132127351891372 0.03116146879233561 0.02968085594746528
0 0.7864200203535306 0.5857428324301752 0.02959896879233561 0.029598968792335523
0 0.8263832790599579 0.5665081535519315 0.02959896879233561 0.029598968792335523