0 0.18125 0.3545605017158596 0.0546875 0.07346624373179385
0 0.2171875 0.25195232726353806 0.075 0.04749477711788863
0 0.20625 0.3803955760098967 0.05625 0.06882420783841639
0 0.1171875 0.2626745300873896 0.065625 0.07222199247815268
0 0.2921875 0.50703125 0.053125 0.0515625
0 0.15 0.24296978384831328 0.0609375 0.06583560015828453
0 0.275 0.23308265531849875 0.0390625 0.07457410266556704
0 0.23671875 0.00546875 0.0765625 0.0109375
0 0.2375 0.17479879387744313 0.0625 0.06431856426490726
0 0.28125 0.17196329889200807 0.0609375 0.06583560015828453
0 0.2734375 0.3596906194251215 0.0671875 0.0535174565847754
0 0.29921875 0.4359375 0.0390625 0.071875
0 0.115625 0.40334499419401226 0.06875 0.059812920691397944
0 0.1734375 0.3063503222489731 0.053125 0.07185827962517113
0 0.3046875 0.23125 0.028125 0.065625
0 0.29609375 0.00859375 0.0453125 0.0171875
0 0.2625 0.47719636817148026 0.071875 0.04740384890464337
0 0.30703125 0.53515625 0.0234375 0.0609375
0 0.109375 0.320714350620503 0.05625 0.07351170783841639
0 0.278125 0.5595542271052534 0.0625 0.07525606426490725
0 0.2984375 0.29177569371915857 0.028125 0.07425585391920819
0 0.2171875 0.501952327263538 0.05625 0.07507420783841656
0 0.3046875 0.03671875 0.028125 0.0515625
0 0.2359375 0.5904692579840658 0.04375 0.082522994985435
0 0.2421875 0.12778740155757512 0.071875 0.04584134890464338
0 0.234375 0.2983272220906885 0.0546875 0.07034124373179385
0 0.2609375 0.3116168322781029 0.0453125 0.07475595909205772
0 0.1640625 0.5097481068887092 0.0734375 0.04901181301126591
0 0.28515625 0.09921875 0.0671875 0.0484375
0 0.175 0.18599235814235032 0.071875 0.05209134890464338
0 0.18828125 0.02109375 0.0765625 0.0421875
0 0.1234375 0.47030517366089886 0.0671875 0.06757995658477522
0 0.2609375 0.025679332278102908 0.075 0.04749477711788872
0 0.1765625 0.4359468940357276 0.0515625 0.07337531551854859
0 0.1390625 0.10891303259467203 0.0671875 0.06289245658477523
0 0.190625 0.5917877170761235 0.03125 0.08059678213245362
0 0.2421875 0.4418499015575751 0.0765625 0.041290241224511345
0 0.246875 0.40421350923770694 0.0734375 0.04744931301126591
0 0.2828125 0.06328125 0.071875 0.0453125
0 0.115625 0.17990749419401225 0.034375 0.07756271034569906
0 0.103125 0.5458962070469937 0.071875 0.06771634890464337
0 0.203125 0.06642400422314214 0.071875 0.05209134890464338
0 0.28515625 0.61640625 0.0671875 0.0484375
0 0.3 0.146875 0.0375 0.0625
0 0.134375 0.0140625 0.046875 0.028125
0 0.3046875 0.3921875 0.028125 0.0625
0 0.1703125 0.1439412504622184 0.071875 0.05521634890464337
0 0.2125 0.10208871958340601 0.0765625 0.041290241224511345
0 0.1390625 0.05735053259467202 0.0703125 0.05673338479802066
0 0.31484375 0.32890625 0.0078125 0.0765625
0 0.203125 0.21642400422314215 0.0765625 0.04597774122451135
0 0.9046875 0.5548881444979461 0.0265625 0.027335389812585653
0 0.9875 0.5984375 0.025 0.028125
0 0.9875 0.4875 0.025 0.028125