0 0.1675064701072913 0.245256916083828 0.061104365976683984 0.06438975292686636
0 0.03457741616788786 0.1445125484009937 0.05040366431701002 0.06745112041330899
0 0.14599035807929953 0.034537584701738844 0.05966026514684701 0.06594316256778665
0 0.1140625 0.00703125 0.071875 0.0140625
0 0.1860466730163651 0.06241714500658926 0.050403664317010044 0.06745112041330899
0 0.1927684244662576 0.15921033177487268 0.04114706348717308 0.06895907825883114
0 0.07697655848957363 0.2239182472695255 0.07398287427505376 0.04884656615858276
0 0.17001800869935507 0.12966827752014654 0.045834563487172984 0.06898634933607006
0 0.30131647550587604 0.06643195843469751 0.044153664317009955 0.06741475897699054
0 0.21005285807929958 0.034164879979474524 0.05942346680652104 0.06281816256778665
0 0.14499469791147437 0.1095103136245 0.04571616431701005 0.06742384933607007
0 0.09115930289049626 0.11919438583320704 0.0737460759347277 0.04572156615858276
0 0.579323076335713 0.45202402478967196 0.030137785892771517 0.026726126463433177
0 0.6069530140979398 0.3347274404807166 0.02677598755244546 0.023582945745273774
0 0.6790629672075064 0.43426383216765607 0.026894386722608486 0.025145445745273953
0 0.44594558173429777 0.2747535185431561 0.02833848755244537 0.023592036104353474
0 0.7266949838042458 0.4652229406771083 0.026775987552445278 0.023582945745273774
0 0.5192162157576138 0.3383615005891752 0.0268943867226084 0.025145445745273953
0 0.49000231243826586 0.3322842174116879 0.02689438672260831 0.025145445745273866
0 0.47908996845690616 0.2495717113615637 0.02833848755244537 0.023592036104353474
0 0.5840823539301147 0.40982743443059244 0.028456886722608488 0.025154536104353475
0 0.7374189962518004 0.4885877178044714 0.026894386722608486 0.025145445745273953
0 0.6645520265454945 0.35781950683569114 0.02509508838228225 0.022011355386194253
0 0.6961786896131047 0.4763331574996211 0.026894386722608486 0.025145445745273953
0 0.5766735182471248 0.3427126573032293 0.02677598755244546 0.023582945745273955
0 0.6523121356737012 0.3750706393492484 0.02677598755244546 0.023582945745273774
0 0.7816211273753314 0.3587002299047198 0.02677598755244546 0.023582945745273774
0 0.7128011950116895 0.29818997678146186 0.025095088382282426 0.022011355386194253
0 0.7798702958415265 0.29936159134103824 0.025095088382282426 0.022011355386194253
0 0.6663764809044608 0.27190927791292996 0.023532588382282428 0.022002265027114644
0 0.6418500775851129 0.26580472365820385 0.025213487552445457 0.023573855386194255
0 0.812587707459244 0.3210366034412867 0.025095088382282426 0.022011355386194253
0 0.6489736481212558 0.3985172297083281 0.02677598755244546 0.023582945745273774
0 0.7321628111888661 0.5167308985226307 0.030137785892771517 0.026726126463433177
0 0.7131527020606592 0.4996615731906656 0.026894386722608486 0.025145445745273953
0 0.7647422033100592 0.3135059045727548 0.025095088382282426 0.022011355386194253
0 0.23124077384620206 0.9161501573032294 0.0334995842330974 0.029869307181592218
0 0.1101712572494626 0.8856182956705192 0.0350620842330974 0.0298783975406721
0 0.34987237467603904 0.9170217900131783 0.03349958423309758 0.029869307181592218
0 0.35234375 0.990625 0.0328125 0.01875
0 0.3569027020606592 0.9685206574996211 0.03338118506293455 0.028306807181592397
0 0.2109375 0.98828125 0.034375 0.0234375
0 0.26864568546391976 0.9377978983262389 0.0334995842330974 0.029869307181592218
0 0.40625 0.93125 0.025 0.028125
0 0.509375 0.55703125 0.071875 0.0359375
0 0.5290666576690255 0.6573114884889268 0.058097765146847016 0.06593407220870695
0 0.6066695941818524 0.7255796994577071 0.05485436597668407 0.06435339149054772
0 0.4644587833939717 0.7061035124930319 0.07327247925407558 0.03947156615858276
0 0.6961572240559836 0.78128427791293 0.06519987012586874 0.056604524004105095
0 0.45234375 0.63515625 0.0671875 0.0359375
0 0.7412562365035382 0.8044490671405414 0.0729172817435865 0.03478406615858276
0 0.4421875 0.87890625 0.046875 0.0609375
0 0.5020501813147349 0.8901785306434045 0.06219326929603195 0.05814884328594587
0 0.8013667875431565 0.7119524949318344 0.06941377344521663 0.050381795081344015
0 0.6120190223963096 0.7786501573032293 0.05629846680652086 0.06279998184962743
0 0.6729350568391885 0.654912675453602 0.03825886182749905 0.07206589754067191
0 0.5868987779953869 0.8834376512531051 0.0381404626573361 0.07050339754067192
0 0.7193131493706557 0.640586555040293 0.059423466806520865 0.06281816256778665
0 0.5011048331841902 0.7995989824388026 0.047397063487173076 0.06899543969514958
0 0.7232865638881585 0.856093380372258 0.062311668466194806 0.05971134328594587
0 0.7836357584988625 0.657392259958949 0.04607136182749905 0.07211134933607007
0 0.7413531701165801 0.6795036092950191 0.05052206348717299 0.06901362041330898
0 0.6638900983310373 0.7330558561717612 0.06363737012586874 0.056595433645025485
0 0.7099559244662577 0.9701831514494967 0.07206517676456467 0.044149975799503235
0 0.7587523124382659 0.7590547539088248 0.07050267676456468 0.044140885440423536
0 0.7025740900326675 0.7172126875538504 0.060749168466194804 0.05970225292686626
0 0.7904973746760391 0.8760059045727548 0.05341026514684692 0.06590680113146803
0 0.7642649161678878 0.9542490792407898 0.04114706348717299 0.06895907825883114