0 0.24112111262411987 0.06261955413965321 0.06916117688202625 0.050001306420763926
0 0.29585373908840407 0.2546992577868755 0.04798651384016441 0.06667966014423606
0 0.3345289199247629 0.18834821238402827 0.049549013840164594 0.06671602773541671
0 0.2147310730807928 0.2496831430454865 0.05573534684397004 0.06529899810013902
0 0.228125 0.02109375 0.065625 0.0421875
0 0.26156626380298337 0.13660256800736156 0.06785334486680376 0.056214938829583436
0 0.16015625 0.0109375 0.0734375 0.021875
0 0.1424050869209573 0.18231249866881982 0.06029551285158128 0.062283100873680566
0 0.3557911076812039 0.08874825588701443 0.05273768083635879 0.06835126291777786
0 0.2610967371112377 0.2632741707809032 0.05404551285158128 0.062137630508958354
0 0.15206392981059463 0.1371818366247226 0.07353034190105419 0.04229790919430565
0 0.18101128357464685 0.0408887180836115 0.07209517589344294 0.04538654160312507
0 0.08134025292856846 0.18401916261277806 0.0722225098858317 0.048511541603125076
0 0.17267090707318164 0.24557621808361157 0.043553681824942105 0.07282055737069441
0 0.10812824600848625 0.21748627925402814 0.07828150889724857 0.043969511967847194
0 0.18602775292856846 0.18645579122187544 0.058860346843970034 0.06537173328249998
0 0.01640625 0.30390625 0.0328125 0.0703125
0 0.383573914981847 0.21294947530180613 0.061603344866803765 0.05606946846486114
0 0.27109375 0.33984375 0.0734375 0.0390625
0 0.21328125 0.33359375 0.0390625 0.0515625
0 0.2011672746773983 0.08358536436013927 0.07522017589344294 0.045459276785486225
0 0.11597523809982083 0.2552044848011114 0.07509284190105418 0.04233427678548622
0 0.19970293376492734 0.11952286436013929 0.07241351087441501 0.05319904160312507
0 0.32617790905034794 0.23976524201930607 0.05710684585538672 0.060647865691319504
0 0.26721408593237406 0.18990940596326436 0.05723417984777566 0.0637728656913195
0 0.323708119544202 0.031698168881042224 0.0690338428896375 0.04687630642076392
0 0.025 0.2515625 0.05 0.071875
0 0.1266288952101835 0.3008079255305559 0.05729784684397003 0.06533536569131951
0 0.11283428654039644 0.025226044071667 0.07522017589344294 0.045459276785486225
0 0.06719022821398912 0.3009884570656947 0.05592634783255317 0.06998649810013902
0 0.24569191300468063 0.21912412727791714 0.07215884288963732 0.046949041603125075
0 0.4270931047154544 0.10448366508132008 0.04192751482874755 0.07122168977951393
0 0.440142249962819 0.20644620858430612 0.07177684091247105 0.03757404160312507
0 0.05489976973448245 0.10364067838034755 0.07097834486680368 0.0562876740119445
0 0.32230744562792546 0.06607316888104223 0.06153967787060921 0.05450696846486114
0 0.4688932855518132 0.038205354860834005 0.054172846843970036 0.06526263050895835
0 0.3516819278334283 0.15121188829583385 0.04492518083635879 0.06816942496187509
0 0.09296875 0.35 0.0609375 0.01875
0 0.31171875 0.0109375 0.0703125 0.021875
0 0.334375 0.34609375 0.06875 0.0265625
0 0.07987059482962264 0.143321427430417 0.07228617688202607 0.05007404160312508
0 0.23750272821398913 0.3049525245043755 0.06434634288963732 0.04676720364722229
0 0.3900679485936749 0.053574475301806146 0.06928851087441501 0.05312630642076392
0 0.44122458889812355 0.17988370858430613 0.07158583992388792 0.032886541603125076
0 0.0640625 0.0109375 0.053125 0.021875
0 0.26146810471545445 0.10062870041618104 0.07072367688202626 0.0500376740119445
0 0.4486842618258171 0.1503416789490284 0.07021434091247088 0.0375376740119445
0 0.38359375 0.0171875 0.0640625 0.034375
0 0.4385054485936749 0.05470187062840339 0.05873301285158128 0.06224673328250008
0 0.3137654337649273 0.12217769851631996 0.04349001482874755 0.0712580573706945
0 0.4662829387078432 0.102267854860834 0.05098417984777566 0.0636273953265972
0 0.38465093673067685 0.10975174011944504 0.05579901384016441 0.06686149810013893
0 0.4277112341454882 0.28122800303722284 0.07040534190105419 0.04222517401194459
0 0.43073807505795914 0.24532687062840336 0.07196784190105418 0.0422615416031249
0 0.29747458889812356 0.17653789019569494 0.045179848821136306 0.07441942496187508
0 0.27495228456323006 0.03838327355444493 0.043617348821136305 0.0743830573706945
0 0.054175575057959155 0.23656228115388914 0.05879667984777566 0.06380923328249999
0 0.15255472524823954 0.3170511745806254 0.05130251482874755 0.07143989532659738
0 0.1282099357420936 0.10847495516583372 0.07646434091247087 0.03768314437666671
0 0.3961137242596564 0.3274120188047922 0.055608012851581276 0.062173998100139016
0 0.159375 0.34921875 0.06875 0.0203125
0 0.12036294365075903 0.07075674961875036 0.07215884288963732 0.046949041603125075
0 0.07109375 0.3359375 0.0609375 0.046875
0 0.18887422722540598 0.3085126291777781 0.03255251482874755 0.07100348423243048
0 0.34614289916451624 0.28714938829583386 0.07059634288963731 0.046912674011944586
0 0.37025156121779473 0.3096062697547228 0.06479201186299796 0.057704703647222286
0 0.061688280608897375 0.05218728115388922 0.07228617688202607 0.05007404160312508
0 0.21647925688290118 0.168396775454306 0.0586693458553869 0.060684233282499986
0 0.025535921901929194 0.1717724293302781 0.03586851581733086 0.07576371941479162
0 0.4328125 0.32890625 0.046875 0.0609375
0 0.3028730602292115 0.31272996333395875 0.06272017589344295 0.045168336056041626
0 0.3938057608372339 0.15375631325770894 0.04336268083635879 0.06813305737069442
0 0.3744244080617648 0.24558013734590337 0.060040844866803764 0.05603310087368065
0 0.41728838730151807 0.7101154160312506 0.08717634783255335 0.07071384992375015
0 0.2345740463890471 0.741834275454306 0.08743101581733086 0.07696384992375016
0 0.25258390015309934 0.645286583774931 0.07368685079830276 0.08444904160312508
0 0.35151219559074437 0.8274470799752087 0.08586851581733086 0.07692748233256949
0 0.3683654090503479 0.6057539179311118 0.07980951680591382 0.0814695119678472
0 0.36894372920257223 0.6683266531134727 0.08730368182494211 0.07383884992375016
0 0.31090573612265454 0.6341321846486115 0.059815351786885886 0.08880923328249998
0 0.32004201969730134 0.8705060957427783 0.06769151878308044 0.09055357123840277
0 0.31569671239665825 0.746850390195695 0.06144151878308044 0.09040810087368065
0 0.23156574600848626 0.5853660699072226 0.05213018577927464 0.09175239532659721
0 0.27628670251082654 0.7928525680073616 0.05213018577927464 0.09175239532659737
0 0.36624054045754806 0.7730505207046534 0.06443918479069151 0.08735583605604162
0 0.48305135566685653 0.8617883252255563 0.08905718281352523 0.07856271751493064
0 0.4807593438038584 0.9180383252255563 0.0955963428896375 0.047494555470833436
0 0.38086009186387315 0.529409623478195 0.05356535178688589 0.08866376291777786
0 0.3939596807619967 0.898814240119445 0.08979201186299815 0.058286585106111136
0 0.9469413952101835 0.7832580560395143 0.07671900889724856 0.04393314437666671
0 0.8701242272254059 0.787726044071667 0.08140650889724857 0.044042247150208345
0 0.8129483971873498 0.7707554431979864 0.05311968281352515 0.07772626291777769