0 0.17578125 0.4546875 0.0265625 0.009375
0 0.12734375 0.453125 0.0265625 0.0125
0 0.10139520049833717 0.44240652324472407 0.026602072794389107 0.026894386722608486
0 0.0484375 0.446875 0.028125 0.025
0 0.022608866445181074 0.42230566556640986 0.026602072794389107 0.026894386722608486
0 0.075 0.45 0.025 0.01875
0 0.0046875 0.40546875 0.009375 0.0265625
0 0.743480175821335 0.2436175161957542 0.0413654796419344 0.038897479254075586
0 0.6654948781653733 0.21101665851744 0.04146560919158375 0.04045997925407559
0 0.5953220805094117 0.17900779668994088 0.04312823874123302 0.042140878424238616
0 0.7584414466408258 0.10815361287640632 0.04322836829088246 0.04370337842423862
0 0.6378519370801019 0.27486567096499465 0.039702850092285046 0.03721658008391256
0 0.6802001233850113 0.3000558477295593 0.038140350092285044 0.03709818091374952
0 0.712572532392025 0.3339106294731458 0.03627746144333699 0.03229228174358649
0 0.7143748642857128 0.3057856294731458 0.03637759099298634 0.03385478174358649
0 0.4801629457179752 0.4324861489696703 0.03637759099298643 0.03385478174358667
0 0.12272518970099551 0.7814224016689627 0.06328005243632351 0.06543666846619481
0 0.2652712399778506 0.6885981294731458 0.05662953423772628 0.05871307178554286
0 0.246875 0.9734375 0.040625 0.053125
0 0.28359375 0.96953125 0.0421875 0.0609375
0 0.2946397624953846 0.7693279112167323 0.05819203423772627 0.05883147095570571
0 0.1932145697120701 0.6124840701351577 0.062479016039128865 0.05293666846619498
0 0.05859973781838237 0.6305451406713006 0.0679279796419344 0.040910265146847015
0 0.211627003396086 0.7661777551980921 0.06939035009228504 0.03946616431700996
0 0.10090835132890277 0.6808537166060283 0.06686612739018098 0.0486043659766839
0 0.35285278069398196 0.7674586805127642 0.04014294108527157 0.06834818091374953
0 0.2608631446659276 0.6348811336223307 0.05632914558877822 0.05402557178554277
0 0.1280296607050566 0.5761429058181476 0.05945414558877822 0.05426237012586892
0 0.11949766502399325 0.6602811074778215 0.06696625693983034 0.05016686597668398
0 0.3734890484311538 0.9354516639160246 0.04795544108527139 0.06894017676456468
0 0.2720404765596154 0.6074665286433089 0.05945414558877822 0.05426237012586892
0 0.2996438448504978 0.5687359153659173 0.06314035009228505 0.038992567636357923
0 0.19848186304909507 0.5547899693053207 0.06782785009228505 0.039347765146847014
0 0.32596651295681 0.5989921004288516 0.05799177513842757 0.0557064709557058
0 0.164728624307862 0.5914844859020602 0.06404151603912896 0.05305506763635792