0 0.04307429518272619 0.47773056183678786 0.0366779796419344 0.038542281743586496
0 0.08918783157992075 0.4936641377715156 0.03501535009228505 0.03686138257342346
0 0.10431697408638012 0.2444696211747761 0.03481509099298634 0.03373638257342364
0 0.2539140607604298 0.37086894565961126 0.0349152205426357 0.035298882573423465
0 0.21966017427095022 0.32162596225635076 0.03481509099298634 0.033736382573423464
0 0.17815259715762438 0.377567386321623 0.033352720542635696 0.03518048340326061
0 0.18488465607235288 0.31277118051276426 0.033252590992986344 0.03361798340326043
0 0.195242362735328 0.2560242730442314 0.03481509099298634 0.033736382573423464
0 0.07799430598006776 0.27046343611184165 0.03481509099298634 0.033736382573423464
0 0.05161108111849542 0.31977635187874415 0.0349152205426357 0.035298882573423465
0 0.13272377390180984 0.17820600374819956 0.03481509099298634 0.033736382573423464
0 0.19998802436323526 0.3543433738740684 0.033252590992986344 0.03361798340326043
0 0.219918594998156 0.4227148655756986 0.03501535009228505 0.03686138257342364
0 0.6616264312107806 0.5690174900512451 0.09649307063492074 0.07417305103961844
0 0.7623507171465498 0.41804883113281976 0.08363212523071262 0.09185745850815116
0 0.8478295373200453 0.3203468821724382 0.08685725478036196 0.09365675684847723
0 0.7388550555186425 0.3183089402610265 0.08080751387966068 0.0963081601678251
0 0.7950864666851244 0.24948900789738443 0.08519462523071261 0.0919758576783142
0 0.9407179441675904 0.3382699332120566 0.09841651603912886 0.055659849379944504
0 0.96328125 0.2796875 0.0734375 0.059375
0 0.6663630845145814 0.10912227179483158 0.09891716378737563 0.06347234937994446
0 0.96171875 0.415625 0.0765625 0.084375
0 0.7144114697674434 0.5434739610069509 0.07904475478036196 0.09306476099766207
0 0.9565060255998528 0.19641431993466493 0.05787066162790726 0.10234467261537983
0 0.8302043414544118 0.16662988632162307 0.08968186613141409 0.08920605518880328
0 0.98984375 0.23046875 0.0203125 0.0765625
0 0.9859375 0.17578125 0.028125 0.0640625
0 0.8829869848837216 0.2623693614265138 0.09891716378737563 0.0634723493799445
0 0.5987121144333709 0.24238321245684338 0.08237001387966059 0.09642655933798813
0 0.95234375 0.4859375 0.0953125 0.075
0 0.2200001357142872 0.7876975576876031 0.048656347932816854 0.07987767676456467
0 0.37734375 0.71796875 0.0234375 0.0765625
0 0.35625 0.6703125 0.065625 0.021875