0 0.15625 0.50859375 0.021875 0.0203125
0 0.1125 0.51484375 0.021875 0.0078125
0 0.01015625 0.4984375 0.0203125 0.021875
0 0.06364761103728504 0.49241026486592865 0.02161418414544123 0.021140170950527094
0 0.6608859515688461 0.20328941505620915 0.0813687183831675 0.07811968281352506
0 0.5830589450904411 0.32635023026551757 0.08146884793281668 0.07968218281352524
0 0.6575187245478054 0.2966574130790427 0.08146884793281668 0.07968218281352506
0 0.5843840083241062 0.17679589923887828 0.08136871838316742 0.07811968281352524
0 0.560864967607975 0.2475248933073793 0.08293121838316742 0.07818334980971961
0 0.7953005243632353 0.23370110973273234 0.07814358883351816 0.0764298488211363
0 0.8631097856220021 0.19750362456148 0.0796059592838688 0.07493101581733086
0 0.9563987106681446 0.21844747733694908 0.07970608883351815 0.07649351581733085
0 0.2107462492248076 0.9286607826604257 0.037178627390180984 0.045150673916276675
0 0.2 0.99453125 0.03125 0.0109375
0 0.184375 0.9828125 0.03125 0.034375
0 0.13103776526393657 0.9737239318621231 0.04439035009228505 0.036094008897248564
0 0.19466017427095023 0.9451479457022876 0.03102875693983016 0.04645850593149916
0 0.09140625 0.9796875 0.0296875 0.040625
0 0.2084432695828733 0.8927232826604257 0.048477072794389287 0.0269100098858317
0 0.14564288093392533 0.8854891028126503 0.0476154796419344 0.03778384288963732
0 0.16972073102621038 0.9207554407593715 0.04176599784053163 0.04377917490485981
0 0.14928951264304297 0.8451187707974277 0.04166586829088246 0.04221667490485981
0 0.27524884021779406 0.9624574625082015 0.028104016039128866 0.04945617193911023
0 0.16677500616463795 0.972063272774594 0.031028756939830336 0.04645850593149916
0 0.5578125 0.87734375 0.078125 0.0515625
0 0.5546875 0.94453125 0.071875 0.0578125
0 0.55078125 0.98984375 0.0640625 0.0203125