0 0.2155653290252783 0.4081524455211836 0.04673083605604171 0.06410605866619043
0 0.28115004217180595 0.2001107165564055 0.03114220364722229 0.06457595222957302
0 0.33052918028020856 0.03545835467190654 0.060538762917777864 0.05415190445914586
0 0.42109375 0.03203125 0.0359375 0.0640625
0 0.233113892095556 0.28798205715358105 0.04669446846486114 0.06254355866619025
0 0.26083492933027796 0.0669375836366846 0.043605836056041625 0.06388753737886681
0 0.5340945106366671 0.24189475292686619 0.052798998100139015 0.05673060124083733
0 0.47787957180708374 0.1800938754550269 0.06322735182361114 0.03562042574646949
0 0.37315570421590316 0.18585183858036308 0.06635235182361114 0.03583894703379294
0 0.4797680737069448 0.12675035416770344 0.02957970364722229 0.0644666915859112
0 0.430568160712917 0.16462169476487895 0.058867160144236055 0.049355143815484226
0 0.3672343189572921 0.2676481417986718 0.06042966014423605 0.04946440445914604
0 0.2844581865484727 0.2750014559127438 0.043533100873680654 0.06076253737886681
0 0.4550603208571532 0.20829528510995293 0.06326371941479181 0.03718292574646931
0 0.39855313487736144 0.06669764699445194 0.051236498100139014 0.05662134059717552
0 0.39673736815986144 0.12316616828177537 0.052835365691319504 0.05829310124083724
0 0.447503700416181 0.2870758489719233 0.052835365691319504 0.05829310124083733
0 0.22784189779513922 0.12871631779724274 0.05745013050895835 0.05549588317182241
0 0.18510888392743086 0.10822885517610961 0.06181032218833336 0.041761165102807675
0 0.4486258700597225 0.06632630639727637 0.054288762917777865 0.05371486188449896
0 0.4356907653863198 0.11574715219023202 0.043533100873680654 0.06076253737886681
0 0.3581840144363893 0.14777268437331875 0.06337282218833344 0.041870425746469396
0 0.48812478115388913 0.08234479030573301 0.06170121941479181 0.03707366510280767
0 0.5199242142838895 0.30548735936348353 0.026418336056041623 0.06268567029858776
0 0.4546875 0.01875 0.05625 0.0375
0 0.96171875 0.553125 0.0484375 0.053125
0 0.97578125 0.3953125 0.0484375 0.046875
0 0.9447047023160421 0.3719093069014795 0.06021145459715278 0.040089404459146036
0 0.99453125 0.5484375 0.0109375 0.053125
0 0.08576741983097272 0.8854140680493444 0.02074891109416672 0.020170388367602498
0 0.1005923328250005 0.849946461612727 0.02074891109416672 0.020170388367602498
0 0.06022321238402828 0.9310214989915938 0.02074891109416672 0.020170388367602498
0 0.64609375 0.90703125 0.0328125 0.0453125
0 0.6620376726807644 0.9646324024423336 0.043133057370694415 0.04357503737886681
0 0.63515625 0.946875 0.0109375 0.046875