0 0.23762215219023197 0.19691574140672383 0.03165419158591121 0.028470445337363516
0 0.3690906734775554 0.19531797342454124 0.03176345222957302 0.030032945337363514
0 0.19376289154657034 0.19796916406745152 0.03176345222957302 0.030032945337363514
0 0.22585412570712843 0.16393960940481483 0.03165419158591121 0.028470445337363516
0 0.11390042892543714 0.15481805338954285 0.03020095222957302 0.030014764003817973
0 0.14685504055783455 0.17553054272754265 0.03176345222957302 0.030032945337363514
0 0.33272683858036317 0.13390775875235975 0.03165419158591121 0.028470445337363516
0 0.2914791257071284 0.1647032254137235 0.03165419158591121 0.028470445337363516
0 0.1978276786733356 0.22929188940163323 0.03176345222957302 0.030032945337363514
0 0.36419535986768664 0.13114638542326862 0.03165419158591121 0.028470445337363516
0 0.3816128167888365 0.28459864942708657 0.03343521287323483 0.031613626670908876
0 0.3139118645592636 0.31352253341817793 0.03343521287323466 0.031613626670908876
0 0.4922768012014963 0.17798611744108594 0.03332595222957302 0.030051126670908878
0 0.2471606791775387 0.08287142274026937 0.03165419158591121 0.028470445337363516
0 0.06859863660289171 0.08704875071608864 0.03165419158591121 0.028470445337363516
0 0.7475763063972763 0.5111942280394527 0.046809298022528624 0.0442590773392725
0 0.8240402534310693 0.44640556938254317 0.045028276735205174 0.04111589600572696
0 0.8644795831324815 0.47189646538827024 0.04513753737886681 0.042678396005727134
0 0.8117152160522025 0.4884839813812706 0.04513753737886681 0.042678396005727134
0 0.7767610618451581 0.47400331070972523 0.04346577673520509 0.041097714672181596
0 0.797717690073302 0.30848739871099795 0.04346577673520517 0.041097714672181596
0 0.8015968069014795 0.3648283053787251 0.04513753737886681 0.042678396005727134
0 0.8971064128338938 0.49729645472627004 0.04524679802252853 0.044240896005727136
0 0.7540555353620545 0.44089990937299817 0.04346577673520509 0.041097714672181596
0 0.86328125 0.52109375 0.0453125 0.0359375
0 0.7913041630859953 0.4225680800445434 0.04513753737886681 0.04267839600572696
0 0.97890625 0.1515625 0.0421875 0.04375
0 0.8946583920507735 0.3534010040579064 0.04513753737886681 0.042678396005727134
0 0.8979904777042703 0.19393509739017922 0.04524679802252862 0.04424089600572696
0 0.8869215737493275 0.10623510272117934 0.04535605866619026 0.04580339600572696
0 0.9566877705310188 0.11486576273072435 0.04201253737886681 0.04264203333863605
0 0.7164027160522024 0.4873749200349984 0.046809298022528624 0.0442590773392725
0 0.929863190577505 0.16303054272754264 0.04524679802252862 0.04424089600572696
0 0.9185986366028918 0.39121008672817903 0.04670003737886681 0.0426965773392725
0 0.8675710041873739 0.22642033338636117 0.04524679802252862 0.04424089600572696
0 0.8614409725084903 0.15754306405154309 0.04357503737886681 0.0426602146721816
0 0.8880149081423167 0.3142294160566338 0.04335651609154336 0.039535214672181594
0 0.7451718442803463 0.32194991470399825 0.046809298022528624 0.0442590773392725
0 0.8941992061648453 0.2705157787237247 0.04513753737886681 0.04267839600572696
0 0.7805080467620209 0.21915217870781625 0.046809298022528624 0.0442590773392725
0 0.9348356417986718 0.42736576273072424 0.04670003737886681 0.042696577339272325
0 0.8175817118648286 0.15859648671227067 0.04535605866619026 0.04580339600572696
0 0.8450618556803127 0.10105670671545228 0.04546531930985207 0.04736589600572696
0 0.9641189502127606 0.45585438940163325 0.04513753737886681 0.04267839600572696
0 0.9921875 0.44765625 0.015625 0.0421875
0 0.9622714989915938 0.19155553206554243 0.04524679802252862 0.04424089600572696
0 0.99296875 0.31015625 0.0140625 0.0453125
0 0.9921875 0.5203125 0.015625 0.0375
0 0.8250228712676531 0.20872375604708876 0.04357503737886681 0.0426602146721816
0 0.990625 0.24296875 0.01875 0.0453125
0 0.990625 0.38203125 0.01875 0.0421875
0 0.9736681848775218 0.27456802673454234 0.04513753737886681 0.04267839600572696
0 0.9697348017056994 0.3308180267345423 0.04513753737886681 0.04267839600572696
0 0.41092824823528923 0.7093611974060876 0.09419775025210164 0.07447383601209037
0 0.21584497720006723 0.6367214867122707 0.10211951089576328 0.07612724267981755
0 0.37267413140711164 0.6526203014003606 0.06313342055068923 0.09909202800763595
0 0.24379574253530603 0.8184442013844521 0.10091764381548422 0.05893974267981754
0 0.4415448276845998 0.8082350494111783 0.053321377976042326 0.09273294000636341
0 0.3283342695226127 0.705272586728179 0.09161905347041017 0.08224997334499946
0 0.313059194764879 0.7895384987269063 0.08380655347041017 0.0821590666772721
0 0.4373593442803464 0.6220975547421783 0.09194683540139544 0.08693747334499946
0 0.35545450837474785 0.8541464387332697 0.09332366510280768 0.06197383601209037
0 0.46800877471839275 0.7428645880808145 0.10204310124083733 0.052707924013363085
0 0.37744947669586415 0.7855964334022696 0.07039961733238051 0.0913704346753633
0 0.2617373593634835 0.8749487400540884 0.10015281930985206 0.04800224267981754
0 0.240625 0.975 0.09375 0.05
0 0.11576929550151313 0.8826328760343621 0.053212117332380605 0.0911704400063634
0 0.3822248219846166 0.9185725654041785 0.0971370799535137 0.049528380012726636
0 0.42692531678883655 0.8831259614099055 0.09859031930985189 0.047984061346272
0 0.353125 0.98984375 0.075 0.0203125
0 0.0390625 0.7671875 0.078125 0.078125
0 0.49296875 0.96953125 0.0828125 0.0609375
0 0.1125 0.97109375 0.065625 0.0578125
0 0.0359375 0.975 0.071875 0.05
0 0.09425420046486215 0.6759647053628168 0.07853989926336587 0.09614884134309029
0 0.86171875 0.5546875 0.0828125 0.03125
0 0.79140625 0.5546875 0.0703125 0.03125
0 0.96875 0.56171875 0.0625 0.0453125
0 0.9069727217521857 0.5909748240769964 0.07701025025210165 0.07427384134309048
0 0.804863918533877 0.5976055373965425 0.07399451089576328 0.07579997867599957
0 0.6800938754550269 0.7494033000477252 0.07443155347041017 0.08204997867599957
0 0.9523073650634668 0.6806373080839961 0.08315098960843983 0.07278406667727229
0 0.5703125 0.94453125 0.040625 0.0984375
0 0.7877642638226294 0.7303271307288153 0.05154035668871888 0.08958975867281786
0 0.6677574024423336 0.6351044427116344 0.05455609604505716 0.08806362133990878
0 0.96015625 0.6140625 0.0796875 0.046875
0 0.594484157386012 0.7437158267027255 0.07308757475773371 0.08515679734245403
0 0.9535206677775723 0.8198270774188142 0.09234031930985206 0.04791133601209037