0 0.44609375 0.45859375 0.0078125 0.0265625
0 0.4140625 0.5015625 0.025 0.015625
0 0.446875 0.496875 0.00625 0.025
0 0.6257519616279161 0.4214845319935542 0.04316942496187508 0.04464464206513981
0 0.6574046179724302 0.2682839372834608 0.043133057370694415 0.04308214206513998
0 0.8290263512549302 0.20211436376122927 0.041570557370694414 0.04299113680346807
0 0.6648858903895134 0.4831808951900861 0.043205792553055566 0.0462071420651398
0 0.7498116299402775 0.18644313210649358 0.041570557370694414 0.04299113680346807
0 0.883239766148819 0.2863381743410427 0.041570557370694414 0.04299113680346807
0 0.6722645921368746 0.36728287940507054 0.041570557370694414 0.04299113680346807
0 0.9296757422131245 0.4365510059675435 0.04316942496187508 0.04464464206513981
0 0.685385454028472 0.20579934783503936 0.04160692496187508 0.044553636803468064
0 0.7058044439604856 0.3341217689099617 0.041570557370694414 0.04299113680346807
0 0.7203125 0.4875 0.04375 0.04375
0 0.8313122838162496 0.37206284271454193 0.04160692496187508 0.044553636803468064
0 0.8424303153513885 0.4307098006211671 0.041570557370694414 0.04299113680346807
0 0.8082423789903469 0.15651343742463517 0.041570557370694414 0.04299113680346807
0 0.8053290524336105 0.4828029216396196 0.04160692496187508 0.044553636803468064
0 0.6969359773954856 0.446985789956649 0.04000805737069442 0.042900131541796324
0 0.8543146791428468 0.322351269051136 0.04000805737069442 0.042900131541796324
0 0.7589658115516663 0.3294650900131188 0.04160692496187508 0.044553636803468064
0 0.8864725625015968 0.3485651585560271 0.043133057370694415 0.04308214206513981
0 0.7149962995838189 0.4084847320782587 0.04000805737069442 0.04290013154179615
0 0.6214268311189578 0.4732290425168978 0.043133057370694415 0.04308214206513998
0 0.8120180763693051 0.32949591111627596 0.041570557370694414 0.04299113680346807
0 0.8475892876159717 0.4772207795744797 0.041570557370694414 0.04299113680346807
0 0.7837502188461107 0.2031910163497129 0.03997168977951393 0.04133763154179624
0 0.8759701671749995 0.39754869012605826 0.04160692496187508 0.044553636803468064
0 0.8302238689223607 0.28474485323788556 0.04000805737069442 0.042900131541796324
0 0.7046796614754164 0.24836627943330533 0.03997168977951393 0.04133763154179615
0 0.7456683373872218 0.23037514262983727 0.03993532218833344 0.03977513154179624
0 0.7811291394395828 0.4498840058263692 0.04000805737069442 0.04290013154179615
0 0.7509000448341663 0.27376112158314986 0.041570557370694414 0.04299113680346807
0 0.737524609804305 0.44618215315318094 0.04000805737069442 0.042900131541796324
0 0.6268793569545135 0.37304703199355416 0.041570557370694414 0.04299113680346807
0 0.857841029066597 0.23788526378946412 0.04000805737069442 0.04290013154179615
0 0.7893806633752775 0.2964859900413536 0.04000805737069442 0.042900131541796324
0 0.7893429893633328 0.3651449847796818 0.04000805737069442 0.04290013154179615
0 0.7084216041047219 0.28871826364828984 0.041570557370694414 0.04299113680346807
0 0.8902131987101385 0.4560136375093398 0.041570557370694414 0.04299113680346807
0 0.7361816217721524 0.3698016636765247 0.03997168977951393 0.04133763154179615
0 0.8170705587018746 0.24650140059293224 0.04000805737069442 0.04290013154179624
0 0.7603087995838189 0.4058455794897752 0.04000805737069442 0.042900131541796324
0 0.76310518484243 0.48682256370475957 0.04160692496187508 0.044553636803468064
0 0.6727724319926385 0.4125043741433986 0.041570557370694414 0.04299113680346807
0 0.8008246968102772 0.4081669426863071 0.04000805737069442 0.042900131541796324
0 0.01640625 0.8375 0.0328125 0.046875
0 0.06484821637756885 0.8243056951053814 0.046403527735416714 0.04951415258848364
0 0.23959625608083285 0.690857616321478 0.04476829255305557 0.04629814732681172
0 0.09308493199263843 0.6837871109186319 0.04316942496187508 0.04464464206513998
0 0.12422713563986072 0.6195580109468667 0.04316942496187508 0.04464464206513981
0 0.08193183928708296 0.5596061582736784 0.043169424961874994 0.04464464206513998
0 0.05546875 0.5296875 0.0421875 0.040625
0 0.17524150893062443 0.7741853267883521 0.04476829255305557 0.0462981473268119
0 0.384375 0.525 0.04375 0.03125
0 0.18490875608083285 0.6940428004799928 0.043205792553055566 0.04620714206513998
0 0.05587587272208285 0.6734712371987562 0.041570557370694414 0.04299113680346807
0 0.34606446162791615 0.6752942585277923 0.04316942496187508 0.04464464206513998
0 0.28025762367201346 0.68692897951801 0.043205792553055566 0.0462071420651398
0 0.19097953096645792 0.5672982899566491 0.04160692496187508 0.044553636803468064
0 0.10521994966006894 0.7657805635635853 0.041570557370694414 0.04299113680346807
0 0.19682818104270794 0.6512182636482897 0.041570557370694414 0.04299113680346807
0 0.24642683111895777 0.7325900900131188 0.04473192496187508 0.0447356473268119
0 0.26640625 0.528125 0.0421875 0.0375
0 0.38418271067798565 0.6465476322476679 0.043205792553055566 0.0462071420651398
0 0.023901133739999646 0.5723483529555369 0.04153418977951393 0.04142863680346807
0 0.3887624143252079 0.5838656217243242 0.04316942496187508 0.04464464206513981
0 0.15111433111895778 0.7381414109751016 0.04000805737069442 0.04290013154179615
0 0.42746123841340233 0.597215490182528 0.04473192496187508 0.04473564732681172
0 0.06295971447770779 0.7713627056287251 0.043205792553055566 0.0462071420651398
0 0.3055135032310412 0.6074389005929323 0.04320579255305575 0.0462071420651398
0 0.15151698746347186 0.5867609214984453 0.04160692496187508 0.044553636803468064
0 0.22757164760770793 0.5370801689381965 0.04316942496187508 0.04464464206513998
0 0.00703125 0.6421875 0.0140625 0.046875
0 0.13102134308680516 0.6628529846385074 0.04473192496187508 0.0447356473268119
0 0.2508260032310412 0.6106240847514469 0.04316942496187508 0.04464464206513981
0 0.19177569871013836 0.7342127741716336 0.04153418977951393 0.04142863680346807
0 0.309375 0.52890625 0.04375 0.0390625
0 0.2703020486338884 0.6453785163497129 0.04476829255305557 0.0462981473268119
0 0.10859375 0.5265625 0.0453125 0.034375
0 0.11241550703076335 0.7247915425168978 0.043205792553055566 0.04620714206513998
0 0.33767138658979123 0.6336527900978235 0.04476829255305557 0.0462981473268119
0 0.41608863373999966 0.5495060322759028 0.04476829255305557 0.04629814732681172
0 0.47109375 0.52890625 0.0421875 0.0390625
0 0.65 0.51796875 0.05 0.0171875
0 0.5609375 0.52109375 0.059375 0.0234375
0 0.475 0.5671875 0.05 0.071875
0 0.515625 0.525 0.040625 0.03125
0 0.6109375 0.5234375 0.05625 0.028125
0 0.70859375 0.52421875 0.0734375 0.0296875
0 0.514668991263194 0.6282805635635851 0.06838763050895835 0.055475726251889415
0 0.46171875 0.64765625 0.0234375 0.0703125
0 0.661215376521805 0.7008850637047596 0.04378767401194459 0.07120714206513981
0 0.79609375 0.51484375 0.0734375 0.0109375
0 0.6631077976839579 0.5525385689664313 0.06824216014423605 0.04922572625188941
0 0.6264065782691662 0.5874441899848839 0.06965918977951394 0.04306673151356133
0 0.5001350189986107 0.5823156161803037 0.04698540919430565 0.07451415258848364
0 0.48515625 0.671875 0.0703125 0.05
0 0.8036223884896522 0.616132090154293 0.03444904160312508 0.07222361049510884
0 0.46640625 0.7609375 0.0328125 0.071875
0 0.5640481293715967 0.7861238846667423 0.06380923328249999 0.05989021046687402
0 0.6237517441129856 0.7015066899848839 0.039136541603125075 0.0724966262801244
0 0.6552576236720133 0.6216525900131188 0.06973192496187508 0.04619173151356133
0 0.5929044004574996 0.5519463057416646 0.07133079255305556 0.047845236775233245
0 0.8051498273192357 0.5505070901542931 0.046912674011944586 0.07138915258848363
0 0.6947902895158327 0.7332579479479788 0.040699041603124896 0.07258763154179633
0 0.5607439042572218 0.6599254057134297 0.06228310087368065 0.0613617052052021
0 0.47393096922736044 0.8366236845820378 0.04233427678548622 0.07580363680346806
0 0.5120128506862494 0.8094395583019134 0.06090243882958344 0.06908319994353036
0 0.5684122403132634 0.5986238846667422 0.04073540919430556 0.07415013154179632
0 0.5333800108304855 0.7629439899001793 0.06835126291777786 0.053913226251889414
0 0.7147404200247911 0.6806033848079167 0.048438806420763925 0.06991765785015538
0 0.6018780505337495 0.6356842689099617 0.04222517401194459 0.07111613680346807
0 0.7897767876159717 0.6746726322476679 0.04538654160312507 0.0728606473268119
0 0.5844710385659022 0.7131568215266801 0.04226154160312508 0.07267863680346806
0 0.5365089300927773 0.561472495161851 0.02823540919430556 0.07342208944842135
0 0.614593643239305 0.7597742162932433 0.04840243882958326 0.06835515785015538
0 0.5753843664538187 0.8353958425733676 0.05603310087368065 0.06099768415851479
0 0.542719949660069 0.6968639635918201 0.05308993882958326 0.06862817363517096
0 0.7028560562333327 0.7889619163779478 0.06075696846486114 0.06283319994353018
0 0.6508207775479855 0.8122775900131188 0.04683993882958326 0.06826415258848365
0 0.7613998273192356 0.5530552374811049 0.05621493882958326 0.06881018415851478
0 0.6086332775479855 0.8147347320782586 0.05305357123840295 0.06706567363517095
0 0.73203125 0.5375 0.0671875 0.05625
0 0.6982088430868052 0.5863829479479788 0.07285692496187508 0.04637374203690499
0 0.7693928588543745 0.6118842059110738 0.040699041603125076 0.07258763154179633
0 0.719356491263194 0.6163588742845729 0.06548083605604163 0.06466871572854575
0 0.499623259880555 0.73838360565696 0.07449216014423614 0.0495897472985769
0 0.7762935562333327 0.7846846690793708 0.04847517401194459 0.07148015785015556
0 0.7653937302452772 0.7166627111727457 0.06678876291777787 0.053822220990217676
0 0.7494790959365967 0.6629762690511359 0.05308993882958326 0.06862817363517096
0 0.524875220177291 0.8601830109468669 0.07434668977951393 0.043339747298576904
0 0.760885455359652 0.8433162164344175 0.062173998100139016 0.0566742052052021
0 0.7367582775479855 0.8072723006211671 0.04378767401194459 0.07120714206513981
0 0.656781143239305 0.7573170742281032 0.05149107123840295 0.06697466837349922
0 0.6388286174037493 0.8582271268448217 0.07111258700597212 0.038470236775233244
0 0.7000570581331937 0.8421779216396196 0.05447060087368065 0.06090667889684287
0 0.48359375 0.70546875 0.0671875 0.0453125
0 0.6576189042572217 0.6542830794897752 0.07267508700597229 0.03856124203690499
0 0.7475516136040271 0.745788769051136 0.07431032218833344 0.0417772472985769