0 0.31583483960871045 0.03342750345856107 0.04479086829088228 0.04209821996293321
0 0.24454202807308825 0.09983624265878781 0.04489099784053181 0.04366071996293321
0 0.765625 0.2421875 0.053125 0.053125
0 0.7994903439276471 0.35288683158886214 0.0665657387412331 0.04129961179556503
0 0.7549788803248416 0.34196917895645695 0.02920544108527139 0.0664980192372937
0 0.8503495419527489 0.2404215479235982 0.03555557063492074 0.06827877404661713
0 0.9375257742155769 0.07212292650938626 0.0694904796419344 0.03828373920022674
0 0.8266931940199322 0.31763881235156843 0.0692902205426357 0.03515873920022692
0 0.8610634037652263 0.07323404792359822 0.04014294108527139 0.06687996515360961
0 0.5453616533038009 0.8413243050951744 0.10877182757475108 0.11604664065150558
0 0.4291520697120701 0.6598610286863045 0.08343186613141391 0.08554068511654282
0 0.463210487356957 0.8582241176163787 0.08499436613141391 0.08559524881887359
0 0.98515625 0.63046875 0.0296875 0.0484375
0 0.9514066039497964 0.6312746932996093 0.04997901603912887 0.050074411069925696
0 0.7578125 0.63984375 0.0375 0.0453125
0 0.8276687153008485 0.6402727257837468 0.04342862739018098 0.04516865626060227