0 0.39828095616521486 0.36244902375415167 0.06518071509696384 0.06816781153562204
0 0.40633100973593733 0.46517350555555426 0.06997730925276535 0.0747182001845701
0 0.4796875 0.05546875 0.040625 0.0734375
0 0.49296875 0.33671875 0.0140625 0.0734375
0 0.8619185365212985 0.28819189852343896 0.054270488635914306 0.06902940468807692
0 0.781946844152506 0.09778574645625575 0.060193206168510115 0.05067992288667433
0 0.8807309918790299 0.20095271437799783 0.052680715096963836 0.06736677513842756
0 0.9326832297041653 0.13036080968992092 0.060329573863261744 0.05849242288667433
0 0.633146879866321 0.17614818322259057 0.06638865909060954 0.04795544108527139
0 0.7906048238599667 0.14572259870800916 0.04947389448011279 0.062479016039128865
0 0.9019707922033415 0.2527760302325566 0.06797843262955983 0.04961807063492074
0 0.6748434561652149 0.14531968538205886 0.0433329886359143 0.06832849784053163
0 0.8102821241842783 0.19764604411221728 0.06035684740221221 0.060054922886674335
0 0.8653048149315129 0.12372888032484167 0.051090941558013726 0.06570414558877821
0 0.9734375 0.171875 0.053125 0.05625
0 0.76875 0.01015625 0.053125 0.0203125
0 0.9921875 0.26953125 0.015625 0.0546875
0 0.7154139090873143 0.1395913170911765 0.044895488635914305 0.06842862739018099
0 0.707784415580136 0.24019209438907244 0.06647047970746059 0.052642941085271386
0 0.9508719423654972 0.27623451419342765 0.04810230925276535 0.07331638648947969
0 0.9875 0.02265625 0.025 0.0453125
0 0.7367355300284768 0.19610213294573525 0.06638865909060954 0.04795544108527139
0 0.6844990998345489 0.07118127853451366 0.04947389448011297 0.062479016039128865
0 0.6244616266199101 0.12664883097083718 0.05566934740221221 0.059754534237726274
0 0.8327025949632849 0.2274942304171267 0.057313668019063256 0.06454216378737562
0 0.595646879866321 0.17855129241417417 0.03239548863591431 0.06762759099298635
0 0.7248276396055536 0.32044079889257926 0.04346935633066593 0.07614099784053181
0 0.756420738632619 0.15886294880029422 0.05542388555165907 0.045692034237726276
0 0.6106252232113435 0.05088736736803172 0.04174321509696401 0.06666586829088228
0 0.7615094334370435 0.2711626897009955 0.0677056972400564 0.03399307063492074
0 0.8501276485340075 0.3296179349206335 0.05120003571381489 0.07195414558877822
0 0.6390625 0.0203125 0.040625 0.040625
0 0.6033344691508584 0.3501259037652263 0.04810230925276535 0.07331638648947969
0 0.01640625 0.87890625 0.0328125 0.0453125
0 0.04705364691244966 0.8961021329457353 0.04451365909060954 0.046553627390180985
0 0.01875 0.828125 0.0375 0.046875
0 0.0836184383083074 0.9297366533038008 0.04451365909060954 0.046553627390180985
0 0.30937854869945847 0.6900176095053507 0.04451365909060954 0.046553627390180985
0 0.2241307954530476 0.6454246051864141 0.042951159090609536 0.046453497840531634
0 0.030571710225699978 0.6687781693429299 0.042951159090609536 0.046453497840531634
0 0.2453239569792891 0.6049602914913236 0.042951159090609536 0.046453497840531675
0 0.21233990746575646 0.6868506415836086 0.042951159090609536 0.046453497840531634
0 0.4705615105500115 0.6937667658914707 0.04607615909060954 0.046653756939830336
0 0.27887284253094824 0.6450450709486878 0.042951159090609536 0.046453497840531675
0 0.021913730518239395 0.6208413170911765 0.042951159090609536 0.046453497840531675
0 0.37780126623205434 0.6668619093207806 0.04451365909060954 0.046553627390180985
0 0.14304798538620817 0.9290567304171267 0.04292388555165907 0.04489099784053181
0 0.3354149431795713 0.7477905367109616 0.04448638555165907 0.044991127390180984
0 0.39454448132901837 0.7299231138242874 0.04607615909060954 0.046653756939830336
0 0.4632751160698986 0.6347922840900679 0.04451365909060954 0.046553627390180985
0 0.19756038717321706 0.7362894370801019 0.04292388555165907 0.04489099784053163
0 0.4262114926931041 0.6621953932816517 0.04607615909060954 0.046653756939830336
0 0.48828125 0.65859375 0.0234375 0.0484375
0 0.48671875 0.60390625 0.0265625 0.0484375
0 0.31116714529089184 0.6132548504060521 0.04292388555165907 0.044890997840531674
0 0.38797510714144484 0.6224110024732353 0.04451365909060954 0.046553627390180985
0 0.3531091834403387 0.5964888525655204 0.042951159090609536 0.046453497840531675
0 0.34296261606989864 0.6425022594130657 0.044540932629559826 0.048116127390180986
0 0.4391830511350904 0.5987942273348078 0.04610343262955965 0.048216256939830296
0 0.5350093887947748 0.9746882078995928 0.028615923701106105 0.029927331893687813