0 0.3060950282669884 0.11222016721157964 0.032887743102595124 0.031795470779006865
0 0.3455669640426372 0.11935082873782114 0.032887743102595124 0.031795470779006775
0 0.2933161465389256 0.2563247232179341 0.03617651741285464 0.034975017856907445
0 0.12125079601852722 0.37505890665827285 0.03938340456798421 0.0365920649348082
0 0.23905137041964375 0.20566225000329527 0.034532130257724704 0.033385244317957155
0 0.06925012550802641 0.12886574513203133 0.034450243102595035 0.031822744317957154
0 0.28123887041964374 0.20492586445163613 0.034532130257724704 0.033385244317957155
0 0.4873604748967709 0.40776667208284356 0.03938340456798421 0.03659206493480802
0 0.30412973654387443 0.07472016721157963 0.034450243102595125 0.031822744317957154
0 0.4210449988683463 0.1868462459461055 0.036094630257724705 0.033412517856907444
0 0.37847463930283637 0.06091103734196333 0.032887743102595124 0.031795470779006775
0 0.1749069832645141 0.2052179651002592 0.03601274310259513 0.03185001785690744
0 0.43577588421445357 0.13967123701765177 0.034532130257724704 0.033385244317957155
0 0.4606873530067892 0.16738713393339663 0.036094630257724705 0.033412517856907444
0 0.12332455110690987 0.2952623125024715 0.03609463025772479 0.033412517856907444
0 0.4840363217991248 0.19513030438809192 0.0376571302577247 0.03343979139585782
0 0.4115328007682256 0.06502579302400617 0.032887743102595124 0.031795470779006865
0 0.4785432383528967 0.12015757792704225 0.036094630257724705 0.033412517856907444
0 0.4438539778374471 0.05507804870604902 0.034450243102595125 0.031822744317957154
0 0.2601274310259504 0.10051109984113951 0.034532130257724704 0.033385244317957155
0 0.4533861080951718 0.08775418101129735 0.034532130257724704 0.033385244317957155
0 0.38397436680159913 0.10616899026406265 0.032887743102595124 0.031795470779006775
0 0.42106493102595033 0.09770192532925451 0.034532130257724704 0.033385244317957155
0 0.5031470906823173 0.052479154225936145 0.036094630257724705 0.033412517856907444
0 0.8303646879233554 0.13561457711296807 0.057717324739800804 0.05876707386326192
0 0.925309774987628 0.3059895324706994 0.057553550429541286 0.05564207386326192
0 0.8859375 0.0265625 0.05625 0.053125
0 0.851619969469704 0.3322986623403157 0.057553550429541286 0.05564207386326192
0 0.9391664778374471 0.12276792938644428 0.057635437584671226 0.05720457386326192
0 0.8811083163720579 0.11908955032760682 0.057635437584671045 0.05720457386326192
0 0.5 0.47421875 0.046875 0.0109375
0 0.5058493668015991 0.5546962191607443 0.041355340343632994 0.04443183847375849
0 0.5159081987774892 0.806313266238645 0.04127345318850324 0.04286933847375849
0 0.4788641429208809 0.6067769164008008 0.04143722749876275 0.045994338473758486
0 0.5059799208491851 0.706395086855496 0.04127345318850324 0.04286933847375849
0 0.5080536759375678 0.6265984926996946 0.03971095318850324 0.0428420649348082
0 0.5022883548158115 0.6657973603944464 0.041355340343633175 0.04443183847375849
0 0.56796875 0.93515625 0.0359375 0.0390625