0 0.7375 0.4515625 0.084375 0.1203125
0 0.315625 0.5140625 0.0875 0.1265625
0 0.4203125 0.4125 0.109375 0.115625
0 0.5203125 0.4109375 0.0921875 0.121875
0 0.4375 0.771875 0.078125 0.11875
0 0.1796875 0.7359375 0.084375 0.121875
0 0.4046875 0.5125 0.0890625 0.121875
0 0.2109375 0.615625 0.096875 0.121875
0 0.70625 0.6140625 0.115625 0.0890625
0 0.79375 0.840625 0.1171875 0.0765625
0 0.4765625 0.909375 0.1171875 0.0765625
0 0.765625 0.71875 0.10625 0.1
0 0.6578125 0.5109375 0.109375 0.103125
0 0.640625 0.6859375 0.11875 0.078125
0 0.7609375 0.903125 0.1125 0.078125
0 0.3265625 0.625 0.1203125 0.103125
0 0.5296875 0.7421875 0.0796875 0.115625
0 0.4359375 0.634375 0.09375 0.115625
0 0.54375 0.528125 0.125 0.078125
0 0.325 0.715625 0.1265625 0.0828125
0 0.5625 0.8390625 0.0765625 0.11875