0 0.31801817741702754 0.11097180690147948 0.05955909057054072 0.041542643815484226
0 0.39375 0.18515625 0.0125 0.0484375
0 0.38828125 0.1328125 0.0234375 0.05625
0 0.3704968221641785 0.2280064875916274 0.05850601282028158 0.05237088317182241
0 0.3168152423470049 0.05148754625781775 0.050766287427387445 0.05338707995351388
0 0.35821083787994423 0.16616205145359791 0.06126713978475227 0.04477690445914604
0 0.31171875 0.01328125 0.0515625 0.0265625
0 0.37913545988201625 0.07691388115501008 0.04153683664159917 0.055856516091543365
0 0.24625018527491038 0.08463853586625758 0.05225601282028158 0.05193384059717552
0 0.25129725020488786 0.024717232647948874 0.059413541356328994 0.03841764381548422
0 0.36328125 0.0265625 0.0390625 0.053125
0 0.9875 0.03828125 0.025 0.0484375
0 0.9189898643490769 0.1177902534310693 0.044225188998963993 0.04670003737886681
0 0.9682321931327932 0.19899669476487897 0.044225188998963993 0.04670003737886681
0 0.99140625 0.08515625 0.0171875 0.0484375
0 0.99453125 0.2203125 0.0109375 0.046875
0 0.806014675350113 0.0817977591310525 0.04586046360606986 0.048371798022528625
0 0.89140625 0.02109375 0.0453125 0.0421875
0 0.83125 0.0109375 0.046875 0.021875
0 0.8245078101724665 0.041314870763449904 0.04586046360606986 0.048371798022528625
0 0.8504196468140656 0.09280096110852387 0.044225188998963993 0.04670003737886681
0 0.9220377816364191 0.048603210856422316 0.04586046360606986 0.048371798022528625
0 0.962632856491194 0.1460902160522024 0.04415241439185813 0.04513753737886681
0 0.9326927994190995 0.17640042892543714 0.04258991439185813 0.045028276735205174
0 0.8052227708830522 0.19942230170569938 0.04415241439185813 0.04513753737886681
0 0.9518880632728383 0.3192763437761433 0.04415241439185813 0.04513753737886681
0 0.8642252816364191 0.05264585467190654 0.044225188998964174 0.04670003737886681
0 0.903155156738863 0.2490074024423336 0.044225188998963993 0.04670003737886681
0 0.8690327138109577 0.22317687595923 0.04415241439185813 0.04513753737886681
0 0.92890625 0.0125 0.0453125 0.025
0 0.6631722038861602 0.07767797770427035 0.04742296360606986 0.048481058666190256
0 0.8796149569865321 0.34941159402824484 0.04415241439185813 0.04513753737886681
0 0.8272090868464869 0.2339394133380969 0.04415241439185813 0.04513753737886681
0 0.7211003279551468 0.17708811581977138 0.047350188998963996 0.046918558666190255
0 0.8431338014860141 0.37390884947612635 0.044225188998963993 0.04670003737886681
0 0.9236517473094036 0.28519627471839276 0.04415241439185813 0.04513753737886681
0 0.9604326174494489 0.4017610618451581 0.04415241439185813 0.04513753737886681
0 0.8174659057054058 0.1593764559127438 0.042517139784752266 0.04346577673520509
0 0.98515625 0.44453125 0.0296875 0.0453125
0 0.7654710661683225 0.22101307844090448 0.045787688998963995 0.046809298022528624
0 0.6530737659206535 0.1301145628535642 0.04905823821317572 0.05015281930985207
0 0.8555653349844601 0.43887828561415604 0.044225188998963993 0.04670003737886681
0 0.9177828527671406 0.5630699024423336 0.04266268899896399 0.046590776735204995
0 0.9671235731976358 0.47810504055783454 0.044225188998963993 0.04670003737886681
0 0.8821620682352371 0.40409909402824484 0.04571491439185813 0.04524679802252862
0 0.8405610731976358 0.48695515269443507 0.044225188998963993 0.04670003737886681
0 0.9373290653397529 0.5115402534310693 0.045787688998963995 0.046809298022528624
0 0.8878384875894939 0.5259740940282448 0.044225188998964174 0.04670003737886681
0 0.6680481025622527 0.18236547770427033 0.04742296360606986 0.048481058666190256
0 0.9828125 0.56328125 0.034375 0.0484375
0 0.99296875 0.5125 0.0140625 0.046875
0 0.7954539727022978 0.292593147498655 0.045787688998963995 0.046809298022528624
0 0.751665431345969 0.2611681848775218 0.045787688998963995 0.046809298022528624
0 0.8013829491286494 0.38623388685499327 0.04571491439185813 0.04524679802252862
0 0.7561046823794262 0.3564806848775218 0.045787688998963995 0.046809298022528624
0 0.8380781203449329 0.2990181101197882 0.042517139784752266 0.043465776735205
0 0.8107622572342011 0.4529843442803463 0.045787688998963995 0.046809298022528624
0 0.7551200711307212 0.30168392423386015 0.045787688998963995 0.046809298022528624
0 0.7153298250596627 0.2887904403254035 0.047350188998963996 0.046918558666190435
0 0.7229924677398991 0.21771311581977137 0.04407963978475227 0.04357503737886681
0 0.796293034736791 0.3442649081423168 0.04578768899896417 0.046809298022528624
0 0.9032066224118476 0.48570972694796577 0.044225188998963993 0.04670003737886681
0 0.9630824284504849 0.3576832799141728 0.0424443651776464 0.04190327673520518
0 0.3719094648444149 0.6999036309029085 0.04415241439185813 0.04513753737886681
0 0.22787698262709527 0.8385176526944351 0.04258991439185813 0.045028276735205
0 0.17297115880577768 0.8376542752225958 0.04415241439185813 0.04513753737886681
0 0.390625 0.62890625 0.01875 0.0203125
0 0.328125 0.6328125 0.040625 0.028125
0 0.31064232505966266 0.6634305353620544 0.040954639784752264 0.04335651609154336
0 0.065625 0.6265625 0.040625 0.015625
0 0.14868598056018065 0.6528093816592132 0.0408818651776464 0.04179401609154336
0 0.84140625 0.9765625 0.0453125 0.046875
0 0.7991867865988179 0.8295468442803464 0.04586046360606986 0.048371798022528625
0 0.9368751852749103 0.9249471895690988 0.044225188998963993 0.04670003737886681
0 0.7217210661683225 0.9164783977507565 0.04742296360606986 0.048481058666190256
0 0.76328125 0.99140625 0.0453125 0.0171875
0 0.6747005169541108 0.9166312170606087 0.04742296360606986 0.048481058666190256
0 0.7801842295267234 0.859092232647949 0.04586046360606986 0.048371798022528625
0 0.788549001238345 0.9713737113606253 0.04586046360606986 0.048371798022528625
0 0.6756037373846062 0.8350534351296235 0.04742296360606986 0.048481058666190346
0 0.64375 0.97578125 0.046875 0.0484375
0 0.8161260376322751 0.9239852591310524 0.044225188998963993 0.04670003737886681
0 0.6339642009906761 0.8834252331521519 0.04749573821317572 0.05004355866619026
0 0.69296875 0.9828125 0.0484375 0.034375
0 0.8591140583104396 0.9382227217521855 0.044225188998963993 0.04670003737886681
0 0.7385061517764644 0.8729797700268158 0.04742296360606986 0.048481058666190256
0 0.968848623240417 0.8709809554085407 0.045787688998963995 0.046809298022528624
0 0.98515625 0.9234375 0.0296875 0.04375
0 0.821875 0.99140625 0.04375 0.0171875
0 0.6085318614535928 0.9432044247380633 0.04742296360606986 0.04848105866619044
0 0.8512972502048879 0.8713630036831708 0.042517139784752266 0.04346577673520509
0 0.5999487659206535 0.8262354460253867 0.04905823821317572 0.05015281930985207
0 0.8781166153825343 0.908677333384583 0.04415241439185813 0.04513753737886681
0 0.6931508023145836 0.7742580467620208 0.04905823821317572 0.05015281930985207
0 0.8238999962759465 0.8889546952690821 0.04266268899896399 0.046590776735205175