0 0.3890625 0.27109375 0.04375 0.0171875
0 0.27681241636331533 0.2271554204579905 0.043465776735205 0.04133411201270896
0 0.31037830523512105 0.6065895503276069 0.07457366510280768 0.06216480925276535
0 0.22510707677454606 0.6847339155867266 0.06472877153942509 0.07759889448011296
0 0.2868422522689139 0.6727054740287131 0.06149451089576328 0.07598184740221221
0 0.34625010325764966 0.6497668060096498 0.058369510895763276 0.07592730032431164
0 0.34122338569283794 0.801602041399153 0.06440098960843983 0.07291139448011297
0 0.38531260325764966 0.6490849675358912 0.05524451089576328 0.07587275324641088
0 0.4649229656463517 0.847939478899977 0.06752598960843983 0.07296594155801372
0 0.42264834831397113 0.7579417702958346 0.08016810124083733 0.05289890340856651
0 0.440786343118191 0.7936065349063314 0.08027736188449897 0.054461403408566686
0 0.32021176316467714 0.7472145503276069 0.07962179802252863 0.04508640340856669
0 0.2996914495548083 0.8117134269508123 0.05702553218308672 0.07902502678536116
0 0.40387620500269 0.8474406469190402 0.07032320767745474 0.0683329886359143
0 0.35737254559986553 0.8983134001654509 0.06440098960843983 0.07291139448011279
0 0.5008169069801613 0.8019451404262185 0.03827553218308673 0.07869774431795698
0 0.5562692314857935 0.8119280665629566 0.07704310124083733 0.052844356330665934
0 0.4271723213266644 0.643661081984232 0.04921303218308672 0.07888865909060953
0 0.5918575341998992 0.6720746339333967 0.04597877153942491 0.07727161201270896
0 0.48749781613088433 0.6785894610430695 0.07479218639013112 0.06528980925276535
0 0.3785270077167956 0.7086508823085437 0.07816855866619044 0.0466216298696164
0 0.5813349334632649 0.7676871428618505 0.08220049480421991 0.03732845048646745
0 0.5707480866619031 0.45968372808919805 0.052228771539424915 0.07738070616851012
0 0.2556572262900135 0.8531566331193225 0.0852162341605581 0.035820497564368024
0 0.6614823473055649 0.45966436283007833 0.08554401609154319 0.04050799756436803
0 0.36953125 0.9890625 0.0578125 0.021875
0 0.9707916453280934 0.5224679204579905 0.030091691585911205 0.028615923701106105