0 0.05546875 0.06015625 0.0765625 0.1203125
0 0.0421875 0.16796875 0.084375 0.1234375
0 0.03046875 0.50078125 0.0609375 0.1140625
0 0.04453125 0.2640625 0.0890625 0.1125
0 0.034375 0.41875 0.06875 0.13125
0 0.10803579944399662 0.32675622920257225 0.12218751324684388 0.1032761917107738
0 0.06640625 0.578125 0.1296875 0.04375
0 0.19921875 0.54453125 0.1109375 0.1109375
0 0.8917510566155726 0.07749105825204516 0.045223219962933214 0.043970175893442945
0 0.9109177188666248 0.04385088730151807 0.04366071996293321 0.043906508897248564
0 0.97578125 0.00625 0.0453125 0.0125
0 0.9104663402808366 0.12054072129390692 0.045223219962933214 0.043970175893442945
0 0.7775595818433162 0.03363758197804136 0.045223219962933034 0.043970175893442945
0 0.9725298306621898 0.10549404144613125 0.042043656260602094 0.04228034190105419
0 0.9445833907363237 0.022137713385241488 0.04366071996293304 0.043906508897248564
0 0.6462748655085802 0.08279927665456466 0.04684028366526398 0.04559634288963732
0 0.6848462921876025 0.06714510174970485 0.04684028366526398 0.04559634288963732
0 0.720148875127227 0.09230692783342827 0.045277783665263985 0.04553267589344294
0 0.972440550625123 0.14774520844232564 0.045223219962933214 0.043970175893442945
0 0.83359375 0.01953125 0.0453125 0.0390625
0 0.9047818246717402 0.1817965562748789 0.04371528366526398 0.04546900889724874
0 0.79921875 0.0046875 0.0453125 0.009375
0 0.8768006684111377 0.1422538952101835 0.04360615626060227 0.04234400889724856
0 0.7628274484482047 0.1046504189361797 0.045277783665263985 0.04553267589344294
0 0.7580506684111378 0.1470925869209573 0.045277783665263985 0.04553267589344294
0 0.7152629676854984 0.13162409581820586 0.04684028366526398 0.0455963428896375
0 0.6203125 0.0140625 0.046875 0.028125
0 0.7087550181409854 0.03487642981059462 0.04684028366526398 0.04559634288963732
0 0.656974263331662 0.030727440685009544 0.04840278366526398 0.0456600098858317
0 0.867301672039335 0.2287007311797386 0.04533234736759475 0.04709517589344294
0 0.9078175446346732 0.22392038927868443 0.04204365626060227 0.04228034190105419
0 0.8305854112395616 0.2974799060845984 0.04689484736759475 0.04715884288963732
0 0.8831647742162531 0.27969022821398914 0.04689484736759475 0.04715884288963732
0 0.7771330290255766 0.29026958395520774 0.04689484736759475 0.04715884288963732
0 0.835739158792491 0.1314092371112377 0.042043656260602094 0.04228034190105419
0 0.6712947128761749 0.1271567717116488 0.04684028366526398 0.04559634288963732
0 0.947405834290387 0.19257754737763025 0.04371528366526398 0.045469008897248565
0 0.97890625 0.22734375 0.0421875 0.0453125
0 0.6287798306621898 0.11950078060889738 0.04684028366526398 0.04559634288963732
0 0.9828125 0.18828125 0.034375 0.0453125
0 0.4883383691367772 0.6473870641835442 0.01940476442797028 0.019514003954332716
0 0.40407249654143895 0.6539500819780414 0.01940476442797028 0.019514003954332716
0 0.5034177321134686 0.6311253942216004 0.01940476442797028 0.01951400395433254
0 0.45875999654143895 0.6517217371112377 0.01940476442797028 0.019514003954332716
0 0.53046875 0.67890625 0.0171875 0.0203125
0 0.9222371647829408 0.681056410038931 0.03590278366526398 0.045150673916276675
0 0.978125 0.90625 0.04375 0.04375
0 0.9890625 0.70234375 0.021875 0.0453125
0 0.99453125 0.81640625 0.0109375 0.0484375
0 0.9769643595181303 0.7695803991645163 0.045004965153609786 0.03772017589344294
0 0.97890625 0.8578125 0.0421875 0.03125
0 0.978125 0.60546875 0.0375 0.0109375
0 0.972733216504372 0.8276475671492938 0.03590278366526398 0.045150673916276675