0 0.6359375 0.578125 0.0171875 0.0171875
0 0.55 0.528125 0.01875 0.01875
0 0.5703125 0.5453125 0.0171875 0.01875
0 0.58125 0.58125 0.0171875 0.0171875
0 0.6578125 0.6015625 0.0171875 0.0171875
0 0.61875 0.5984375 0.01875 0.01875
0 0.625 0.546875 0.0171875 0.0171875
0 0.603125 0.60625 0.0171875 0.01875
0 0.5453125 0.5 0.01875 0.01875
0 0.5828125 0.5625 0.0171875 0.0171875
0 0.659375 0.565625 0.01875 0.01875
0 0.5984375 0.5703125 0.0171875 0.0171875
0 0.60625 0.553125 0.0171875 0.01875
0 0.659375 0.546875 0.0171875 0.01875
0 0.640625 0.4984375 0.0171875 0.0171875
0 0.5703125 0.5140625 0.0171875 0.0171875
0 0.625 0.5140625 0.0171875 0.0171875
0 0.659375 0.528125 0.01875 0.0171875
0 0.6484375 0.5140625 0.0171875 0.0171875
0 0.578125 0.4984375 0.0171875 0.0171875
0 0.5859375 0.521875 0.0171875 0.01875
0 0.6140625 0.4953125 0.0171875 0.0171875
0 0.5953125 0.49375 0.0171875 0.0171875
0 0.6046875 0.509375 0.0171875 0.01875
0 0.603125 0.528125 0.0171875 0.01875