0 0.4070155634734844 0.11983230664957771 0.04511392319868044 0.049167840343632994
0 0.1865666711536164 0.1360658955228727 0.04663095909205772 0.04768722749876275
0 0.38203125 0.35234375 0.0453125 0.0140625
0 0.23056071206155862 0.17900366802410997 0.04663095909205772 0.04768722749876275
0 0.3884353965430102 0.2222136782008753 0.04663095909205772 0.04768722749876275
0 0.4673212629986308 0.2992055461341282 0.04502299498543501 0.04604284034363308
0 0.28341292742182256 0.18559450474969838 0.04663095909205772 0.04768722749876284
0 0.4098270117449895 0.291297870873929 0.04497753087881229 0.04448034034363309
0 0.58125 0.1671875 0.0375 0.046875
0 0.36396894246551736 0.31242259837269176 0.04497753087881238 0.044480340343633
0 0.7055988498290802 0.11708136363783979 0.0780628155185484 0.055574970601357875
0 0.7475877730277606 0.06807729760446621 0.07663670783841656 0.06018058344622812
0 0.8054958982588698 0.22261431139927615 0.08284124373179384 0.05894563206674715
0 0.7876839241231173 0.1377413444159629 0.07543792069139794 0.07259869629109836
0 0.615625 0.26875 0.03125 0.05625
0 0.6453125 0.02109375 0.078125 0.0421875
0 0.7171875 0.01875 0.071875 0.0375
0 0.6511266470052286 0.21978363975712156 0.05231866943775678 0.08230788896415202
0 0.6327236394833812 0.15522317277380832 0.05535274122451135 0.07934666327441153
0 0.7823933673800575 0.26594823157109265 0.0798071719450391 0.06190685775648763
0 0.05168423964166573 0.8505843396662645 0.03376724623907634 0.034532130257724704
0 0.1712071294542513 0.8177984158764033 0.03372178213245362 0.0329696302577247
0 0.3100302855641729 0.9259716847595959 0.03376724623907634 0.034532130257724704
0 0.28014420876285334 0.880734427862191 0.03372178213245362 0.0329696302577247
0 0.23310407271119143 0.9424841553609538 0.03220474623907634 0.034450243102595125
0 0.24595106518934404 0.8762859452750454 0.03215928213245363 0.032887743102595124
0 0.2616957371343832 0.8177364608788779 0.03372178213245362 0.0329696302577247
0 0.14226377553504302 0.8473973846687389 0.03372178213245362 0.0329696302577247
0 0.1110759600164946 0.9005157406162041 0.03376724623907634 0.034532130257724704
0 0.20602005014564934 0.7473287856186787 0.03372178213245362 0.0329696302577247
0 0.2572689984171544 0.9162558480340076 0.03215928213245363 0.032887743102595124
0 0.2703125 0.98203125 0.034375 0.0359375
0 0.98984375 0.60234375 0.0203125 0.0265625
0 0.9734683114284204 0.5634583966545266 0.02568196159934022 0.0247476944820761
0 0.99140625 0.575 0.0171875 0.025
0 0.9725877730277606 0.5401027838096563 0.024164925705962938 0.026228307326946344
0 0.9447643013992906 0.47759613975712156 0.024119461599340218 0.024665807326946343
0 0.9638038064138555 0.5202816067404348 0.024119461599340218 0.024665807326946166
0 0.99140625 0.55 0.0171875 0.025
0 0.98984375 0.47265625 0.0203125 0.0234375
0 0.98828125 0.521875 0.0234375 0.025
0 0.9696733731860452 0.47941094527504546 0.024119461599340218 0.024665807326946166
0 0.9550653039065728 0.49889792967121327 0.024119461599340218 0.024665807326946166
0 0.99375 0.49375 0.0125 0.025
0 0.9784118756933277 0.500794622344267 0.024119461599340218 0.024665807326946343