0 0.030520758267884494 0.5481894731269434 0.021021828130301047 0.021495568401734035
0 0.03671875 0.74296875 0.0234375 0.0140625
0 0.04928562723502576 0.6385260467903493 0.021021828130301047 0.021495568401734035
0 0.014146735402393685 0.6583989310335686 0.02107639183263199 0.023058068401734032
0 0.45964775227743465 0.47536110495108835 0.03713790145127884 0.036468121018452496
0 0.6560515263240518 0.4554867626600695 0.03713790145127884 0.036468121018452496
0 0.6996527041842004 0.5519669205102249 0.037192465153609786 0.03803062101845249
0 0.5658431885751039 0.4831119627447741 0.03713790145127884 0.036468121018452496
0 0.6222568796820964 0.4817006521649606 0.03713790145127884 0.036468121018452496
0 0.0109375 0.859375 0.021875 0.0625
0 0.01796875 0.97265625 0.0359375 0.0546875
0 0.05 0.9734375 0.05 0.053125
0 0.0109375 0.79375 0.021875 0.0875
0 0.0459126344914198 0.8945632151638485 0.08132441106992569 0.05151626834526439
0 0.06384915735691052 0.7844447625188951 0.08908234736759475 0.05040879465362362
0 0.041423541933148476 0.9334437046405049 0.07814484736759475 0.04977175782192056
0 0.03515625 0.76171875 0.0515625 0.0234375
0 0.05369041815668378 0.8511772362105358 0.08568452885594055 0.04241428413027979
0 0.0546725647986392 0.8230522362105358 0.08719246515360961 0.04094278939195171
0 0.7810565047245055 0.8784075941453959 0.0323958377489479 0.03463260523343701
0 0.53359375 0.9890625 0.0359375 0.021875
0 0.568338249915182 0.8722808785580245 0.032395837748947984 0.03463260523343701
0 0.7053273292266095 0.939755346846819 0.03234127404661713 0.03307010523343692
0 0.45999498185901466 0.9708710260260105 0.033958337748947985 0.03472361049510884
0 0.6096527306778883 0.8997380206231643 0.03234127404661713 0.03307010523343692
0 0.7612697943802191 0.9070030310053336 0.03234127404661713 0.03307010523343692
0 0.4368352787711226 0.8270454313159172 0.035520837748947987 0.034814615756780666
0 0.5482588736916466 0.9540923206796341 0.033958337748947985 0.03472361049510884
0 0.6947370588081894 0.8843398047534443 0.0323958377489479 0.03463260523343701
0 0.8086160203336021 0.9410741941171612 0.03234127404661713 0.03307010523343692
0 0.6995485551799924 0.9707323310618035 0.030724210344286185 0.03141659997176518
0 0.70078125 0.99140625 0.0296875 0.0171875