0 0.36838365782578125 0.28734230846533426 0.05881271034569906 0.039094193032477784
0 0.1850877730277606 0.37245011635094033 0.0635456744523216 0.041039330305381407
0 0.3525433606496328 0.18887285755694866 0.048193459092057724 0.04913887272903601
0 0.3071446294542513 0.3562515472554466 0.049755959092057725 0.04926641848667064
0 0.7413738430986555 0.08530054483955063 0.07751724623907634 0.03906224212409222
0 0.9616790167595545 0.3354288642249085 0.04584134890464338 0.0754462812137671
0 0.9403663064138555 0.37146195907415736 0.06900606426490725 0.06798446757828494
0 0.990625 0.31640625 0.01875 0.0515625
0 0.9859375 0.36171875 0.028125 0.0765625
0 0.9457765351019546 0.18552445907415746 0.08077863855894432 0.04400483363936125
0 0.927088719583406 0.2384899624081373 0.07788095909205772 0.05156224212409226
0 0.9408831319615338 0.4072719133165229 0.07516513605166182 0.06536965060882309
0 0.8012416219324038 0.33137857726126557 0.05066524122451135 0.08051641848667064
0 0.8341116093959915 0.2195802078662094 0.08082410266556703 0.04556733363936125
0 0.95625 0.45234375 0.078125 0.0546875
0 0.8786679399582349 0.29544133513717336 0.07659124373179385 0.06080969636645763
0 0.8567354524946472 0.4063468842287878 0.08114235141192579 0.05650483363936125
0 0.8308669374509524 0.27752025362384397 0.07907974623907635 0.0391897878817268
0 0.8348102913701606 0.24914016210857487 0.07747178213245362 0.03749974212409217
0 0.82890625 0.46640625 0.0796875 0.0265625
0 0.98359375 0.47109375 0.0328125 0.0171875
0 0.72578125 0.3265625 0.0515625 0.075
0 0.9734375 0.28125 0.053125 0.034375
0 0.8711449449727997 0.33970151816771155 0.08376724623907635 0.03957242515463051
0 0.99375 0.4421875 0.0125 0.075
0 0.9040363498290802 0.44145546574211725 0.08064224623907634 0.039317333639361254
0 0.890725322248973 0.20248856059136616 0.04124477711788863 0.0781886439408634
0 0.7636506937191585 0.3375646754444944 0.049102741224511345 0.08038887272903601
0 0.2670531753767585 0.6629797793775992 0.022511497492717504 0.023660640606883377
0 0.18066103431053165 0.6856197960474987 0.024073997492717502 0.023788186364518182
0 0.3235926803913234 0.7020105863451214 0.02251149749271768 0.023660640606883554
0 0.22644489575158736 0.7192934233184626 0.022511497492717504 0.023660640606883554
0 0.3652058673800574 0.7718768051313544 0.024073997492717502 0.023788186364518005
0 0.759752803906573 0.5052319548220936 0.050909282132453625 0.03533146424430526
0 0.7497413064138554 0.5278722293679008 0.052426318025830906 0.03389651000193972
0 0.7328125 0.4890625 0.040625 0.01875
0 0.70625 0.51484375 0.0125 0.0328125
0 0.7203125 0.553125 0.040625 0.0375
0 0.7255931010827213 0.6077828699747844 0.026454851411925873 0.052040732122152634
0 0.7424456319615338 0.564319912398439 0.040335494985435004 0.0469386439408634
0 0.70703125 0.6421875 0.0140625 0.053125
0 0.7109375 0.59296875 0.021875 0.0484375
0 0.71484375 0.534375 0.0296875 0.03125
0 0.71875 0.49921875 0.0375 0.0390625
0 0.771875 0.48984375 0.05 0.0203125