0 0.11215576364828976 0.2036370511997058 0.03297909997176518 0.03169009099298634
0 0.1906616532943554 0.3905944355297171 0.03150760523343692 0.033152461443336986
0 0.21353771117274567 0.37480874922480767 0.03141659997176518 0.03158996144333699
0 0.22385358489262136 0.4131097856220022 0.03150760523343692 0.033152461443336986
0 0.23081475838661802 0.2128093969730543 0.03297909997176518 0.03169009099298634
0 0.23554849004135364 0.29309767427095024 0.03141659997176518 0.03158996144333699
0 0.2387490847514469 0.26507280382059956 0.03288809471009344 0.03012759099298634
0 0.3112303004799927 0.20541600400516966 0.03297909997176518 0.03169009099298634
0 0.028125 0.5515625 0.034375 0.015625
0 0.18806727431280787 0.35435654688076923 0.03141659997176518 0.03158996144333699
0 0.23409240585460403 0.3180976742709502 0.02985409997176518 0.031489831893687634
0 0.0936340058263692 0.279298385252862 0.03454159997176518 0.031790220542635694
0 0.2098219059957785 0.46553387877445684 0.03150760523343692 0.033152461443336986
0 0.2550573532378856 0.3351244879660406 0.03297909997176518 0.03169009099298634
0 0.1499441899848839 0.2280152899409389 0.03297909997176518 0.03169009099298634
0 0.2491420112292154 0.4366869879660406 0.03150760523343692 0.033152461443336986
0 0.02427779009782336 0.3391554441675904 0.03463260523343692 0.033352720542635696
0 0.33911310579813436 0.265231094998156 0.03297909997176518 0.03169009099298634
0 0.29701806910760575 0.42250337445552033 0.03472361049510866 0.0349152205426357
0 0.0140625 0.2953125 0.028125 0.034375
0 0.07885887428457297 0.31755984885566735 0.03307010523343692 0.033252590992986344
0 0.3013107269577612 0.37572850400516966 0.03307010523343692 0.033252590992986344
0 0.1524644323041377 0.45401658543743206 0.031052578925077866 0.02533996144333699
0 0.29240470576989946 0.23243957895902714 0.03132559471009326 0.03002746144333699
0 0.658967663394176 0.05463834669619905 0.04638915258848364 0.048116127390180986
0 0.8298137005082277 0.35259139265411765 0.0462071420651398 0.044991127390180984
0 0.6238492107492226 0.03827286705426465 0.04638915258848364 0.048116127390180986
0 0.693937842714542 0.45053064003322396 0.0447356473268119 0.046453497840531634
0 0.8336051003952882 0.23364113355481902 0.042900131541796324 0.04166586829088246
0 0.6390625 0.0109375 0.046875 0.021875
0 0.7773103267883521 0.31158685841639133 0.0462981473268119 0.046553627390180985
0 0.650626000423523 0.2517136057954977 0.04629814732681172 0.046553627390180985
0 0.884375 0.00625 0.046875 0.0125
0 0.7356101322476679 0.5159343969730543 0.04482665258848364 0.04801599784053181
0 0.5948295686840827 0.07875816471022619 0.04638915258848364 0.048116127390180986
0 0.59161647951801 0.40319696020671947 0.04629814732681172 0.046553627390180985
0 0.7328125 0.01484375 0.046875 0.0296875
0 0.7332858529555369 0.15193245372831443 0.04629814732681172 0.046553627390180985
0 0.6714859900413537 0.40517856723883483 0.04464464206513981 0.04489099784053181
0 0.5705465743692776 0.5226082942598755 0.04473564732681172 0.046453497840531634
0 0.6931496164626523 0.5179183991325227 0.0431731473268119 0.046353368290882456
0 0.8165842003670534 0.20275207895902714 0.04299113680346807 0.04322836829088246
0 0.5375 0.48203125 0.0375 0.0484375
0 0.7914315528990672 0.09606198796604067 0.04638915258848364 0.048116127390180986
0 0.5621865847514469 0.369944369213733 0.04473564732681181 0.046453497840531634
0 0.6809057636482898 0.3242289558877827 0.0447356473268119 0.04645349784053181
0 0.7170531791791915 0.05365564003322394 0.04638915258848364 0.048116127390180986
0 0.5583643637612292 0.435569369213733 0.04638915258848364 0.048116127390180986
0 0.53125 0.21328125 0.025 0.0453125
0 0.7797212371987563 0.18941146976744339 0.0462071420651398 0.044991127390180984
0 0.6027051689381965 0.34744760795496604 0.04629814732681181 0.046553627390180985
0 0.5662201793203658 0.1929813510151357 0.04464464206513989 0.04489099784053163
0 0.6240480898719445 0.22334877390180993 0.04629814732681172 0.046553627390180985
0 0.66015625 0.55078125 0.0453125 0.0171875
0 0.7647640951336163 0.23079793337024884 0.0462981473268119 0.046553627390180985
0 0.6973329424039584 0.12296684453673072 0.04473564732681172 0.046453497840531634
0 0.5797520583019133 0.22992014651162887 0.04464464206513998 0.04489099784053181
0 0.77978433745287 0.45760026526393655 0.0462981473268119 0.046553627390181165
0 0.6625953794050705 0.28855227174234155 0.0462981473268119 0.046553627390180985
0 0.5743673373116958 0.2954450169619796 0.04299113680346807 0.04322836829088228
0 0.6229281217243242 0.5118500693983031 0.04638915258848364 0.048116127390180986
0 0.8485468319088495 0.16559204040236422 0.04795165258848364 0.04821625693983034
0 0.52890625 0.37890625 0.0203125 0.0453125
0 0.935909594992442 0.09277390653377822 0.04795165258848364 0.04821625693983034
0 0.52578125 0.44296875 0.0140625 0.0484375
0 0.6970907477220999 0.18097960363602938 0.04473564732681172 0.046453497840531634
0 0.7741251426298372 0.36627435841639133 0.042900131541796324 0.04166586829088228
0 0.6348175318523797 0.09229903300110856 0.0462981473268119 0.046553627390180985
0 0.6592142322194331 0.48124041949058827 0.04482665258848364 0.04801599784053181
0 0.69296875 0.0234375 0.0453125 0.046875
0 0.8265625 0.01875 0.046875 0.0375
0 0.53828125 0.2859375 0.0390625 0.046875
0 0.8354699792356612 0.12084074490587096 0.04795165258848364 0.04821625693983034
0 0.8753977582454435 0.18926937229605195 0.04638915258848364 0.048116127390180986
0 0.7270666740586941 0.2048571946290158 0.04629814732681172 0.046553627390180985
0 0.6849716373681654 0.36212947408638013 0.042900131541796324 0.04166586829088246
0 0.5888078108621622 0.15522053516057693 0.044553636803468064 0.04332849784053163
0 0.7941617107492227 0.049186987966040666 0.04638915258848364 0.048116127390180986
0 0.59140625 0.54765625 0.0453125 0.0234375
0 0.7015625 0.553125 0.04375 0.0125
0 0.5946057006494019 0.486510107954966 0.04638915258848364 0.048116127390180986
0 0.8748656791791916 0.06376872454780536 0.04795165258848364 0.04821625693983034
0 0.7353973006211671 0.46573413787375556 0.04308214206513981 0.044790868290882455
0 0.53203125 0.33515625 0.0265625 0.0453125
0 0.7948310267318822 0.25311302436323524 0.0447356473268119 0.046453497840531634
0 0.4580128371705213 0.7890529194905882 0.0653211631118273 0.052442681985972864
0 0.3916612531249461 0.9588857557032127 0.03507222099021767 0.06762759099298635
0 0.47747692676011705 0.9126301218346267 0.07102513154179632 0.043468200184570094
0 0.34014352673188225 0.8740310919158372 0.06246917889684287 0.05692992288667416
0 0.5078125 0.83515625 0.021875 0.0578125
0 0.3814657477220999 0.8108092011074207 0.0472992052052021 0.06374112739018098
0 0.50390625 0.8921875 0.0296875 0.059375
0 0.29794061618030365 0.844664964525656 0.06937162628012442 0.04180557063492074
0 0.4859375 0.95546875 0.065625 0.0359375
0 0.8859375 0.590625 0.08125 0.0625
0 0.8546875 0.59921875 0.075 0.0796875
0 0.7734375 0.58828125 0.1 0.0578125
0 0.8021283162650082 0.6461015607604298 0.09305132096198285 0.10091975478036197
0 0.78671875 0.6078125 0.0984375 0.096875
0 0.8823016636765246 0.6967209268918438 0.054989878840373055 0.11560401603912887
0 0.7782820216113848 0.7324000061646381 0.08992632096198286 0.10071949568106327
0 0.8098512690511359 0.8097029858065724 0.10564232622365459 0.10328329117755661
0 0.8402961741998685 0.6908924290513122 0.051682868317029576 0.11227875693983033
0 0.803632090154293 0.8626277267072737 0.1167772472985769 0.08064682757475125
0 0.82421875 0.94765625 0.0671875 0.1046875