0 0.1277522034900807 0.32490672240385987 0.05171531930985207 0.047720479707460586
0 0.22223417700697717 0.35611008360578983 0.05015281930985207 0.04769320616851012
0 0.06328125 0.54921875 0.0546875 0.0390625
0 0.140625 0.55390625 0.053125 0.0296875
0 0.11569995374218225 0.39864423133231364 0.05171531930985207 0.047720479707460586
0 0.1727040705703598 0.3413305633132504 0.05171531930985207 0.047720479707460586
0 0.1686828421097848 0.41805670454695243 0.05171531930985207 0.047720479707460586
0 0.3078125 0.44921875 0.04375 0.0453125
0 0.2330402730520343 0.44352826298893877 0.05171531930985207 0.047720479707460586
0 0.15169172008582715 0.5106533076312075 0.05171531930985207 0.047720479707460586
0 0.3046875 0.34921875 0.05 0.0453125
0 0.634100028499916 0.5020384180223585 0.023295388367602497 0.020694329545304768
0 0.7359375 0.5609375 0.021875 0.015625
0 0.7999435497872394 0.5022724228936225 0.0217328883676025 0.020667056006354302
0 0.5462722465689307 0.49887823620357763 0.023404649011264312 0.02225682954530477
0 0.6606625284999159 0.5015747678602027 0.023404649011264312 0.02225682954530477
0 0.028125 0.58046875 0.0375 0.0234375
0 0.21875 0.58125 0.034375 0.025
0 0.20646633741820777 0.8112576850684871 0.038450494804219915 0.03656479139585791
0 0.18045086859288836 0.5958235998411394 0.036669473516896464 0.033412517856907444
0 0.23093146983372562 0.6465678936726293 0.036669473516896464 0.033412517856907444
0 0.20763608146612303 0.6266372232179341 0.03666947351689629 0.033412517856907444
0 0.23523546564635173 0.9765826761400334 0.040231516091543365 0.03971706493480838
0 0.23299671438584396 0.6089860730557783 0.03510697351689647 0.033385244317957155
0 0.08798985300554811 0.7053816063339612 0.038450494804219915 0.03656479139585791
0 0.4328125 0.6046875 0.0875 0.071875
0 0.50703125 0.6234375 0.0859375 0.109375
0 0.4879020077167956 0.6955702297107559 0.11702324505632156 0.11128414772652384
0 0.4406006728196032 0.757407756496117 0.0932251121366006 0.1280352711033185
0 0.5547067314857935 0.8007838352306429 0.13111859604505724 0.0896818831160271
0 0.6832252153942502 0.7594303579588143 0.11735102698730664 0.11597164772652384
0 0.6808757475773369 0.8376917256535659 0.13293246832111638 0.07098643019392767
0 0.3744843639013114 0.6396668774372796 0.08730289406758569 0.13261367694751697