0 0.46321992178079396 0.0890625 0.03803062101845249 0.0359375
0 0.5560290480609182 0.0515625 0.03793961575678075 0.034375
0 0.3576223691640754 0.1046875 0.038121626280124235 0.0375
0 0.7885839428274813 0.134375 0.03803062101845249 0.0359375
0 0.6664359270424658 0.1390625 0.03637711575678067 0.034375
0 0.6401310322759028 0.1078125 0.03637711575678067 0.034375
0 0.6254469059957783 0.1453125 0.03793961575678075 0.034375
0 0.6804367848361516 0.0328125 0.03628611049510884 0.0328125
0 0.6910256743410427 0.065625 0.03472361049510884 0.0328125
0 0.21740616381769903 0.9796875 0.02480257892507769 0.0234375
0 0.23715722169608933 0.9625 0.02324007892507769 0.0234375
0 0.20423830588283892 0.9375 0.024893584186749605 0.025
0 0.3232011375093398 0.9875 0.02480257892507769 0.0234375
0 0.31599485323788556 0.9234375 0.02480257892507769 0.0234375
0 0.2609375 0.99296875 0.021875 0.0140625
0 0.234987047919744 0.865625 0.02480257892507769 0.0234375
0 0.2857921427710116 0.9859375 0.02480257892507769 0.0234375
0 0.2137799058546041 0.9078125 0.02480257892507769 0.0234375
0 0.26152018486438644 0.9734375 0.02480257892507769 0.0234375
0 0.196875 0.990625 0.025 0.01875
0 0.23125 0.99140625 0.021875 0.0171875
0 0.21564624274277672 0.95625 0.02324007892507769 0.0234375
0 0.1879916796027145 0.975 0.02480257892507769 0.0234375
0 0.1640625 0.98984375 0.025 0.0203125
0 0.8068312268165869 0.603125 0.03132559471009326 0.028125
0 0.7575746794615402 0.6171875 0.03297909997176518 0.0296875
0 0.9139450477785698 0.5078125 0.029672089448421347 0.0265625
0 0.6553149584713226 0.6828125 0.03297909997176509 0.0296875
0 0.7141285163497129 0.665625 0.03288809471009326 0.028125
0 0.6891439269012916 0.6921875 0.03297909997176509 0.0296875
0 0.885092005685195 0.5203125 0.029672089448421434 0.0265625
0 0.7670252741716335 0.5890625 0.03132559471009326 0.028125
0 0.8453014635918201 0.5328125 0.029672089448421434 0.0265625
0 0.6508850637047596 0.6515625 0.03132559471009326 0.028125
0 0.921742137226991 0.48125 0.029672089448421347 0.0265625
0 0.6568312268165869 0.603125 0.03132559471009326 0.028125
0 0.6866405531814158 0.6546875 0.03141659997176518 0.0296875
0 0.7163882373399305 0.6 0.03132559471009326 0.028125
0 0.7346076163214781 0.6359375 0.03132559471009326 0.028125
0 0.6991251426298373 0.628125 0.03132559471009326 0.028125
0 0.6679661478915092 0.6265625 0.03132559471009326 0.028125
0 0.8024769267601173 0.54375 0.029763094710093262 0.028125
0 0.7796008688817267 0.5609375 0.029763094710093262 0.028125
0 0.7379748110033365 0.578125 0.029763094710093262 0.028125
0 0.6819515951336163 0.49375 0.03132559471009326 0.028125
0 0.8836961056569599 0.490625 0.028109589448421436 0.0265625
0 0.6620339372834608 0.540625 0.029672089448421434 0.0265625
0 0.7475164109751016 0.5484375 0.029763094710093262 0.028125
0 0.6828322846949773 0.5859375 0.029763094710093262 0.028125
0 0.8591511319653193 0.4828125 0.028109589448421436 0.0265625
0 0.8194670056851949 0.5203125 0.029672089448421434 0.0265625
0 0.7119583425733675 0.56875 0.029763094710093262 0.028125
0 0.7402191214419755 0.4859375 0.029672089448421434 0.0265625
0 0.6862148899284142 0.5546875 0.029763094710093262 0.028125
0 0.8089691214419755 0.4859375 0.028109589448421436 0.0265625
0 0.8334230898719444 0.4953125 0.028109589448421436 0.0265625
0 0.7764604583301482 0.534375 0.029763094710093262 0.028125
0 0.7715601267036474 0.484375 0.029672089448421434 0.0265625
0 0.686563500423523 0.521875 0.029763094710093262 0.028125
0 0.7364724951618512 0.5234375 0.029672089448421434 0.0265625
0 0.7122761319653192 0.4828125 0.029672089448421434 0.0265625
0 0.6587423373116957 0.5703125 0.029672089448421434 0.0265625
0 0.7920700477785696 0.5078125 0.029672089448421434 0.0265625
0 0.7138540425168978 0.509375 0.029763094710093262 0.028125
0 0.8607290425168979 0.509375 0.028109589448421436 0.0265625
0 0.7622915425168978 0.509375 0.029763094710093262 0.028125
0 0.7091819530684764 0.5359375 0.029763094710093262 0.028125