0 0.63125 0.0078125 0.034375 0.015625
0 0.590625 0.00859375 0.034375 0.0171875
0 0.8203125 0.003125 0.034375 0.00625
0 0.8323119255550007 0.19250398387445875 0.03917381596343468 0.03768409057054054
0 0.98671875 0.19765625 0.0265625 0.0390625
0 0.52890625 0.0078125 0.0328125 0.015625
0 0.6440027886657325 0.04938333829873827 0.03434076674922295 0.03434076674922295
0 0.490625 0.5046875 0.0375 0.040625
0 0.4819351282028158 0.6409158668347855 0.04407963978475245 0.04258991439185813
0 0.4813785483856422 0.4608644937992562 0.0408818651776464 0.0408818651776464
0 0.3011816261359012 0.45829607361642977 0.0408818651776464 0.0408818651776464
0 0.10907982505966266 0.6708089979330853 0.04727741439185813 0.04429796360606986
0 0.4584547787409351 0.5402266621200558 0.0424443651776464 0.040954639784752264
0 0.3306208771693585 0.5524441799027361 0.044006865177646404 0.04102741439185813
0 0.3116867865988179 0.5157447005809005 0.0424443651776464 0.040954639784752264
0 0.3700044007430071 0.45665649090377214 0.0408818651776464 0.0408818651776464
0 0.3692081881703945 0.5068020401179838 0.0408818651776464 0.0408818651776464
0 0.3850900533480409 0.545209568654031 0.0424443651776464 0.040954639784752264
0 0.19915255334804094 0.5538697468996281 0.04407963978475227 0.04258991439185813
0 0.2380309627775003 0.5144776071148758 0.04407963978475227 0.04258991439185813
0 0.4310874499572188 0.4569432812266436 0.03924659057054072 0.03924659057054054
0 0.4119051104201355 0.5157746257261256 0.040954639784752264 0.0424443651776464
0 0.4576884913135476 0.4901538875129499 0.0408818651776464 0.0408818651776464
0 0.0203125 0.47578125 0.040625 0.0421875
0 0.40078351984959487 0.4787112733687608 0.04080909057054072 0.039319365177646406
0 0.1745848928851242 0.4970760913991101 0.044006865177646404 0.04102741439185813
0 0.1096191724546288 0.5815281741117678 0.04564213978475227 0.04266268899896399
0 0.41773138709415597 0.7081076749403373 0.04415241439185813 0.04415241439185813
0 0.33813797063538314 0.47849725765299506 0.04080909057054072 0.039319365177646406
0 0.50390625 0.4765625 0.0109375 0.040625
0 0.00859375 0.515625 0.0171875 0.046875
0 0.2808348928851242 0.4921274181159118 0.0408818651776464 0.0408818651776464
0 0.25274412613590125 0.4605520864367113 0.04080909057054054 0.039319365177646406
0 0.79921875 0.99375 0.0265625 0.0125
0 0.8084763192686945 0.9723798825505512 0.024601893713693812 0.02609161910658777
0 0.9265371145539646 0.9856717870176119 0.026164393713693813 0.026164393713693813
0 0.8313316224118475 0.9587882634439634 0.024601893713693812 0.02609161910658777
0 0.84140625 0.99375 0.0265625 0.0125
0 0.923810220840271 0.9607445616247178 0.026164393713693813 0.026164393713693813
0 0.8875088478047417 0.9546058775881525 0.026164393713693813 0.026164393713693813
0 0.8573504669113297 0.9794988697302696 0.026164393713693813 0.026164393713693813
0 0.90625 0.99453125 0.025 0.0109375
0 0.88046875 0.9875 0.0234375 0.025
0 0.9026629669113296 0.9773884061241997 0.024601893713693812 0.02609161910658777