0 0.3609375 0.2987416576927672 0.0265625 0.025772889812585652
0 0.303125 0.5454969857477281 0.0265625 0.027335389812585476
0 0.409375 0.4485885449980703 0.0265625 0.027335389812585476
0 0.340625 0.5528381243066723 0.025 0.027289925705962937
0 0.3421875 0.3528835884132951 0.025 0.025727425705962936
0 0.415625 0.3503329014245611 0.025 0.025727425705962936
0 0.409375 0.3970260449980703 0.025 0.02572742570596276
0 0.4390625 0.3978898630239013 0.025 0.025727425705962936
0 0.4453125 0.4793217194503921 0.0265625 0.027335389812585476
0 0.2515625 0.38305917022917957 0.025 0.025727425705962936
0 0.321875 0.3772925550272002 0.025 0.025727425705962936
0 0.3046875 0.42054244985435074 0.025 0.02728992570596276
0 0.4703125 0.43317414515635494 0.025 0.025727425705962936
0 0.425 0.42716818606429713 0.025 0.02572742570596276
0 0.8171875 0.49337689311129085 0.034375 0.03537521034569906
0 0.653125 0.3136031619159093 0.0359375 0.033858174452321775
0 0.709375 0.48867736975432585 0.034375 0.03537521034569906
0 0.6671875 0.5608873388755135 0.0359375 0.0369831744523216
0 0.715625 0.45135922618081653 0.0359375 0.035420674452321776
0 0.653125 0.17922816191590937 0.0390625 0.03707410266556703
0 0.7046875 0.5494784774344579 0.0359375 0.035420674452321776
0 0.64375 0.46489287727617323 0.0359375 0.0369831744523216
0 0.7 0.38059208511458975 0.0359375 0.035420674452321776
0 0.6796875 0.5237510517284949 0.0359375 0.035420674452321776
0 0.75 0.4804844365265156 0.0359375 0.035420674452321776
0 0.775 0.5171493622324785 0.0359375 0.035420674452321776
0 0.6484375 0.39315426959604133 0.0359375 0.035420674452321776
0 0.68125 0.41129651583511767 0.034375 0.03381271034569906
0 0.678125 0.4502680876218722 0.0359375 0.035420674452321776
0 0.6578125 0.35436455423577745 0.0359375 0.033858174452321775
0 0.6671875 0.21869983887551347 0.0375 0.033903638558944314
0 0.9171875 0.5587865959351423 0.0328125 0.035329746239076344
0 0.6453125 0.4274383413827959 0.0359375 0.035420674452321776
0 0.890625 0.526763706122557 0.0328125 0.035329746239076344
0 0.6953125 0.33358069279472174 0.034375 0.03381271034569906
0 0.8765625 0.5622920291629527 0.034375 0.036937710345698885
0 0.9390625 0.48598559342785996 0.034375 0.03381271034569906
0 0.6421875 0.5335974131695507 0.0359375 0.035420674452321776
0 0.671875 0.48602373119538156 0.034375 0.03537521034569906
0 0.7546875 0.5556208288463835 0.0359375 0.03698317445232178
0 0.925 0.4543264164682558 0.0328125 0.03376724623907634
0 0.4078125 0.7513832728947466 0.0828125 0.09147209765100203
0 0.346875 0.885547672736462 0.08125 0.0945516335443795
0 0.2875 0.9150700366848001 0.1 0.07322220282385157
0 0.6328125 0.749610172736462 0.0171875 0.01768760517284953
0 0.66796875 0.70390625 0.0171875 0.0078125
0 0.615625 0.7381725675636125 0.0171875 0.01768760517284953
0 0.6421875 0.7217579573761981 0.0171875 0.01925010517284953
0 0.653125 0.761138706122557 0.0171875 0.01768760517284953
0 0.6890625 0.7856218805748785 0.0171875 0.01925010517284953
0 0.6546875 0.7783716702291795 0.0171875 0.01768760517284953
0 0.5984375 0.7376724623907631 0.015625 0.017642141066226812
0 0.64375 0.8202409214828208 0.0171875 0.01925010517284953
0 0.70078125 0.7046875 0.0171875 0.009375
0 0.584375 0.7294507854311589 0.0171875 0.01768760517284953
0 0.615625 0.7553600675636125 0.015625 0.017642141066226812
0 0.6375 0.7919340650563301 0.0171875 0.01925010517284953
0 0.6359375 0.7668886009497073 0.0171875 0.01768760517284953
0 0.690625 0.7169173446815013 0.015625 0.017642141066226812
0 0.71796875 0.70390625 0.0171875 0.0078125
0 0.6578125 0.7284625984424249 0.0171875 0.01768760517284953
0 0.675 0.7149002036152744 0.015625 0.017642141066226812
0 0.584375 0.7466382854311588 0.0171875 0.01925010517284953
0 0.5984375 0.754859962390763 0.0171875 0.01768760517284953