0 0.21095130259391243 0.38436387041964376 0.0880818026734543 0.05458568068726617
0 0.2930921879376392 0.3120595024863908 0.07888861600890884 0.06971935775648745
0 0.2931456372533673 0.44182888964152056 0.04006247334499946 0.08798467887824372
0 0.17250696793445758 0.32919169154139993 0.08802725867281787 0.049898180687265994
0 0.12483089457354976 0.5299419640426372 0.06813292934436319 0.08477114767057933
0 0.10490129726291234 0.3616080438708206 0.09113407733927241 0.048499454997525504
0 0.23108308394336624 0.26659651628120073 0.050963610677908555 0.0854328889641522
0 0.11825472525464002 0.4232825282669884 0.06809656667727229 0.08164614767057934
0 0.325 0.45625 0.028125 0.05625
0 0.24568883457991308 0.48937227498762803 0.06809656667727229 0.08164614767057934
0 0.18642292258118576 0.4768855630926975 0.07425566000954502 0.07416119629109837
0 0.14354672127627532 0.26513583559393467 0.061882929344363194 0.08444359905006031
0 0.22766608792173085 0.425889629126071 0.08809998400699967 0.05614818068726599
0 0.18727853994272992 0.2689911759375677 0.05561474801081774 0.0825535504295413
0 0.02734375 0.290625 0.0546875 0.06875
0 0.07770354527373002 0.2804465750784851 0.0650079293443631 0.08460737336031983
0 0.1358582065563687 0.6571595612836753 0.074419292011454 0.08822369629109836
0 0.07439563725336731 0.4303646879233553 0.06035679201145401 0.08748671189493056
0 0.11129784261618414 0.21497870533620986 0.08357611600890866 0.0699650192218769
0 0.0328125 0.4671875 0.065625 0.040625
0 0.4562819839274578 0.46511590343633047 0.020530676002545434 0.019814533016686654
0 0.5408751599300032 0.45078780981333716 0.018968176002545432 0.019732645861557076
0 0.37165135057291343 0.6170258842144537 0.020548857336090798 0.02137703301668683
0 0.5217978959261853 0.47793016395178006 0.018968176002545432 0.019732645861557076
0 0.34453125 0.45390625 0.0109375 0.0203125
0 0.39525357725973065 0.4697348043862702 0.018968176002545346 0.019732645861557076
0 0.4754490599140949 0.5646179364530173 0.018968176002545432 0.019732645861557076
0 0.34453125 0.48046875 0.0109375 0.0203125
0 0.35366496658182206 0.5504182383528967 0.018968176002545346 0.019732645861557076
0 0.5448706745703681 0.6448653584338562 0.020530676002545257 0.019814533016686654
0 0.5451433945735497 0.6214278584338562 0.018968176002545432 0.019732645861557076
0 0.37383201591345855 0.5639827713695834 0.018968176002545346 0.019732645861557076
0 0.415456989258458 0.480174337402957 0.017387494668999894 0.018088258706427142
0 0.3265625 0.75625 0.025 0.0125
0 0.26240471459263975 0.9462220612836753 0.03319430800445433 0.034532130257724704
0 0.27666830394654796 0.7953146585247132 0.03319430800445442 0.034532130257724704
0 0.2313183465945488 0.9305218181810802 0.03319430800445442 0.034532130257724704
0 0.33203125 0.85703125 0.0140625 0.0328125
0 0.20015925326227596 0.9210715750784851 0.03319430800445442 0.034532130257724704
0 0.20724559460536646 0.849524123699004 0.03477498933799979 0.03617651741285446
0 0.3215626332750027 0.833626886023476 0.03319430800445424 0.034532130257724704
0 0.22098083060154847 0.8783861080951718 0.03475680800445442 0.034614017412854636
0 0.29619900660409376 0.8635666915414 0.03319430800445433 0.034532130257724704
0 0.1896217426002758 0.8861233649925768 0.03477498933799979 0.03617651741285464
0 0.24416379193191223 0.9014894154221181 0.03319430800445433 0.034532130257724704
0 0.24065807861236613 0.7996812539567288 0.03319430800445433 0.034532130257724704
0 0.21433193594845693 0.7779766723195232 0.03477498933799979 0.03617651741285446
0 0.29453125 0.76328125 0.0328125 0.0265625
0 0.32185243992682155 0.9430837731786058 0.030051126670908878 0.03280585594746519
0 0.17058084126354864 0.9101407191310198 0.03477498933799979 0.03617651741285464
0 0.18408081460854814 0.8248583163720579 0.03475680800445442 0.034614017412854636
0 0.2737058412635487 0.9155452713695833 0.03319430800445442 0.034532130257724704
0 0.24467286927118467 0.8577394154221182 0.03475680800445433 0.034614017412854636
0 0.33515625 0.79296875 0.0078125 0.0328125
0 0.6646388292489129 0.8769342299851537 0.05530566534054504 0.05599105042954129
0 0.5526649932368226 0.9601827419709412 0.04453179734245403 0.06948034034363318
0 0.7068990545830948 0.872895183173657 0.032031797342454024 0.06882524310259512
0 0.6854593119032771 0.9687056501569702 0.0660613520050907 0.040939260515449584
0 0.6828125 0.7609375 0.065625 0.021875
0 0.6203125 0.96875 0.0375 0.0625
0 0.6346422465786403 0.9019408740376884 0.0444954346753633 0.066355340343633
0 0.584375 0.96484375 0.03125 0.0703125