0 0.4578125 0.5203125 0.028125 0.0265625
0 0.6140625 0.8578125 0.03125 0.0328125
0 0.5 0.621875 0.0296875 0.0296875
0 0.4765625 0.403125 0.025 0.0234375
0 0.59375 0.715625 0.03125 0.03125
0 0.303125 0.634375 0.0296875 0.028125
0 0.55625 0.503125 0.025 0.025
0 0.3109375 0.3421875 0.0265625 0.0234375
0 0.60625 0.534375 0.025 0.0234375
0 0.3890625 0.40625 0.025 0.025
0 0.359375 0.4 0.025 0.025
0 0.3421875 0.3171875 0.0265625 0.0234375
0 0.459375 0.478125 0.0265625 0.025
0 0.61875 0.5578125 0.025 0.025
0 0.5359375 0.4265625 0.0234375 0.021875
0 0.5765625 0.5453125 0.025 0.025
0 0.446875 0.4109375 0.025 0.0234375
0 0.525 0.44375 0.025 0.0234375
0 0.653125 0.428125 0.025 0.0234375
0 0.5796875 0.3671875 0.0234375 0.021875
0 0.646875 0.36875 0.0234375 0.021875
0 0.53125 0.340625 0.021875 0.021875
0 0.50625 0.334375 0.0234375 0.0234375
0 0.68125 0.390625 0.0234375 0.021875
0 0.5234375 0.4671875 0.025 0.0234375
0 0.615625 0.5859375 0.028125 0.0265625
0 0.5953125 0.56875 0.025 0.025
0 0.6328125 0.3828125 0.0234375 0.021875