0 0.70234375 0.24765625 0.0578125 0.0640625
0 0.48046875 0.934375 0.0171875 0.05
0 0.459623125212045 0.9057457995351378 0.046949411069925694 0.05004355866619008
0 0.4026984471822603 0.34687354408725624 0.04533234736759475 0.048371798022528625
0 0.4703125 0.83203125 0.0375 0.0484375
0 0.46796875 0.653125 0.0421875 0.046875
0 0.17595247494189253 0.7721256443196873 0.048511911069925695 0.050152819309851895
0 0.3258433475372309 0.7794896661112138 0.048511911069925695 0.050152819309851895
0 0.2531548704027216 0.8850733945717888 0.04856647477225655 0.05171531930985225
0 0.3786459437236993 0.9078767460647278 0.048566474772256465 0.05171531930985225
0 0.24568462158384796 0.8050581126408037 0.048511911069925695 0.05015281930985207
0 0.31610127058805604 0.6790526235365669 0.04684028366526398 0.046918558666190255
0 0.4828125 0.50390625 0.0125 0.0484375
0 0.4396180938242158 0.37751153889147615 0.046949411069925694 0.05004355866619026
0 0.45382443756361346 0.3379791453280935 0.04533234736759475 0.048371798022528625
0 0.22572426333166193 0.5012775487788332 0.04689484736759484 0.04848105866619044
0 0.40724216967708216 0.8787026982943006 0.04538691106992569 0.04993429802252862
0 0.3338393860118182 0.8299267086858608 0.046949411069925694 0.05004355866619026
0 0.4598611611547437 0.4662134059717552 0.04689484736759475 0.04848105866619044
0 0.21453877058805607 0.6719506816985541 0.04689484736759484 0.048481058666190256
0 0.4456499052491119 0.862684214385844 0.046949411069925694 0.05004355866619044
0 0.484375 0.5796875 0.009375 0.04375
0 0.3440526226801563 0.40823737898444856 0.04689484736759484 0.048481058666190256
0 0.48359375 0.38359375 0.0109375 0.0484375
0 0.27835819001068424 0.49092991066333214 0.04366071996293312 0.04513753737886681
0 0.4234375 0.29921875 0.04375 0.0390625
0 0.41704870089527546 0.7578110440872562 0.04533234736759475 0.048371798022528625
0 0.34921875 0.29375 0.0453125 0.028125
0 0.47734375 0.79375 0.0234375 0.05
0 0.3085318511654279 0.8640067777436112 0.046949411069925694 0.05004355866619008
0 0.41330863120249484 0.8292490015126093 0.04694941106992552 0.05004355866619044
0 0.43573915879249103 0.6235124537421822 0.04684028366526398 0.046918558666190255
0 0.2898066106992568 0.5509604745253027 0.04684028366526398 0.046918558666190435
0 0.25140385352768063 0.7010261765027741 0.046949411069925694 0.05004355866619044
0 0.32244055062512295 0.6374114267548755 0.04684028366526398 0.046918558666190435
0 0.3725942849312084 0.3775008312140215 0.04694941106992552 0.05004355866619035
0 0.3861905373782791 0.5436721344323302 0.04684028366526398 0.046918558666190255
0 0.2853472560752678 0.3339914958126261 0.04533234736759475 0.048371798022528625
0 0.30625 0.290625 0.046875 0.021875
0 0.4039832165043721 0.696108719581624 0.04533234736759475 0.048371798022528625
0 0.3671181335647475 0.6670332247774041 0.04684028366526398 0.046918558666190435
0 0.37693953375008193 0.4572975918576832 0.04533234736759475 0.048371798022528535
0 0.2749157645976063 0.7494308255140384 0.04689484736759475 0.04848105866619044
0 0.46188001814098534 0.5240259059717551 0.04689484736759475 0.04848105866619044
0 0.3737153631463275 0.7220485067083894 0.04684028366526398 0.046918558666190435
0 0.24883935951813035 0.6275886765027741 0.045223219962933034 0.04524679802252862
0 0.2856300313878293 0.6098984319506557 0.045277783665263985 0.046809298022528624
0 0.25320936787083287 0.39565026165206796 0.046949411069925694 0.05004355866619026
0 0.29663198565684773 0.38933455967459646 0.045277783665263985 0.046809298022528624
0 0.4765625 0.43359375 0.025 0.0484375
0 0.2749851972670784 0.6621493468013618 0.045223219962933034 0.04524679802252862
0 0.3306597560752678 0.33716005447881636 0.04371528366526398 0.04670003737886681
0 0.41562506623421963 0.5831388260182415 0.04684028366526398 0.046918558666190435
0 0.3738343811176768 0.502282309926698 0.04366071996293304 0.04513753737886681