0 0.42238598692279206 0.26416338730151806 0.044097229581580064 0.05640650889724856
0 0.924419712876175 0.32985205429771247 0.05341766587924894 0.05522601087441501
0 0.95625 0.3484375 0.0375 0.040625
0 0.9859375 0.34609375 0.028125 0.0453125
0 0.91171875 0.36171875 0.0515625 0.0140625
0 0.02750501814098536 0.4240132311797387 0.05229167549789597 0.06766234387822045
0 0.061046693638881246 0.4883648912558508 0.06893353847458741 0.05273768083635879
0 0.0125 0.47109375 0.025 0.0578125
0 0.08622525371301508 0.4028438853243518 0.06602679328391084 0.058860346843970034
0 0.11629967802978465 0.5471377133852415 0.07049603847458741 0.05280134783255317
0 0.02265625 0.54609375 0.0453125 0.0546875
0 0.12163696405730136 0.43113071140807513 0.04933036660488845 0.0722225098858317
0 0.1841965061600858 0.5647125325488827 0.049384930307219396 0.0737850098858317
0 0.7492510433687288 0.5315020790122919 0.04360615626060227 0.04234400889724856
0 0.5264683077966991 0.5593564594680899 0.046785719962933126 0.04403384288963732
0 0.8345586047088069 0.6891925622063779 0.045223219962933214 0.043970175893442945
0 0.6555903234057958 0.49307093178776096 0.043551592558271415 0.04078150889724856
0 0.8787202885594054 0.5199677183281575 0.041989092558271324 0.04071784190105419
0 0.6177827885594054 0.5306001066926207 0.04516865626060227 0.042407675893442943
0 0.8038294159640671 0.5261487341454881 0.043551592558271325 0.04078150889724856
0 0.7883482597034648 0.4860967371112377 0.041989092558271324 0.04071784190105419
0 0.5249455025318888 0.650172460456673 0.04684028366526398 0.04559634288963732
0 0.7291915145127883 0.4947660829666246 0.041989092558271324 0.04071784190105419
0 0.9616419159640671 0.5197183675298547 0.041989092558271324 0.04071784190105419
0 0.9679613486335391 0.43183636555268823 0.04037202885594056 0.039091674904859805
0 0.8994544292109111 0.620829881370019 0.04360615626060227 0.04234400889724856
0 0.6985764315731637 0.4694132558943179 0.041989092558271414 0.04071784190105419
0 0.9009375397405318 0.43926154638904713 0.04042659255827132 0.040654174904859806
0 0.7208680938242157 0.4356457509514021 0.04042659255827132 0.040654174904859806
0 0.8784821863824872 0.468341551331963 0.04037202885594056 0.039091674904859805
0 0.7896726575265467 0.43440690311884894 0.04037202885594056 0.039091674904859805
0 0.8522817849312083 0.43498522327107325 0.04042659255827132 0.040654174904859806
0 0.9135119508104574 0.4856908774156864 0.04042659255827132 0.040654174904859806
0 0.8217411130615094 0.4565710631949611 0.04037202885594056 0.039091674904859805
0 0.5939434952754945 0.47524144463934215 0.043551592558271415 0.04078150889724856
0 0.6709226575265467 0.43924559482962267 0.041989092558271414 0.04071784190105419
0 0.830917705619781 0.4953152282139891 0.04042659255827132 0.040654174904859806
0 0.7560615493591787 0.4576825770351255 0.04042659255827132 0.040654174904859806
0 0.9391468678708328 0.45804603848038167 0.04037202885594056 0.039091674904859805