0 0.22190488790112345 0.3342702654245707 0.023660640606883554 0.02225682954530477
0 0.23759378971789458 0.29644298295716676 0.023533094849248926 0.020694329545304768
0 0.1848514269907982 0.30205778328147825 0.023533094849248926 0.020694329545304768
0 0.16995975062821983 0.330482792209932 0.023533094849248926 0.020694329545304768
0 0.19617130638779404 0.3832259626646272 0.023660640606883464 0.02225682954530477
0 0.6857761982026255 0.28270421672511226 0.023533094849248926 0.020694329545304768
0 0.6325872963858543 0.3211860641273246 0.023660640606883554 0.02225682954530477
0 0.6197685609297219 0.2791622053610266 0.023533094849248926 0.020694329545304768
0 0.6197368678972441 0.22126788474417552 0.023533094849248926 0.020694329545304768
0 0.6215542015366055 0.30103720536102657 0.023533094849248926 0.020694329545304768
0 0.6151449627464931 0.24168947889997697 0.023533094849248926 0.020694329545304768
0 0.312211152444991 0.8363782362035777 0.04888378121376702 0.044540932629559826
0 0.2154956491110111 0.8208544220795483 0.05213632697140156 0.046157979707460585
0 0.02109375 0.775 0.0421875 0.046875
0 0.22228804092584253 0.7315464602289954 0.05057382697140156 0.046130706168510116
0 0.34834010001939664 0.7997588977298191 0.05044628121376711 0.044568206168510115
0 0.3587352082045651 0.8887668506519184 0.05057382697140156 0.046130706168510116
0 0.11171875 0.55859375 0.0515625 0.0390625
0 0.05886301183810749 0.8188942759745823 0.05538887272903605 0.04777502678536116
0 0.47828294941057353 0.7239485998411395 0.04888378121376711 0.04454093262956001
0 0.500157433658758 0.8769099586074376 0.04901132697140156 0.04610343262955983
0 0.16007559910131275 0.5636419399364558 0.05213632697140156 0.046157979707460585
0 0.4631042306243405 0.7680258823085435 0.04901132697140156 0.04610343262955983
0 0.4856806033533766 0.8145735998411394 0.04901132697140156 0.04610343262956
0 0.03828125 0.55859375 0.0546875 0.0390625
0 0.4470963354755291 0.8402827118538483 0.04888378121376693 0.044540932629559826
0 0.58515625 0.87265625 0.0296875 0.0453125
0 0.17206490031895907 0.7105169399364557 0.05200878121376693 0.044595479707460584
0 0.1638375542617621 0.8014146753259592 0.05200878121376693 0.044595479707460584
0 0.2771345218400471 0.8667203011383858 0.05057382697140156 0.046130706168510116
0 0.1692264269907982 0.8482624017870088 0.05213632697140156 0.046157979707460585
0 0.01328125 0.7203125 0.0265625 0.046875
0 0.4362549460765936 0.7074702118538483 0.04901132697140156 0.04610343262955983
0 0.3321412730479952 0.7546645860414218 0.05044628121376693 0.044568206168510115
0 0.29202594032671775 0.9149668863657334 0.05226387272903601 0.047720479707460586
0 0.33828125 0.54765625 0.0484375 0.0171875
0 0.24921875 0.55 0.0515625 0.021875
0 0.2211086939505617 0.5829180454563428 0.05057382697140156 0.046130706168510206
0 0.3962040309239029 0.6768747767886565 0.04732128121376693 0.04451365909060954
0 0.5406551457770312 0.7979667524389272 0.04901132697140156 0.04610343262955983
0 0.58203125 0.82421875 0.0359375 0.0453125
0 0.5526766557789708 0.8493928847441756 0.04901132697140156 0.04610343262956
0 0.5542708488114487 0.9072599318220762 0.05057382697140156 0.046130706168510116
0 0.2996163312234653 0.5862418685088259 0.05057382697140156 0.046130706168510206
0 0.0140625 0.81875 0.028125 0.046875
0 0.08048369395056172 0.5853726639618735 0.05382637272903605 0.047747753246410875
0 0.11361415577897085 0.8570567491892211 0.055261326971401556 0.04621252678536116
0 0.5338632697140152 0.7339315259778776 0.04901132697140156 0.04610343262955983
0 0.38089776638003536 0.7193895592560606 0.04901132697140156 0.04610343262956
0 0.5613497672981194 0.9556428847441756 0.05057382697140156 0.046130706168510116
0 0.4539201624469307 0.8855406647759476 0.05057382697140156 0.046130706168510116
0 0.8192905866834771 0.9543064813356089 0.07723192182065049 0.06687958279171564
0 0.75774730880369 0.9287803758157217 0.07397937606301604 0.06526253571381506
0 0.6419628121376699 0.9480133912369973 0.0722893303053814 0.06367276217486459
0 0.7122443927329154 0.658876978899977 0.08099465060882309 0.0747466298696163
0 0.9137422172884209 0.9229280219206878 0.07528678454774677 0.06216480925276535