0 0.22505967097472163 0.42959087364711995 0.03357621941479163 0.03549096091032524
0 0.12611302469819385 0.4434304909161442 0.03513871941479172 0.035618506667959696
0 0.15351197929534668 0.4096612687959313 0.03513871941479172 0.035618506667959696
0 0.3140625 0.46015625 0.034375 0.0171875
0 0.195590376521805 0.41779250425206377 0.03357621941479172 0.03549096091032524
0 0.2484375 0.45546875 0.03125 0.0265625
0 0.175 0.4546875 0.034375 0.028125
0 0.14962456630131893 0.37490363152302775 0.03513871941479172 0.035618506667959696
0 0.2171875 0.45703125 0.03125 0.0234375
0 0.99453125 0.13125 0.0109375 0.01875
0 0.9471165089306244 0.20857571153854507 0.017623911094166722 0.020153003333979846
0 0.923715376521805 0.20510002517402706 0.01758754350298606 0.018590503333979845
0 0.9708462560808329 0.13067385214542854 0.019150043502986235 0.018718049091614473
0 0.9644858468865273 0.202166214872525 0.017587543502986237 0.018590503333980025
0 0.9833085820688883 0.2005717639641394 0.017587543502986237 0.018590503333979845
0 0.9419925978364578 0.22694307426564145 0.017587543502986237 0.018590503333979845
0 0.9921875 0.1625 0.015625 0.01875
0 0.9608880682011801 0.22222362335725593 0.01758754350298606 0.018590503333980025
0 0.9853438607542356 0.18038680972177393 0.019150043502986235 0.018718049091614473
0 0.9570733903895133 0.1843409860843523 0.017623911094166722 0.020153003333979846
0 0.8943902460128467 0.25436670153660546 0.017623911094166722 0.020153003333980023
0 0.9126700801690273 0.14157965911295073 0.01758754350298606 0.018590503333979845
0 0.9397040524336105 0.19075048275037237 0.01758754350298606 0.018590503333980025
0 0.9231334950629162 0.23010002517402697 0.019186411094166543 0.020280549091614475
0 0.8808381987101385 0.16402874396026004 0.019150043502986235 0.018718049091614473
0 0.9331981728745827 0.2684928454774688 0.019186411094166723 0.020280549091614475
0 0.89591768484243 0.18874170153660544 0.019186411094166723 0.020280549091614475
0 0.924223216377569 0.2505400709316616 0.017623911094166722 0.020153003333980023
0 0.99765625 0.1859375 0.0046875 0.01875
0 0.9591814042572218 0.16103103184198683 0.01758754350298606 0.018590503333980025
0 0.9433381987101385 0.16913057426564143 0.019186411094166723 0.020280549091614475
0 0.9866868487863882 0.257204401237043 0.019186411094166723 0.020280549091614475
0 0.9088164219246522 0.2398896133553162 0.019186411094166723 0.020280549091614475
0 0.99140625 0.228125 0.0171875 0.01875
0 0.9766234773954856 0.15149653517596667 0.017587543502986237 0.018590503333979845
0 0.2658327541809718 0.6514011982026255 0.043133057370694415 0.04406873545613248
0 0.31875 0.48671875 0.040625 0.0359375
0 0.3361465606017357 0.589825711538545 0.04309668977951393 0.04250623545613248
0 0.4056979540284719 0.4937476791168301 0.04153418977951393 0.042378689698497854
0 0.1859375 0.484375 0.04375 0.03125
0 0.05 0.47578125 0.04375 0.0140625
0 0.240625 0.48359375 0.040625 0.0296875
0 0.8959229105254858 0.7181112397081962 0.031977351823611146 0.03380091515269061
0 0.8768806633752775 0.7963957363742163 0.03353985182361115 0.03392846091032524
0 0.782004574469444 0.7698654451585096 0.03357621941479172 0.03549096091032524
0 0.8934499143252079 0.8243612397081963 0.03357621941479172 0.03549096091032524
0 0.7887624143252079 0.8158156739466824 0.03357621941479168 0.03549096091032524
0 0.9154002623490969 0.6883917887998108 0.03353985182361115 0.03392846091032524
0 0.8151080151988885 0.7600439060688349 0.03353985182361115 0.03392846091032524
0 0.841306839287083 0.7778371839486221 0.03357621941479172 0.03549096091032524
0 0.7864388077519442 0.7138705366737788 0.03353985182361115 0.03392846091032524
0 0.8529716911106942 0.7474800042520637 0.03357621941479172 0.03549096091032524
0 0.8284081022048607 0.7266892721299112 0.03357621941479172 0.03549096091032524
0 0.7964684243931941 0.686510811219586 0.031977351823611146 0.0338009151526907
0 0.8778638947579165 0.6868931906165818 0.031977351823611146 0.0338009151526907
0 0.8661990429343053 0.7172503703131401 0.031977351823611146 0.03380091515269061
0 0.8218684678961804 0.6713640433417385 0.03357621941479163 0.03549096091032524