0 0.075 0.0203125 0.071875 0.040625
0 0.040375934754904995 0.18868837272208286 0.055596566677272106 0.0793978656913195
0 0.1861975120941775 0.22905618674229106 0.0801965773392725 0.04560474715020835
0 0.009375 0.1171875 0.01875 0.08125
0 0.11840893340226959 0.04464612557187451 0.07412839067472703 0.061084276785486225
0 0.18401684675363236 0.17596755433347164 0.07423747867599957 0.07045927678548622
0 0.02965551607254211 0.07328157826916622 0.05087270401018138 0.07616376291777786
0 0.07682141740926926 0.0971905505337495 0.05243520401018138 0.07620013050895835
0 0.06488503874917803 0.14591899126319402 0.0694954346753633 0.06566267401194459
0 0.02265625 0.00859375 0.0453125 0.0171875
0 0.1078361547580867 0.21056206630131893 0.07870680267345431 0.05181837955902786
0 0.8747134774029058 0.20798519301055512 0.0221113573360908 0.020821646276527873
0 0.9324532520687242 0.2003895921368745 0.0221113573360908 0.020821646276527873
0 0.9630316374124508 0.276261107904444 0.020548857336090798 0.020785278685347207
0 0.7385578014003606 0.19239917344326365 0.02212953866963625 0.02238414627652787
0 0.990625 0.30625 0.01875 0.021875
0 0.9369600334181779 0.31906685695451353 0.0221113573360908 0.020821646276527873
0 0.9757316320814506 0.2931576671749996 0.020548857336090798 0.020785278685347207
0 0.939194148074451 0.24243162177215236 0.020548857336090798 0.020785278685347207
0 0.8797827854073603 0.2406885902370135 0.02211135733609062 0.020821646276527873
0 0.9429009507479054 0.2923588865897912 0.020548857336090798 0.020785278685347207
0 0.11250328405472479 0.6039873708222218 0.03633748933799978 0.03521145459715278
0 0.17940097740290586 0.7118349319926385 0.03477498933799979 0.03517508700597229
0 0.22687596140990554 0.7623064042572217 0.03475680800445424 0.03361258700597229
0 0.07282480808399612 0.8205942957840968 0.03477498933799979 0.03517508700597229
0 0.22138848273390596 0.6936655070307634 0.03477498933799979 0.03517508700597212
0 0.18181909476445002 0.9196474319926384 0.03477498933799979 0.03517508700597229
0 0.23268960940481484 0.7246609338924995 0.03475680800445424 0.03361258700597229
0 0.20162142274026937 0.7410132857161106 0.03477498933799979 0.03517508700597212
0 0.047240816040725345 0.5023534420606246 0.036355670671545326 0.03677395459715278
0 0.11513738804899773 0.5617271356398608 0.036355670671545326 0.03677395459715278
0 0.009375 0.51953125 0.01875 0.0359375
0 0.023713504057906398 0.6294978235195134 0.03791817067154533 0.036810322188333446
0 0.15685326806172437 0.6545315782691662 0.03791817067154533 0.036810322188333446
0 0.31150331070972526 0.5133948191511105 0.04107953333863605 0.04000805737069442
0 0.13510444271163422 0.5315668569545134 0.036355670671545326 0.03677395459715278
0 0.02129757606617879 0.6905080587018746 0.03633748933799978 0.03521145459715278
0 0.5807282147517234 0.7119102800165275 0.07283861067790856 0.08448540919430556
0 0.58046875 0.484375 0.0953125 0.03125
0 0.5164293574156326 0.6930888512549302 0.06506247334499946 0.08742857123840295
0 0.453125 0.621875 0.0875 0.04375
0 0.5028577534213596 0.7356036595755553 0.07276588534372683 0.07823540919430556
0 0.446875 0.503125 0.075 0.05625
0 0.4515625 0.48515625 0.084375 0.0328125
0 0.6264588854232687 0.7467931198722912 0.08056020401018138 0.07685474715020853
0 0.5951350654041786 0.6068591041047219 0.09278748400699968 0.05370818787965277
0 0.44140625 0.53671875 0.0640625 0.0609375
0 0.5458248613939972 0.532986499431319 0.09573067067154532 0.0381559230620141
0 0.5082361440960865 0.7948695568020137 0.09580339600572696 0.044405923062014095
0 0.7700441587364514 0.5949734338924995 0.04480451734563573 0.09164329255305556
0 0.6238964120782692 0.6608919874634719 0.08206816000954512 0.07220361474138884
0 0.4697714387332697 0.5785185113991664 0.09433180267345423 0.05218205547083343
0 0.6980600707351787 0.5872713430868052 0.03699201734563573 0.09146145459715278
0 0.43515625 0.69765625 0.0515625 0.0421875
0 0.7927180427275426 0.5288029200247911 0.060411336012090366 0.09044446846486114
0 0.7515679734245413 0.7532587125778468 0.09286020934118148 0.05995818787965277
0 0.4546875 0.75625 0.090625 0.046875
0 0.5246793041056315 0.8648183808902081 0.05890338001272664 0.09509560087368066
0 0.7460430373965427 0.5470814477602077 0.051018154678545 0.0886637629177777
0 0.51640625 0.49140625 0.0671875 0.0453125
0 0.5725168200986318 0.8121284855636108 0.04013519867918127 0.09309668977951394
0 0.5519850494111782 0.6594398966577775 0.03699201734563573 0.09146145459715278
0 0.7963713960852689 0.7084540524336106 0.06509883601209036 0.09055357123840277