0 0.508389898209672 0.03014898129128176 0.053104016039128864 0.05047484387822054
0 0.5227294077703959 0.20527631528367057 0.05652940468807692 0.055289677870609386
0 0.5067062846991515 0.07683298030269858 0.05819203423772627 0.05691584486680377
0 0.5174225416389818 0.12246381528367056 0.054766645588778216 0.05210101087441492
0 0.05323413787375557 0.5897123933073793 0.024939443244739755 0.02439250494291585
0 0.23544825570321262 0.46622976684309503 0.023176684145441228 0.021203837946721472
0 0.057642233185678696 0.5369057282883511 0.023276813695090492 0.02276633794672147
0 0.2937614034514592 0.47639794570228744 0.023176684145441228 0.021203837946721472
0 0.18448653300110857 0.4735037559686801 0.02161418414544123 0.021140170950527094
0 0.05934443552971715 0.5634682282883512 0.024839313695090494 0.02283000494291585
0 0.07671360579549771 0.49404706623507266 0.023276813695090492 0.02276633794672147
0 0.1625114034514592 0.4710499180219586 0.02161418414544123 0.021140170950527094
0 0.0858277899409389 0.5146779012160446 0.023276813695090583 0.02276633794672147
0 0.10491775138427598 0.545065738174183 0.024939443244739845 0.02439250494291585
0 0.20762364435216057 0.46977126091159593 0.02161418414544123 0.021140170950527094
0 0.08264223318567869 0.5379244002274615 0.023276813695090492 0.02276633794672147
0 0.141497996603914 0.4592847470714315 0.02161418414544123 0.021140170950527094
0 0.06239028994093889 0.5137228962731288 0.023276813695090583 0.02276633794672147
0 0.04576399444444568 0.49746122631118483 0.023276813695090492 0.02276633794672147
0 0.04592468074935514 0.4756498933073792 0.02161418414544123 0.021140170950527094
0 0.06543614435216058 0.4639775642579063 0.023176684145441228 0.021203837946721472
0 0.08634942165005652 0.4741802352084334 0.02171431369509049 0.022702670950527092
0 0.033585367054264646 0.45332922433401845 0.023276813695090492 0.02276633794672147
0 0.029477660391289538 0.5108233893530466 0.023276813695090492 0.02276633794672147
0 0.22485071714654978 0.4954079308735399 0.023276813695090583 0.02276633794672147
0 0.049971830657070095 0.4415295612921568 0.02161418414544123 0.021140170950527094
0 0.11972312615356331 0.45995590912471007 0.02161418414544114 0.021140170950527094
0 0.10842468074935514 0.47819657315515496 0.023176684145441228 0.02120383794672165
0 0.02767532849760177 0.4826983893530466 0.023276813695090492 0.02276633794672147
0 0.09286023750461539 0.4541860701894054 0.02161418414544123 0.021140170950527094
0 0.03803064003322394 0.5470155573378241 0.024839313695090494 0.02283000494291585
0 0.07360958975636875 0.44560956623507264 0.02171431369509049 0.022702670950527092
0 0.9921875 0.60859375 0.015625 0.0484375
0 0.9555371175156899 0.7239785998469006 0.03142927513842757 0.05270850593149916