0 0.1863393595181304 0.23059032340579577 0.024255955534962848 0.024255955534962938
0 0.16587803737827905 0.13624012268015626 0.022638891832631992 0.022638891832631812
0 0.2102976707733905 0.06756453375008195 0.022638891832631992 0.022638891832631992
0 0.2440228847458739 0.18422624409436822 0.024255955534962938 0.024255955534962757
0 0.25415679817805226 0.07221731741534594 0.022638891832631992 0.022638891832631992
0 0.1755060085223385 0.09912206859647225 0.022638891832631992 0.022638891832631992
0 0.10181553737827906 0.13400301088459124 0.02420139183263199 0.022693455534962936
0 0.17300105661557272 0.1614583774894797 0.024255955534962848 0.024255955534962938
0 0.19449411069925676 0.15128476932211168 0.02420139183263199 0.022693455534962936
0 0.1757093943645207 0.19432544119181064 0.024255955534962848 0.024255955534962938
0 0.22049112630835338 0.0913294159640671 0.022638891832631992 0.022638891832631992
0 0.1443304195922642 0.14485123084752435 0.022638891832631992 0.022638891832631992
0 0.12012902775963222 0.12215777531256151 0.022638891832631992 0.022638891832631992
0 0.24236612630835336 0.09209330779669908 0.022638891832631992 0.022638891832631992
0 0.19927089073632365 0.10931552413143511 0.022638891832631992 0.022638891832631992
0 0.19849212993655044 0.17639389672677339 0.024255955534962848 0.024255955534962938
0 0.2774851707733905 0.06991077295030879 0.022638891832631992 0.022638891832631992
0 0.14194946405730136 0.1213591671451935 0.022638891832631992 0.022638891832631812
0 0.09943458184331622 0.11051094718226037 0.022638891832631992 0.022638891832631992
0 0.12250998329459506 0.14564983901489237 0.022638891832631992 0.022638891832631992
0 0.7489137705880561 0.1219891720393349 0.03546627404661713 0.032450401451278844
0 0.7470487141421194 0.2920288535276806 0.037192465153609786 0.03719246515360961
0 0.66875 0.046875 0.01875 0.034375
0 0.8363641852861787 0.2576935482628702 0.03713790145127867 0.03562996515360979
0 0.28644848692279207 0.8370635566155726 0.08728672359113006 0.1310168762235353
0 0.3882292417321155 0.8468601972670784 0.12805556733052798 0.09186509618646851
0 0.6723364016209149 0.8206399484482046 0.024310519237293705 0.025818455534962936
0 0.7760070386442235 0.8398661528020412 0.025873019237293703 0.025873019237293703
0 0.67109375 0.87890625 0.0234375 0.0265625
0 0.8122372045234725 0.8941915542533201 0.025927582939624473 0.027435519237293704
0 0.7724802453603126 0.7835615890997103 0.025873019237293703 0.025873019237293703
0 0.9291320386442233 0.8452133956304652 0.02749008293962447 0.02749008293962447
0 0.729295729751216 0.8429167417321155 0.025873019237293703 0.025873019237293703
0 0.8681002802067029 0.7510070386442235 0.025873019237293703 0.025873019237293703
0 0.7699951408211416 0.891155834290387 0.024310519237293705 0.025818455534962936
0 0.7070040675001639 0.8749107861971528 0.025927582939624473 0.027435519237293704
0 0.7959574400955022 0.8748959172300115 0.025873019237293703 0.025873019237293703
0 0.7474306600584354 0.9153373787554241 0.025927582939624473 0.027435519237293704
0 0.8073463186812904 0.7988244905509891 0.024310519237293705 0.025818455534962936
0 0.6936112008952755 0.8042163402808367 0.025873019237293703 0.025873019237293703
0 0.7529862008952755 0.8062897609694092 0.024310519237293705 0.025818455534962936
0 0.7206647742162532 0.8192064232204611 0.025873019237293703 0.025873019237293703
0 0.921170716504372 0.7512997045234725 0.025873019237293703 0.025873019237293703
0 0.8269842068857252 0.7355258823836212 0.025873019237293703 0.025873019237293703
0 0.8215923571558778 0.8492610001696359 0.025927582939624473 0.027435519237293704
0 0.845684621583848 0.8688294557045989 0.025927582939624473 0.027435519237293704
0 0.9264782645976062 0.8139088319281342 0.025873019237293703 0.025873019237293703
0 0.8145239016209149 0.8256052453603125 0.025873019237293703 0.025873019237293703
0 0.9326588319281341 0.9015179593327959 0.02749008293962447 0.02749008293962447
0 0.892559621583848 0.8704663667745246 0.025873019237293703 0.025873019237293703
0 0.923933617955651 0.7857292682258034 0.025873019237293703 0.025873019237293703
0 0.687177662420688 0.7540526491738442 0.025873019237293703 0.025873019237293703
0 0.744504067500164 0.8762203150530933 0.024310519237293705 0.025818455534962936
0 0.8915774749418925 0.8423413667745245 0.025873019237293703 0.025873019237293703
0 0.7456796431833943 0.7311260698624167 0.025873019237293703 0.025873019237293703
0 0.7396677453603127 0.7824157513507624 0.024310519237293705 0.025818455534962936
0 0.734052662420688 0.7556895602437698 0.025873019237293703 0.025873019237293703
0 0.8234425446346731 0.7681746912766286 0.025873019237293703 0.025873019237293703
0 0.9031498920022681 0.8162153763931714 0.025873019237293703 0.025873019237293703
0 0.8929564364673052 0.7924504941791863 0.024310519237293705 0.025818455534962936
0 0.9060913535276807 0.7663790675001639 0.024310519237293705 0.025818455534962936
0 0.8696280638719669 0.7947570386442234 0.025873019237293703 0.025873019237293703
0 0.8455903631463275 0.7767510831092606 0.025873019237293703 0.025873019237293703
0 0.8688493030721937 0.8618354112395619 0.025927582939624473 0.027435519237293704
0 0.8578373920022682 0.8146330290255765 0.025873019237293703 0.025873019237293703
0 0.8414683475372309 0.8374703282999372 0.025873019237293703 0.025873019237293703
0 0.8679762838348999 0.8368354112395618 0.025873019237293703 0.025873019237293703