0 0.7296875 0.60625 0.05 0.0625
0 0.78125 0.6953125 0.0484375 0.065625
0 0.71875 0.5234375 0.046875 0.0625
0 0.7421875 0.6625 0.0625 0.0421875
0 0.6640625 0.5859375 0.059375 0.0484375
0 0.58125 0.50625 0.04375 0.0625
0 0.640625 0.4765625 0.0640625 0.046875
0 0.6828125 0.621875 0.05625 0.0546875
0 0.6890625 0.7296875 0.046875 0.0671875
0 0.5921875 0.5703125 0.05625 0.059375
0 0.778125 0.5484375 0.05625 0.046875
0 0.5609375 0.6078125 0.0625 0.053125
0 0.5375 0.5 0.0421875 0.06875
0 0.85 0.5203125 0.040625 0.0609375
0 0.6515625 0.53125 0.0609375 0.053125
0 0.625 0.55 0.0578125 0.05625
0 0.8140625 0.6 0.0578125 0.04375
0 0.8390625 0.7 0.0625 0.0421875
0 0.5734375 0.696875 0.04375 0.0734375
0 0.6453125 0.3625 0.046875 0.0609375
0 0.5796875 0.459375 0.0609375 0.040625
0 0.85 0.459375 0.059375 0.05
0 0.503125 0.4 0.0390625 0.065625
0 0.528125 0.278125 0.0625 0.053125
0 0.578125 0.2671875 0.0515625 0.0640625
0 0.7078125 0.690625 0.0484375 0.0671875
0 0.6171875 0.653125 0.06875 0.0296875
0 0.496875 0.4640625 0.040625 0.059375
0 0.50625 0.3390625 0.0359375 0.053125
0 0.4984375 0.5203125 0.0515625 0.0453125
0 0.45625 0.70625 0.028125 0.0734375