0 0.22654960845342975 0.5356348773198437 0.03499771287323465 0.0323958377489479
0 0.28890749682103234 0.5538193929289403 0.03343521287323483 0.03234127404661713
0 0.21151447033792872 0.589414641747814 0.03499771287323465 0.0323958377489479
0 0.19582376836045726 0.6338194061757843 0.03343521287323466 0.03234127404661713
0 0.15137464583229657 0.5805505624363865 0.03343521287323466 0.03234127404661713
0 0.17477929484356086 0.6016616706037545 0.03499771287323465 0.0323958377489479
0 0.16286915672805985 0.6553323076270632 0.03510697351689647 0.033958337748947895
0 0.12067094905060527 0.5894543364830036 0.03510697351689647 0.033958337748947895
0 0.2807015129125757 0.5932638388452564 0.03499771287323483 0.0323958377489479
0 0.11166728964778079 0.6398908461016505 0.03510697351689647 0.033958337748947895
0 0.9426880606830027 0.4822221236068286 0.048371798022528625 0.04533234736759475
0 0.7603126032576496 0.4948560767795387 0.04524679802252862 0.045223219962933214
0 0.9287134059717552 0.34957331471382125 0.046809298022528624 0.045277783665263985
0 0.8620065072125925 0.4035911813187097 0.04670003737886681 0.04371528366526398
0 0.8048495710745629 0.41498503830495137 0.046809298022528624 0.045277783665263985
0 0.7823625658787827 0.451795557542245 0.04513753737886681 0.04366071996293321
0 0.8746371832111635 0.539419553914048 0.046809298022528624 0.045277783665263985
0 0.97890625 0.31484375 0.0421875 0.0453125
0 0.9329631354407363 0.5671427606301371 0.046918558666190435 0.04684028366526398
0 0.9416068898802118 0.3099651776905127 0.04670003737886681 0.04371528366526398
0 0.8946876032576496 0.49016359837908513 0.046809298022528624 0.045277783665263985
0 0.7391695767745461 0.5284870323145017 0.04513753737886681 0.04366071996293321
0 0.830745071578766 0.5613144012816428 0.04513753737886681 0.04366071996293304
0 0.99140625 0.559375 0.0171875 0.046875
0 0.8352690445914593 0.44681539166299594 0.04670003737886681 0.04371528366526398
0 0.9327560497872394 0.40738581471382124 0.048371798022528625 0.04533234736759475
0 0.7916061619238399 0.5391864301375834 0.04357503737886681 0.04360615626060227
0 0.9093178218308676 0.6321874072720925 0.046809298022528624 0.045277783665263985
0 0.8030464064759583 0.5011953568166057 0.046809298022528624 0.045277783665263985
0 0.8884490388914761 0.3337499072720925 0.04513753737886681 0.04366071996293321
0 0.8080395450956624 0.5949999205189365 0.046809298022528624 0.045277783665263985
0 0.7322425975576664 0.3846279049098399 0.04357503737886681 0.04360615626060209
0 0.9875 0.36171875 0.025 0.0453125
0 0.7581823846844318 0.3523957582678845 0.04513753737886681 0.04366071996293321
0 0.6809200341998991 0.5242558893007432 0.04513753737886681 0.04366071996293321
0 0.760432571578766 0.5637697678865313 0.04335651609154336 0.040481156260602266
0 0.9619300975576663 0.3766070406672041 0.046809298022528624 0.045277783665263985
0 0.6960537252816072 0.4046874337657805 0.04513753737886681 0.04366071996293321
0 0.978125 0.50703125 0.04375 0.0453125
0 0.7819369589379623 0.2889136116259291 0.04513753737886681 0.04366071996293304
0 0.8218735440872562 0.30004951906765764 0.04335651609154336 0.040481156260602266
0 0.7474198473055649 0.3104810767795387 0.04513753737886681 0.04366071996293321
0 0.5951253737886685 0.2829066922033009 0.04513753737886681 0.04366071996293304
0 0.6073411505238736 0.32320430998931576 0.04524679802252862 0.045223219962933034
0 0.6318384059717552 0.35994041815668376 0.04513753737886681 0.04366071996293321
0 0.690219352501345 0.27645330636111876 0.04524679802252862 0.045223219962933214
0 0.642884438659045 0.5851041092636764 0.046809298022528624 0.045277783665263985
0 0.6619736562238567 0.4325048989193901 0.04357503737886681 0.04360615626060227
0 0.7636461448238905 0.20653762124457592 0.043465776735205 0.04204365626060227
0 0.5771509059717552 0.3618501477382637 0.04513753737886681 0.04366071996293321
0 0.5578125 0.334375 0.015625 0.04375
0 0.6236759807294889 0.4448064914776615 0.04190327673520518 0.041989092558271324
0 0.8057243841802286 0.2035019012816428 0.04524679802252862 0.045223219962933124
0 0.6253255980618695 0.5355951825846541 0.043465776735205 0.04204365626060227
0 0.6924595596745965 0.19649298784946442 0.045356058666190434 0.046785719962933126
0 0.5546875 0.56015625 0.009375 0.0453125
0 0.6248785757661398 0.23801085445435294 0.04513753737886681 0.04366071996293312
0 0.5780356987985037 0.4417013388452563 0.04513753737886681 0.04366071996293321
0 0.638656852501345 0.27825390853803694 0.04513753737886681 0.04366071996293321
0 0.7602369215590954 0.24738087605389936 0.04524679802252862 0.045223219962933034
0 0.7973220222957297 0.15054059238863537 0.046918558666190255 0.04684028366526398
0 0.6795660757661398 0.236101124872773 0.04524679802252862 0.045223219962933124
0 0.7200818151224782 0.2331199686121707 0.04513753737886681 0.04366071996293312
0 0.6822318898802118 0.31902275227743465 0.04179401609154336 0.04042659255827132
0 0.8528071977900975 0.13763879910472454 0.04702781930985207 0.04840278366526398
0 0.97734375 0.41328125 0.0453125 0.0453125
0 0.8995615015126093 0.29107133395111484 0.046809298022528624 0.045277783665263985
0 0.9036812829393913 0.14839276063013718 0.04859031930985207 0.04845734736759484
0 0.926385353509751 0.7359572811333752 0.07380884059717552 0.052455366604888455
0 0.990625 0.73671875 0.01875 0.0734375
0 0.884375 0.71484375 0.075 0.0296875
0 0.9550238057393241 0.7647171981937507 0.06821440445914603 0.06161211179556503
0 0.9065534547505884 0.788338236668338 0.06763525025210164 0.07562004809323426
0 0.840625 0.734375 0.0625 0.06875
0 0.8664419069801614 0.8194989566312711 0.04943155347041017 0.08277778366526398
0 0.7887760928660894 0.7391963869384905 0.07671531930985206 0.04943949400955035
0 0.97265625 0.81953125 0.0546875 0.0703125
0 0.74453125 0.71640625 0.0703125 0.0328125
0 0.8211294069801613 0.8210813039988659 0.03682229282674854 0.08077877404661712
0 0.990625 0.803125 0.01875 0.075
0 0.7302423270266476 0.7756993713293939 0.07646394703379285 0.0681349303072194
0 0.9703125 0.7109375 0.04375 0.021875
0 0.9230960985660726 0.8457142270496913 0.08129355866619044 0.04804068511654265