0 0.02734375 0.47734375 0.0359375 0.0640625
0 0.08203125 0.48984375 0.0765625 0.0390625
0 0.13381535962118923 0.36015178362243117 0.04374468281352506 0.07750805737069441
0 0.03203125 0.3609375 0.0640625 0.065625
0 0.1127441728533313 0.455064240119445 0.08115184091247088 0.03779224715020853
0 0.13622407110362644 0.14750631325770894 0.04999468281352506 0.07765352773541671
0 0.22678540410743206 0.1511781335461812 0.08440417490485999 0.040989982332569494
0 0.6495623764271032 0.35905683662472254 0.057679848821136304 0.07471036569131932
0 0.6779473615983556 0.4300966884483337 0.07572951186299796 0.05795927678548622
0 0.73046875 0.4875 0.0765625 0.04375
0 0.5981165760465423 0.201461235751042 0.05630834980971953 0.07936149810013901
0 0.7192037143738247 0.33878201063666713 0.07598417984777565 0.06420927678548623
0 0.7543718932330171 0.2817332300514588 0.07748301285158128 0.06268314437666671
0 0.6203125 0.4828125 0.075 0.053125
0 0.6216230602292117 0.27707948480111144 0.0623036818249421 0.07325696846486132
0 0.6519365958182058 0.10887499866881982 0.057998183802108375 0.0825228656913195
0 0.5561784268448451 0.11759407560680586 0.08354201186299806 0.05814111474138901
0 0.6021488655526883 0.40956467648048644 0.07754667984777566 0.06424564437666672
0 0.7585447400769872 0.21770709764263935 0.06711851581733086 0.07649107123840278
0 0.5150149159704303 0.16824738582729193 0.07930018083635879 0.06896951196784737
0 0.6968034268448451 0.12086715881305596 0.059497016805913815 0.08099673328250008
0 0.7522417074537424 0.3723945976426394 0.05624468281352506 0.07779899810013902
0 0.5394525473776304 0.3361622376509031 0.0818521778706093 0.05497974715020835
0 0.6792100671492938 0.2455762180836115 0.07005251482874755 0.07187630642076392
0 0.5290190661607106 0.246772429330278 0.07461268083635879 0.06886040919430556
0 0.428984574069376 0.20690853590354194 0.08660334486680377 0.05665134992375016
0 0.43291338730151807 0.30240287385944464 0.07773768083635879 0.06893314437666671
0 0.8 0.49296875 0.053125 0.0328125
0 0.0554595493547966 0.9872195106366671 0.021140170950527094 0.020785278685347207
0 0.08686605825204516 0.9457229948690976 0.021203837946721472 0.022347778685347208
0 0.0296875 0.99140625 0.021875 0.0171875
0 0.0953125 0.9890625 0.021875 0.021875
0 0.0078125 0.98515625 0.015625 0.0203125
0 0.13291338730151808 0.9671265226045144 0.022702670950527092 0.020821646276527873
0 0.10705122425965641 0.9493207735544449 0.021140170950527094 0.020785278685347207
0 0.07465521832815733 0.9767184217308337 0.021140170950527094 0.020785278685347207
0 0.7453125 0.546875 0.08125 0.075