0 0.7609375 0.4140625 0.0453125 0.04375
0 0.7109375 0.353125 0.04375 0.04375
0 0.871875 0.48125 0.046875 0.04375
0 0.909375 0.375 0.0453125 0.04375
0 0.8375 0.4515625 0.0453125 0.04375
0 0.66875 0.178125 0.0421875 0.04375
0 0.8984375 0.3328125 0.0453125 0.0453125
0 0.95 0.3234375 0.0484375 0.0453125
0 0.928125 0.41875 0.046875 0.04375
0 0.890625 0.440625 0.0453125 0.04375
0 0.7125 0.309375 0.0421875 0.04375
0 0.828125 0.4078125 0.0453125 0.04375
0 0.8078125 0.3640625 0.04375 0.04375
0 0.8734375 0.4015625 0.0453125 0.04375
0 0.86875 0.578125 0.046875 0.04375
0 0.7640625 0.3703125 0.04375 0.04375
0 0.66875 0.315625 0.04375 0.04375
0 0.7796875 0.3296875 0.04375 0.04375
0 0.71875 0.178125 0.0421875 0.04375
0 0.94375 0.23125 0.04375 0.0453125
0 0.684375 0.271875 0.04375 0.0453125
0 0.928125 0.190625 0.04375 0.04375
0 0.85625 0.3515625 0.04375 0.04375
0 0.6296875 0.196875 0.04375 0.04375
0 0.753125 0.2953125 0.04375 0.0453125
0 0.915625 0.265625 0.04375 0.046875
0 0.74375 0.2171875 0.0421875 0.04375
0 0.865625 0.25 0.04375 0.0453125
0 0.76875 0.253125 0.0421875 0.0453125
0 0.6609375 0.2359375 0.04375 0.0453125
0 0.7671875 0.18125 0.04375 0.04375
0 0.9 0.2265625 0.04375 0.0453125
0 0.884375 0.2890625 0.04375 0.04375
0 0.821875 0.24375 0.04375 0.0453125
0 0.728125 0.2609375 0.04375 0.04375
0 0.8234375 0.3234375 0.04375 0.04375
0 0.815625 0.1828125 0.0421875 0.04375
0 0.8859375 0.1859375 0.04375 0.0453125
0 0.7 0.21875 0.0421875 0.0453125
0 0.85 0.209375 0.04375 0.0453125
0 0.7890625 0.215625 0.0421875 0.04375
0 0.840625 0.2859375 0.0421875 0.04375
0 0.7953125 0.2875 0.0421875 0.04375