0 0.2546875 0.06829875071608864 0.075 0.04774770401018138
0 0.45 0.050258917409269264 0.0484375 0.06775112133990877
0 0.3203125 0.009375 0.0625 0.01875
0 0.2734375 0.01015625 0.065625 0.0203125
0 0.3609375 0.0507850813971789 0.0578125 0.06629770934118148
0 0.2734375 0.11382942671863398 0.0546875 0.06938634667409058
0 0.209375 0.0109375 0.071875 0.021875
0 0.315625 0.05182032272436103 0.0390625 0.07545453333863605
0 0.1859375 0.05499877204008907 0.0625 0.06635225334181775
0 0.4109375 0.06074188407063312 0.0546875 0.061573846674090583
0 0.50625 0.0703125 0.065625 0.059375
0 0.5203125 0.03046875 0.0375 0.0609375
0 0.41171875 0.00703125 0.0640625 0.0140625
0 0.2109375 0.12247717337681614 0.05 0.07089430267345413
0 0.153125 0.07649196403563474 0.06875 0.06954997867599957
0 0.3171875 0.1768385040579064 0.0671875 0.05234429734245403
0 0.2484375 0.19166352538190684 0.0546875 0.06782384667409058
0 0.465625 0.25981573074472364 0.0421875 0.06924089600572714
0 0.4640625 0.11136004941117825 0.0671875 0.04609429734245403
0 0.146875 0.0140625 0.03125 0.028125
0 0.428125 0.143754378739633 0.06875 0.03986247867599957
0 0.159375 0.21093968936981647 0.06875 0.060174978675999566
0 0.3015625 0.12978169072245196 0.0453125 0.07240225867281787
0 0.2875 0.21868055872054298 0.071875 0.046148841343090476
0 0.39296875 0.01796875 0.0765625 0.0359375
0 0.2609375 0.30587147605027043 0.0546875 0.06938634667409041
0 0.3703125 0.3383941693984515 0.0625 0.05697725334181776
0 0.16875 0.2735487773710892 0.0640625 0.0663704346753633
0 0.428125 0.257816878739633 0.0375 0.07074885200509069
0 0.4578125 0.18003732407699644 0.06875 0.04298747867599957
0 0.39375 0.10585438940163314 0.0703125 0.04456816000954511
0 0.5 0.2945907200827234 0.0390625 0.07076703333863606
0 0.3640625 0.21175894406426982 0.0609375 0.05852157200827222
0 0.48125 0.02890625 0.059375 0.0578125
0 0.28125 0.38267033338636125 0.040625 0.07391021467218159
0 0.31875 0.35810668539145196 0.059375 0.06631589067472703
0 0.3703125 0.15089416939845163 0.0390625 0.07232953333863605
0 0.3390625 0.31303054272754266 0.0671875 0.05078179734245421
0 0.21875 0.2444430800445434 0.0515625 0.07091248400699968
0 0.5171875 0.24296875 0.04375 0.0671875
0 0.4046875 0.1903566587364513 0.040625 0.06922271467218159
0 0.2375 0.38372375604708875 0.028125 0.07376476400381797
0 0.2109375 0.31153967337681615 0.0734375 0.049292022676635835
0 0.146875 0.13110673870145292 0.0578125 0.07254770934118149
0 0.3890625 0.26673734540099686 0.040625 0.0707852146721816
0 0.3375 0.1114498613939972 0.0265625 0.07218408267027261
0 0.2203125 0.17102376137808886 0.053125 0.07249316534054522
0 0.4203125 0.3155384720719058 0.046875 0.0661704400063634
0 0.3828125 0.38853962006681514 0.0546875 0.05844884667409058
0 0.346875 0.2474964493952699 0.0515625 0.06622498400699968
0 0.509375 0.3509498080839961 0.059375 0.060065890674726855
0 0.4578125 0.37066232407699645 0.0453125 0.06615225867281786
0 0.415625 0.37017142807126946 0.0515625 0.06466248400699967
0 0.240625 0.029072618714179654 0.078125 0.046221566677272105
0 0.51953125 0.09609375 0.0390625 0.0640625
0 0.5 0.1477157200827235 0.071875 0.04302384134309047
0 0.5140625 0.178125 0.05 0.0625
0 0.3046875 0.2860680533895429 0.0734375 0.04616702267663584
0 0.5328125 0.22734375 0.0125 0.0671875
0 0.3328125 0.4098328173933609 0.0734375 0.03991702267663584
0 0.153125 0.34367946403563476 0.06875 0.060174978675999566
0 0.53046875 0.37109375 0.0171875 0.0703125
0 0.4625 0.3160293680776327 0.05 0.06464430267345414
0 0.446875 0.4158475547421784 0.0703125 0.03519316000954511
0 0.5078125 0.40405662675045056 0.053125 0.05843066534054486
0 0.284375 0.25301919605345213 0.0734375 0.041479522676635835
0 0.4609375 0.21288618674408735 0.071875 0.03521134134309047
0 0.52734375 0.31015625 0.0234375 0.0390625
0 0.98671875 0.10625 0.0265625 0.04375
0 0.9171875 0.12173283338636125 0.0453125 0.044277258672817864
0 0.98515625 0.01875 0.0296875 0.0375
0 0.02109375 0.68203125 0.0421875 0.0765625
0 0.4890625 0.6960826841183583 0.078125 0.0743465666772721
0 0.01640625 0.77578125 0.0328125 0.0765625
0 0.1375 0.7091793840706331 0.0734375 0.07429202267663584
0 0.3890625 0.7152315787714498 0.078125 0.0743465666772721
0 0.2078125 0.6709350440801781 0.075 0.07274770401018138
0 0.3 0.6891952427593594 0.075 0.07431020401018137
0 0.6640625 0.9469328280553612 0.0640625 0.0663704346753633
0 0.7765625 0.8404293840706331 0.0640625 0.0648079346753633
0 0.9375 0.8454270614258139 0.0609375 0.06008407200827222
0 0.6609375 0.8515839653882702 0.059375 0.06006589067472703
0 0.7796875 0.9703125 0.0625 0.059375
0 0.76328125 0.58125 0.0609375 0.0625
0 0.8359375 0.8708077747453601 0.0609375 0.06477157200827222
0 0.9328125 0.96875 0.0625 0.0625
0 0.9765625 0.984375 0.046875 0.03125