0 0.428125 0.5953125 0.0703125 0.0609375
0 0.3375 0.671875 0.059375 0.0765625
0 0.4 0.6609375 0.05625 0.075
0 0.4609375 0.6390625 0.053125 0.075
0 0.4453125 0.790625 0.059375 0.071875
0 0.5 0.6390625 0.05 0.075
0 0.565625 0.8390625 0.0625 0.071875
0 0.5296875 0.7484375 0.0765625 0.0515625
0 0.5453125 0.784375 0.0765625 0.053125
0 0.428125 0.7359375 0.0765625 0.04375
0 0.403125 0.8 0.0515625 0.078125
0 0.5046875 0.8375 0.065625 0.0671875
0 0.4546875 0.8875 0.059375 0.071875
0 0.6046875 0.79375 0.0328125 0.078125
0 0.659375 0.8046875 0.0734375 0.0515625
0 0.5421875 0.634375 0.04375 0.078125
0 0.7046875 0.665625 0.040625 0.0765625
0 0.6 0.6703125 0.0703125 0.0640625
0 0.4890625 0.6984375 0.075 0.0453125
0 0.6875 0.7609375 0.0796875 0.0359375
0 0.6984375 0.453125 0.046875 0.0765625
0 0.35625 0.840625 0.0828125 0.034375
0 0.7890625 0.4546875 0.0828125 0.0390625
0 0.4609375 0.984375 0.0546875 0.03125