0 0.41171875 0.50703125 0.0296875 0.0234375
0 0.3077831453993727 0.4990445672593259 0.0314227168225127 0.03223841515269079
0 0.4001070007855668 0.46808186755888836 0.029851126463433176 0.030548369395056164
0 0.6312024646812133 0.4757675954289772 0.031413626463433174 0.030675915152690792
0 0.44229450078556687 0.4646381321027559 0.028288626463433175 0.030420823637421712
0 0.5406320068356911 0.47379024937178016 0.029851126463433176 0.030548369395056164
0 0.47051949473544263 0.4451548084653343 0.028288626463433175 0.030420823637421535
0 0.3251706332991242 0.46326656392534604 0.031413626463433174 0.030675915152690792
0 0.476978572994274 0.40870712543479615 0.029851126463433176 0.030548369395056164
0 0.25788313934924845 0.48593853150363114 0.0314227168225127 0.03223841515269079
0 0.53984375 0.503125 0.0296875 0.03125
0 0.5473456151487517 0.393592566341242 0.029851126463433176 0.030548369395056164
0 0.4499070128858153 0.4983754033145832 0.029851126463433176 0.030548369395056164
0 0.5393694886853184 0.4223552951294147 0.029851126463433176 0.030548369395056164
0 0.1362899404807166 0.9454735439214668 0.03928975897699054 0.0422511439408634
0 0.03003994048071661 0.954146655440615 0.050172716822512696 0.03376896424430527
0 0.1824842053114395 0.7902122169500652 0.039307939695149584 0.0453761439408634
0 0.1944387837666625 0.8829418508889889 0.04861930718159222 0.035203918486670635