0 0.27458511338317954 0.2081067585277923 0.03789998933799978 0.03655912628012441
0 0.30578056938254317 0.2015991532943553 0.030014764003817973 0.02985409997176518
0 0.244879432049634 0.2082733584995574 0.030032945337363514 0.03141659997176518
0 0.31392033338636127 0.22926912698599605 0.03159544533736351 0.03150760523343692
0 0.2484771467218156 0.24871634797621373 0.03159544533736351 0.03150760523343701
0 0.2827794213876339 0.24046423221943308 0.03159544533736351 0.03150760523343692
0 0.2972782733927245 0.27714518486438644 0.03159544533736351 0.03150760523343692
0 0.31948053739654253 0.30399611120098047 0.03317612667090888 0.033161110495108836
0 0.17463965738381582 0.21861859527479063 0.030014764003817973 0.02985409997176518
0 0.45329191605663366 0.2477321586972015 0.03315794533736351 0.031598610495108835
0 0.3361771413908155 0.2608075533225902 0.03159544533736351 0.03150760523343692
0 0.1750396467218156 0.25299359527479065 0.03159544533736351 0.03150760523343701
0 0.21264873472308832 0.26018446899466624 0.03159544533736351 0.03150760523343692
0 0.35736125071608865 0.2001584796591843 0.031577264003817974 0.02994510523343701
0 0.13116237738699751 0.24460424260160246 0.030032945337363514 0.03141659997176518
0 0.4661373613939972 0.2766916166038267 0.03315794533736351 0.031598610495108835
0 0.28216235073199697 0.3218052374811049 0.03159544533736351 0.03150760523343692
0 0.00546875 0.43125 0.0109375 0.0375
0 0.15103962006681507 0.34038717946154023 0.03317612667090906 0.033161110495108836
0 0.11041462006681506 0.3427533162650083 0.03317612667090906 0.033161110495108836
0 0.34010212006681506 0.32937554279924647 0.03315794533736351 0.031598610495108835
0 0.3440100120941775 0.5308470375375747 0.03791817067154533 0.03812162628012441
0 0.5051111440960865 0.5355359955853742 0.03949885200509051 0.03977513154179615
0 0.04787825739972416 0.34326852673188224 0.03159544533736351 0.03150760523343692
0 0.16099642274026937 0.3898411478915091 0.03319430800445424 0.03472361049510884
0 0.5953125 0.24296875 0.03125 0.0484375
0 0.6245294746976349 0.1767797057698995 0.06784202800763595 0.0601632262518895
0 0.59453125 0.4359375 0.0296875 0.046875
0 0.6234760520369074 0.2206207110315713 0.07383748933799979 0.0386522472985769
0 0.58984375 0.4890625 0.0203125 0.06875
0 0.4613771360598154 0.5960911478915091 0.07074885200509051 0.041595236775233246
0 0.36793621873008797 0.6281139635918201 0.05852157200827239 0.06430469468185826
0 0.48701567210372254 0.9182545742281032 0.04623974801081765 0.08232665258848364
0 0.5250236547580867 0.8253544426863071 0.03993520401018138 0.07727513154179633
0 0.56328125 0.925 0.0328125 0.084375
0 0.55078125 0.58828125 0.0578125 0.0578125
0 0.56171875 0.81171875 0.0359375 0.0765625