0 0.4796875 0.33828125 0.075 0.0421875
0 0.8457396213008013 0.19835174121446836 0.08205363680346807 0.04573160703211539
0 0.58828125 0.35 0.0484375 0.01875
0 0.755205626562473 0.20259675509412906 0.04820925782192056 0.07936612739018098
0 0.03959895320965075 0.9022963664451812 0.026456084186749607 0.026602072794389107
0 0.101916942686307 0.9014161844592081 0.024893584186749605 0.026501943244739756
0 0.0626878427145419 0.9335067936507919 0.026456084186749607 0.026602072794389288
0 0.10121972169608932 0.9668409253599096 0.026456084186749607 0.026602072794389288
0 0.0837437953594952 0.9461674799557015 0.026456084186749607 0.026602072794389288
0 0.022669058443087663 0.8722479210409728 0.024893584186749605 0.026501943244739933
0 0.00859375 0.8328125 0.0171875 0.025
0 0.11475014262983727 0.8414404071613124 0.02480257892507769 0.024939443244739755
0 0.08519987954624479 0.9211674799557015 0.024802578925077867 0.024939443244739935
0 0.10346403213472843 0.8748536844592081 0.02480257892507769 0.024939443244739755
0 0.07075794794797882 0.9018562754521946 0.024893584186749605 0.026501943244739933
0 0.11408228469497725 0.7994531662606109 0.02636507892507787 0.025039572794389287
0 0.02734114789150919 0.8454851619416743 0.02636507892507787 0.02503957279438911
0 0.11148790571342974 0.763816054909559 0.02480257892507769 0.024939443244739935
0 0.0078125 0.80859375 0.015625 0.0265625
0 0.04352759001311881 0.8615712368955318 0.024802578925077867 0.024939443244739755
0 0.10017097411516378 0.7443045913067534 0.02480257892507769 0.024939443244739935
0 0.00390625 0.7890625 0.0078125 0.025
0 0.07846403213472844 0.8764557572535974 0.02480257892507769 0.024939443244739935
0 0.09058460053646247 0.8554423504060521 0.02480257892507769 0.024939443244739935
0 0.06473473207825871 0.8181821822997399 0.02480257892507769 0.024939443244739935
0 0.07553499516185118 0.7396566641011426 0.02480257892507769 0.024939443244739755
0 0.09486184783503937 0.7820048504060522 0.024802578925077867 0.024939443244739935
0 0.027234732078258706 0.8205852914913236 0.02480257892507769 0.024939443244739755
0 0.050534995161851184 0.7412587368955317 0.02480257892507769 0.024939443244739755
0 0.06723810579813438 0.8553817936507919 0.024802578925077867 0.024939443244739935
0 0.02709749516185118 0.7427606801402715 0.02480257892507769 0.024939443244739755
0 0.0873377741716335 0.8042803686046494 0.026456084186749607 0.026602072794389288
0 0.021151332050023796 0.7913984392395702 0.024802578925077867 0.024939443244739755
0 0.0078125 0.7484375 0.015625 0.025
0 0.05475351634971286 0.8826452004983372 0.024802578925077867 0.024939443244739755
0 0.04533228469497726 0.803858866445181 0.024802578925077867 0.024939443244739935
0 0.08092117419986841 0.8342682572535974 0.024802578925077867 0.024939443244739935
0 0.08207342149844532 0.7610310163528959 0.024802578925077867 0.024939443244739935
0 0.03363592149844532 0.764135032392025 0.024802578925077867 0.024939443244739935
0 0.10352421629324322 0.8203664435585069 0.024802578925077867 0.024939443244739935
0 0.045043858358383024 0.7820839959948304 0.024802578925077867 0.024939443244739935
0 0.05707342149844532 0.7626330891472851 0.024893584186749605 0.026501943244739756
0 0.04967117419986842 0.8362708482465837 0.024802578925077867 0.024939443244739935
0 0.06848135835838302 0.7805820527500906 0.023240078925077866 0.02483931369509058
0 0.01171875 0.76875 0.0234375 0.025
0 0.6155090058263692 0.8811990237541517 0.0504242052052021 0.06394138648947952
0 0.5656910163497129 0.8812781693429299 0.05640118942018661 0.05965440468807692
0 0.5692094004517578 0.7674159284422285 0.06606461575678066 0.038480311535622216
0 0.6592729583301482 0.7445210441122173 0.06081567363517095 0.05526729333702498
0 0.5197568900695886 0.9215817967331109 0.050515210466874017 0.06550388648947969
0 0.5160998110033365 0.7972827035806562 0.0677181210184525 0.04014294108527139
0 0.6965615847514469 0.8526549167220363 0.06633763154179632 0.04316781153562203
0 0.5934057636482898 0.8063387260981901 0.06633763154179632 0.043167811535622214
0 0.6041766636765247 0.8352251897009955 0.06799113680346806 0.044830441085271386
0 0.5212731584148529 0.8420945558324096 0.05033319994353027 0.062378886489479514
0 0.6519771268448217 0.8430586736618665 0.028822220990217674 0.06722707279438911
0 0.5517180635635852 0.7202801125876697 0.050606215728545755 0.06706638648947952
0 0.7467729583301482 0.7389137893318554 0.03516322625188941 0.06919009099298634
0 0.4897501426298373 0.8487846468253959 0.044356215728545756 0.06666586829088246
0 0.45209749516185116 0.7469007742155769 0.048952710466874015 0.06540375693983033
0 0.8329820160673641 0.5683824413990385 0.06928062101845249 0.04024307063492083
0 0.6142180635635852 0.7162749306016969 0.03966871572854576 0.0663654796419344
0 0.5008990162085386 0.737546758176448 0.047390210466874014 0.06530362739018099
0 0.5287201793203659 0.6875071853820589 0.06072466837349921 0.053704793337024895
0 0.5813145583019134 0.7199401511443326 0.04739021046687393 0.06530362739018099
0 0.4458335426580722 0.8811756446659276 0.06579159997176517 0.03379281153562204
0 0.7235637005082276 0.816677843927647 0.06909861049510883 0.037118070634920744
0 0.7565105213290361 0.5717262893318552 0.03975972099021767 0.0679279796419344