0 0.4641288952101835 0.25198889283722165 0.019450336958138338 0.01882791244111104
0 0.4954425622063779 0.2531604135724068 0.019450336958138338 0.01882791244111104
0 0.46636255726346204 0.2741372949107402 0.019450336958138338 0.01882791244111104
0 0.4843485533091293 0.2945277073518513 0.019450336958138338 0.01882791244111104
0 0.4624443784042695 0.33181309387398095 0.019514003954332716 0.02039041244111104
0 0.050164554297712535 0.8059709296894436 0.05946784190105418 0.04568293836009243
0 0.01796875 0.76796875 0.0359375 0.0421875
0 0.17883869954507708 0.9191530178139804 0.05647017589344294 0.04853453628657398
0 0.31821953452604906 0.923506910085554 0.05621550790866543 0.042284536286573984
0 0.1131500325488826 0.9149740742700916 0.06246550790866543 0.04283134043361088
0 0.04949870943090886 0.8607951307262027 0.04135451186299797 0.05966752591898139
0 0.23667505726346202 0.808175853063795 0.059276840912471054 0.040995438360092604
0 0.044243523651634045 0.9512834296894436 0.04760451186299797 0.060214330066018465
0 0.10685490608459842 0.7231187649392583 0.04910334486680377 0.0587885311027776
0 0.2284275226630509 0.9721016520270357 0.058032675893442943 0.048671237323333116
0 0.12919152661738362 0.9446027856744432 0.061030341901054184 0.04581963939685174
0 0.34375 0.8421875 0.05 0.046875
0 0.01171875 0.81953125 0.0234375 0.0515625
0 0.1875 0.98515625 0.046875 0.0296875
0 0.2532020295831332 0.9413396675784245 0.04897601087441501 0.055663531102777594
0 0.26301738137001907 0.8543864717254616 0.05041117688202625 0.05267523213953691
0 0.07394956418354423 0.7610097442040731 0.03829317885919252 0.060956623845462944
0 0.22764756714929374 0.7603439458064802 0.03835684585538672 0.06251912384546295
0 0.33003773809982084 0.7489170131958318 0.05615184091247087 0.04072203628657398
0 0.10667453946896491 0.8814780690862953 0.05908583992388792 0.036307938360092426
0 0.30450454441188074 0.8752648997179616 0.03985567885919252 0.06109332488222208
0 0.1899380256288005 0.9546216261080543 0.0534725098858317 0.05138613421305536
0 0.26566753749179856 0.9047965748357394 0.053217841901054184 0.04513613421305536
0 0.22094658098945813 0.6938987395859246 0.047540844866803766 0.058651830066018464
0 0.1595448714841873 0.8923759043361098 0.054716674904859805 0.04371033524981467
0 0.3391925622063779 0.7936239204531466 0.04129084486680377 0.05810502591898157
0 0.17885724007698728 0.726282012630184 0.03829317885919252 0.060956623845462944
0 0.01328125 0.9015625 0.0265625 0.0625
0 0.17395488137001908 0.8465945126301839 0.04285334486680377 0.0582417269557407
0 0.1419355602292116 0.7857745898214803 0.03979201186299797 0.059530824882222076
0 0.34375 0.875 0.05 0.028125
0 0.28772822129390685 0.8251869872768506 0.05458934091247088 0.04058533524981467
0 0.30650739619876666 0.7876281986812023 0.03810217787060921 0.05626912384546294
0 0.1804887242596564 0.8016921157404617 0.04428851087441501 0.05525342799249984
0 0.11747938829010121 0.8087240742700915 0.04897601087441501 0.055663531102777594
0 0.21563304540046388 0.8627854406226838 0.04741351087441501 0.05552683006601846
0 0.053711365552688226 0.9113419348732398 0.05634284190105419 0.04540953628657398
0 0.332380193613578 0.9608114204531466 0.05060217787060921 0.05736273213953709
0 0.26287941300468065 0.7038396675784245 0.04910334486680377 0.0587885311027776
0 0.33194774798565263 0.7020420131958318 0.044415844866803764 0.058378427992499836
0 0.0734375 0.97265625 0.028125 0.0546875
0 0.2837357410655704 0.7307534820930541 0.045978344866803765 0.05851512902925915
0 0.26801789916451624 0.7701481727622209 0.0487850098858317 0.0509760311027776
0 0.9012124011416824 0.7199923478799987 0.07397601087441501 0.05785074769092589
0 0.9276237094309089 0.8414763686151838 0.07528384288963749 0.05173744872768502
0 0.8878900473776303 0.8160471416594431 0.07620967292769336 0.036249149764444155
0 0.5515625 0.6671875 0.059375 0.034375
0 0.8383012242596564 0.7630985074463877 0.06947951186299814 0.06212814458064812
0 0.8700605602292114 0.7533325281815728 0.0664818458553869 0.0649797425071295
0 0.7998409021302657 0.7064192804906471 0.0722225098858317 0.053026546654166576
0 0.9295337193167406 0.7946013686151838 0.07939833992388792 0.03808505183796278
0 0.5890625 0.671875 0.071875 0.04375
0 0.8318018734613537 0.8456376053728691 0.0652376808363588 0.07265554147037037
0 0.5948403843357686 0.7731598467487031 0.0769100098858317 0.05343664976444416
0 0.9477398912558508 0.7711050800195356 0.07939833992388792 0.03808505183796278
0 0.5527457262368227 0.7287072177194438 0.03743101581733077 0.07800742280870362
0 0.9661476985564939 0.8965930955709245 0.05748884783255335 0.07353453628657398
0 0.83125 0.659375 0.06875 0.01875
0 0.6066983971873499 0.7130425529692586 0.07534750988583169 0.05329994872768502
0 0.790625 0.671875 0.071875 0.04375
0 0.6215010434232976 0.8115579654103696 0.06967051285158128 0.06681564458064795
0 0.80546875 0.66484375 0.0734375 0.0296875