0 0.47578125 0.015625 0.0546875 0.03125
0 0.5614262958669108 0.17665793087353981 0.05500566256778665 0.05691584486680377
0 0.7296217839630541 0.2788464664625341 0.053434072208706954 0.05528967787060921
0 0.486280850121637 0.19860191505620914 0.05500566256778665 0.05691584486680377
0 0.58515625 0.01171875 0.0546875 0.0234375
0 0.52734375 0.0078125 0.0546875 0.015625
0 0.30779327752014646 0.5294884536109529 0.07230224687674217 0.07636618182494201
0 0.3334921934075828 0.6790082925462576 0.06600679508134384 0.0682990138401646
0 0.3245898920797229 0.5973762905690913 0.06444429508134383 0.06823534684397004
0 0.2883150070320829 0.9225381166528145 0.06444429508134383 0.06823534684397004
0 0.3315751694034777 0.7398821255500632 0.06600679508134384 0.0682990138401646
0 0.3546875 0.96640625 0.05 0.0671875
0 0.29140625 0.9796875 0.0640625 0.040625
0 0.35 0.90625 0.059375 0.071875
0 0.7730536213952675 0.8659007974891735 0.04713862041330898 0.047222509885831696
0 0.990625 0.8484375 0.01875 0.046875
0 0.7759240913410382 0.9097781314815622 0.04713862041330898 0.047222509885831696
0 0.8382241034412866 0.9466998113293379 0.048701120413308985 0.04728617688202626
0 0.9354990792407898 0.8818971650933902 0.048710210772388504 0.04884867688202625
0 0.5148229648776051 0.9272707431170989 0.04713862041330898 0.047222509885831696