0 0.17563261967847285 0.2018803022099025 0.04836607123840277 0.06734031930985207
0 0.9515625 0.28828125 0.025 0.0234375
0 0.9801356688810422 0.27385458313248157 0.025581881458888844 0.02674817029858776
0 0.00859375 0.72421875 0.0171875 0.1078125
0 0.06167269034819487 0.5113110244662912 0.0911354526972918 0.09529035668871888
0 0.08550762100965308 0.39226609352404174 0.10338087955902786 0.08522694183801285
0 0.10996863924576443 0.7035642264437627 0.10200021751493064 0.09293018119435104
0 0.8949930302039586 0.3882670083747478 0.06711607123840295 0.06865144703379293
0 0.868068160712917 0.44179619996065905 0.06555357123840296 0.06854218639013113
0 0.8129442496187504 0.42687032248881973 0.06417290919430556 0.07624542574646939
0 0.9018236052420836 0.34553320515643915 0.06566267401194459 0.07322968639013112
0 0.8817695976426393 0.5597813754550269 0.045532011967847376 0.07962179802252863
0 0.8939773504924309 0.4791105296620713 0.0502195119678472 0.07994957995351389
0 0.8279185522397923 0.5995429979831876 0.05323540919430556 0.07548060124083733
0 0.8302460780753478 0.6995429979831876 0.06566267401194459 0.07322968639013112
0 0.8327865837749311 0.5397309554085407 0.06566267401194459 0.07322968639013112
0 0.8113804431979865 0.3596828224888198 0.04080814437666671 0.07773151609154336
0 0.7719945541396532 0.5502421205113484 0.05636040919430556 0.07569912252816077
0 0.8698164179311118 0.6513897212479826 0.04556837955902786 0.08118429802252862
0 0.7771145459715281 0.3667740566493779 0.04237064437666671 0.07784077673520517
0 0.8358453806963897 0.872871237339526 0.048802482332569494 0.08609031930985189
0 0.771875 0.31796875 0.078125 0.0359375
0 0.838054658813056 0.4971064128338938 0.0641365416031249 0.07468292574646931
0 0.7424875856747921 0.49283381209725957 0.07609102773541672 0.05211951089576328
0 0.8458281783803475 0.36040408832826165 0.04080814437666671 0.07773151609154336
0 0.6744272634864587 0.4600320197747142 0.05941267401194459 0.07279264381548423
0 0.7222101468452087 0.4285199398212004 0.03768314437666689 0.07751299480421991
0 0.7920875421718059 0.47214997150008403 0.03455814437666671 0.07729447351689647
0 0.8012158075581258 0.864337471500084 0.04575021751493065 0.08899679802252862
0 0.5909640661075005 0.6395881158197714 0.045532011967847376 0.07962179802252863