0 0.9125 0.5375 0.05 0.0484375
0 0.9171875 0.478125 0.05 0.046875
0 0.915625 0.7484375 0.0515625 0.0484375
0 0.315625 0.31875 0.0453125 0.0453125
0 0.4546875 0.415625 0.0453125 0.0453125
0 0.9390625 0.628125 0.053125 0.0484375
0 0.83125 0.6640625 0.0484375 0.046875
0 0.9296875 0.584375 0.05 0.046875
0 0.3953125 0.403125 0.0453125 0.04375
0 0.8828125 0.65 0.0515625 0.046875
0 0.1140625 0.334375 0.0484375 0.0453125
0 0.2796875 0.3453125 0.046875 0.0453125
0 0.3578125 0.346875 0.0453125 0.0453125
0 0.3828125 0.5609375 0.0453125 0.046875
0 0.940625 0.6953125 0.0515625 0.05
0 0.3375 0.5359375 0.046875 0.046875
0 0.8390625 0.7546875 0.0515625 0.0484375
0 0.7265625 0.4265625 0.046875 0.04375
0 0.8046875 0.5734375 0.0484375 0.0453125
0 0.5671875 0.775 0.046875 0.046875
0 0.825 0.709375 0.05 0.046875
0 0.878125 0.5765625 0.0515625 0.0484375
0 0.875 0.7 0.0484375 0.0453125