0 0.07118215315318097 0.2727680747135433 0.04795165258848364 0.045839758672817865
0 0.0986392952183209 0.23087147605027045 0.04629814732681172 0.044259077339272326
0 0.1486994793768356 0.17672941605663378 0.04629814732681172 0.0442590773392725
0 0.3874889635918201 0.1841986600890868 0.0462981473268119 0.0442590773392725
0 0.14716780047999273 0.22987259739017923 0.04629814732681172 0.0442590773392725
0 0.31550754777856965 0.15834413741245096 0.04638915258848364 0.04582157733927232
0 0.19445159513361626 0.14286349339590618 0.0462981473268119 0.044259077339272326
0 0.23143492661894277 0.04478962006681515 0.04629814732681172 0.0442590773392725
0 0.22288043202178898 0.19166462006681506 0.04629814732681172 0.044259077339272326
0 0.19800080033881837 0.08192599339590619 0.0462981473268119 0.0442590773392725
0 0.2065582110315713 0.2571441693984515 0.04795165258848364 0.045839758672817865
0 0.11576661105980621 0.28579533338636126 0.04629814732681172 0.044259077339272326
0 0.3484375 0.01328125 0.046875 0.0265625
0 0.024428979518009975 0.3238214973742709 0.04795165258848364 0.045839758672817865
0 0.35498030047999274 0.2322907147517233 0.04629814732681172 0.044259077339272326
0 0.08086099004135364 0.32135102538190685 0.04786064732681172 0.044277258672817864
0 0.0078125 0.03671875 0.015625 0.0453125
0 0.28172481100333646 0.22831119207508746 0.0462981473268119 0.0442590773392725
0 0.27872017932036586 0.11882710407381483 0.04464464206513998 0.04267839600572696
0 0.38327044240395836 0.04186570942072328 0.04629814732681172 0.0442590773392725
0 0.2485930635635852 0.15287484006999677 0.04620714206513998 0.0426965773392725
0 0.3096509318806147 0.04413618674408735 0.0447356473268119 0.044240896005727046
0 0.33642626350711546 0.09448163208145077 0.04629814732681172 0.0442590773392725
0 0.4149152845538028 0.08914069875872306 0.0462981473268119 0.0442590773392725
0 0.63046875 0.34140625 0.0234375 0.0734375
0 0.6732290425168979 0.10047709341181452 0.06695925782192055 0.07728975334181776
0 0.7749133688817268 0.1532577427593594 0.05298776308359247 0.07868862133990895
0 0.6750337371987563 0.042646412078269115 0.08701415258848363 0.046294292011454005
0 0.64375 0.24453125 0.05 0.0796875
0 0.63203125 0.20390625 0.0265625 0.0765625
0 0.64375 0.12734375 0.05 0.0765625
0 0.628125 0.09140625 0.01875 0.0703125
0 0.27990470576989945 0.7526566640674515 0.060178636803468064 0.04129770934118149
0 0.2365033162650083 0.7193169053946336 0.06155912628012441 0.03819089067472685
0 0.40680186376122923 0.8557645774188142 0.0572356473268119 0.0443863466740904
0 0.5463193900695885 0.8495702161043589 0.05687162628012441 0.0381363466740904
0 0.34108585849955747 0.8565634614099056 0.06312162628012423 0.03820907200827221
0 0.27828202161138477 0.8073623454009968 0.04233868942018652 0.05670453333863605
0 0.4666612531249461 0.7407577427593595 0.059905621018452496 0.03661020934118149
0 0.18571217391751968 0.4638657893857248 0.0547476841585147 0.055287484006999676
0 0.2714412164344175 0.8979691640674513 0.04858868942018653 0.05677725867281787
0 0.33812600042352303 0.6657748294079966 0.050060184158514785 0.055232940006363404
0 0.4555432006494019 0.9048020614258139 0.0587981473268119 0.044404528007635946
0 0.20346403213472844 0.8033646413908155 0.06026964206513998 0.04286020934118149
0 0.35663526378946414 0.8848884560789054 0.061741136803468065 0.04131589067472703
0 0.5745801689381965 0.7670304361075406 0.05245714206513981 0.042769302673454135
0 0.22725014262983728 0.7708066800604518 0.05273015785015556 0.04745680267345413
0 0.41456959015429307 0.9371600280871778 0.04702618942018653 0.056759077339272504
0 0.48089181114451074 0.8722622814289955 0.049878173635170955 0.05210794000636341
0 0.4922381057981344 0.7848350067631774 0.051258663111827474 0.04900112133990877
0 0.30450986362005494 0.7060362027370877 0.039304694681858446 0.05823067067154515
0 0.4584539109751017 0.6937554734245414 0.03939569994353036 0.059793170671545326
0 0.5039161423474885 0.4769497814289956 0.0572356473268119 0.04438634667409058
0 0.5611994793768356 0.6746247601049952 0.05678062101845249 0.03657384667409058
0 0.3351844689946663 0.8236600547421784 0.05963260523343692 0.031922709341181486
0 0.5787385059675436 0.964087249442995 0.04996917889684287 0.05367044000636341
0 0.533424547919744 0.8025134027689044 0.04086719468185844 0.058248852005090515
0 0.41729974800444863 0.8902850280871778 0.05429265785015538 0.047474984006999676
0 0.49401343742463516 0.8348895507638137 0.053928636803468065 0.04122498400699968
0 0.5384577423192537 0.44764408943345 0.039304694681858446 0.058230670671545234
0 0.18771720576989948 0.7515839653882702 0.04564569994353027 0.059865896005727136
0 0.4529011319653192 0.6280213854232686 0.048497684158514784 0.05521475867281787
0 0.361277990182528 0.9662475440801781 0.05888915258848364 0.04596702800763595
0 0.50078125 0.9953125 0.0609375 0.009375
0 0.3879454479479788 0.8305282200827234 0.05540013154179633 0.03968066534054522
0 0.5695888320500238 0.7185020294398132 0.042247684158514785 0.05514203333863606
0 0.41018301094686666 0.6634861707510871 0.039304694681858265 0.05823067067154515
0 0.23345536902290115 0.8521839493952699 0.04399219468185844 0.0582852146721816
0 0.4031756057981344 0.783798670751087 0.04381018415851479 0.055160214672181594
0 0.37216780047999276 0.7255861814130873 0.04077618942018653 0.05668635200509069
0 0.5742315584430877 0.7998611174410859 0.05301858418674961 0.025599984006999678
0 0.5174957110315713 0.7538577267663591 0.05521812101845249 0.03655566534054522
0 0.5369583425733675 0.714995221435359 0.03903167889684287 0.05354317067154533
0 0.410502258386618 0.7385407147517233 0.04519067363517095 0.052053396005727136
0 0.34727421629324323 0.7503134614099055 0.049878173635170955 0.05210794000636341
0 0.4975795112292154 0.9615793200986318 0.05318518415851479 0.05526930267345431
0 0.4446350637047596 0.796789566756814 0.048315673635170954 0.052089758672817864
0 0.2816198532378856 0.8574350707351787 0.05705363680346807 0.04126134667409058
0 0.5598512690511359 0.8856895294398133 0.05153167889684287 0.053688621339908774
0 0.35957533717052137 0.565956642743451 0.05861613680346807 0.04127952800763594
0 0.49472461091863185 0.6347622814289956 0.050060184158514785 0.055232940006363404
0 0.19006793202178898 0.6843782840547247 0.047117194681858446 0.058321577339272325
0 0.4769294371422864 0.5376145614258139 0.05291216837349921 0.050581802673454225
0 0.5639296372269911 0.6277497601049952 0.04537268415851479 0.05517839600572714
0 0.5225303634788806 0.5600350014321773 0.0410492052052021 0.06137385200509069
0 0.3953125 0.99140625 0.04375 0.0171875
0 0.3012351322476679 0.9233327907383604 0.03020271046687384 0.06280908267027244
0 0.5151435267318822 0.6600168200986318 0.04693518415851479 0.0551965773392725
0 0.4987148899284142 0.7004781880967228 0.04960515785015538 0.047420440006363404