0 0.715625 0.3453125 0.03125 0.03125
0 0.5671875 0.34375 0.0328125 0.03125
0 0.7421875 0.321875 0.0328125 0.03125
0 0.6546875 0.4859375 0.034375 0.0328125
0 0.6984375 0.4140625 0.03125 0.0328125
0 0.6671875 0.3265625 0.0328125 0.03125
0 0.615625 0.3359375 0.03125 0.03125
0 0.771875 0.4171875 0.0328125 0.03125
0 0.7296875 0.4234375 0.0328125 0.0328125
0 0.6734375 0.3859375 0.03125 0.03125
0 0.640625 0.359375 0.0328125 0.03125
0 0.6609375 0.41875 0.0328125 0.03125
0 0.596875 0.365625 0.03125 0.03125
0 0.5515625 0.29375 0.0328125 0.03125
0 0.7125 0.3828125 0.0328125 0.03125
0 0.76875 0.340625 0.034375 0.0328125
0 0.6328125 0.434375 0.0328125 0.03125
0 0.8296875 0.3390625 0.034375 0.03125
0 0.784375 0.3859375 0.034375 0.0328125
0 0.8 0.35625 0.0328125 0.03125
0 0.640625 0.3921875 0.0328125 0.0328125
0 0.7296875 0.4625 0.034375 0.0328125
0 0.8 0.478125 0.0359375 0.0328125
0 0.8 0.434375 0.034375 0.03125
0 0.821875 0.384375 0.034375 0.0328125
0 0.825 0.3046875 0.034375 0.03125
0 0.5890625 0.309375 0.03125 0.03125
0 0.8296875 0.4171875 0.0359375 0.0328125