0 0.3845960775996213 0.5490316324701453 0.06300992515463051 0.08510451186299797
0 0.3783788021357303 0.3011671354358949 0.07525483363936125 0.08248884783255317
0 0.48984375 0.50859375 0.0203125 0.0578125
0 0.4459481657809105 0.537515812317921 0.06431733363936125 0.08204317885919252
0 0.3665482239563807 0.3660917984777566 0.06444487939699588 0.08360567885919253
0 0.30860817819874614 0.36217361961856404 0.06313747091226496 0.08666701186299797
0 0.38619078638391463 0.45410113444731176 0.07499974212409236 0.07936384783255335
0 0.4445139851662684 0.3100911492760593 0.07538237939699588 0.08405134783255334
0 0.4673127248744646 0.6084649822798649 0.06313747091226496 0.08666701186299815
0 0.21383729638585436 0.49846926387734547 0.05819487939699588 0.08335101087441502
0 0.4078125 0.64453125 0.0875 0.0484375
0 0.45703125 0.39140625 0.0859375 0.0578125
0 0.31032965911295074 0.49772911764139777 0.08714905575957417 0.05649935079830275
0 0.23832737123122402 0.41693010380123335 0.0613198793969957 0.08347834486680376
0 0.3116053745652039 0.4370462856261753 0.08491687606301604 0.06730951680591382
0 0.7747431033533765 0.37299441999912497 0.04056109818322895 0.03902800790866543
0 0.8432704784983086 0.20136877079742774 0.0406886439408634 0.04059050790866543
0 0.8401761400271553 0.5640942638773454 0.04250623545613248 0.04377917490485963
0 0.98046875 0.4625 0.0390625 0.040625
0 0.9233720509277822 0.3432326186299809 0.03899859818322895 0.03896434091247088
0 0.8232128121376701 0.27997393186212305 0.03887105242559432 0.03740184091247105
0 0.9656870966854167 0.3465141275272295 0.03887105242559432 0.037401840912470875
0 0.7847233654813481 0.5524909190105418 0.0406886439408634 0.04059050790866543
0 0.9273901291071317 0.27798962060714727 0.03899859818322895 0.03896434091247105
0 0.9473833778991837 0.389372789580508 0.038871052425594146 0.037401840912470875
0 0.693971593351437 0.31831223718559976 0.04056109818322886 0.03902800790866543
0 0.7963313188056297 0.3131392589344296 0.03899859818322895 0.03896434091247105
0 0.9263692472942399 0.41810528463759217 0.03899859818322895 0.03896434091247105
0 0.83828125 0.68984375 0.0453125 0.0421875
0 0.679430087601561 0.7573110701894054 0.07381987939699589 0.0839876808363588
0 0.66171875 0.6796875 0.0734375 0.021875
0 0.9 0.6890625 0.0875 0.040625
0 0.795916214872525 0.7153384288963736 0.0735647878817268 0.0808626808363588
0 0.73515625 0.70390625 0.0796875 0.0703125
0 0.7022612939699584 0.8843829061589605 0.08032497091226495 0.08736734882113631
0 0.61875 0.68515625 0.065625 0.0328125
0 0.5685884403267177 0.6967317144481868 0.09668355242559432 0.0397575197716634