0 0.41796875 0.02734375 0.1359375 0.0546875
0 0.16884636909709147 0.31041830777076757 0.1239288089182919 0.11942268657189174
0 0.3578125 0.38515625 0.14375 0.0671875
0 0.7172074594421655 0.07987631401728343 0.04524679802252862 0.04399543969514959
0 0.6471898903844149 0.10685697053494589 0.04524679802252862 0.04399543969514959
0 0.775 0.01015625 0.04375 0.0203125
0 0.6873449968210323 0.12225471155795553 0.041903276735205 0.04085225897699054
0 0.6018116884069435 0.1508887716664141 0.04524679802252862 0.04399543969514959
0 0.7826574968210323 0.12170019965409873 0.04670003737886681 0.042442030054229286
0 0.8124106987985037 0.07775930211342671 0.04513753737886681 0.04243293969514959
0 0.8296875 0.01015625 0.04375 0.0203125
0 0.6601162252816073 0.04581947658507009 0.04670003737886681 0.042442030054229286
0 0.8650550975576664 0.025869549186560547 0.046809298022528624 0.04400453005422929
0 0.6239273530055481 0.06478764520298093 0.04513753737886681 0.04243293969514959
0 0.877489395580195 0.06956500703208288 0.04513753737886681 0.04243293969514959
0 0.5855532678562542 0.05250581382089177 0.043465776735205 0.040861349336070066
0 0.9131319646379457 0.04278433841417204 0.04524679802252862 0.04399543969514959
0 0.7149672522689139 0.1596092658126816 0.046809298022528624 0.04400453005422929
0 0.9515625 0.0078125 0.046875 0.015625
0 0.7251949220632985 0.03762518150372616 0.043465776735205 0.040861349336070066
0 0.7985231614196369 0.03563543462698408 0.046809298022528624 0.04400453005422929
0 0.55859375 0.21484375 0.0390625 0.0453125
0 0.7278607361773706 0.12045586222188547 0.04179401609154336 0.03928975897699054
0 0.6484375 0.0109375 0.04375 0.021875
0 0.6101047896477807 0.20242400058917517 0.04848105866619044 0.04557612041330898
0 0.6437806671196201 0.14751833197126435 0.043465776735205 0.040861349336070066
0 0.7703324594421654 0.07956724180857648 0.046809298022528624 0.04400453005422929
0 0.028125 0.703125 0.05625 0.05
0 0.0868101292365501 0.6267876754536019 0.08271394703379294 0.0660795179539809
0 0.09744126266047407 0.7564660850945224 0.045071835401395435 0.08616475897699054
0 0.2055601292365501 0.626096808163551 0.057353314114071983 0.08311248184962743
0 0.02421875 0.58359375 0.0484375 0.0828125
0 0.18577178914357767 0.7231263442679046 0.09179401609154336 0.039580650467538094
0 0.15925284780976803 0.7686115610904173 0.08798060124083733 0.052053379390299345
0 0.054062603257649576 0.8067387958669109 0.07265053218308673 0.07851588544042354
0 0.01640625 0.796875 0.0328125 0.071875
0 0.0375 0.74375 0.075 0.053125
0 0.1671875 0.43125 0.059375 0.025
0 0.7255448473055649 0.869802398129847 0.09699496832111629 0.06928633118569749
0 0.959375 0.92734375 0.08125 0.0921875