0 0.01484375 0.10234375 0.0296875 0.0484375
0 0.0140625 0.15546875 0.028125 0.0484375
0 0.253637724273201 0.1736892730422388 0.050152819309851895 0.04960515785015547
0 0.12953322477740414 0.3127378205384598 0.048371798022528625 0.04638915258848364
0 0.20452251709994956 0.25019158888372406 0.04859031930985207 0.04951415258848364
0 0.0125 0.3328125 0.025 0.046875
0 0.021875 0.4828125 0.04375 0.05
0 0.01171875 0.37890625 0.0234375 0.0453125
0 0.5108596344323302 0.2676704313159172 0.04513753737886681 0.04464464206513981
0 0.33481058666190316 0.2869833314853265 0.04837179802252858 0.04638915258848364
0 0.37633181512247815 0.213150989335482 0.04670003737886681 0.04473564732681172
0 0.472955442846419 0.23745231029746475 0.04513753737886681 0.04464464206513998
0 0.4646073473055649 0.29609926820408994 0.04670003737886681 0.0447356473268119
0 0.42133867650277407 0.12240416297065301 0.046809298022528624 0.04629814732681172
0 0.46225860744502356 0.1512417945124492 0.04670003737886681 0.04473564732681181
0 0.5081502616520679 0.13990945236260469 0.04524679802252862 0.04620714206513989
0 0.3947326178365837 0.07572658404557524 0.046700037378866854 0.04473564732681172
0 0.5650886765027741 0.13077664704446307 0.04513753737886681 0.04464464206513998
0 0.6543368468013618 0.1608729416980866 0.04524679802252862 0.04620714206513998
0 0.37413516661541696 0.337513952503779 0.048262537378866856 0.04482665258848364
0 0.4884826178365837 0.08118689974588618 0.04524679802252862 0.04620714206513998
0 0.6043804054675521 0.20309126280124373 0.04513753737886681 0.04464464206513998
0 0.7878706126408036 0.13441539946353753 0.04357503737886681 0.044553636803468064
0 0.9187057133774378 0.04711136249066024 0.04368429802252862 0.046116136803468065
0 0.5188149740210996 0.025376515502666886 0.04357503737886681 0.044553636803468064
0 0.8302330752619367 0.09486705205202113 0.04368429802252862 0.046116136803468065
0 0.4538455378830699 0.03092929451244921 0.04357503737886681 0.044553636803468064
0 0.6167932881351714 0.11355832594130595 0.04368429802252862 0.046116136803468065
0 0.9921875 0.09375 0.015625 0.046875
0 0.9859375 0.05234375 0.028125 0.0453125
0 0.7056808255140383 0.16075111533325764 0.04513753737886681 0.04464464206513998
0 0.6260154688253194 0.06741136803468076 0.04368429802252862 0.046116136803468065
0 0.6515182133774378 0.031549462744774014 0.04513753737886681 0.04464464206513998
0 0.978125 0.121875 0.04375 0.046875
0 0.922748357192922 0.10492386249066024 0.04524679802252862 0.04620714206513989
0 0.7843742720436281 0.08441539946353753 0.04368429802252862 0.046116136803468065
0 0.8339479371464357 0.14799205205202112 0.04524679802252862 0.04620714206513989
0 0.9612974049633489 0.0776024992941283 0.046809298022528624 0.04629814732681181
0 0.7245622294689811 0.07470719952000726 0.04357503737886681 0.044553636803468064
0 0.601408952733776 0.027074794371274892 0.04357503737886681 0.044553636803468064
0 0.876845995308423 0.0493417204255203 0.04524679802252862 0.04620714206513998
0 0.8802330752619367 0.0977792204255203 0.04524679802252862 0.04620714206513998
0 0.8316427559520847 0.04826506783703666 0.04524679802252862 0.04620714206513998
0 0.5605325804577169 0.04336765230613495 0.04346577673520517 0.04299113680346807
0 0.5863738146182751 0.07910773123121269 0.04368429802252853 0.046116136803468065
0 0.5264525113999664 0.06783703128768241 0.04368429802252862 0.046116136803468065
0 0.7461530062041863 0.11642426266006947 0.04357503737886681 0.044553636803468064
0 0.6582159636295394 0.1050779680064459 0.04524679802252862 0.04620714206513989
0 0.7019659636295394 0.10762611533325765 0.04368429802252862 0.046116136803468065
0 0.7751742346647612 0.04186387841685013 0.04513753737886681 0.04464464206513989
0 0.7093307133774378 0.034916657426632455 0.04357503737886681 0.044553636803468064