0 0.31875 0.4247296036360294 0.015625 0.01818879549649317
0 0.321875 0.365554862735328 0.015625 0.01818879549649317
0 0.2765625 0.35952610579549765 0.0171875 0.018288925046142525
0 0.3234375 0.40471749228497733 0.015625 0.016626295496493172
0 0.3390625 0.3932187877814705 0.015625 0.016626295496493172
0 0.3625 0.4197207310262104 0.0171875 0.018288925046142525
0 0.35 0.4079821946290158 0.015625 0.01818879549649317
0 0.271875 0.3342257171465498 0.015625 0.016626295496493172
0 0.3171875 0.33087947408638 0.015625 0.016626295496493172
0 0.1671875 0.3118920373200452 0.0171875 0.018288925046142525
0 0.7796875 0.06982086057585968 0.05625 0.06454216378737554
0 0.803125 0.3166353038205995 0.0578125 0.061517293337024895
0 0.9484375 0.32282235193798636 0.0546875 0.05819203423772627
0 0.703125 0.41647701264304293 0.05625 0.059854663787375625
0 0.859375 0.346802467607975 0.05625 0.059854663787375625
0 0.98984375 0.6390625 0.0203125 0.040625
0 0.6953125 0.3253513648947964 0.059375 0.06474242288667416
0 0.8125 0.44223608111849544 0.059375 0.061617422886674156
0 0.984375 0.465625 0.03125 0.059375
0 0.9515625 0.440210111037285 0.0578125 0.059954793337024984
0 0.3453125 0.7628093969730543 0.0578125 0.0646422933370249
0 0.26015625 0.99375 0.0578125 0.0125
0 0.36328125 0.9890625 0.0515625 0.021875