0 0.19440089495203877 0.26790187276497435 0.06704625889134022 0.06629961179556502
0 0.3061860731976358 0.45744057711881075 0.07366013192686935 0.07433036660488845
0 0.27782982505966264 0.25053581269084046 0.06853598428423435 0.0647916754978958
0 0.37703361248705003 0.3039187622353536 0.07195208271265799 0.07115080290255768
0 0.38660131926869445 0.47584832593768445 0.0686815334984459 0.06791667549789597
0 0.3425044470617348 0.16543661559339817 0.06526543507002244 0.06155754809323426
0 0.3147904776646966 0.34074415043978856 0.06697348428423418 0.06473711179556503
0 0.33662262820281585 0.24010923337941303 0.06860875889134022 0.06635417549789598
0 0.2477485268789083 0.34152291123956163 0.06860875889134022 0.0663541754978958
0 0.27529563812761326 0.39708343047685535 0.06370293507002263 0.061502984390903494
0 0.7518495219165094 0.23257446405730137 0.08361732878371626 0.08715774881887359
0 0.7952313407754283 0.15921137512722705 0.09241013192686935 0.07498513103285873
0 0.9625 0.23828125 0.075 0.0828125
0 0.7515625 0.009375 0.084375 0.01875
0 0.9671875 0.4390625 0.065625 0.103125
0 0.7889514156302033 0.25882942921091107 0.08220037799792798 0.09022818511654282
0 0.7504924214211715 0.03597228256895564 0.09883991439185813 0.0455704495445131
0 0.7524573358130296 0.07815978256895564 0.09927656203449331 0.0549454495445131
0 0.546875 0.3859375 0.09375 0.090625
0 0.8633948358130297 0.08203380543444636 0.08525260339082212 0.08877481252120453
0 0.96015625 0.659375 0.0796875 0.01875
0 0.8984375 0.02109375 0.053125 0.0421875
0 0.8937116902373091 0.26404769726707844 0.06857452564056317 0.09911211179556503
0 0.6578125 0.62421875 0.090625 0.0890625
0 0.6064728635205074 0.3600942849312084 0.05963617328319835 0.10815972958158007
0 0.6191739549196175 0.09690480416850197 0.05465757485477489 0.10174603847458741
0 0.98125 0.05390625 0.0375 0.0984375
0 0.8375 0.68203125 0.053125 0.0265625
0 0.8015625 0.6953125 0.065625 0.053125
0 0.84109611248705 0.7489385963561045 0.06646406203449332 0.05379961179556503
0 0.8938615475570726 0.8100596348306919 0.07144266046291677 0.060213302902557685
0 0.6223075711307212 0.7069792417321155 0.0483690334984459 0.06720734736759475
0 0.576489956986532 0.7615377669598591 0.052983758891340216 0.06580853847458741
0 0.7424745219165094 0.7080556468115914 0.06922518899896417 0.046096239200226916
0 0.7573803920565547 0.8271330290255765 0.046952082712657627 0.07027778366526398
0 0.6674017473094036 0.7038740890997104 0.051421258891340214 0.06575397477225646
0 0.6953855062007438 0.7688096083370041 0.051494033498445904 0.06731647477225647
0 0.5687545396991899 0.8299058210435429 0.046952082712657627 0.07027778366526398
0 0.9285319540910478 0.884588408877309 0.07718323821317555 0.04949405771188111
0 0.7913958271265773 0.8875993030721936 0.050222631926869356 0.07351191106992552
0 0.6343024569865321 0.7635566239461007 0.062067660462916764 0.05988592068857255
0 0.8135918507002258 0.7947768860118183 0.07242296360606985 0.04776786660488845
0 0.7083992365560366 0.847261990550989 0.04702485731976367 0.07184028366526399
0 0.6428812444139196 0.8137748787554241 0.06780823821317572 0.049166675497895974
0 0.9179968684829062 0.9263393992586622 0.07569351282028158 0.05100199400955017
0 0.746704065339753 0.9328373920022679 0.07249573821317572 0.04933036660488845