0 0.0421875 0.42578125 0.084375 0.0828125
0 0.25968175298377183 0.22481087330876423 0.05289675782192056 0.08051641848667064
0 0.21640625 0.47265625 0.1140625 0.1140625
0 0.884485789956649 0.06785898482791257 0.0462071420651398 0.04575878121376711
0 0.73359375 0.01328125 0.0453125 0.0265625
0 0.7162664109751016 0.04582397241007694 0.04629814732681172 0.04732128121376711
0 0.79296875 0.01953125 0.0453125 0.0390625
0 0.8375 0.01484375 0.04375 0.0296875
0 0.8680109214984453 0.030327033919527048 0.04464464206513981 0.04563123545613248
0 0.7980932636482898 0.08268650149781206 0.04133763154179633 0.0422511439408634
0 0.9073926689381965 0.10175575270576012 0.04464464206513981 0.045631235456132305
0 0.7565428004799928 0.07519273695394446 0.04629814732681172 0.04732128121376711
0 0.8293139005929323 0.1874379033145832 0.04464464206513981 0.04563123545613248
0 0.8324990847514468 0.1327504033145832 0.04464464206513981 0.04563123545613248
0 0.7809226322476679 0.2706966845283502 0.04482665258848364 0.04875623545613248
0 0.7518861215831498 0.1284452827115791 0.04629814732681172 0.04732128121376711
0 0.9088193900695885 0.18405806967522195 0.04464464206513981 0.045631235456132305
0 0.9890625 0.08046875 0.021875 0.0453125
0 0.9921875 0.13515625 0.015625 0.0421875
0 0.8008402900978234 0.2224186811943703 0.0447356473268119 0.0471937354561323
0 0.69296875 0.01171875 0.0453125 0.0234375
0 0.97734375 0.0125 0.0453125 0.025
0 0.9160550373964004 0.13992543240231825 0.042900131541796324 0.042378689698497854
0 0.99453125 0.02265625 0.0109375 0.0453125
0 0.8496278586407318 0.34595203391952706 0.043173147326811726 0.04706618969849785
0 0.7938160163497129 0.15612400149781208 0.04464464206513981 0.04563123545613248
0 0.874415027014231 0.2941663933126436 0.04482665258848364 0.04875623545613248
0 0.75255397951801 0.17037769119631002 0.04629814732681172 0.04732128121376711
0 0.98125 0.2890625 0.0375 0.05
0 0.9614908218090289 0.3477062393698406 0.04638915258848364 0.04888378121376711
0 0.8236869849208561 0.31074785755694867 0.04482665258848364 0.04875623545613248
0 0.8432406217243242 0.26871985422296885 0.04473564732681172 0.04719373545613248
0 0.9074851322476679 0.26036547815995287 0.0447356473268119 0.04719373545613248
0 0.9374302374811048 0.22681965452253117 0.04464464206513998 0.045631235456132305
0 0.7548907532661204 0.23705500816577185 0.04638915258848364 0.04888378121376693
0 0.7107150900131188 0.14113647241007693 0.04629814732681172 0.04732128121376711
0 0.9195763375940444 0.34646247482597303 0.04648015785015538 0.05044628121376711
0 0.7154627741716335 0.0863214266524425 0.04638915258848364 0.04888378121376711
0 0.677310326788352 0.07388507059330589 0.04786064732681172 0.047448826971401556
0 0.97890625 0.23828125 0.0421875 0.0453125
0 0.9443635059675435 0.29467683421908947 0.0431731473268119 0.04706618969849785
0 0.06875 0.990625 0.025 0.01875
0 0.08871972169608933 0.9758302078662094 0.02324007892507769 0.025223140606883375
0 0.055800805882838936 0.9536362145341691 0.024893584186749605 0.026913186364518005
0 0.1734375 0.98984375 0.025 0.0203125
0 0.16755735323788556 0.9305179657421172 0.02480257892507769 0.025350686364518184
0 0.08654954791974401 0.879592936654382 0.02480257892507769 0.025350686364518003
0 0.1359375 0.990625 0.025 0.01875
0 0.06534240585460412 0.9233109857459965 0.02480257892507769 0.025350686364518184
0 0.11308268486438644 0.9847269757440568 0.02480257892507769 0.025350686364518003
0 0.06720874274277673 0.9713658484730929 0.02324007892507769 0.025223140606883375
0 0.0390625 0.9890625 0.025 0.021875
0 0.915625 0.5375 0.059375 0.015625
0 0.9433595319935542 0.5940710563393024 0.06090667889684287 0.057844193032477786
0 0.99296875 0.58515625 0.0140625 0.0703125
0 0.9150554375658094 0.9198363308851096 0.040487763083592296 0.08105855242559432
0 0.74765625 0.540625 0.0640625 0.021875
0 0.8558595319935541 0.6012136187668363 0.06946263154179633 0.044546967578285114
0 0.98203125 0.8703125 0.0359375 0.05625
0 0.96796875 0.9421875 0.0640625 0.06875
0 0.7657049688534918 0.6272337269520049 0.06099768415851479 0.05940669303247788
0 0.8410564954441998 0.9087710272515672 0.05124325256024882 0.078826372729036
0 0.9261133058828388 0.810078693612206 0.04472023677523325 0.07362868969849785
0 0.8865957795744798 0.8210798375530693 0.04315773677523325 0.0735011439408634
0 0.9455619849208562 0.9033504614900535 0.03570925782192056 0.0791134151526908