0 0.36875 0.01484375 0.0375 0.0296875
0 0.20504953231450154 0.0985632800932013 0.037247028855940556 0.0402231809137497
0 0.19414177024878404 0.2763330825827123 0.03886409255827141 0.041904080083912554
0 0.3765971501005165 0.12096218881113394 0.037192465153609786 0.038660680913749704
0 0.3521229397562301 0.14887370125868865 0.037192465153609786 0.038660680913749704
0 0.4404413952911931 0.132066554787818 0.037247028855940556 0.0402231809137497
0 0.3983828700634495 0.08031387802325334 0.037192465153609786 0.038660680913749704
0 0.13034219819375065 0.03963672075521316 0.03880952885594056 0.04034158008391255
0 0.23374001670540495 0.03963856598597273 0.037247028855940556 0.040223180913749525
0 0.2640625 0.0140625 0.0375 0.028125
0 0.24693938803479884 0.28973365436825504 0.03886409255827132 0.041904080083912554
0 0.4021576560909662 0.1965308738740684 0.040481156260602266 0.04358497925407558
0 0.35781243376578037 0.07567299959901472 0.037247028855940556 0.0402231809137497
0 0.8813193664352525 0.22747414317010026 0.01935020072563951 0.018608290041956365
0 0.828482053914048 0.30493536972488344 0.017842264427970277 0.020052390871793335
0 0.8050991176163789 0.3015968821724382 0.01778770072563951 0.018489890871793334
0 0.8531398027329216 0.2269054581071659 0.01935020072563951 0.018608290041956365
0 0.8459423724257024 0.2984252605966768 0.01778770072563951 0.018489890871793334
0 0.864801499830364 0.2967210506386332 0.01778770072563951 0.018489890871793334
0 0.8231397894860777 0.32333017221439453 0.01778770072563951 0.018489890871793334
0 0.8754860286863047 0.2599314456596112 0.017787700725639333 0.018489890871793334
0 0.8421080442954011 0.3185009622563507 0.01778770072563951 0.018489890871793334
0 0.867073327960665 0.2765269498087962 0.01935020072563951 0.018608290041956365
0 0.8387300731513416 0.28064576474586167 0.017842264427970277 0.020052390871793335
0 0.7751735154394606 0.35102819710950384 0.017842264427970277 0.020052390871793335
0 0.794781665709613 0.23814968881113394 0.01778770072563951 0.018489890871793334
0 0.8914384109002895 0.25174043736124146 0.01778770072563951 0.018489890871793334
0 0.8212697546396874 0.2871558738740685 0.01778770072563951 0.018489890871793334
0 0.804226098379085 0.3265968821724382 0.01940476442797028 0.020170790041956366
0 0.7626586464723194 0.2607817054078735 0.01935020072563933 0.018608290041956365
0 0.8138540695231447 0.3649256763635794 0.01940476442797028 0.020170790041956366
0 0.7774651909373566 0.2854031971095038 0.01940476442797028 0.020170790041956366
0 0.805079270248784 0.3470277813426012 0.017842264427970277 0.020052390871793335
0 0.8872221368536726 0.28275363902091544 0.01778770072563951 0.018489890871793334
0 0.8411110286863046 0.25732666391602466 0.017787700725639333 0.018489890871793334
0 0.8251586464723193 0.26551767221439454 0.01940476442797028 0.020170790041956366
0 0.8675247065464532 0.35332624814912206 0.01940476442797028 0.020170790041956366
0 0.7897816524627691 0.33646878964097093 0.01940476442797028 0.020170790041956366
0 0.8731943531884087 0.32555644565961117 0.01778770072563951 0.018489890871793334
0 0.8586804746026205 0.247691554787818 0.01778770072563951 0.018489890871793334
0 0.8917260983790852 0.33322723570156754 0.01778770072563951 0.018489890871793334
0 0.5614136381196169 0.8374644498087962 0.06786211179556503 0.06903526514684692
0 0.5314880359426987 0.8868957647458616 0.06629961179556502 0.0689168659766839
0 0.4774553003706689 0.8640017937901557 0.0650099303072194 0.07661096680652105
0 0.56796875 0.79453125 0.0640625 0.0734375
0 0.5375 0.9828125 0.046875 0.034375
0 0.5551239433844273 0.92785265146847 0.05111112141421188 0.08023287427505377
0 0.48984375 0.97109375 0.0671875 0.0578125
0 0.4798015395708958 0.7968142937901559 0.04168155771188111 0.07795997925407558
0 0.42890625 0.97109375 0.0578125 0.0578125
0 0.4452628484639032 0.7988970120465694 0.04324405771188111 0.07807837842423862
0 0.4439384506408214 0.7470977137062433 0.07787202885594055 0.04330155933798814
0 0.4983828700634495 0.9376527813426012 0.06495536660488846 0.07504846680652086
0 0.4034523159797655 0.9194929319626567 0.07663691106992569 0.05255816016782511
0 0.5140674121662341 0.8025440755337424 0.04168155771188111 0.07795997925407558
0 0.3375743448357061 0.8769017676456468 0.060213302902557685 0.07313076929603177
0 0.3869939914776615 0.8524471419207004 0.038556557711881115 0.07772318091374952
0 0.4540525167054049 0.9060942054078736 0.03543155771188111 0.07748638257342347