0 0.540625 0.6015625 0.0296875 0.028125
0 0.671875 0.5984375 0.0296875 0.0296875
0 0.496875 0.603125 0.0296875 0.0296875
0 0.5265625 0.56875 0.0296875 0.028125
0 0.4140625 0.5609375 0.028125 0.0296875
0 0.4484375 0.58125 0.0296875 0.0296875
0 0.63125 0.5375 0.0296875 0.028125
0 0.5921875 0.56875 0.0296875 0.028125
0 0.503125 0.634375 0.0296875 0.0296875
0 0.6625 0.534375 0.0296875 0.028125
0 0.690625 0.6875 0.03125 0.03125
0 0.625 0.7171875 0.03125 0.03125
0 0.79375 0.5796875 0.03125 0.0296875
0 0.5421875 0.4875 0.0296875 0.028125
0 0.3640625 0.49375 0.0296875 0.028125