0 0.17236673458201981 0.20102512705260836 0.04292388555165925 0.04243293969514959
0 0.253125 0.0109375 0.040625 0.021875
0 0.343298617698047 0.07504336827200966 0.03974433847375849 0.03928975897699054
0 0.19856677029583475 0.1321296813073344 0.03974433847375849 0.03928975897699054
0 0.3975928311734531 0.2762695249860638 0.042951159090609536 0.04399543969514959
0 0.08730198782843068 0.15152509680198722 0.04286933847375849 0.039307939695149584
0 0.33732926136738095 0.1485081393492484 0.038154564934808025 0.03771816861791066
0 0.22740088230854355 0.09134105484390123 0.03974433847375849 0.03928975897699054
0 0.38423153490633133 0.1466729285768599 0.03974433847375849 0.03928975897699054
0 0.4333315081209701 0.19794453708631216 0.04133411201270896 0.040861349336070066
0 0.3390087638030129 0.23130245863108917 0.03182274431795697 0.03299430718159222
0 0.36148378165992046 0.19680019360397463 0.03974433847375849 0.03928975897699054
0 0.55703125 0.05859375 0.0359375 0.0421875
0 0.54765625 0.0203125 0.0171875 0.040625
0 0.5780088084452817 0.09511042857685989 0.04292388555165907 0.04243293969514959
0 0.5828133108809137 0.17788656714054146 0.04292388555165907 0.04243293969514959
0 0.6719769967568844 0.08206500703208289 0.04448638555165925 0.042442030054229286
0 0.6788349228936225 0.13670705523668475 0.04130683847375849 0.039298849336070064
0 0.64453125 0.0109375 0.0421875 0.021875
0 0.5882644699715232 0.13410929606330263 0.04130683847375849 0.039298849336070064
0 0.679236117698047 0.02421614559576444 0.04292388555165925 0.04243293969514959
0 0.7306156112052251 0.12390707338705739 0.04448638555165907 0.042442030054229286
0 0.54453125 0.33515625 0.0109375 0.0453125
0 0.55625 0.28515625 0.034375 0.0453125
0 0.6652246160764892 0.2898956877502421 0.044540932629559826 0.04556703005422928
0 0.6991007840955524 0.2287672902095701 0.04451365909060954 0.04400453005422929
0 0.6423677686742769 0.34627295277735676 0.04454093262956001 0.04556703005422928
0 0.584601907472347 0.2544308864223822 0.042951159090609536 0.04399543969514959
0 0.6132723782513538 0.22301725995894905 0.04292388555165907 0.04243293969514959
0 0.6002620892911279 0.3418308924725064 0.044568206168510115 0.04712953005422911
0 0.71328125 0.01171875 0.0421875 0.0234375
0 0.6567496428618504 0.23838772990471976 0.041361385551659066 0.04242384933607006
0 0.6230098425375388 0.2917036274453918 0.041388659090609535 0.04398634933607006
0 0.13454300081407417 0.5607001089022356 0.08598413879807013 0.09267837939029935
0 0.14183375487455924 0.8590648860295987 0.07049550649282174 0.10039997579950324
0 0.053464550327606816 0.6408512172152963 0.07046823295387146 0.09883747579950324
0 0.16796875 0.975 0.1078125 0.05
0 0.3253668238665572 0.6377069947354428 0.09209777110331832 0.08490224082661779
0 0.45447803084914157 0.9384877238545956 0.10753185633066593 0.07405564441741408
0 0.21724285795881437 0.8351910487937773 0.06893300649282175 0.10039088544042354
0 0.05659745860743746 0.7298864461380573 0.09670345048646736 0.08024201190385653
0 0.14390654383478507 0.7403148860295987 0.08132391233702041 0.09421360831306061
0 0.3676167792242885 0.7233899646812134 0.09810230925276535 0.07087610226293642
0 0.23290658847705376 0.6538683259211402 0.10424321509696402 0.06466246369925485
0 0.2142577743530245 0.5586740005891752 0.07671823295387137 0.09887383723582169
0 0.05219060227677148 0.8033421268562165 0.1042977621748646 0.06778746369925485
0 0.4253008198093674 0.819919531036188 0.09533186525911966 0.09117042154477702
0 0.12221455032760686 0.640451241415793 0.07356595941492108 0.09729315651766246
0 0.3133735641273246 0.7877615368899205 0.10268071509696383 0.06465337334017515
0 0.4265625 0.97890625 0.10625 0.0421875
0 0.24534849269969464 0.9256433319712644 0.06742505357072251 0.10350679508134383
0 0.39030207711296805 0.5873342900131784 0.0689875535707225 0.10351588544042353
0 0.8560986266265008 0.64860709153743 0.05128185633066593 0.07372839149054773
0 0.7374577207823021 0.6430479588274809 0.04802048863591431 0.06589771077238851
0 0.6842509001654511 0.648044531036188 0.05884889448011279 0.05971134328594587
0 0.8179440616916926 0.6863252601553409 0.06345457386326174 0.05505111436318479
0 0.852954261367381 0.7392411818965096 0.06496252678536116 0.051935204722264317
0 0.901917866887268 0.7983252904059619 0.06975912094116268 0.05821247579950324
0 0.6363667792242885 0.7061297418085765 0.046457988635914306 0.06588862041330898
0 0.5869474318220762 0.7626615429400446 0.051118215096963834 0.06435339149054772
0 0.7567338263021892 0.7023047841594459 0.06795115909060953 0.044140885440423536
0 0.7640360373419633 0.8210002420049684 0.04495003571381488 0.06900453005422928
0 0.6817610998411394 0.7011786213952675 0.04955571509696384 0.06434430113146802
0 0.7056428847441756 0.7650956756499937 0.0495829886359143 0.06590680113146803
0 0.5748098961082613 0.8314751754536018 0.04495003571381488 0.06900453005422928
0 0.931886010556602 0.8715809832243695 0.07581820616851012 0.047311337235821684
0 0.7942496428618504 0.8801934348233758 0.04812958279171564 0.0721477107723885
0 0.6447599318220762 0.7623251996540988 0.060384120941162675 0.058157933645025396
0 0.8224485551988708 0.7862888987190224 0.07110343262956001 0.04572156615858276
0 0.7136542077966586 0.8431661334955158 0.04497730925276535 0.07056703005422929
0 0.6501371785756653 0.8122888382177804 0.06644320616851011 0.04725679508134384
0 0.9186496250049428 0.9138412060970065 0.07428297970746059 0.048864746876741985
0 0.7465564366933402 0.9273411455957644 0.07113070616851011 0.04728406615858276