0 0.31875 0.27265625 0.1125 0.0734375
0 0.5597198033379255 0.07776465738381581 0.04573947510489074 0.04736589600572714
0 0.6192616693146095 0.1424635040579064 0.04573947510489074 0.04736589600572714
0 0.7370644759533052 0.1313452854073603 0.045739475104890556 0.04736589600572714
0 0.9417053543775438 0.1743156774347227 0.04730197510489091 0.04738407733927232
0 0.8486424386106414 0.20289411608845037 0.047420374275053766 0.048946577339272324
0 0.7744246112260211 0.25354754941117824 0.045857874275053764 0.04892839600572714
0 0.9192402037574883 0.2692827320973592 0.04921967261537965 0.052089758672817864
0 0.9921875 0.29140625 0.015625 0.0359375
0 0.9921875 0.25234375 0.015625 0.0484375
0 0.2177654112167323 0.8182805693825432 0.02677598755244546 0.023728401336727066
0 0.348683524494124 0.7948259827339059 0.025095088382282426 0.022147720003181704
0 0.3283477137062432 0.8148839440642698 0.025095088382282426 0.022147720003181704
0 0.2912029112167323 0.8191350920591791 0.025213487552445457 0.023710220003181702
0 0.3880312896409709 0.8608509720719058 0.025213487552445457 0.023710220003181702
0 0.6401624747039054 0.8362669533736344 0.026775987552445278 0.023728401336727066
0 0.7256748448297742 0.8934623827179976 0.026894386722608486 0.025290901336727067
0 0.7610921265733608 0.9282191907224518 0.02689438672260831 0.025290901336727067
0 0.8943549124661322 0.9563089227402694 0.025213487552445457 0.023710220003181702
0 0.8290133323822196 0.9180816693984515 0.025213487552445457 0.023710220003181702
0 0.98671875 0.99609375 0.0265625 0.0078125
0 0.8514103958693926 0.9870316640674514 0.02533188672260849 0.025272720003181703
0 0.93359375 0.9890625 0.0265625 0.021875
0 0.9859375 0.9796875 0.028125 0.025
0 0.9477400215943389 0.93975776941436 0.025213487552445457 0.023710220003181702