0 0.24295132559841237 0.0540189269192072 0.04684028366526398 0.04559634288963732
0 0.5827479132625424 0.3604678340667508 0.050074411069925696 0.04884867688202625
0 0.01328125 0.3203125 0.0265625 0.05
0 0.3609375 0.02109375 0.046875 0.0421875
0 0.2546824553653268 0.21096926387734544 0.046949411069925694 0.048721342889637496
0 0.20071915246276917 0.27761825300293064 0.05012897477225655 0.05041117688202625
0 0.23181043975623022 0.14901309193823523 0.04689484736759475 0.04715884288963732
0 0.08046875 0.4078125 0.0515625 0.04375
0 0.5769939649839737 0.2115846650933902 0.050074411069925696 0.04884867688202625
0 0.2926388123515684 0.1546211047898165 0.04689484736759475 0.04715884288963732
0 0.4786655923886354 0.20444864433314347 0.048511911069925695 0.0487850098858317
0 0.44089775227743466 0.0761671354358949 0.04845734736759475 0.047222509885831696
0 0.5700941789564571 0.09551399612002935 0.04840278366526398 0.0456600098858317
0 0.9611854265093862 0.17918334197541624 0.05007441106992587 0.04884867688202625
0 0.99296875 0.16640625 0.0140625 0.0484375
0 0.9658332317741966 0.27012667695638826 0.05325397477225664 0.050538510874414834
0 0.9377876212445759 0.08747600304011165 0.05001984736759475 0.04728617688202626
0 0.6932489036438956 0.279361119618564 0.048511911069925695 0.0487850098858317
0 0.9533530791417915 0.22424117399063875 0.05163691106992552 0.04891234387822045
0 0.9921875 0.09296875 0.015625 0.0515625
0 0.9890625 0.215625 0.021875 0.046875
0 0.5515822811333753 0.6123009536109529 0.050074411069925696 0.04884867688202608
0 0.2502925996450295 0.5922007233454354 0.05169147477225655 0.05047484387822045
0 0.29209317532825996 0.739423233231267 0.051746038474587405 0.052037343878220454
0 0.3117657798674308 0.8481907381741829 0.051746038474587405 0.052037343878220454
0 0.26328125 0.44375 0.0484375 0.028125
0 0.32440471144059463 0.5310669051703774 0.05012897477225646 0.05041117688202608
0 0.13763388693849055 0.4577381986308559 0.054816474772256554 0.0506021778706093
0 0.20390625 0.44609375 0.0484375 0.0328125
0 0.7486705575422451 0.9594544793141153 0.050074411069925696 0.04884867688202625
0 0.7044890263240517 0.8356058024320893 0.04845734736759475 0.047222509885831696
0 0.79140625 0.9875 0.0484375 0.025
0 0.7280009373939775 0.7896221403788107 0.0516369110699257 0.04891234387822045
0 0.7532687775051782 0.9173943133065041 0.04516865626060209 0.042407675893442943
0 0.6757886513664608 0.6717051285158127 0.04533234736759475 0.04709517589344294