0 0.3814338907049809 0.6075211699779386 0.04261474687674216 0.07540241439185813
0 0.59375 0.7890625 0.03125 0.040625
0 0.47155087235821647 0.7846230173729047 0.051962475799503235 0.07115156203449331
0 0.41390199882164963 0.8154406778358215 0.06597043364502539 0.0624315334984459
0 0.22670198067127698 0.8757361306885244 0.06750566256778665 0.05781680810555194
0 0.2883202158405541 0.72126264640429 0.04885565651766246 0.07413101282028159
0 0.5138656373853312 0.8045331029810466 0.05663179508134384 0.0682448858558109
0 0.552146366504484 0.6683387378034003 0.03793633723582168 0.07674659057054072
0 0.21164863153159869 0.7060786021524771 0.059774975799503235 0.07151543507002263
0 0.2508202158405541 0.7230092369748307 0.047311337235821684 0.07718323821317571
0 0.3616577218906783 0.7006547398703148 0.07372839149054773 0.053420406533975395
0 0.45036673964826746 0.9043918618723868 0.03322156615858276 0.07184076674922295
0 0.32540205932289173 0.6476410558337495 0.07677157825883114 0.03950345574818694
0 0.41838042056281843 0.7792848540145039 0.06133747579950324 0.07158820967712849
0 0.4416633844584649 0.7516307349079161 0.039489746876741984 0.0752568651776464
0 0.5878747882456528 0.6307274218399654 0.03481133723582168 0.07660104135632881
0 0.4282190288758789 0.8585357063718687 0.07367384933607006 0.044045406533975394
0 0.603125 0.6046875 0.0125 0.071875
0 0.46794408332699683 0.7019560665871165 0.07832498789975162 0.038013730355292805
0 0.603125 0.66484375 0.0125 0.0765625
0 0.3509383905085891 0.7386641621200558 0.0751727168225127 0.03318068114108108
0 0.4145100111182898 0.6513054032287157 0.07990566861791085 0.04121150496239885
0 0.32522025214129935 0.6163910558337495 0.07525453005422929 0.04724318114108108
0 0.47980879995311776 0.8608216443373754 0.03478406615858276 0.07191354135632899
0 0.5009929326630669 0.7410527998378935 0.07217498184962742 0.05491013192686935
0 0.23996348731057643 0.4687583846174658 0.07522725897699054 0.04255568114108108
0 0.3208690954272452 0.6744218796550671 0.07677157825883114 0.03950345574818712
0 0.3372304145126942 0.8002566335840084 0.07369203005422928 0.0471704065339754
0 0.43765661962774194 0.6002137841221277 0.0798602168225127 0.03339900496239885
0 0.30635311923495856 0.8657746257261257 0.07212953005422928 0.04709763192686935
0 0.3096690167756305 0.8984415765119138 0.0736283975406721 0.03623290653397504
0 0.3780917638487643 0.8389894937992561 0.0751818071815924 0.03474318114108108
0 0.2078125 0.97421875 0.06875 0.0515625
0 0.30203832395722285 0.9300554495474433 0.07676248789975162 0.03794095574818712
0 0.7296875 0.3234375 0.084375 0.028125
0 0.8015625 0.32421875 0.084375 0.0296875
0 0.9161805536655511 0.3448413875129499 0.0877727107723885 0.05095037799792799
0 0.6648453126425414 0.39562059925699294 0.0846386204133089 0.04924232878371635
0 0.9102305355151783 0.39669498594137337 0.08620112041330899 0.049315103390822124
0 0.8273453126425414 0.3880520401179838 0.044240879390299345 0.086412688998964
0 0.7336862162333375 0.4080435165443352 0.0645170179539809 0.08110875889134021
0 0.7866930415653025 0.3852566799027361 0.04892837939029935 0.08663101282028159
0 0.818389510921898 0.7291864623677248 0.05989315046753827 0.09182793507002263
0 0.939337294295777 0.564135043013468 0.06296360831306061 0.08259848428423436
0 0.9026998366466465 0.4454963589769026 0.08778180113146802 0.05251287799792799
0 0.6529907281371943 0.5071402961138398 0.0692045179539809 0.08132708271265762
0 0.683441818299882 0.6370075785788285 0.05208974082661779 0.0930265620344933
0 0.7824146077238854 0.4557875037240537 0.07698065651766246 0.07544095574818713
0 0.6265625 0.60703125 0.034375 0.0453125
0 0.878281619627742 0.5466607526905964 0.08161361436318479 0.06628427956950453
0 0.9445702158405542 0.6576667191921504 0.052062469749379045 0.08833906203449331
0 0.8403180113146815 0.4687198432611369 0.037999969749379046 0.08768409057054054