0 0.61328125 0.46953125 0.0671875 0.0609375
0 0.8703125 0.47890625 0.065625 0.0421875
0 0.67265625 0.4859375 0.0765625 0.028125
0 0.9484375 0.48515625 0.06875 0.0296875
0 0.25417051519888856 0.6518890224321287 0.07129442496187507 0.04833904665416657
0 0.30166115140743005 0.7640759556084249 0.06827852773541672 0.05275314458064795
0 0.43385801519888856 0.6676096416594431 0.048366071238402954 0.06816353110277759
0 0.29375 0.9921875 0.075 0.015625
0 0.3453125 0.97890625 0.05625 0.0421875
0 0.3106387207459719 0.6474352597554619 0.04226154160312508 0.0738667269557407
0 0.1483192522811107 0.6927300529692586 0.0516001740119445 0.07312443317629622
0 0.319833189210833 0.5887437649392582 0.05614220364722229 0.06728453628657398
0 0.4234375 0.97421875 0.046875 0.0515625
0 0.43247212747173547 0.9289572447697209 0.05167290919430556 0.07624943317629622
0 0.5177251753431247 0.6295422966076838 0.06064786569131932 0.05988213939685174
0 0.23421907826916613 0.7691353110277769 0.05610583605604162 0.06572203628657398
0 0.3903209950629162 0.923703816777221 0.04854790919430556 0.07597603110277759
0 0.20783972264583292 0.6916746923661103 0.05152743882958344 0.06999943317629623
0 0.4666718216196525 0.6031561623946283 0.04840243882958326 0.0697260311027776
0 0.1921875 0.515625 0.06875 0.03125
0 0.2863231728745827 0.9521815483511101 0.05788654160312508 0.07523373732333312
0 0.3961761772429858 0.672141316777221 0.051418336056041625 0.06531193317629622
0 0.3839281375397217 0.7947586105566655 0.040626306420763925 0.07060502591898157
0 0.4010104540284719 0.5989772188507395 0.057704703647222286 0.06742123732333312
0 0.20184168294256893 0.8148387902925917 0.04847517401194459 0.0728510311027776
0 0.48462304103444415 0.5718473737989801 0.046949041603124894 0.07427683006601846
0 0.31085170060999945 0.9073570639024989 0.07136716014423605 0.051464046654166574
0 0.4447253928580553 0.5370431468432394 0.040626306420763925 0.07060502591898139
0 0.26328125 0.51484375 0.0734375 0.0296875
0 0.475 0.97109375 0.059375 0.0578125
0 0.55625 0.66640625 0.046875 0.0453125
0 0.40842029768395793 0.7514966261080543 0.07122168977951393 0.045214046654166576
0 0.38203125 0.97265625 0.0546875 0.0546875
0 0.35220666527513844 0.745012888784721 0.03753767401194459 0.07189412384546294
0 0.35122735315479137 0.6525519867112026 0.05461607123840295 0.06871033524981467
0 0.12298802469819385 0.9065779394913882 0.06875130642076392 0.07306564458064813
0 0.24453125 0.965625 0.0453125 0.06875
0 0.5106750883371525 0.6633704924606467 0.059048998100139014 0.058182938360092605
0 0.56171875 0.57421875 0.0359375 0.0421875
0 0.55546875 0.53125 0.0390625 0.0625
0 0.4010779635277773 0.8651490229977765 0.04077177678548623 0.07685502591898138
0 0.5125 0.53203125 0.053125 0.0640625
0 0.5578125 0.62890625 0.04375 0.0421875
0 0.2455956022048608 0.6166938162115732 0.07441942496187508 0.04861244872768502
0 0.3353503928580553 0.5274740742700915 0.06987739532659738 0.05445234561740726
0 0.16201938279006906 0.6422611612633325 0.05941267401194459 0.07380793836009261
0 0.43854159593659664 0.8699923478799987 0.04229790919430556 0.0754292269557407
0 0.48359375 0.521875 0.0515625 0.04375
0 0.33672321637756886 0.9393684815274064 0.0668978656913195 0.060428943543888815
0 0.559375 0.60078125 0.040625 0.0390625
0 0.14802700513090236 0.7725542540060177 0.06838763050895835 0.057440644580647945
0 0.33359375 0.50859375 0.0734375 0.0171875
0 0.32338937462194395 0.8395639711598137 0.05156380642076393 0.07156193317629622
0 0.2679030940367356 0.8018302338364804 0.07129442496187507 0.0483390466541664
0 0.4349451236720133 0.8227072447697209 0.07271145459715278 0.04222574769092589
0 0.4831670309664579 0.7016715748357394 0.06820579255305556 0.049628144580648126
0 0.4738270921368746 0.7666130696519431 0.07122168977951393 0.045214046654166395
0 0.360307493163055 0.8678447960420359 0.04229790919430556 0.0754292269557407
0 0.35151960030499974 0.5727277856744434 0.05603310087368065 0.06259703628657398
0 0.2197968216196525 0.5815573985866658 0.06827852773541672 0.05275314458064795
0 0.28080705680201357 0.5837637390202768 0.059194468464861136 0.06443293836009242
0 0.43258384308680514 0.7896213426962024 0.06973192496187508 0.04820234561740726
0 0.4608569262930552 0.6511835592843506 0.05294446846486114 0.06388613421305536
0 0.21758101139916644 0.5422214965131473 0.06667966014423606 0.05105394354388881
0 0.37651698746347184 0.70956340433611 0.06827852773541672 0.05275314458064813
0 0.48727003666604124 0.8617300800195355 0.046912674011944586 0.07271433006601846
0 0.29181467914284676 0.7162440483511101 0.046912674011944586 0.07271433006601846
0 0.50859375 0.984375 0.0453125 0.03125
0 0.265652222645833 0.6967326307262027 0.052980836056041626 0.06544863421305536
0 0.4419237819163884 0.7246798478799986 0.06824216014423605 0.05119064458064813
0 0.19366942629305522 0.6278076819985177 0.05614220364722229 0.06728453628657398
0 0.520337109804305 0.8536633017914801 0.050001306420763926 0.07142523213953691
0 0.39453125 0.5203125 0.0671875 0.040625
0 0.234652876521805 0.8850337131012953 0.053271776785486225 0.07794863421305553
0 0.2624518746219439 0.8342326307262027 0.07263871941479164 0.039100747690925884
0 0.57421875 0.5296875 0.0109375 0.059375
0 0.39596058453743027 0.5468679147037026 0.06522626291777786 0.055604742507129504
0 0.21136345972805515 0.7420847954763881 0.05621493882958326 0.07040953628657398
0 0.4703358033835411 0.9166130696519431 0.04229790919430556 0.0754292269557407
0 0.28807534935506923 0.5405605431673137 0.06965918977951394 0.04507734561740726
0 0.5252116734432637 0.5769641007547208 0.040553571238402954 0.06748002591898139
0 0.14809843389249946 0.836753455042777 0.06704333605604171 0.06667894354388863
0 0.5214255246981938 0.9414367038649984 0.07434668977951393 0.04548744872768502
0 0.16692639475791635 0.565972063336851 0.03299564437666671 0.07773402073518518
0 0.1846165089306245 0.8822217799249991 0.07143989532659738 0.05458904665416657
0 0.20234375 0.9625 0.0359375 0.075
0 0.535310106004583 0.7485069100855541 0.05461607123840277 0.06871033524981467
0 0.537777876521805 0.9115537142325911 0.06686149810013901 0.05886644354388863
0 0.3815331022048608 0.6285868064096285 0.07452852773541671 0.05329994872768502
0 0.28036542002479103 0.8718105431673138 0.07438305737069442 0.04704994872768502
0 0.54765625 0.9765625 0.0484375 0.046875
0 0.3398508292190968 0.8049934815274064 0.060720600873680655 0.06300713939685174
0 0.565625 0.753125 0.028125 0.071875
0 0.559375 0.8734375 0.040625 0.075
0 0.5045328846899302 0.725460389350369 0.06533536569131951 0.0602922425071295
0 0.5402145051309024 0.8068662142325911 0.04229790919430556 0.0754292269557407
0 0.32651698746347185 0.7051889711598138 0.029761541603124896 0.07277311866166655
0 0.49497474031326344 0.7997768841665727 0.06231946846486114 0.06470634043361087
0 0.5671875 0.81953125 0.025 0.0703125
0 0.43098889475791635 0.5890745385491654 0.04375130642076393 0.07087842799249984
0 0.55390625 0.7 0.0515625 0.04375
0 0.94140625 0.99140625 0.0453125 0.0171875
0 0.8729205151988886 0.9573981457119437 0.04633079255305557 0.04771433006601846
0 0.881607143807986 0.8532574498589808 0.04480466014423614 0.04914012902925915
0 0.9216853235195135 0.9475733778514807 0.043133057370694415 0.04431592799249984
0 0.9017391122728469 0.7955228623000918 0.04636716014423623 0.04927683006601846
0 0.984375 0.83671875 0.03125 0.0484375
0 0.9561006103729859 0.7470456975499065 0.04484102773541672 0.05070262902925915
0 0.9705241734432637 0.8672994089542584 0.04636716014423605 0.04927683006601846
0 0.9224503493550692 0.8474366768147213 0.041570557370694414 0.044179226955740704
0 0.99296875 0.915625 0.0140625 0.046875
0 0.9124960807377083 0.7369680685206473 0.04484102773541672 0.05070262902925915
0 0.9439629798640276 0.7976512902925917 0.043205792553055566 0.04744092799249992