0 0.1421875 0.4625 0.08125 0.1125
0 0.2171875 0.45390625 0.071875 0.1296875
0 0.73515625 0.0359375 0.0796875 0.071875
0 0.6104001270526084 0.15302571907742096 0.05840337334017516 0.10560514381548422
0 0.7820024162802197 0.2119193898802118 0.09260565651766246 0.07832137797604233
0 0.7767058622218854 0.31627910794922665 0.07865224082661779 0.09608803218308673
0 0.8845456332991242 0.3191305923618863 0.06776019262201594 0.10313570767745475
0 0.9765625 0.1015625 0.046875 0.103125
0 0.7358273739293504 0.0883290705703598 0.0987193011314682 0.05532092055068931
0 0.7377888079671593 0.2885475918576832 0.08176815046753827 0.09474405347041034
0 0.851243295670519 0.1323518582013282 0.08488406010845857 0.09340007475773363
0 0.7387069342342006 0.13073509185768323 0.10032725292686617 0.06324268119435103
0 0.89140625 0.04609375 0.0515625 0.0921875
0 0.9921875 0.475 0.015625 0.0875
0 0.588524085290914 0.42035533070981845 0.05842155405833438 0.10873014381548422
0 0.9625 0.48125 0.075 0.075
0 0.67890625 0.01171875 0.0921875 0.0234375
0 0.9578125 0.2890625 0.084375 0.084375
0 0.5289581877502421 0.4490159262506725 0.09580337939029934 0.09103989926336578
0 0.98984375 0.1890625 0.0203125 0.05625
0 0.14880812119887582 0.947157767352051 0.10655907220870695 0.06055472376899793
0 0.34921875 0.97890625 0.0953125 0.0421875
0 0.3335376452029809 0.8991130233041359 0.10048178903121965 0.08980518119435103
0 0.08984375 0.9890625 0.0734375 0.021875
0 0.21640625 0.9671875 0.0953125 0.065625
0 0.3552035669441498 0.9365801723154001 0.10202610831306061 0.08678944183801285
0 0.2933580727978821 0.8197097465689307 0.08958065046753809 0.09529035668871888
0 0.25099785597536944 0.8464472091900639 0.08959883118569749 0.09841535668871888
0 0.13356491628021977 0.8804401609154338 0.1004545179539809 0.08511768119435104
0 0.22731491628021985 0.8869957995351377 0.08958065046753809 0.09529035668871888
0 0.38125 0.62734375 0.075 0.0859375
0 0.4862717597625574 0.8177651982943006 0.03614657825883114 0.038450494804219915
0 0.5161683380213885 0.7839036505238736 0.03614657825883114 0.038450494804219915
0 0.6604445370863121 0.972189890384415 0.03928975897699054 0.04179401609154336
0 0.620892199457707 0.7849741136492099 0.03615566861791084 0.040012994804219916
0 0.4593638261175319 0.875282767352051 0.03615566861791084 0.040012994804219916
0 0.5431853559753694 0.707636081466123 0.03615566861791084 0.040012994804219916
0 0.6548763140172834 0.854565347809768 0.037709078258831144 0.038559755447881726
0 0.6126979043763632 0.8500528104309012 0.03614657825883114 0.038450494804219915
0 0.6967729225267357 0.9075153851886348 0.037718168617910844 0.04012225544788173
0 0.6327467839630542 0.8967856987985037 0.03614657825883114 0.038450494804219915
0 0.6091365671405414 0.9248342891435776 0.037709078258831144 0.038559755447881726