0 0.421875 0.378125 0.015625 0.0625
0 0.41640625 0.22265625 0.0265625 0.0609375
0 0.3927570673369331 0.3598356417986718 0.07058521077238851 0.05179172896477802
0 0.34921875 0.3859375 0.0546875 0.046875
0 0.374343410622879 0.30333426952261267 0.05507838544042372 0.0710116225281606
0 0.3608172418085765 0.21213011531556827 0.05506929508134384 0.06944912252816078
0 0.32108205523668476 0.33048663140711165 0.06443520472226431 0.06854218639013113
0 0.19296875 0.40078125 0.0484375 0.0171875
0 0.2963002238545956 0.2947348017056994 0.06753293364502558 0.06407320767745457
0 0.09026839247250643 0.27165720666904847 0.07216589149054772 0.05502598960843983
0 0.14202179001317838 0.2352391054282112 0.05041815651766237 0.07537134059717551
0 0.17575137451852552 0.34377287126765294 0.07373748184962743 0.05669775025210164
0 0.08481834407151276 0.13459424924369542 0.05199883723582168 0.07860560124083733
0 0.2641604104264873 0.18140427522259586 0.07527271077238851 0.05211951089576328
0 0.27788656714054144 0.23823342942964026 0.07063066256778665 0.05960422896477802
0 0.07969450683569113 0.2099220311746805 0.06756020472226432 0.06876070767745475
0 0.10703125 0.0078125 0.0765625 0.015625
0 0.192030880372258 0.23018026483103568 0.05352497579950315 0.07246486188449915
0 0.1845183622218854 0.1791640680493444 0.07373748184962743 0.05669775025210164
0 0.07270922951193634 0.06828083439298922 0.06756929508134393 0.07032320767745456
0 0.2103809045727548 0.2976191371070948 0.0675420240041051 0.06563570767745457
0 0.24648203103618793 0.2669811423028749 0.06907725292686626 0.06105746832111638
0 0.04340248283158603 0.27337252597890044 0.03794542759490129 0.07918475544788173
0 0.26179900058917516 0.050372796509919306 0.05197156615858276 0.07391810124083724
0 0.23955934446429622 0.3830431848775218 0.0814318071815924 0.03693155347041035
0 0.8921875 0.40390625 0.03125 0.0109375
0 0.9758240973911626 0.3535428110888533 0.034556807181592396 0.0336537341605581
0 0.979576332167656 0.2455117898015299 0.03456589754067192 0.0352162341605581
0 0.93359375 0.3953125 0.0328125 0.028125
0 0.98515625 0.31640625 0.0296875 0.0328125
0 0.910589982831586 0.2909442581226463 0.032994307181592394 0.03354447351689647
0 0.8866252420049682 0.38320816777757233 0.03299430718159222 0.03354447351689647
0 0.9195740973911624 0.35747619426067584 0.03299430718159222 0.03354447351689647
0 0.9606263442679046 0.28119791752547074 0.03299430718159222 0.03354447351689647
0 0.96484375 0.4 0.0328125 0.01875
0 0.9432933985226306 0.3073997846057498 0.032985216822512695 0.03198197351689629
0 0.935780880372258 0.2563835878240585 0.03299430718159222 0.03354447351689647
0 0.309100205704223 0.7619658603718896 0.0769988372358216 0.08035377153942491
0 0.22242638661877395 0.8945376957732851 0.0770079275949013 0.0819162715394249
0 0.2991797841594459 0.8563714242338601 0.0770079275949012 0.0819162715394249
0 0.23423656109041727 0.7437728712676529 0.07699883723582168 0.08035377153942491
0 0.2056934045727548 0.8176145628535643 0.07856133723582168 0.08046303218308673
0 0.4171875 0.7765625 0.025 0.078125
0 0.6479445370863122 0.6453253915465703 0.05503293364502539 0.0631991225281606
0 0.47666950078556686 0.5542190623493611 0.03163179508134384 0.06781021287323466
0 0.43671875 0.65 0.0140625 0.065625
0 0.6427581090986274 0.4629499341212172 0.04567611436318479 0.06566855866619026
0 0.7403683864223822 0.5982540135705279 0.05345225292686635 0.05996486188449897
0 0.6976183259211401 0.42943831159305645 0.06737839754067192 0.03751070767745457
0 0.6845183622218853 0.5334373967423505 0.06737839754067192 0.03751070767745475
0 0.5597819826351943 0.49686574823528923 0.06897725897699054 0.043869968321116205
0 0.43984375 0.47578125 0.0203125 0.0578125
0 0.5652774828315861 0.6261162056606422 0.06278180113146821 0.05280792574646949
0 0.603125 0.42578125 0.05625 0.0328125
0 0.634645627249 0.5150587373395259 0.06119203005422928 0.04801116510280749
0 0.4578125 0.425 0.04375 0.03125
0 0.6593547357584523 0.5633105670409382 0.06738748789975162 0.039073207677454744
0 0.6546875 0.42421875 0.05625 0.0296875
0 0.600534247662309 0.47214997150008403 0.05501475292686635 0.06007412252816078
0 0.6864262958669108 0.4739531360986886 0.03163179508134402 0.06781021287323483
0 0.5735990429400446 0.5380699024423337 0.0673693071815924 0.03594820767745475
0 0.47620589247250644 0.6339065623493612 0.0441045240041051 0.06399679802252863
0 0.7227990913410383 0.6650808806508071 0.026953385440423715 0.0690449309422494