0 0.52578125 0.39140625 0.1171875 0.0359375
0 0.3640625 0.27890625 0.109375 0.1046875
0 0.5069505991013127 0.2684012706079118 0.11348815727678296 0.1090306493475448
0 0.378125 0.39609375 0.11875 0.0265625
0 0.35703125 0.12421875 0.0953125 0.1078125
0 0.4906883860649556 0.10750013327500267 0.11517820303441759 0.11061133068109026
0 0.1532829494105735 0.5897501066200022 0.13622428454774688 0.062464732017817326
0 0.23666876063015946 0.787405809277548 0.11045875212603207 0.12928860534690845
0 0.0296875 0.8015625 0.059375 0.128125
0 0.20366532880756932 0.6704910292807297 0.12404302000387926 0.10447041868236298
0 0.5337996257731519 0.6652762706079118 0.045631235456132305 0.04267839600572696
0 0.6897308903170194 0.6212342745862764 0.04563123545613248 0.04267839600572696
0 0.660776713954441 0.6497229012571852 0.04406873545613248 0.0426602146721816
0 0.6971924460765936 0.6743229119191856 0.04575878121376693 0.044240896005727136
0 0.6337037730479951 0.7204172092616397 0.04575878121376711 0.044240896005727136
0 0.8058982821318509 0.5307354492361862 0.047448826971401556 0.0458215773392725
0 0.5985954494105735 0.692674017266094 0.045631235456132305 0.042678396005727134
0 0.6136141557789709 0.8191819732654576 0.04563123545613248 0.04267839600572696
0 0.7823649294066941 0.5873127132400043 0.04732128121376711 0.0442590773392725
0 0.6180782572961796 0.8738694732654576 0.04719373545613248 0.0426965773392725
0 0.8063762563780956 0.6323888559039135 0.047448826971401556 0.0458215773392725
0 0.5570456781987462 0.700977413271821 0.04563123545613248 0.04267839600572696
0 0.7414206781987461 0.6988320159134586 0.04575878121376711 0.04424089600572696
0 0.7459169885002483 0.6581161092457313 0.04732128121376711 0.0442590773392725
0 0.5778997963858543 0.8414933252705483 0.04575878121376693 0.044240896005727136
0 0.6850109236568184 0.7933274505888217 0.045631235456132305 0.04267839600572696
0 0.6449924751643288 0.5904751705920035 0.04575878121376711 0.04424089600572696
0 0.7859998545613246 0.6701615759070952 0.04394118969849785 0.041097714672181596
0 0.7320142430421761 0.5644388345799131 0.047448826971401556 0.0458215773392725
0 0.873946651526907 0.5596593332272776 0.04901132697140156 0.045839758672817865
0 0.776178057595742 0.7797547519096405 0.04732128121376711 0.044259077339272326
0 0.5702151000193967 0.7665115066040938 0.04394118969849785 0.041097714672181596
0 0.4947051748647663 0.6844989852800933 0.04732128121376711 0.044259077339272326
0 0.655514871231224 0.7576990332590944 0.045631235456132305 0.042678396005727134
0 0.4486913021357303 0.6381148812858204 0.04888378121376702 0.044277258672817864
0 0.7777088645632642 0.7218695265754588 0.045631235456132305 0.04267839600572696
0 0.7965235400077587 0.4542093119032772 0.04757637272903601 0.047384077339272454
0 0.5446734818322885 0.6260501386060028 0.04394118969849785 0.041097714672181596
0 0.8412294885002483 0.6570070478994592 0.04732128121376711 0.0442590773392725
0 0.6964583488114486 0.8760854065881855 0.04563123545613248 0.042678396005727134
0 0.7218103245555055 0.5160740599140949 0.047448826971401556 0.0458215773392725
0 0.5304836939505617 0.5480160452737299 0.047448826971401556 0.0458215773392725
0 0.5272623254735894 0.7576274026098208 0.04732128121376711 0.0442590773392725
0 0.5476075500096983 0.5087171879376393 0.047448826971401556 0.0458215773392725
0 0.8389967930518745 0.8212513612349136 0.0471937354561323 0.0426965773392725
0 0.8178548588133884 0.926284306572277 0.04732128121376711 0.0442590773392725
0 0.5364775709316616 0.8513592212762754 0.04719373545613248 0.042696577339272325
0 0.5926317182065048 0.9070092372692757 0.04575878121376693 0.044240896005727136
0 0.7884546591129508 0.8343513452419133 0.0438136439408634 0.039535214672181594
0 0.5753816057692726 0.5615694679344576 0.04575878121376711 0.04424089600572696
0 0.7438767721299112 0.4798456585773677 0.047448826971401556 0.0458215773392725
0 0.5878179618284092 0.5223251545990031 0.04575878121376711 0.04424089600572696
0 0.6456304618284092 0.5216524452578216 0.047448826971401556 0.0458215773392725
0 0.49004911002133633 0.8190557986155479 0.04732128121376693 0.0442590773392725
0 0.6767531739466823 0.44309109325273094 0.04757637272903601 0.047384077339272454
0 0.5792705909355409 0.9540842319382756 0.04575878121376711 0.044240896005727136
0 0.5299088354755291 0.8092080839433663 0.04732128121376693 0.0442590773392725
0 0.5482120385099465 0.9184739959420936 0.04732128121376711 0.044259077339272326
0 0.4822688188056297 0.7237432986155479 0.04732128121376693 0.0442590773392725
0 0.3871482821318509 0.5356080466263655 0.04901132697140156 0.045839758672817865
0 0.6149545466757184 0.4907297092616397 0.04575878121376711 0.04424089600572696
0 0.599265902734855 0.45181265993000325 0.047448826971401556 0.04582157733927246
0 0.7890625 0.98203125 0.046875 0.0359375
0 0.6975745675976817 0.8322808625875492 0.0438136439408634 0.039535214672181594
0 0.4871475085041276 0.7643501172820024 0.04732128121376711 0.0442590773392725
0 0.7314071757828502 0.9210342799172766 0.045631235456132305 0.042678396005727134
0 0.651179089099373 0.474668357256549 0.047448826971401556 0.0458215773392725
0 0.5535388145535659 0.46642059993636653 0.047448826971401556 0.0458215773392725
0 0.7058330909355408 0.9526115439210946 0.04732128121376711 0.044259077339272326
0 0.56171875 0.4296875 0.0484375 0.040625
0 0.45200749183422817 0.6787398812858203 0.04550368969849785 0.04111589600572714
0 0.62734375 0.98671875 0.0453125 0.0265625
0 0.44680955092778224 0.7491796506206384 0.04888378121376693 0.044277258672817864
0 0.6420256824508099 0.9564819785964577 0.04575878121376711 0.04424089600572696
0 0.6765625 0.98046875 0.046875 0.0390625
0 0.7764326333591955 0.9361502025780041 0.04394118969849785 0.041097714672181596
0 0.8105533154716499 0.702719537237459 0.04394118969849785 0.041097714672181596
0 0.746875 0.98359375 0.04375 0.0328125
0 0.39569384789336476 0.6402955466263655 0.04901132697140156 0.045839758672817865
0 0.3788572921337906 0.587315997294729 0.05070137272903601 0.04742044000636332