0 0.396875 0.7890625 0.0328125 0.034375
0 0.1609375 0.7703125 0.0328125 0.0328125
0 0.2859375 0.66875 0.0328125 0.0328125
0 0.2671875 0.803125 0.034375 0.034375
0 0.1875 0.690625 0.034375 0.0328125
0 0.2140625 0.6546875 0.034375 0.0328125
0 0.375 0.7359375 0.0328125 0.0328125
0 0.3765625 0.7015625 0.0328125 0.0328125
0 0.225 0.8 0.034375 0.034375
0 0.25625 0.659375 0.0328125 0.0328125
0 0.3109375 0.696875 0.03125 0.03125
0 0.30625 0.7859375 0.0328125 0.034375
0 0.2375 0.7015625 0.0328125 0.0328125
0 0.1890625 0.7953125 0.034375 0.034375
0 0.3703125 0.7703125 0.0328125 0.034375
0 0.3390625 0.784375 0.03125 0.0328125
0 0.1984375 0.7296875 0.0328125 0.0328125
0 0.34375 0.721875 0.03125 0.0328125
0 0.259375 0.7640625 0.0328125 0.0328125
0 0.2296875 0.7484375 0.0328125 0.0328125
0 0.290625 0.75625 0.0328125 0.0328125
0 0.209375 0.6203125 0.034375 0.0328125
0 0.2796875 0.703125 0.03125 0.0328125
0 0.3109375 0.7296875 0.0328125 0.0328125
0 0.2578125 0.7296875 0.0328125 0.0328125