0 0.4160868064096285 0.15070666128159793 0.038944922808703805 0.03521145459715278
0 0.40360734731435083 0.061535058508056295 0.04220662384546294 0.036846689779513754
0 0.3594854918949988 0.12755879559027844 0.03880822177194432 0.03364895459715278
0 0.31032482196101735 0.1716347974901395 0.03894492280870363 0.03521145459715278
0 0.35393953798351757 0.046345163181459 0.03880822177194432 0.03364895459715278
0 0.32643925457166567 0.7460529160312506 0.09038984561740726 0.07071384992375015
0 0.14833337841712851 0.777771775454306 0.09093664976444434 0.07696384992375016
0 0.15392041413805463 0.681224083774931 0.07755765494824055 0.08444904160312508
0 0.27589103336536913 0.8633845799752088 0.08937414976444416 0.07692748233256949
0 0.26429198614555477 0.6416914179311117 0.08353425287472191 0.0814695119678472
0 0.272885027615925 0.7042641531134727 0.09066324769092589 0.07383884992375016
0 0.21063930584398066 0.6700696846486116 0.0639052580585183 0.08880923328249998
0 0.2500311623946283 0.9064435957427783 0.07185445909527761 0.09055357123840277
0 0.22985678049064706 0.7827878901956951 0.06560445909527761 0.09040810087368065
0 0.12528827474120288 0.6213035699072227 0.05636616013203692 0.09175239532659721
0 0.19645781159342474 0.8287900680073615 0.05636616013203692 0.09175239532659737
0 0.28360649707879515 0.8089880207046534 0.06845605702175916 0.08735583605604162
0 0.41143755410055416 0.8977258252255563 0.09263585080120365 0.07856271751493064
0 0.41328125 0.953125 0.0921875 0.046875
0 0.2669686353443511 0.565347123478195 0.0576552580585183 0.08866376291777786
0 0.3273550800195357 0.934751740119445 0.09242123732333311 0.058286585106111136
0 0.5766921157404618 0.8474647199834726 0.07912015494824054 0.08448540919430556
0 0.5594486612633325 0.6147249551658337 0.0988667269557407 0.04284342306201392
0 0.5108525022625914 0.8256611487450698 0.07158105702175917 0.08742857123840295
0 0.4734375 0.7515625 0.028125 0.04375
0 0.5004809302550914 0.8675213404244447 0.07857335080120365 0.07823540919430556
0 0.6251487395859247 0.8844568801277088 0.08624914976444434 0.07685474715020853
0 0.5831581462775915 0.7431408958952781 0.09669863421305536 0.05370818787965277
0 0.5281589965131472 0.6670135005686809 0.09845662384546294 0.0381559230620141
0 0.5103630696519431 0.9270054431979864 0.09900342799249984 0.044405923062014095
0 0.7574746410937954 0.7394015661075005 0.051678660132036924 0.09164329255305556
0 0.6160676825641656 0.7984830125365281 0.0874015466541664 0.07220361474138884
0 0.48125 0.70859375 0.04375 0.0515625
0 0.6847794348732398 0.7283536569131949 0.043866160132036924 0.09146145459715278
0 0.7751706975499065 0.6743220799752089 0.06716695909527762 0.09044446846486114
0 0.7509689458064802 0.8967412874221532 0.09724543836009243 0.05995818787965277
0 0.48046875 0.8859375 0.0421875 0.046875
0 0.53125 0.975 0.065625 0.05
0 0.7297994089542584 0.6904185522397922 0.0576552580585183 0.0886637629177777
0 0.49453125 0.603125 0.0703125 0.0875
0 0.5760659820930542 0.9472465144363891 0.04712786116879606 0.09309668977951394
0 0.5439192804906471 0.7936851033422225 0.043866160132036924 0.09146145459715278
0 0.792453816777221 0.8540459475663894 0.07185445909527761 0.09055357123840277