0 0.478125 0.2484375 0.0359375 0.034375
0 0.4765625 0.2890625 0.0359375 0.0328125
0 0.396875 0.2609375 0.0359375 0.034375
0 0.540625 0.30625 0.0359375 0.03125
0 0.371875 0.325 0.0359375 0.034375
0 0.4359375 0.2625 0.034375 0.0328125
0 0.3234375 0.278125 0.0359375 0.0359375
0 0.359375 0.253125 0.0359375 0.0328125
0 0.325 0.4328125 0.0390625 0.0359375
0 0.54375 0.3984375 0.0375 0.034375
0 0.553125 0.7375 0.04375 0.04375
0 0.4140625 0.3875 0.0375 0.034375
0 0.359375 0.2859375 0.0359375 0.034375
0 0.66875 0.71875 0.0421875 0.040625
0 0.78125 0.6796875 0.0421875 0.0390625
0 0.365625 0.559375 0.0390625 0.0390625
0 0.28125 0.2859375 0.0375 0.034375
0 0.2484375 0.4328125 0.0390625 0.0359375
0 0.53125 0.2625 0.0359375 0.0328125
0 0.215625 0.465625 0.0390625 0.0375
0 0.5296875 0.3390625 0.0359375 0.0328125
0 0.4578125 0.3625 0.0359375 0.034375
0 0.6796875 0.5296875 0.0390625 0.0359375
0 0.1515625 0.4296875 0.0421875 0.0390625
0 0.121875 0.3140625 0.040625 0.0375
0 0.58125 0.4484375 0.0375 0.0359375
0 0.1515625 0.2796875 0.040625 0.0375
0 0.5953125 0.3546875 0.0359375 0.0328125