0 0.31796875 0.015625 0.0453125 0.03125
0 0.3310456265913671 0.05695189743774733 0.0458215773392725 0.04586046360606986
0 0.4544831265913671 0.05120270347638467 0.0442590773392725 0.04578768899896417
0 0.4875 0.0125 0.04375 0.025
0 0.573269489258458 0.04254683333633942 0.0458215773392725 0.04586046360606986
0 0.4931274559198219 0.08532083829873818 0.045839758672817865 0.04742296360606986
0 0.3681274559198219 0.0911428068672068 0.0458215773392725 0.04586046360606986
0 0.18235358792173084 0.08574048511280381 0.04740225867281787 0.04749573821317572
0 0.59375 0.18828125 0.03125 0.0484375
0 0.6618967319382756 0.2427823895798645 0.09298747867599957 0.07304370181924558
0 0.8924558412635488 0.29138674772819756 0.07763519867918127 0.09575345574818712
0 0.4409093332272776 0.8119604210113959 0.10076361600890867 0.07028257485477489
0 0.3125319839274579 0.571198488008288 0.09623974801081765 0.0841267510334573
0 0.22265625 0.56875 0.0765625 0.1
0 0.31167746125082196 0.6446359880082879 0.10078179734245411 0.0718450748547749
0 0.40326497724382226 0.6919047861890423 0.06364542401336308 0.10134848428423418
0 0.40148539592618515 0.576425335403254 0.07607269867918127 0.09568068114108108
0 0.19423542258118576 0.6719690835412273 0.0699317866804539 0.10476458271265762
0 0.5890625 0.54921875 0.040625 0.0609375
0 0.4785740599140949 0.6618491050479612 0.06364542401336308 0.10134848428423418
0 0.5119672679026408 0.7446230636916324 0.06366360534690862 0.10291098428423417
0 0.56484375 0.60546875 0.0890625 0.0671875