0 0.3309365847514469 0.15079405844308766 0.04646474729857708 0.07589464206513981
0 0.4094424743975124 0.3268567585277923 0.05556673151356133 0.07175317363517095
0 0.34999187968741924 0.35834895320965077 0.06908319994353036 0.06319722099021767
0 0.15948870605224813 0.4208320846102726 0.07037268415851479 0.05860072625188941
0 0.2308162164344175 0.2656293741433986 0.05262374203690499 0.07469616311182747
0 0.4503559007341066 0.34627461646265234 0.060072220990217674 0.06890118942018653
0 0.4875 0.20859375 0.025 0.0765625
0 0.1553457795744797 0.25133863196531925 0.06337923151356133 0.07220819994353019
0 0.1933162164344175 0.26781350042352303 0.05124325256024882 0.07773015785015538
0 0.3052547743128079 0.2441646268448217 0.07634966837349921 0.0542772472985769
0 0.380651074510452 0.44688083219119823 0.03690773677523325 0.07222361049510866
0 0.2725024584713226 0.19157024786327428 0.0786556210184525 0.04039675782192056
0 0.35677250070587174 0.32213843742463516 0.0649417315135615 0.0722992052052021
0 0.3817570901542931 0.29421085849955747 0.043339747298576904 0.07571263154179633
0 0.36150623236060736 0.4012799058546041 0.07580363680346806 0.044902247298576906
0 0.4111407532661204 0.24422626905113595 0.08012711575678075 0.0389252630835923
0 0.2921331480326835 0.28230166367652465 0.07672909997176518 0.03405575256024882
0 0.36110993216296333 0.19419544794797883 0.08187162628012441 0.042141268345264396
0 0.2743225637047596 0.1603202478632742 0.0775481473268119 0.04811825256024882
0 0.4127957165755919 0.40296423221943306 0.038470236775233244 0.07231461575678075
0 0.4415871164626523 0.2829401585560271 0.07487817363517095 0.05574874203690498
0 0.19765625 0.0171875 0.0765625 0.034375
0 0.2662678690229011 0.21840576364828976 0.0786556210184525 0.04039675782192056
0 0.27452144282748137 0.3440582110315713 0.07598564732681172 0.0480272472985769
0 0.38745960053646245 0.14283036902290114 0.08141659997176517 0.034328768345264396
0 0.2395402270989356 0.40994081626500833 0.0744231473268119 0.04793624203690516
0 0.24075411660382667 0.44257130574166476 0.07534861049510884 0.037089747298576725
0 0.3127803060240133 0.38231707422810324 0.07682010523343692 0.03561825256024882
0 0.13359375 0.51171875 0.0703125 0.0359375
0 0.23112151137038967 0.4742763320500238 0.07856461575678075 0.038834257821920556
0 0.76953125 0.01796875 0.0484375 0.0359375
0 0.6012028530967113 0.029647100536462467 0.0462981473268119 0.0462981473268119
0 0.7057391636765247 0.0796177374811049 0.04620714206513998 0.04473564732681172
0 0.7292368478350394 0.023747169079370866 0.0462071420651398 0.04473564732681172
0 0.5203125 0.09296875 0.040625 0.0453125
0 0.6848373165473569 0.3315442585277923 0.04638915258848364 0.04786064732681172
0 0.627052721554915 0.0670715058263692 0.0462071420651398 0.04473564732681172
0 0.7787972320782587 0.05511899544419983 0.04786064732681172 0.04638915258848364
0 0.8120955794897752 0.09833837442574733 0.0462071420651398 0.0447356473268119
0 0.5365664165191222 0.31059326364828976 0.04638915258848364 0.0478606473268119
0 0.50625 0.20546875 0.0125 0.0484375
0 0.7317725007058717 0.2743086112009805 0.04804265785015538 0.04951415258848364
0 0.7687096005364624 0.09463652175255906 0.0478606473268119 0.04638915258848364
0 0.5413896953877301 0.22778076364828975 0.04629814732681172 0.0462981473268119
0 0.8191044426863069 0.1384173428557162 0.04786064732681172 0.04638915258848364
0 0.6258402900978235 0.1948324847796818 0.0462981473268119 0.04629814732681172
0 0.7301175373964004 0.11557064803268347 0.0462071420651398 0.04473564732681172
0 0.6311200533225902 0.26459895320965077 0.04482665258848364 0.047769642065139804
0 0.6904950533225902 0.2611407532661204 0.04629814732681172 0.0462981473268119
0 0.6057699847796818 0.1383850637047596 0.04473564732681172 0.0462071420651398
0 0.5573185322759028 0.27512620050822767 0.04638915258848364 0.0478606473268119
0 0.6630056321064937 0.0914498795462448 0.0462071420651398 0.0447356473268119
0 0.5791318900695884 0.16796614789150918 0.0462071420651398 0.0447356473268119
0 0.6991111901260583 0.22015173221943307 0.04638915258848364 0.0478606473268119
0 0.7294063639024035 0.3149336112009805 0.04795165258848364 0.04795165258848364
0 0.6652374480891533 0.29375583219119816 0.04648015785015538 0.049423147326811724
0 0.5666010689664314 0.11575120050822765 0.04629814732681172 0.0462981473268119
0 0.8708489532096507 0.13228916922054523 0.04960515785015538 0.04960515785015538
0 0.6315148954724347 0.311291942686307 0.04648015785015538 0.049423147326811724
0 0.6094732955006696 0.342162511088041 0.04804265785015538 0.04951415258848364
0 0.68515625 0.01875 0.0421875 0.0375
0 0.56796875 0.009375 0.0453125 0.01875
0 0.5203125 0.13515625 0.040625 0.0453125
0 0.7451671427710116 0.2314840743692776 0.04804265785015538 0.04951415258848364
0 0.7240062323606073 0.3541781217243242 0.0462981473268119 0.0462981473268119
0 0.8115943215266801 0.026736390210762906 0.047769642065139985 0.04482665258848364
0 0.7231549058546041 0.15490616381769903 0.044553636803468064 0.04308214206513981
0 0.881848095415965 0.23753811134215486 0.03545165258848364 0.047223610495108835
0 0.884851269051136 0.18597561134215485 0.03554265785015538 0.048786110495108836
0 0.31613063210649356 0.5645820846102726 0.023058068401734032 0.021586573663405773
0 0.4108369163779478 0.6229112531249461 0.021495568401734035 0.021495568401734035
0 0.48157362158314987 0.5580605268730566 0.021495568401734035 0.021495568401734035
0 0.2289036478915091 0.5649908792638961 0.02314907366340595 0.02314907366340595
0 0.3893413479762137 0.6444068215266802 0.02314907366340595 0.02314907366340595
0 0.3426931321064936 0.5630349951618512 0.023149073663405774 0.02314907366340595
0 0.41564624274277673 0.6740187268165869 0.021586573663405773 0.023058068401734032
0 0.48398744808915317 0.75724147951801 0.02314907366340595 0.023149073663405774
0 0.49375 0.6453125 0.0125 0.021875
0 0.46261224800444867 0.6697260689664314 0.021586573663405773 0.023058068401734032
0 0.7169342689099617 0.958164026590708 0.04638915258848364 0.0478606473268119
0 0.7584847320782587 0.966644384525568 0.04638915258848364 0.0478606473268119
0 0.7626849266189428 0.7608494108339272 0.04795165258848364 0.04795165258848364
0 0.8019617162932432 0.9687837371987562 0.04795165258848364 0.04795165258848364
0 0.917525074086929 0.8561633688817267 0.0462981473268119 0.04629814732681172
0 0.9560554950206768 0.7293432636482897 0.04638915258848364 0.04786064732681181
0 0.648151989759005 0.7488338001976441 0.04951415258848364 0.04804265785015556
0 0.8672351897025352 0.6769000740869289 0.04638915258848364 0.04786064732681172
0 0.78057110565696 0.8547968319088495 0.04795165258848364 0.04795165258848364
0 0.6954218319088495 0.7927966318241448 0.04795165258848364 0.04795165258848364
0 0.9681019267601171 0.896819189984884 0.0462981473268119 0.04629814732681172
0 0.9198141581325041 0.683180895190086 0.0462981473268119 0.04629814732681172
0 0.839323021329036 0.7283561582736785 0.04638915258848364 0.04786064732681172
0 0.9198603897872399 0.7625953794050705 0.04795165258848364 0.04795165258848364