0 0.4462717319382755 0.2921968940357277 0.022129538669636163 0.022511497492717504
0 0.49396489194782056 0.22052047083704726 0.022129538669636163 0.022511497492717504
0 0.5376785292807297 0.22237247585161218 0.022129538669636163 0.022511497492717504
0 0.45764558394336624 0.25437864528936893 0.022129538669636163 0.022511497492717504
0 0.38220923193827555 0.29406092240725756 0.02369203866963616 0.02255696159934022
0 0.4515625 0.31171875 0.025 0.0140625
0 0.47423309993636653 0.3054410401165194 0.02369203866963616 0.02255696159934022
0 0.5030671719446389 0.24368518619731114 0.02212953866963625 0.022511497492717504
0 0.4242876439370029 0.3022083915284452 0.022129538669636163 0.022511497492717504
0 0.40110468260663906 0.2810153531277854 0.02212953866963625 0.022511497492717504
0 0.5249421719446389 0.24304868870459365 0.02212953866963625 0.022511497492717504
0 0.4809739959420936 0.26307168369002876 0.022129538669636163 0.02251149749271768
0 0.5611523919478205 0.21856551425227194 0.022129538669636163 0.022511497492717504
0 0.4229978639401846 0.2788163556350679 0.02212953866963625 0.022511497492717504
0 0.38091945194145727 0.2706688865138803 0.02212953866963625 0.022511497492717504
0 0.40239446260345746 0.3044073890211628 0.02212953866963625 0.02251149749271768
0 0.034135358609184506 0.4579007988920081 0.026871582670272433 0.027335389812585476
0 0.040694441279457025 0.4311564424655174 0.02685340133672707 0.025772889812585565
0 0.01015625 0.4703125 0.0203125 0.028125
0 0.009375 0.440625 0.01875 0.025
0 0.6186365332590944 0.744826485880742 0.030032945337363514 0.030551318025830908
0 0.6371854439051863 0.8957979524946472 0.030051126670909055 0.03211381802583091
0 0.5862774719128222 0.8410482680131957 0.030051126670908878 0.03211381802583091
0 0.6621876332750027 0.6264114550019297 0.030032945337363514 0.030551318025830908
0 0.716475143937003 0.6591952112701358 0.03159544533736351 0.030596782132453627
0 0.533135385264185 0.7098270117449894 0.030032945337363514 0.030551318025830908
0 0.5051558359325485 0.6981453656641977 0.03159544533736351 0.030596782132453627
0 0.6753399719128221 0.8384568139357029 0.030051126670908878 0.03211381802583091
0 0.5319183306015484 0.6801849758516122 0.030032945337363514 0.030551318025830908
0 0.6181819999204582 0.783888985880742 0.030051126670908878 0.03211381802583091
0 0.5918922199236398 0.7612243756933277 0.030032945337363514 0.030551318025830908
0 0.6744138185869127 0.7838147780423255 0.030032945337363514 0.030551318025830908
0 0.7230524079408209 0.630888354843645 0.030032945337363514 0.030551318025830908
0 0.6165296879376392 0.6574174140939875 0.030032945337363514 0.030551318025830908
0 0.6299911092457313 0.8429002730277606 0.030051126670908878 0.03211381802583091
0 0.6703990279280942 0.7261386703621936 0.030032945337363514 0.030551318025830908
0 0.6519399292648214 0.7016842396416657 0.030032945337363514 0.030551318025830908
0 0.6869876386060028 0.6428715292959668 0.030032945337363514 0.030551318025830908
0 0.57301604527373 0.6383779090794224 0.030032945337363514 0.030551318025830908
0 0.755227466581822 0.8189506444979461 0.031613626670908876 0.03215928213245363
0 0.7517410292807296 0.5816325009244367 0.030051126670909055 0.03211381802583091
0 0.7015933892425495 0.8642464241231173 0.028470445337363516 0.03050585391920819
0 0.7312990705760951 0.8618201060972863 0.02848862667090888 0.03206835391920819
0 0.5609149399268215 0.7386961578257812 0.030032945337363514 0.030551318025830908
0 0.717584205283275 0.5638827112701359 0.030032945337363514 0.030551318025830908
0 0.5628956105983668 0.7027131937191585 0.030032945337363514 0.030551318025830908
0 0.7403479012571854 0.7553427855641729 0.02845226400381797 0.028943353919208194
0 0.6397490119350939 0.6754854524946472 0.030032945337363514 0.030551318025830908
0 0.7725262439529113 0.540416467538342 0.031613626670908876 0.03215928213245363
0 0.608245567950366 0.5639401987337235 0.030032945337363514 0.030551318025830908
0 0.5662740545830948 0.8150768013992906 0.030051126670908878 0.03211381802583091
0 0.7345524345958214 0.7164621419906636 0.030014764003817973 0.02898881802583091
0 0.5326990332590944 0.7473270117449895 0.031613626670908876 0.03215928213245363
0 0.7654399026098208 0.6124733239648327 0.030032945337363514 0.030551318025830908
0 0.6171820265754587 0.869826485880742 0.030051126670908878 0.03211381802583091
0 0.5924922039306395 0.7096618756933276 0.02845226400381797 0.028943353919208194
0 0.7715819092934564 0.4873369316449646 0.031613626670908876 0.03215928213245363
0 0.6943445105824584 0.8160362446562306 0.028470445337363516 0.03050585391920819
0 0.5150944572724574 0.6494350810244617 0.030032945337363514 0.030551318025830908
0 0.5621138132559127 0.7699006937191586 0.030032945337363514 0.030551318025830908
0 0.7886774079408209 0.6289788623654925 0.031613626670908876 0.03215928213245363
0 0.8191648866168204 0.5593650443396616 0.031613626670908876 0.03215928213245363
0 0.7132785132877293 0.5312066035900038 0.030051126670909055 0.03211381802583091
0 0.47877624395291124 0.5489637195834061 0.031613626670908876 0.03215928213245363
0 0.6667671399586383 0.5013205267886842 0.030051126670908878 0.03211381802583091
0 0.687315997294729 0.4804169934025895 0.030051126670909055 0.03211381802583091
0 0.6842989906110934 0.6054624575092121 0.030051126670908878 0.03211381802583091
0 0.5447455946053664 0.6516962629986308 0.030032945337363514 0.030551318025830908
0 0.6600989692870931 0.537439883215175 0.030051126670908878 0.03211381802583091
0 0.7479433199395482 0.6395359291376822 0.02845226400381797 0.028943353919208194
0 0.764876281269912 0.6609108239648327 0.02845226400381797 0.028943353919208194
0 0.651647933243186 0.8610137755350431 0.030032945337363514 0.030551318025830908
0 0.6400410079567292 0.5161559166012699 0.030032945337363514 0.030551318025830908
0 0.5786489746180932 0.5569915167595545 0.031613626670908876 0.03215928213245363
0 0.776394489258458 0.7449221111118512 0.03159544533736351 0.030596782132453627
0 0.6210546506206385 0.5370139858807421 0.030032945337363514 0.030551318025830908
0 0.5138774026098207 0.6197930451310844 0.03159544533736351 0.030596782132453627
0 0.4779035399427299 0.623963719583406 0.031613626670908876 0.03215928213245363
0 0.5852251439370029 0.6630141962264411 0.028470445337363516 0.03050585391920819
0 0.5991774612508219 0.8063095551602142 0.030051126670908878 0.03211381802583091
0 0.7254672412476403 0.826064462523777 0.028470445337363516 0.03050585391920819
0 0.6548660292807297 0.5844512755350431 0.030032945337363514 0.030551318025830908
0 0.7323194146244565 0.5056610343105317 0.030051126670908878 0.03211381802583091
0 0.5996341839592746 0.49858798337345955 0.030051126670908878 0.03211381802583091
0 0.5930569199554566 0.5268948397999503 0.031613626670908876 0.03215928213245363
0 0.6077739479630926 0.4702356628403462 0.030051126670908878 0.03211381802583091
0 0.715219537237459 0.9013372471635132 0.030051126670908878 0.03211381802583091
0 0.468983073281366 0.5851740042231421 0.031613626670908876 0.03215928213245363
0 0.6855683999045498 0.899076065189344 0.030069308004454242 0.03367631802583091
0 0.6325739532940927 0.48669573713438324 0.030032945337363514 0.030551318025830908
0 0.741275149268003 0.6756552855641729 0.030032945337363514 0.030551318025830908
0 0.5827001279440026 0.6115426244396864 0.030014764003817973 0.02898881802583091
0 0.6763217639242762 0.7540818139357028 0.02845226400381797 0.028943353919208194