0 0.01171875 0.0609375 0.0234375 0.03125
0 0.0109375 0.0125 0.021875 0.025
0 0.15388784820969584 0.7454959722403678 0.08510347727182861 0.1341418762235353
0 0.04921875 0.678125 0.0984375 0.09375
0 0.3609375 0.64609375 0.096875 0.0734375
0 0.14765625 0.63046875 0.0984375 0.0421875
0 0.25644010389173866 0.7090822678865314 0.08822847727182861 0.1342510036281972
0 0.2067242962605312 0.9062499337657804 0.13590231818121906 0.09219247840045348
0 0.3021810722351136 0.8216169842212674 0.08518529788867965 0.1388293762235353
0 0.4904605478853843 0.736483070789089 0.02066705600635448 0.021021828130301047
0 0.4661151128201924 0.7748560900263827 0.0222295560063543 0.02107639183263199
0 0.5760162183400795 0.711607067160892 0.019104556006354478 0.020967264427970277
0 0.5133992159044476 0.7966566789564571 0.020694329545304768 0.022584328130301045
0 0.5321298506453278 0.7053223508261558 0.020667056006354302 0.021021828130301047
0 0.6312412808392558 0.8300644012816427 0.020694329545304768 0.022584328130301045
0 0.6036696598980932 0.7731794842212674 0.020667056006354302 0.021021828130301047
0 0.5693492069759938 0.7775048856725462 0.020667056006354302 0.021021828130301047
0 0.6008719423654971 0.792038611625929 0.0191045560063543 0.020967264427970277
0 0.5986469691508585 0.8437102390305908 0.019104556006354478 0.020967264427970277
0 0.5046787808392557 0.8344840611704422 0.020667056006354302 0.021021828130301047
0 0.5128458368456101 0.8545237426587878 0.019104556006354478 0.020967264427970277
0 0.6120821777550006 0.807281665709613 0.019104556006354478 0.020967264427970277
0 0.5436673685022353 0.7393154049098399 0.020667056006354302 0.021021828130301047
0 0.5879549310014115 0.8581546849469067 0.0191045560063543 0.020967264427970277
0 0.5750731014561067 0.8367161945655536 0.020667056006354302 0.021021828130301047
0 0.5386992248329013 0.8129711597191633 0.0191045560063543 0.020967264427970277
0 0.4346390162287591 0.8525644277753306 0.020667056006354302 0.021021828130301047
0 0.5870549042160503 0.8065921849469067 0.020667056006354302 0.021021828130301047
0 0.5920969602224047 0.8267409938399142 0.02066705600635448 0.021021828130301047
0 0.5480548595737815 0.7219642138028473 0.020667056006354302 0.021021828130301047
0 0.4691503839235108 0.8591765263240518 0.02066705600635448 0.021021828130301047
0 0.44686628083925567 0.8365029181566838 0.020667056006354302 0.021021828130301047
0 0.49083446915085843 0.8474751344914198 0.02066705600635448 0.021021828130301047
0 0.46723332791715644 0.8389185900263827 0.020667056006354302 0.021021828130301047