0 0.5953125 0.4546875 0.021875 0.0203125
0 0.690625 0.440625 0.0203125 0.0203125
0 0.634375 0.4421875 0.0203125 0.0203125
0 0.646875 0.4046875 0.0203125 0.0203125
0 0.6453125 0.425 0.0203125 0.0203125
0 0.6125 0.440625 0.0203125 0.0203125
0 0.6375 0.4640625 0.0203125 0.0203125
0 0.6234375 0.4140625 0.0203125 0.0203125
0 0.596875 0.4109375 0.0203125 0.0203125
0 0.7 0.3984375 0.0203125 0.0203125
0 0.6703125 0.43125 0.021875 0.0203125
0 0.65625 0.446875 0.0203125 0.0203125
0 0.5953125 0.43125 0.0203125 0.0203125
0 0.671875 0.459375 0.021875 0.0203125
0 0.615625 0.4609375 0.0203125 0.0203125
0 0.6875 0.41875 0.0203125 0.0203125
0 0.5734375 0.4328125 0.0203125 0.0203125
0 0.66875 0.40625 0.0203125 0.0203125
0 0.621875 0.48125 0.021875 0.0203125
0 0.709375 0.4171875 0.0203125 0.01875