0 0.2046875 0.3971443352820046 0.021875 0.023532588382282428
0 0.2609375 0.4046875 0.021875 0.009375
0 0.1671875 0.39117775519809206 0.0234375 0.025213487552445457
0 0.1796875 0.40625 0.021875 0.00625
0 0.9609375 0.05941122740319775 0.05 0.0522262734452168
0 0.965625 0.31601642491368687 0.053125 0.05402557178554286
0 0.95 0.01953125 0.05 0.0390625
0 0.965625 0.36132892491368684 0.053125 0.055588071785542856
0 0.9640625 0.2346480257435238 0.053125 0.05715057178554286
0 0.95625 0.10593102989270867 0.0546875 0.058831470955705886
0 0.9640625 0.15183552574352382 0.0515625 0.05390717261537983
0 0.1578125 0.6733731033286366 0.01875 0.020170790041956366
0 0.1 0.7189923340326049 0.01875 0.020170790041956366
0 0.0671875 0.7211934514591812 0.01875 0.020170790041956366
0 0.05625 0.7000521572680402 0.0171875 0.018489890871793334
0 0.1234375 0.6598308215850501 0.0171875 0.018489890871793334
0 0.159375 0.6422415024987996 0.0171875 0.020052390871793335
0 0.10625 0.6835284307132569 0.0171875 0.018489890871793334
0 0.1234375 0.6863933215850502 0.0171875 0.018489890871793334
0 0.0625 0.6645882539486923 0.01875 0.018608290041956365
0 0.0765625 0.7062788464801594 0.0171875 0.018489890871793334
0 0.090625 0.6917194390116267 0.01875 0.020170790041956366
0 0.1515625 0.6244620066479846 0.0171875 0.018489890871793334
0 0.0921875 0.6699628381817897 0.0171875 0.018489890871793334
0 0.0578125 0.6814205564382032 0.0171875 0.018489890871793334
0 0.134375 0.6231596157761914 0.0171875 0.018489890871793334
0 0.059375 0.6440389556083662 0.0171875 0.020052390871793335
0 0.103125 0.6551666323729309 0.01875 0.018608290041956365
0 0.078125 0.6548347456503224 0.0171875 0.018489890871793334
0 0.125 0.6380742207552131 0.0171875 0.018489890871793334
0 0.078125 0.6188972456503224 0.0171875 0.018489890871793334
0 0.08125 0.6363215439906484 0.01875 0.020170790041956366
0 0.0640625 0.6272066531188553 0.0171875 0.018489890871793334
0 0.096875 0.6203180356922788 0.0171875 0.018489890871793334
0 0.115625 0.621738825734235 0.01875 0.018608290041956365
0 0.1046875 0.636535031543094 0.0171875 0.018489890871793334
0 0.88125 0.8163176199253762 0.0234375 0.025213487552445457
0 0.8640625 0.7212652290535828 0.021875 0.023532588382282428
0 0.9109375 0.6545047041584736 0.021875 0.023532588382282428
0 0.940625 0.7723792883915712 0.0234375 0.025213487552445457
0 0.9546875 0.6609448809230383 0.021875 0.023532588382282428
0 0.875 0.6845940232447241 0.021875 0.023532588382282428
0 0.8 0.7164108630768989 0.0234375 0.023650987552445456
0 0.8703125 0.746738825734235 0.0234375 0.025213487552445457
0 0.8921875 0.7374589141165174 0.0234375 0.023650987552445456
0 0.871875 0.779669724904398 0.0234375 0.025213487552445457
0 0.9203125 0.6786525991794518 0.021875 0.023532588382282428
0 0.8421875 0.7289826406713006 0.021875 0.023532588382282428
0 0.81875 0.7053316531188554 0.021875 0.023532588382282428
0 0.9421875 0.6803101875617342 0.021875 0.023532588382282428
0 0.8984375 0.6957450107971695 0.021875 0.023532588382282428
0 0.8953125 0.7626957124568434 0.0234375 0.025213487552445457
0 0.978125 0.6595958684754837 0.021875 0.023532588382282428
0 0.840625 0.7054267415011376 0.021875 0.023532588382282428
0 0.7984375 0.692854963906736 0.021875 0.023532588382282428
0 0.8203125 0.7288875522890181 0.021875 0.023532588382282428