0 0.045264968196750785 0.0578125 0.024119461599340218 0.0234375
0 0.31875 0.2015625 0.021875 0.025
0 0.2329468246232415 0.0640625 0.024073997492717502 0.021875
0 0.4353036318285198 0.3953125 0.03372178213245362 0.03125
0 0.4750982545523465 0.259375 0.03372178213245362 0.03125
0 0.4167067445232167 0.346875 0.03376724623907634 0.0328125
0 0.3865191393503672 0.3296875 0.03372178213245362 0.03125
0 0.3903548446815012 0.4078125 0.035284282132453625 0.03125
0 0.4497011009497074 0.353125 0.03215928213245363 0.03125
0 0.3609375 0.44765625 0.034375 0.0234375
0 0.5287688238318187 0.278125 0.03372178213245362 0.03125
0 0.5108826418576496 0.3078125 0.03372178213245362 0.03125
0 0.05390625 0.47578125 0.0609375 0.0328125
0 0.2803146034569899 0.4875 0.05720474623907634 0.0328125
0 0.09800220862983933 0.5046875 0.057386602665567034 0.0390625
0 0.31640625 0.4984375 0.0265625 0.034375
0 0.10528116270733215 0.59375 0.05586956677218975 0.040625
0 0.309375 0.57421875 0.040625 0.0421875
0 0.16148569860070947 0.5921875 0.06037521034569897 0.034375
0 0.2404290525199178 0.6203125 0.05586956677218957 0.040625
0 0.05826977038746413 0.5890625 0.04217077962517113 0.053125
0 0.18203125 0.48046875 0.0359375 0.0421875
0 0.2270652344940868 0.590625 0.057341138558944314 0.0375
0 0.28159962179938997 0.6390625 0.057386602665567034 0.0390625
0 0.05153638558944347 0.51875 0.05444345909205772 0.0453125
0 0.3040823755603136 0.60625 0.048329851411925875 0.05
0 0.1779290525199178 0.6203125 0.06042067445232178 0.0359375
0 0.1171875 0.4734375 0.0375 0.028125
0 0.0954348012662765 0.63125 0.04373327962517113 0.053125
0 0.0993206677218971 0.55 0.04221624373179385 0.0546875
0 0.22241117524374446 0.484375 0.04364235141192587 0.05
0 0.30703125 0.46640625 0.0453125 0.0140625
0 0.30625 0.52578125 0.046875 0.0484375
0 0.02734375 0.546875 0.0546875 0.040625
0 0.1258497269722394 0.65625 0.03288670783841656 0.05625
0 0.2599399189755383 0.5390625 0.04993781551854859 0.0515625
0 0.21743417022917955 0.528125 0.03900031551854841 0.0515625
0 0.015625 0.503125 0.03125 0.05
0 0.15285484468150123 0.5640625 0.060193353919208194 0.028125
0 0.2234808964099962 0.7359375 0.04226170783841639 0.05625
0 0.16192831630997126 0.5 0.04515938730530315 0.0484375
0 0.20772420110799192 0.5703125 0.057295674452321775 0.0359375
0 0.3140625 0.734375 0.03125 0.025
0 0.24027593982522086 0.66875 0.045341243731793844 0.0546875
0 0.1863158655311837 0.69375 0.05904003087881229 0.0421875
0 0.3140625 0.6890625 0.03125 0.05