0 0.3859375 0.4109375 0.08125 0.0828125
0 0.5703125 0.475 0.0859375 0.078125
0 0.628125 0.428125 0.0640625 0.0953125
0 0.484375 0.49375 0.096875 0.059375
0 0.378125 0.484375 0.06875 0.090625
0 0.4609375 0.4046875 0.06875 0.090625
0 0.615625 0.5546875 0.0921875 0.06875
0 0.4046875 0.5765625 0.071875 0.090625
0 0.3140625 0.4875 0.065625 0.09375
0 0.321875 0.640625 0.0953125 0.0640625
0 0.56875 0.6171875 0.0953125 0.059375
0 0.321875 0.571875 0.0890625 0.0765625
0 0.6765625 0.64375 0.0921875 0.084375
0 0.5125 0.746875 0.0609375 0.1
0 0.48125 0.665625 0.0609375 0.09375
0 0.690625 0.8109375 0.1 0.071875
0 0.409375 0.690625 0.0625 0.0953125
0 0.7125 0.753125 0.103125 0.06875
0 0.4453125 0.809375 0.096875 0.0640625
0 0.2390625 0.565625 0.06875 0.0921875
0 0.215625 0.659375 0.0640625 0.0953125