0 0.6796875 0.578125 0.046875 0.0515625
0 0.4015625 0.4859375 0.0296875 0.0640625
0 0.640625 0.55625 0.059375 0.0375
0 0.621875 0.4984375 0.028125 0.059375
0 0.5546875 0.4421875 0.046875 0.053125
0 0.609375 0.3796875 0.059375 0.0359375
0 0.5921875 0.4328125 0.0296875 0.0609375
0 0.3859375 0.3984375 0.0609375 0.034375
0 0.5015625 0.59375 0.0375 0.0609375
0 0.4921875 0.4984375 0.0421875 0.0578125
0 0.6203125 0.4390625 0.0265625 0.059375
0 0.40625 0.721875 0.0421875 0.0625
0 0.5828125 0.484375 0.0546875 0.04375
0 0.675 0.45625 0.0609375 0.034375
0 0.6828125 0.421875 0.059375 0.0359375
0 0.3859375 0.3453125 0.0578125 0.04375
0 0.5859375 0.6703125 0.040625 0.0625
0 0.6640625 0.4890625 0.0578125 0.0296875
0 0.45 0.36875 0.0609375 0.0359375
0 0.375 0.5421875 0.0609375 0.0359375
0 0.4234375 0.2765625 0.03125 0.0609375
0 0.5609375 0.3703125 0.059375 0.034375
0 0.4515625 0.5640625 0.059375 0.034375
0 0.5125 0.425 0.0578125 0.0375
0 0.675 0.640625 0.0421875 0.053125