0 0.2625 0.0171875 0.046875 0.034375
0 0.37906004152867745 0.030055630786266985 0.047769642065139985 0.045091256939830335
0 0.2459591151920833 0.060541772056108646 0.04786064732681172 0.046653756939830336
0 0.2660587835655825 0.10944034700996604 0.04786064732681172 0.04665375693983016
0 0.9900731362387708 0.03857382788851815 0.01809755261671846 0.016726425046142523
0 0.99375 0.053125 0.0125 0.01875
0 0.9784831888554892 0.054999864285712706 0.0181885578783902 0.018288925046142525
0 0.99140625 0.021875 0.0171875 0.015625
0 0.3800933785580245 0.58915122609819 0.110784852532014 0.11139617982650449
0 0.37212677304223873 0.8562781693429299 0.11243835779368574 0.11305880937615384
0 0.37523782053845983 0.7212022624953847 0.112347352532014 0.11149630937615385
0 0.6636185100998206 0.5793571190660747 0.04867969468185827 0.060716256939830335
0 0.56640625 0.428125 0.0671875 0.0375
0 0.7480845153614926 0.5755126233850113 0.057872684158514785 0.05819203423772627
0 0.7553818048946186 0.5123117165374661 0.05456567363517095 0.05486677513842757
0 0.578149988911959 0.727552392045034 0.06403167889684287 0.05703005243632351
0 0.7886632837067568 0.652897143743077 0.06900760523343692 0.03555557063492074
0 0.8296985364081799 0.5765558868032467 0.0665196420651398 0.046292811535622216
0 0.7166833259413059 0.5210649552786991 0.03645271046687402 0.06460272054263569
0 0.48432293615406613 0.8668733127722398 0.041686242036904984 0.07427810919158376
0 0.7466732047816791 0.6320630120339593 0.06366765785015538 0.05078005243632351
0 0.671127173211648 0.6274942304171267 0.054929694681858446 0.06111677513842757
0 0.8128148732963526 0.5290195527500906 0.0426117052052021 0.0634407387412331
0 0.5732357047816791 0.643177392045034 0.0488617052052021 0.06384125693983034
0 0.7761339206513993 0.5454851619416743 0.043901189420186525 0.05885336829088237
0 0.7159090521931954 0.5885528439276471 0.06090667889684287 0.0568297933370248
0 0.5893927838479313 0.5166754488002941 0.05345819994353036 0.06257914558877822
0 0.656274988911959 0.7225459145625679 0.038197220990217676 0.06782785009228505
0 0.5159706943995097 0.4947189080841629 0.07222361049510884 0.037318329734219446
0 0.7788934415569123 0.7005731801402716 0.061179694681858444 0.06151729333702498
0 0.8248877519955513 0.7901573118493892 0.042793715728545935 0.0665657387412331
0 0.5337644101280555 0.557880242137319 0.07222361049510884 0.037318329734219446
0 0.8364175152203182 0.7188435163528959 0.05189569994353036 0.062479016039128865
0 0.5163934415569124 0.7173949444813574 0.06265118942018652 0.060054922886674335
0 0.8005416574266324 0.6144959777962331 0.06651964206513998 0.046292811535622216
0 0.7754337835655825 0.8027364574381675 0.07286064732681172 0.04825582973421945