0 0.659375 0.4796875 0.0515625 0.0421875
0 0.3875 0.5671875 0.05 0.046875
0 0.48125 0.4390625 0.0578125 0.028125
0 0.49375 0.4671875 0.05625 0.034375
0 0.4390625 0.515625 0.0578125 0.0328125
0 0.3984375 0.7171875 0.059375 0.0359375
0 0.5046875 0.5109375 0.034375 0.0578125
0 0.540625 0.440625 0.053125 0.0421875
0 0.4921875 0.7390625 0.0328125 0.0625
0 0.5171875 0.6140625 0.046875 0.0484375
0 0.43125 0.58125 0.053125 0.04375
0 0.43125 0.4859375 0.0609375 0.0296875
0 0.4796875 0.553125 0.0375 0.05625
0 0.671875 0.5421875 0.04375 0.05
0 0.4984375 0.68125 0.0328125 0.0578125
0 0.3890625 0.6296875 0.05625 0.0421875
0 0.5984375 0.375 0.0484375 0.046875
0 0.6390625 0.4546875 0.0578125 0.03125
0 0.6515625 0.58125 0.040625 0.0515625
0 0.4765625 0.8359375 0.03125 0.0640625
0 0.4375 0.453125 0.0578125 0.03125
0 0.565625 0.6390625 0.046875 0.046875
0 0.484375 0.4125 0.0578125 0.03125
0 0.503125 0.3390625 0.0515625 0.040625
0 0.53125 0.465625 0.046875 0.046875
0 0.4734375 0.4984375 0.034375 0.0546875
0 0.5796875 0.68125 0.05625 0.0359375
0 0.6171875 0.55 0.0296875 0.0578125
0 0.415625 0.828125 0.034375 0.0625
0 0.54375 0.346875 0.05625 0.0328125
0 0.4078125 0.6625 0.0578125 0.0359375
0 0.5421875 0.5875 0.0328125 0.059375
0 0.6 0.5859375 0.034375 0.0546875
0 0.4609375 0.7328125 0.040625 0.0546875
0 0.5828125 0.4671875 0.05625 0.0234375
0 0.6046875 0.628125 0.05625 0.03125
0 0.565625 0.534375 0.0359375 0.0578125
0 0.615625 0.5 0.0296875 0.0578125
0 0.4421875 0.640625 0.0578125 0.0328125
0 0.4875 0.6390625 0.0359375 0.0546875
0 0.53125 0.653125 0.0546875 0.0390625
0 0.675 0.5015625 0.053125 0.0390625
0 0.534375 0.4046875 0.0546875 0.0328125
0 0.575 0.4921875 0.05625 0.0296875
0 0.7078125 0.509375 0.040625 0.0515625
0 0.715625 0.553125 0.0578125 0.0375
0 0.540625 0.690625 0.0515625 0.0453125
0 0.4703125 0.7859375 0.0328125 0.0640625
0 0.534375 0.79375 0.0359375 0.0578125
0 0.571875 0.590625 0.0296875 0.0578125
0 0.6984375 0.428125 0.0453125 0.0515625
0 0.4640625 0.68125 0.0390625 0.059375
0 0.39375 0.6859375 0.0578125 0.03125
0 0.6359375 0.603125 0.0390625 0.053125
0 0.540625 0.871875 0.0421875 0.0515625
0 0.5765625 0.3953125 0.0421875 0.0515625
0 0.621875 0.7265625 0.0359375 0.0578125
0 0.4375 0.7015625 0.0328125 0.0625
0 0.5875 0.709375 0.0578125 0.0359375
0 0.6453125 0.4296875 0.0546875 0.021875
0 0.7578125 0.471875 0.034375 0.05625
0 0.39375 0.515625 0.034375 0.0578125
0 0.5125 0.56875 0.034375 0.059375
0 0.540625 0.5515625 0.0484375 0.046875
0 0.340625 0.553125 0.03125 0.059375
0 0.5203125 0.753125 0.03125 0.0625
0 0.68125 0.61875 0.05625 0.0359375
0 0.3203125 0.70625 0.053125 0.05
0 0.4984375 0.7984375 0.03125 0.0609375
0 0.6328125 0.6765625 0.053125 0.0421875
0 0.446875 0.3859375 0.059375 0.0328125
0 0.4234375 0.78125 0.0609375 0.034375
0 0.4765625 0.6015625 0.0375 0.0578125
0 0.690625 0.4625 0.046875 0.05
0 0.490625 0.3765625 0.0546875 0.0421875
0 0.590625 0.8078125 0.0453125 0.0546875
0 0.3046875 0.6640625 0.0640625 0.040625
0 0.5625 0.759375 0.0296875 0.0640625
0 0.5671875 0.8234375 0.0546875 0.0453125
0 0.575 0.434375 0.0484375 0.0421875
0 0.503125 0.8859375 0.0328125 0.0578125
0 0.3703125 0.8265625 0.0546875 0.046875
0 0.5296875 0.3734375 0.0546875 0.0375
0 0.66875 0.646875 0.05625 0.0359375
0 0.53125 0.7125 0.0546875 0.04375
0 0.321875 0.6140625 0.0609375 0.034375
0 0.4484375 0.6 0.0484375 0.0515625
0 0.365625 0.521875 0.03125 0.059375
0 0.3484375 0.6578125 0.03125 0.065625
0 0.61875 0.653125 0.0578125 0.03125
0 0.6453125 0.40625 0.05625 0.0296875
0 0.428125 0.4203125 0.05625 0.0328125
0 0.55 0.9125 0.059375 0.0375
0 0.4359375 0.5453125 0.0578125 0.03125
0 0.578125 0.8703125 0.0484375 0.0515625
0 0.6625 0.690625 0.0453125 0.0515625
0 0.38125 0.6046875 0.0546875 0.04375
0 0.340625 0.7890625 0.0453125 0.0609375
0 0.73125 0.4765625 0.0375 0.0578125
0 0.64375 0.74375 0.028125 0.0609375
0 0.2671875 0.7125 0.040625 0.0640625
0 0.4640625 0.3390625 0.0515625 0.0484375
0 0.3796875 0.7796875 0.0328125 0.065625
0 0.3109375 0.775 0.0421875 0.065625
0 0.390625 0.4625 0.0390625 0.0578125
0 0.5328125 0.50625 0.034375 0.0578125
0 0.4546875 0.875 0.0578125 0.04375
0 0.35625 0.721875 0.0265625 0.0703125
0 0.703125 0.5734375 0.059375 0.040625
0 0.59375 0.53125 0.021875 0.059375
0 0.5234375 0.840625 0.05625 0.0390625
0 0.60625 0.425 0.0203125 0.0578125
0 0.7421875 0.51875 0.05 0.0421875
0 0.61875 0.7828125 0.0234375 0.0609375
0 0.4109375 0.753125 0.059375 0.034375
0 0.6390625 0.528125 0.0296875 0.0578125
0 0.446875 0.8265625 0.0328125 0.0640625
0 0.59375 0.7578125 0.03125 0.0640625
0 0.7 0.5953125 0.0546875 0.0390625