0 0.3635402838096563 0.274811131184672 0.05327548620519007 0.06658146424430508
0 0.41043521596726046 0.35966462118273235 0.05187676051544958 0.06957891848667064
0 0.3569428030315331 0.19289145148811376 0.05015048620519007 0.066326372729036
0 0.37309234622498516 0.33004076512359576 0.06471095318850324 0.047289330305381405
0 0.298979816826343 0.2598555530053225 0.06191350180902226 0.05328423879011233
0 0.2203435617379604 0.18692797815995288 0.04702548620519007 0.06607128121376711
0 0.2812744176854257 0.15239373936984055 0.06651911465389251 0.05210437606301603
0 0.3158464122583588 0.29426250391370806 0.05911605042954129 0.05927914727484325
0 0.3164461985544059 0.4015648208831699 0.05039614767057934 0.071013872729036
0 0.2279236883776406 0.2500976578565111 0.05936171189493056 0.06396664727484325
0 0.41500760854945706 0.21304471269800143 0.05870661465389251 0.05146664727484325
0 0.19470839665452652 0.2901485730092018 0.06528416327441153 0.05822683030538141
0 0.17692111035847943 0.1842492593737198 0.04579053482570909 0.07219373545613231
0 0.4883565773417926 0.1790526078468128 0.04381859905006032 0.06425368969849785
0 0.2893458672558843 0.20618841906639868 0.06372166327441171 0.05809928454774678
0 0.2618007213943273 0.22710669694618585 0.06076043758467105 0.06096919303247787
0 0.4482428324301752 0.2616736602724071 0.06010534034363317 0.048469193032477875
0 0.46800205450187116 0.35963292815025455 0.06471095318850324 0.047289330305381405
0 0.2025408288121307 0.3781907069481255 0.047598696291098364 0.07700878121376711
0 0.29193968000989756 0.037948602096936936 0.050068599050060315 0.06476387272903601
0 0.22123767639185293 0.14018052391758734 0.06306656603337366 0.045599284547746775
0 0.49155017639185294 0.11811510784681278 0.0619953889641522 0.05484673879011233
0 0.1477868882867835 0.0870552660416796 0.042501760515449585 0.0688136439408634
0 0.3372433774326497 0.36097177179155543 0.05195864767057934 0.07114141848667047
0 0.2485836691557637 0.33086942573435857 0.07030585594746519 0.03529951333591956
0 0.13817951492646366 0.15162794907221783 0.04373671189493074 0.06269118969849785
0 0.15390625 0.0265625 0.0390625 0.053125
0 0.1367940773417926 0.20775040331458322 0.05393722749876275 0.04952151000193972
0 0.08486200588135215 0.39713163877071567 0.031973696291098364 0.07573332363742154
0 0.209375 0.94921875 0.10625 0.1015625
0 0.08939901967616208 0.8159135896791012 0.10672139077317429 0.10672797424624463
0 0.22509085821077282 0.8095046087648967 0.10663950361804453 0.10516547424624481
0 0.075 0.95234375 0.109375 0.0953125
0 0.23887447648271004 0.6652444257343586 0.10803822930778502 0.10216802000387944
0 0.11640625 0.546875 0.1078125 0.05625
0 0.10326452510322906 0.6700909066485631 0.10499511646291496 0.10347542848861017
0 0.25625 0.54296875 0.10625 0.0484375
0 0.5562810617379604 0.9325272627076998 0.022939533016686654 0.022098140606883553
0 0.58125 0.99765625 0.021875 0.0046875
0 0.5603201085494571 0.9742045796771617 0.02137703301668683 0.021970594849248924