0 0.3222391046291673 0.2586669077703959 0.035976041356328814 0.03657785009228505
0 0.3982237158778723 0.318060496603914 0.035976041356328994 0.03657785009228505
0 0.440625 0.23984375 0.01875 0.0359375
0 0.7258306774170276 0.15414009407530535 0.02452911910658786 0.024939443244739935
0 0.9566141046291673 0.259283878774457 0.022893844499482084 0.023276813695090583
0 0.9371021253073316 0.2751696946290158 0.022893844499482084 0.023276813695090583
0 0.9248503742738743 0.17935654688076924 0.024529119106587772 0.024939443244739935
0 0.9336517936281312 0.30143180598006775 0.022893844499482084 0.023276813695090583
0 0.8719822394515209 0.21491451264304295 0.022893844499482084 0.023276813695090583
0 0.98828125 0.29140625 0.0234375 0.0234375
0 0.9315755632728384 0.2234069355297171 0.022893844499482084 0.023276813695090583
0 0.9715498999144374 0.2789350447213009 0.022893844499482084 0.023276813695090583
0 0.8657664727022978 0.18180162399409489 0.022893844499482084 0.023276813695090583
0 0.41645136931147564 0.5629676881506107 0.03263271753501122 0.03169009099298634
0 0.4625 0.7015625 0.025 0.128125
0 0.5375430810555187 0.74840933065707 0.13034677956950452 0.08936049352159507
0 0.5736088978475229 0.48588834669619907 0.13270980024766904 0.10664812307124442
0 0.5046875 0.42109375 0.109375 0.1046875
0 0.4921875 0.646875 0.084375 0.115625
0 0.6669009412707665 0.716195212827613 0.1177397717116218 0.11970932757475125
0 0.49375 0.5671875 0.0875 0.134375
0 0.6642168970189534 0.7923571946290158 0.13132708271265764 0.07696062307124443