0 0.009375 0.21796875 0.01875 0.0359375
0 0.03946849893705471 0.4468845783603804 0.03746550790866543 0.03959312101845249
0 0.028202029583133115 0.30057102048199 0.026782675893442943 0.04520608418674961
0 0.0078125 0.33984375 0.015625 0.0453125
0 0.0186652034994097 0.26555898365028713 0.03284167490485963 0.04088260523343692
0 0.021609836883776268 0.4239175152203181 0.025283842889637496 0.04667757892507751
0 0.019052522663050908 0.3329284941736308 0.03446784190105419 0.04253611049510884
0 0.04405783984952567 0.41112908888372407 0.0284725098858317 0.04842208944842134
0 0.04676102859454998 0.30635058362205225 0.0269100098858317 0.048331084186749605
0 0.00625 0.16015625 0.0125 0.0453125
0 0.0078125 0.3015625 0.015625 0.040625
0 0.01015625 0.44375 0.0203125 0.04375
0 0.009375 0.409375 0.01875 0.04375
0 0.03184168273916317 0.3649975415286774 0.04495967292769336 0.03223564732681172
0 0.01953125 0.096875 0.0390625 0.034375
0 0.034064710419491995 0.23356553100533367 0.0432698389353046 0.029019642065139805
0 0.033422723271073276 0.17244602048199004 0.04288783695813834 0.019644642065139807
0 0.032786053309129315 0.18807102048199004 0.04445033695813834 0.0197356473268119
0 0.01015625 0.2546875 0.0203125 0.0375
0 0.042230037491798544 0.26379906257536484 0.026719008897248563 0.04364358418674961
0 0.016519066160710593 0.1260414573419279 0.025220175893442942 0.045115078925077864
0 0.0046875 0.1015625 0.009375 0.028125
0 0.033393548366213464 0.21159952574366195 0.04320617193911023 0.027457142065139807
0 0.03542557505795916 0.0848550152203182 0.03590300790866543 0.039502115756780753
0 0.043861521674467774 0.3390720783603804 0.033096342889637496 0.04713260523343692
0 0.034186727225405986 0.15369602048199002 0.04307883794672165 0.024332142065139804
0 0.024764011788635985 0.38494602048199 0.04445033695813834 0.0197356473268119
0 0.04008390015309935 0.1242815362670056 0.029844008897248565 0.043825594710093264
0 0.01171875 0.1921875 0.0234375 0.03125
0 0.7199968932330172 0.43858623094886406 0.022702670950527092 0.021586573663405773
0 0.6478672252482396 0.44064998891195895 0.024328837946721648 0.02324007892507769
0 0.6873409021302657 0.3943966151920833 0.022702670950527092 0.021586573663405773
0 0.6818602232710733 0.45202710466873963 0.02276633794672147 0.02314907366340595
0 0.7176995641835442 0.4180917204255203 0.021140170950527094 0.021495568401734035
0 0.6717503942216003 0.43107756783703677 0.02276633794672147 0.023149073663405774
0 0.6833882311797386 0.41452710466873965 0.022702670950527092 0.02158657366340595
0 0.6969413952101835 0.4278461520237863 0.02276633794672147 0.02314907366340595
0 0.7200897351340714 0.3978702256871921 0.021076503954332713 0.019933068401734033
0 0.647514398175933 0.41087148365028714 0.02276633794672147 0.023149073663405774
0 0.015625 0.984375 0.03125 0.03125
0 0.6298520542977125 0.725814673211648 0.05946784190105418 0.04399219468185844
0 0.5858765612177947 0.6903630206231643 0.06090300790866543 0.04095819994353036
0 0.758526199545077 0.8351126204537552 0.05647017589344294 0.04693518415851479
0 0.897907034526049 0.8353995887425498 0.05621550790866543 0.040685184158514784
0 0.6928375325488826 0.8328528994635376 0.06246550790866543 0.0410492052052021
0 0.6291862094309089 0.7805931784733199 0.04135451186299797 0.058525131541796324
0 0.8163625572634621 0.7225817993505981 0.059276840912471054 0.039304694681858265
0 0.623931023651634 0.8711271732116479 0.04760451186299797 0.05888915258848364
0 0.6865424060845984 0.6414088521084909 0.04910334486680377 0.05741765785015538
0 0.8081150226630509 0.8865532940889261 0.058032675893442943 0.04702618942018653
0 0.5543135434232976 0.7730999259130711 0.059531508897248564 0.045554694681858444
0 0.7088790266173837 0.8619789573419279 0.061030341901054184 0.04408319994353036
0 0.9247188853243518 0.7539521676676275 0.051719008897248564 0.04509966837349921
0 0.5775255503433798 0.741561499576477 0.0519100098858317 0.04978716837349921
0 0.7677155157429687 0.91709066254713 0.046042011862998146 0.0587981473268119
0 0.8328895295831332 0.8551058730140039 0.04897601087441501 0.05429265785015538
0 0.8427048813700191 0.7679698940606914 0.05041117688202625 0.05125866311182729
0 0.6536370641835443 0.6802137468750539 0.03829317885919252 0.059905621018452496
0 0.8073350671492937 0.6750697625188951 0.03835684585538672 0.06146812101845249
0 0.9097252380998209 0.6606726045275654 0.05615184091247087 0.03912268415851479
0 0.6863620394689649 0.7995853731551783 0.05908583992388792 0.03461719468185827
0 0.9323218438038584 0.9517372202843459 0.04903967787060939 0.05585515785015538
0 0.8841920444118807 0.7876145361258312 0.03985567885919252 0.05999662628012441
0 0.7696255256288005 0.87021566254713 0.0534725098858317 0.049878173635170955
0 0.8453550374917984 0.8182429098457069 0.053217841901054184 0.04362817363517095
0 0.5376645542977124 0.720445362773009 0.0446068458553869 0.0618321420651398
0 0.8006340809894581 0.608898730948864 0.047540844866803766 0.05732665258848364
0 0.7149433428152753 0.9437749889119589 0.05809634288963732 0.04858868942018653
0 0.8546875 0.98671875 0.059375 0.0265625
0 0.7392323714841873 0.8089295520520212 0.054716674904859805 0.04215667889684287
0 0.9188800622063779 0.7050596413592682 0.04129084486680377 0.05696263154179633
0 0.7585447400769872 0.642470094145396 0.03829317885919252 0.059905621018452496
0 0.5851523665412715 0.8234485364081798 0.042980678859192524 0.060178636803468064
0 0.753642381370019 0.762782594145396 0.04285334486680377 0.05705363680346807
0 0.7216230602292116 0.7029679783886152 0.03979201186299797 0.05843412628012423
0 0.9249443784042695 0.7868556729292994 0.052581171939110403 0.028003173635170953
0 0.8674157212939069 0.738084972985769 0.05458934091247088 0.03903167889684287
0 0.8861948961987667 0.7000235308641594 0.03810217787060921 0.05521812101845249
0 0.7601762242596564 0.7177431099304115 0.04428851087441501 0.05401964206513998
0 0.6971668882901012 0.7266028994635375 0.04897601087441501 0.05429265785015538
0 0.8511355108000528 0.9454424466774098 0.052228344866803764 0.05759966837349921
0 0.7953205454004639 0.7777397362105358 0.04741351087441501 0.05420165258848364
0 0.6333988655526882 0.8309571995200071 0.05634284190105419 0.04381018415851479
0 0.912067693613578 0.8722471413592683 0.05060217787060921 0.0559461631118273
0 0.8425669130046807 0.6176058730140038 0.04910334486680377 0.05741765785015538
0 0.5388397351340714 0.653166857511337 0.04610567885919252 0.0603606473268119
0 0.9116352479856527 0.6137976045275654 0.044415844866803764 0.057144642065139806
0 0.75 0.98046875 0.040625 0.0390625
0 0.6541623517125238 0.897947278445085 0.029109179847775658 0.06404708944842134
0 0.8634232410655704 0.6438799466774098 0.045978344866803765 0.0572356473268119
0 0.8477053991645163 0.6836858993223632 0.0487850098858317 0.04960515785015538