0 0.09023166718346158 0.2147959294296402 0.06716651603912896 0.05291718639013112
0 0.19183853023255662 0.4254606417986718 0.05632914558877822 0.05371486188449896
0 0.01171875 0.55 0.0234375 0.05625
0 0.15507900987449103 0.3922546578902152 0.04120479333702498 0.060434755447881724
0 0.0078125 0.515625 0.015625 0.0375
0 0.021875 0.41953125 0.04375 0.0546875
0 0.1419992165374661 0.4507227217521856 0.04256703423772627 0.05741901609154336
0 0.06840103023255661 0.43409223264794894 0.0616779796419344 0.040089404459146036
0 0.0893352914913236 0.47151582299302286 0.06031573874123293 0.04310514381548423
0 0.07995789636397066 0.350842690073302 0.06354086829088237 0.04488616510280767
0 0.14115860734588245 0.4881134611085239 0.061778109191583754 0.041651904459145864
0 0.025 0.38046875 0.05 0.0453125
0 0.0984284916758937 0.4024380410620377 0.0632404796419344 0.040198665102807674
0 0.05019364590254529 0.5240288177972428 0.036417163787375625 0.05854447351689647
0 0.09560627545219465 0.5192977591310525 0.06031573874123293 0.04310514381548423
0 0.02890625 0.31328125 0.0578125 0.0546875
0 0.02265625 0.46328125 0.0453125 0.0546875
0 0.2357282325765951 0.395948104419805 0.06364099784053164 0.04644866510280767
0 0.5102437785345136 0.036943717060608616 0.03325259099298643 0.03343521287323466
0 0.48794967150239826 0.11783308414088767 0.03481509099298643 0.03354447351689647
0 0.40546875 0.1046875 0.0109375 0.034375
0 0.5034349691583598 0.14319371706060863 0.0349152205426357 0.03510697351689647
0 0.4078125 0.15 0.015625 0.034375
0 0.5296875 0.01015625 0.034375 0.0203125
0 0.4274522624953846 0.09095350988735706 0.03481509099298643 0.03354447351689647
0 0.45301346699889145 0.10472107894510758 0.0349152205426357 0.03510697351689647
0 0.40859375 0.0484375 0.0171875 0.034375
0 0.4659535579918779 0.07270625443947543 0.0349152205426357 0.03510697351689647
0 0.44215511258766965 0.05570442473806318 0.03491522054263578 0.03510697351689647
0 0.4140625 0.01953125 0.028125 0.0328125
0 0.49296875 0.0125 0.0328125 0.025
0 0.48045614898486433 0.04058216929018155 0.033252590992986344 0.03343521287323466
0 0.4375 0.009375 0.034375 0.01875
0 0.06640625 0.66484375 0.0359375 0.0296875
0 0.7236731138242873 0.7535199398212005 0.061778109191583754 0.04165190445914604
0 0.807629006792172 0.8269795831324815 0.05749112739018099 0.0475741225281606
0 0.7641188386858598 0.8020231417986718 0.044630181985972864 0.065340776735205
0 0.8028389821151698 0.7075411682817754 0.03223031153562221 0.06602919158591121
0 0.7753147594130657 0.7001328598676866 0.03379281153562221 0.06613845222957301
0 0.8153203932816517 0.7797768012014963 0.03994268198597286 0.06501299480421992
0 0.8489339296788462 0.7649823276845998 0.03213018198597286 0.0644666915859112
0 0.8777388525655205 0.703859157386012 0.038480311535622036 0.06646623416055811