0 0.353125 0.2171875 0.046875 0.06875
0 0.3171875 0.3078125 0.0578125 0.0625
0 0.540625 0.428125 0.05625 0.0609375
0 0.5125 0.4546875 0.05625 0.0609375
0 0.5875 0.3765625 0.0671875 0.05
0 0.534375 0.35 0.046875 0.0671875
0 0.384375 0.35 0.046875 0.06875
0 0.375 0.1625 0.0671875 0.0515625
0 0.440625 0.3125 0.06875 0.04375
0 0.609375 0.4546875 0.046875 0.0640625
0 0.5 0.2703125 0.0671875 0.0453125
0 0.4484375 0.4453125 0.06875 0.0453125
0 0.4046875 0.2484375 0.053125 0.0640625
0 0.434375 0.5953125 0.065625 0.0578125
0 0.328125 0.40625 0.0625 0.05625
0 0.575 0.6375 0.0671875 0.046875
0 0.596875 0.5125 0.0640625 0.0546875
0 0.559375 0.3015625 0.0578125 0.059375
0 0.484375 0.5515625 0.065625 0.05
0 0.3203125 0.46875 0.0484375 0.0671875
0 0.5953125 0.5703125 0.0609375 0.0609375
0 0.315625 0.7 0.0515625 0.071875
0 0.50625 0.6140625 0.053125 0.0640625
0 0.53125 0.6875 0.05625 0.065625
0 0.4484375 0.696875 0.0703125 0.046875
0 0.3625 0.775 0.0484375 0.075
0 0.559375 0.765625 0.071875 0.0484375
0 0.4546875 0.19375 0.0546875 0.0625
0 0.4859375 0.79375 0.0484375 0.0734375
0 0.4265625 0.7875 0.046875 0.075
0 0.6390625 0.3140625 0.0484375 0.0609375
0 0.59375 0.2234375 0.0375 0.0671875