0 0.3 0.65 0.065625 0.0640625
0 0.4546875 0.5875 0.053125 0.06875
0 0.3578125 0.5453125 0.078125 0.05
0 0.28125 0.7734375 0.046875 0.0703125
0 0.165625 0.4109375 0.071875 0.0671875
0 0.265625 0.6890625 0.071875 0.053125
0 0.36875 0.603125 0.0703125 0.05625
0 0.3609375 0.4125 0.05625 0.0734375
0 0.3265625 0.7328125 0.078125 0.034375
0 0.275 0.534375 0.075 0.0546875
0 0.4078125 0.6921875 0.0640625 0.0609375
0 0.178125 0.478125 0.0546875 0.0765625
0 0.5953125 0.7625 0.071875 0.0484375
0 0.3328125 0.6265625 0.0640625 0.05625
0 0.284375 0.5828125 0.0546875 0.0703125
0 0.571875 0.6609375 0.0703125 0.05
0 0.528125 0.609375 0.06875 0.05625
0 0.2328125 0.5828125 0.0484375 0.071875
0 0.18125 0.6140625 0.075 0.0484375
0 0.146875 0.7875 0.053125 0.0703125
0 0.4140625 0.796875 0.05 0.0671875
0 0.625 0.5703125 0.046875 0.071875
0 0.2 0.33125 0.0828125 0.05625
0 0.4328125 0.7625 0.0515625 0.065625
0 0.171875 0.5515625 0.0671875 0.0671875
0 0.63125 0.5 0.0703125 0.05625
0 0.4765625 0.73125 0.0703125 0.046875
0 0.2640625 0.3078125 0.065625 0.075
0 0.1359375 0.609375 0.0390625 0.0734375
0 0.5234375 0.759375 0.0546875 0.06875
0 0.4625 0.675 0.0515625 0.0671875
0 0.3859375 0.6578125 0.0671875 0.0578125