0 0.6704961047088069 0.14892401726609403 0.045223219962933214 0.042696577339272325
0 0.735391929210911 0.08251721992363983 0.04360615626060227 0.04111589600572714
0 0.3957739016209148 0.7023217372692756 0.04700397477225664 0.04896475867281787
0 0.4516022609694092 0.6000683465945487 0.051746038474587405 0.050581802673454135
0 0.20272333918452837 0.948417129296638 0.04862103847458741 0.05054544000636341
0 0.34609375 0.5703125 0.0453125 0.040625
0 0.45226200379783316 0.7532478905951852 0.04862103847458741 0.05054544000636341
0 0.26328125 0.5546875 0.0453125 0.009375
0 0.338323500169636 0.6686012652769117 0.04538691106992569 0.0473840773392725
0 0.44125009272790744 0.7064819785964578 0.04862103847458741 0.05054544000636341
0 0.8859226972670783 0.9691274292648213 0.04371528366526398 0.04424089600572696
0 0.8140625 0.98671875 0.04375 0.0265625
0 0.9472024484482047 0.888694494589458 0.04366071996293321 0.04267839600572696
0 0.853125 0.9953125 0.040625 0.009375
0 0.94921875 0.99453125 0.0453125 0.0109375
0 0.97890625 0.965625 0.0421875 0.04375
0 0.679459354623989 0.6073194146244565 0.04689484736759484 0.045839758672817865
0 0.98984375 0.8875 0.0203125 0.04375
0 0.8461657381039185 0.8601705999363667 0.04366071996293321 0.04267839600572696
0 0.9439782116102305 0.6620774505888217 0.04533234736759475 0.0458215773392725
0 0.8300347958157996 0.9353887759389119 0.045223219962933214 0.0426965773392725
0 0.884628037378279 0.8425285665977305 0.04209821996293321 0.0426602146721816
0 0.7931895602437699 0.9545751279440026 0.04366071996293321 0.04267839600572696
0 0.98984375 0.80703125 0.0203125 0.0421875
0 0.7552530506251229 0.9425114799490932 0.04204365626060227 0.041097714672181596
0 0.7985069989036917 0.7935103586091845 0.045223219962933034 0.042696577339272415
0 0.6884276491738441 0.9089000959580019 0.04684028366526398 0.044277258672817864
0 0.8458333774894797 0.7163660559357302 0.04366071996293321 0.04267839600572696
0 0.8953869773041452 0.9268126599300033 0.04204365626060227 0.041097714672181596
0 0.6521180938242157 0.6748523599618199 0.045277783665263985 0.0442590773392725
0 0.6876042152384276 0.7510330519573656 0.04684028366526398 0.044277258672817864
0 0.9687699136018144 0.9243956372533674 0.045277783665263985 0.0442590773392725
0 0.958278813787149 0.7134944999204582 0.042043656260602094 0.041097714672181596
0 0.5859375 0.796875 0.0125 0.04375
0 0.6180953018062494 0.8643875746340015 0.04684028366526398 0.044277258672817864
0 0.7747619640573014 0.8297387599459116 0.04366071996293304 0.04267839600572696
0 0.9195833907363238 0.8139853959261852 0.04366071996293304 0.042678396005727134
0 0.8258829760382008 0.6822092319382755 0.04048115626060209 0.04107953333863605
0 0.7109127404661711 0.7023046506206385 0.045277783665263985 0.0442590773392725
0 0.6393849700477511 0.7578466732972744 0.045277783665263985 0.0442590773392725
0 0.6483631551642939 0.8358989479630926 0.04684028366526398 0.044277258672817864
0 0.7778075745869221 0.648379671944639 0.04533234736759475 0.0458215773392725
0 0.7938343678708328 0.7044660399427298 0.04048115626060209 0.04107953333863614
0 0.6360665410064762 0.9313932612985472 0.045277783665263985 0.0442590773392725
0 0.58984375 0.8765625 0.0203125 0.04375
0 0.9583185085223385 0.8041558625875492 0.04204365626060227 0.041097714672181596
0 0.8235962789407585 0.7510137759389119 0.04366071996293321 0.04267839600572696
0 0.7555159123358701 0.6814648919478206 0.04366071996293312 0.04267839600572696
0 0.60078125 0.8265625 0.0421875 0.04375
0 0.6487649484482046 0.892167129296638 0.04037202885594056 0.037954533338636055
0 0.6758383691367772 0.9512512279599109 0.041989092558271324 0.039535214672181594
0 0.89375 0.99453125 0.040625 0.0109375
0 0.8206945121505356 0.8917296826066391 0.04366071996293321 0.042678396005727134
0 0.9038641322988031 0.7219433465945488 0.045223219962933214 0.0426965773392725
0 0.58984375 0.678125 0.0203125 0.046875
0 0.59765625 0.921875 0.0359375 0.040625
0 0.60234375 0.73125 0.0453125 0.04375
0 0.7172768462712865 0.8397864692870931 0.04037202885594056 0.037954533338636055
0 0.7470536263083534 0.7972353426161842 0.04366071996293304 0.042678396005727134
0 0.7811359604291043 0.743692171944639 0.04371528366526398 0.04424089600572696
0 0.9390476972670783 0.9685092639242763 0.045277783665263985 0.044259077339272326