0 0.490625 0.378125 0.065625 0.0734375
0 0.496875 0.6109375 0.05 0.078125
0 0.48125 0.440625 0.0546875 0.075
0 0.4265625 0.440625 0.053125 0.0796875
0 0.553125 0.3796875 0.0609375 0.078125
0 0.628125 0.559375 0.0765625 0.0515625
0 0.66875 0.5125 0.075 0.05625
0 0.73125 0.6703125 0.08125 0.0546875
0 0.4296875 0.5109375 0.0734375 0.0640625
0 0.5 0.5203125 0.0609375 0.0734375
0 0.7109375 0.584375 0.0734375 0.06875
0 0.3359375 0.578125 0.0515625 0.0796875
0 0.51875 0.70625 0.078125 0.0515625
0 0.565625 0.4546875 0.0765625 0.05
0 0.6375 0.4453125 0.0703125 0.0671875
0 0.6875 0.409375 0.053125 0.078125
0 0.5765625 0.659375 0.05 0.0796875
0 0.3609375 0.5015625 0.05625 0.078125
0 0.55625 0.59375 0.053125 0.0765625
0 0.4265625 0.5671875 0.078125 0.0515625
0 0.709375 0.7125 0.078125 0.0578125