0 0.3625 0.5109375 0.0171875 0.0171875
0 0.3984375 0.459375 0.0171875 0.0171875
0 0.3453125 0.5 0.0171875 0.0171875
0 0.371875 0.4828125 0.0171875 0.01875
0 0.3828125 0.521875 0.0171875 0.0171875
0 0.41875 0.5453125 0.0171875 0.01875
0 0.384375 0.5390625 0.0171875 0.0171875
0 0.328125 0.5 0.015625 0.0171875
0 0.3734375 0.58125 0.0171875 0.01875
0 0.43125 0.4609375 0.0171875 0.0171875
0 0.3140625 0.4921875 0.0171875 0.0171875
0 0.3453125 0.5171875 0.015625 0.0171875
0 0.3671875 0.553125 0.0171875 0.01875
0 0.365625 0.528125 0.0171875 0.0171875
0 0.4203125 0.4765625 0.015625 0.0171875
0 0.4484375 0.4578125 0.0171875 0.0171875
0 0.3875 0.4890625 0.0171875 0.0171875
0 0.4046875 0.475 0.015625 0.0171875
0 0.3140625 0.509375 0.0171875 0.01875
0 0.328125 0.5171875 0.0171875 0.0171875