0 0.3046875 0.2515625 0.065625 0.0703125
0 0.4078125 0.225 0.08125 0.0546875
0 0.540625 0.2296875 0.0515625 0.071875
0 0.3203125 0.41875 0.046875 0.0875
0 0.221875 0.5375 0.084375 0.0921875
0 0.184375 0.290625 0.09375 0.046875
0 0.3140625 0.5203125 0.075 0.0875
0 0.5890625 0.209375 0.078125 0.059375
0 0.5984375 0.446875 0.0984375 0.0484375
0 0.24375 0.3203125 0.0859375 0.065625
0 0.45625 0.51875 0.09375 0.06875
0 0.73125 0.496875 0.0796875 0.0765625
0 0.509375 0.265625 0.075 0.0640625
0 0.5921875 0.5546875 0.0875 0.0828125
0 0.1640625 0.7359375 0.075 0.1125
0 0.50625 0.33125 0.0734375 0.0671875
0 0.71875 0.590625 0.040625 0.0984375
0 0.6359375 0.409375 0.096875 0.0453125
0 0.6421875 0.290625 0.09375 0.0421875
0 0.63125 0.34375 0.04375 0.0796875
0 0.44375 0.35625 0.090625 0.05
0 0.46875 0.409375 0.0984375 0.0453125
0 0.565625 0.325 0.065625 0.0703125
0 0.58125 0.2671875 0.0765625 0.0578125
0 0.5578125 0.3859375 0.0859375 0.0578125