0 0.5 0.73125 0.10625 0.1046875
0 0.4375 0.2953125 0.115625 0.09375
0 0.2921875 0.5328125 0.08125 0.1203125
0 0.359375 0.675 0.121875 0.09375
0 0.584375 0.3125 0.1265625 0.065625
0 0.4515625 0.1984375 0.10625 0.1078125
0 0.4828125 0.3796875 0.10625 0.103125
0 0.3890625 0.509375 0.11875 0.0859375
0 0.584375 0.3953125 0.0921875 0.10625
0 0.728125 0.4734375 0.071875 0.1140625
0 0.54375 0.4359375 0.075 0.109375
0 0.54375 0.6 0.075 0.109375
0 0.4765625 0.5 0.0765625 0.1046875
0 0.5140625 0.5484375 0.08125 0.090625