0 0.121875 0.36484375 0.059375 0.0296875
0 0.03671875 0.34921875 0.0421875 0.0609375
0 0.07265625 0.3546875 0.0484375 0.05
0 0.0203125 0.35859375 0.040625 0.0421875
0 0.01015625 0.2296875 0.0203125 0.065625
0 0.08470056327283837 0.3251384389095827 0.04509848428423435 0.06274543969514959
0 0.04603616955914465 0.2999202702916719 0.04033820967712849 0.06115566861791066
0 0.08037262820281584 0.2657543485505031 0.049713209677128486 0.06121021077238851
0 0.0483948821317572 0.2499475413689108 0.05872433664159917 0.05345225292686635
0 0.17637864102309742 0.31473727009528024 0.067226041356329 0.03475679508134384
0 0.1236902886657325 0.3238031978865733 0.03892125889134022 0.06427157825883115
0 0.15104900123834514 0.273975914709086 0.039066808105551944 0.06739657825883114
0 0.18982040280992168 0.26795317368607635 0.049713209677128486 0.06121021077238851
0 0.01484375 0.31640625 0.0296875 0.0484375
0 0.11071509966676851 0.2799895653730159 0.05283820967712849 0.06122839149054791
0 0.0140625 0.28671875 0.028125 0.0484375
0 0.17300108395100278 0.3428349990180413 0.06857021753501122 0.030078385440423717
0 0.03125 0.19140625 0.0625 0.0390625
0 0.18705496773989908 0.20857817368607642 0.05291098428423435 0.06279089149054773
0 0.1002441724546288 0.1893282039366974 0.06312073821317572 0.04722952400410509
0 0.171875 0.36484375 0.065625 0.0296875
0 0.15824076302516935 0.22715545686356364 0.05894266046291676 0.05813975292686617
0 0.04217911538253425 0.2171077702916719 0.066100188998964 0.044122704722264317
0 0.1083135376322752 0.2284270653730159 0.06602741439185814 0.042560204722264315
0 0.1468024569865321 0.7298158067888089 0.01955052067816441 0.01729658430895533
0 0.1933135839510028 0.7222760175611974 0.017915246071058634 0.01572499394987581
0 0.18241462530733168 0.7565782946885605 0.019550520678164495 0.01729658430895533
0 0.13521429362813125 0.7828589935570923 0.01962329528527036 0.01885908430895533
0 0.11461069519970782 0.7764908188890572 0.017988020678164407 0.01728749394987581
0 0.163484842842343 0.7861476200205255 0.019550520678164495 0.01729658430895533
0 0.16613465384337894 0.7424248910977644 0.01955052067816441 0.01729658430895533
0 0.18797542059260194 0.7753555657657993 0.017915246071058634 0.01572499394987581
0 0.1353213014860141 0.751618083916172 0.017988020678164407 0.01728749394987581
0 0.15785127294996681 0.7658078489432866 0.01955052067816441 0.01729658430895533
0 0.49686661538253424 0.7141362646343312 0.029362168320799586 0.026726126463433177
0 0.478125 0.76328125 0.01875 0.0296875
0 0.47734375 0.68828125 0.0171875 0.0328125
0 0.5052570041338292 0.6595123971478885 0.027726893713693725 0.025154536104353475
0 0.47421875 0.659375 0.0109375 0.025