0 0.6748646206071472 0.31584586847548374 0.043906508897248564 0.04538427759440165
0 0.6968139219762913 0.1664145535384181 0.04384284190105418 0.043821777594401645
0 0.8648344101132931 0.1230700630861877 0.04228034190105419 0.04370337842423862
0 0.7180999674511173 0.38298674689972234 0.043970175893442945 0.04694677759440165
0 0.7843192391627661 0.09671920540787352 0.04228034190105419 0.04370337842423862
0 0.9246497619001792 0.21483243321205664 0.04228034190105419 0.04370337842423862
0 0.7180761097327324 0.2677169444102113 0.04228034190105419 0.04370337842423862
0 0.97890625 0.37109375 0.0421875 0.0453125
0 0.7208934091247101 0.10748983943118953 0.04234400889724856 0.04526587842423861
0 0.7496152698088445 0.2389533269836349 0.04228034190105419 0.04370337842423862
0 0.7747319694282837 0.3966241170255912 0.043970175893442945 0.04694677759440165
0 0.8780241126984819 0.2938561597668398 0.04234400889724856 0.04526587842423861
0 0.8929434585538687 0.354178353128144 0.04228034190105419 0.04370337842423862
0 0.8410494002274614 0.07453747470390537 0.04228034190105419 0.04370337842423862
0 0.8590433024320893 0.4014551722143945 0.04234400889724856 0.04526587842423861
0 0.7479492935348407 0.3509797303029828 0.04071784190105419 0.04358497925407558
0 0.8979254358164557 0.24707624814912216 0.04071784190105419 0.04358497925407558
0 0.8026766028126502 0.24141639876917767 0.04234400889724856 0.04526587842423861
0 0.9318839417479549 0.27768763072254565 0.04384284190105418 0.043821777594401645
0 0.7636087856261753 0.314782121174776 0.04071784190105419 0.04358497925407558
0 0.6738406314815621 0.36717157013515767 0.04384284190105418 0.043821777594401645
0 0.855928936805039 0.24856697055472052 0.04228034190105419 0.04370337842423862
0 0.9011034684397006 0.4015269498087961 0.04228034190105419 0.04370337842423862
0 0.8194582431170989 0.11807398715146009 0.040654174904859806 0.04202247925407558
0 0.9244826186299809 0.32541473570156754 0.04234400889724856 0.04526587842423861
0 0.8713337609115961 0.20611936142651377 0.04071784190105419 0.04358497925407558
0 0.742988585018153 0.15277902864330883 0.040654174904859806 0.04202247925407558
0 0.7829769150562091 0.14023240706754744 0.04059050790866543 0.04045997925407559
0 0.8326426285158128 0.36518578549178604 0.04071784190105419 0.04358497925407558
0 0.7910095909496521 0.18445600374819957 0.04228034190105419 0.04370337842423862
0 0.7886379605310351 0.3556206087272214 0.04071784190105419 0.04358497925407558
0 0.6728909437251211 0.2674083684754837 0.04228034190105419 0.04370337842423879
0 0.8960499180219585 0.1628196473192852 0.04071784190105419 0.04358497925407558
0 0.8310907628887623 0.21241598300227515 0.04071784190105419 0.04358497925407558
0 0.8354546107213157 0.2812843821724382 0.04071784190105419 0.04358497925407558
0 0.7493314269192072 0.19375922615379793 0.04228034190105419 0.04370337842423862
0 0.9425269644853678 0.38597372740319774 0.04228034190105419 0.04370337842423862
0 0.78239327771751 0.27882131038689534 0.040654174904859806 0.04202247925407576
0 0.8556795860067361 0.1659912688950466 0.04071784190105419 0.04358497925407558
0 0.8089212856261753 0.3182156971095037 0.04071784190105419 0.04358497925407558
0 0.8169194694282836 0.3998208946199928 0.04234400889724856 0.04526587842423861
0 0.7214849526223698 0.3131478435803744 0.04228034190105419 0.04370337842423862
0 0.8497372866147586 0.32598157553374235 0.04071784190105419 0.04358497925407558
0 0.090625 0.6 0.046875 0.040625
0 0.14140625 0.58515625 0.0453125 0.0109375
0 0.1328681215957305 0.6159642676456467 0.04553267589344294 0.047065176764564676
0 0.24380030440925565 0.7006963103868953 0.045469008897248565 0.045502676764564674
0 0.23349415718472474 0.7918182178554282 0.04709517589344294 0.0471835759347277
0 0.11605198919994715 0.7766882800932013 0.04715884288963732 0.048746075934727705
0 0.26953125 0.80078125 0.0203125 0.0484375
0 0.24408414729889297 0.7458904112167323 0.04709517589344294 0.04718357593472753
0 0.1774006660819733 0.8296249485593963 0.047222509885831696 0.050308575934727526
0 0.26328125 0.65234375 0.0328125 0.0453125
0 0.2321518330781677 0.8353314195151021 0.04715884288963732 0.048746075934727885