0 0.1919644339977829 0.541098429137682 0.038140350092285044 0.035420674452321776
0 0.2439832186969344 0.3134447905787379 0.03627746144333699 0.03068771034569906
0 0.18655264806201366 0.38217807020390904 0.03804022054263569 0.033858174452321775
0 0.3039404071613124 0.37564326220720795 0.03481509099298634 0.03220474623907634
0 0.13995705275009057 0.33050792161583475 0.03637759099298634 0.03225021034569906
0 0.3239944864341064 0.4764328723946223 0.03804022054263569 0.033858174452321775
0 0.15400335904392543 0.5250475318032493 0.03804022054263569 0.033858174452321775
0 0.32276955275009056 0.3251886211409811 0.03627746144333699 0.03068771034569906
0 0.21591877545219465 0.33765518039132336 0.03627746144333699 0.03068771034569906
0 0.3362522594130656 0.3825010159681316 0.03627746144333699 0.03068771034569906
0 0.2908606138242874 0.43372854684694406 0.03637759099298634 0.03225021034569906
0 0.3140372979697286 0.41277954935422645 0.03637759099298634 0.03225021034569906
0 0.36147350247323545 0.4269951620489234 0.03794009099298634 0.032295674452321774
0 0.27571288248431003 0.2563764366595295 0.03627746144333699 0.03068771034569906
0 0.69765625 0.609375 0.0234375 0.01875
0 0.7117924799557015 0.5481835034317193 0.023376943244739934 0.024073997492717502
0 0.7484375 0.61171875 0.021875 0.0140625
0 0.6806635934662217 0.5958768573509275 0.023276813695090583 0.022511497492717504
0 0.7646380752676245 0.5996717955933027 0.02171431369509058 0.022466033386094965
0 0.7536795913067534 0.5516434725529069 0.02171431369509058 0.022466033386094784
0 0.764477388962715 0.5778422596999254 0.02161418414544123 0.020903533386094787
0 0.7501936459025453 0.5330298648727749 0.019951554595791877 0.019295569279472246
0 0.6914404071613124 0.5737290727111916 0.02171431369509058 0.022466033386094965
0 0.7415405367109615 0.5707117212992656 0.02161418414544123 0.020903533386094787
0 0.7334672208564028 0.5506720059390018 0.02161418414544123 0.020903533386094963
0 0.7338887230158712 0.5927685777257563 0.02171431369509058 0.022466033386094965
0 0.7135762230158711 0.5933596111118513 0.02161418414544123 0.020903533386094963
0 0.7234375 0.61015625 0.021875 0.0171875
0 0.7180029071613123 0.5729561828986058 0.02171431369509058 0.022466033386094784
0 0.1328125 0.98984375 0.021875 0.0203125
0 0.15690472085640278 0.9770934166012699 0.02161418414544123 0.020903533386094963
0 0.6720009037652263 0.6769450009244368 0.044991127390180984 0.04497753087881238
0 0.6145913170911765 0.7940248523363627 0.04332849784053163 0.04336956677218966
0 0.637546758176448 0.7278542830568904 0.04176599784053163 0.043324102665567035
0 0.5720452668143213 0.8981955267886843 0.04156573874123311 0.04019910266556703
0 0.5616293985234388 0.9390478473217977 0.0431282387412331 0.04024456677218957