0 0.38984375 0.046875 0.0390625 0.053125
0 0.35920242311249256 0.12744316071291703 0.06972600180902226 0.050001306420763926
0 0.29184450474969836 0.09928048670097253 0.07244156603337357 0.04226154160312508
0 0.34070472863041656 0.15204311720993088 0.07128850180902227 0.0500376740119445
0 0.3657600395754074 0.03216702830409757 0.06544793758467105 0.057704703647222286
0 0.36770324061620424 0.2637443366247226 0.06100609905006031 0.06228310087368065
0 0.49140625 0.009375 0.0328125 0.01875
0 0.44609375 0.00859375 0.0328125 0.0171875
0 0.45339507915081495 0.05120274335048629 0.03280585594746528 0.030414851823611144
0 0.5234375 0.009375 0.03125 0.01875
0 0.48053743328925796 0.07060735999173628 0.032887743102595034 0.031977351823611146
0 0.5474726277713339 0.047134798821319636 0.032887743102595034 0.031977351823611146
0 0.5167958378572421 0.03546994699770858 0.03280585594746528 0.030414851823611144
0 0.48390145070211243 0.03626872758291686 0.03124335594746528 0.030378484232430482
0 0.46919714156614384 0.10788915444465293 0.034450243102595035 0.03201371941479181
0 0.1757614020815934 0.7669083170574311 0.029517081637205678 0.027217116641249994
0 0.2720565479431505 0.750376740119445 0.027954581637205676 0.027180749050069508
0 0.31285861035847945 0.8076450326725005 0.027954581637205676 0.027180749050069508
0 0.2051965965636695 0.7425629336986811 0.027954581637205676 0.027180749050069508
0 0.3125996607880207 0.7528847974901395 0.027954581637205676 0.027180749050069508
0 0.216802481909777 0.7897652420193061 0.027954581637205676 0.027180749050069508
0 0.2820246901866629 0.8288290484400701 0.027954581637205676 0.027180749050069508
0 0.23109735527009684 0.72595731515757 0.027954581637205676 0.027180749050069508
0 0.2335739020815934 0.7682539179311116 0.027954581637205676 0.027180749050069508
0 0.3144144663059446 0.7779575326725006 0.027954581637205676 0.027180749050069508
0 0.25743412596231163 0.8204346669811811 0.028036468792335612 0.02874324905006951
0 0.28628946630594465 0.7773029160312506 0.027954581637205676 0.027180749050069508
0 0.26343182044438773 0.7955437697547227 0.027954581637205676 0.027180749050069508
0 0.2584920149264637 0.7703982993900006 0.027954581637205676 0.027180749050069508
0 0.2881042718238687 0.8023756512136118 0.027954581637205676 0.027180749050069508