0 0.4 0.28125 0.059375 0.0484375
0 0.3375 0.521875 0.0453125 0.0578125
0 0.33125 0.309375 0.04375 0.0578125
0 0.2875 0.53125 0.046875 0.0578125
0 0.2546875 0.346875 0.0578125 0.0328125
0 0.4328125 0.4375 0.065625 0.0296875
0 0.540625 0.4390625 0.0640625 0.03125
0 0.421875 0.521875 0.0609375 0.046875
0 0.5015625 0.546875 0.0515625 0.05625
0 0.4609375 0.3765625 0.05 0.0546875
0 0.340625 0.446875 0.0296875 0.0640625
0 0.4203125 0.396875 0.0625 0.0375
0 0.4921875 0.2828125 0.034375 0.0625
0 0.528125 0.2609375 0.0546875 0.0515625
0 0.5015625 0.36875 0.0421875 0.059375
0 0.55625 0.3375 0.065625 0.0328125
0 0.5171875 0.3171875 0.0546875 0.05
0 0.4921875 0.4203125 0.059375 0.0453125
0 0.5453125 0.38125 0.0296875 0.0640625
0 0.5140625 0.46875 0.065625 0.034375
0 0.465625 0.31875 0.05 0.0515625
0 0.5953125 0.5078125 0.053125 0.05625
0 0.5734375 0.5765625 0.0265625 0.0625
0 0.2609375 0.6515625 0.0421875 0.0625
0 0.29375 0.3703125 0.05625 0.05