0 0.6609375 0.2671875 0.1 0.05625
0 0.521875 0.31875 0.084375 0.090625
0 0.4078125 0.3296875 0.0796875 0.0921875
0 0.471875 0.25 0.08125 0.0890625
0 0.715625 0.3046875 0.0921875 0.0765625
0 0.61875 0.3328125 0.0984375 0.05
0 0.559375 0.25625 0.1 0.059375
0 0.6453125 0.4109375 0.0921875 0.0828125
0 0.71875 0.2109375 0.096875 0.0734375
0 0.715625 0.153125 0.1 0.0625
0 0.3453125 0.1140625 0.1015625 0.059375
0 0.5109375 0.159375 0.0890625 0.0859375
0 0.4234375 0.4296875 0.0828125 0.0890625
0 0.3625 0.565625 0.08125 0.0921875
0 0.7265625 0.4296875 0.0609375 0.1015625
0 0.6203125 0.490625 0.0953125 0.075
0 0.2640625 0.259375 0.0796875 0.09375
0 0.6453125 0.1796875 0.053125 0.103125
0 0.303125 0.596875 0.1 0.0703125
0 0.74375 0.54375 0.053125 0.103125
0 0.7046875 0.6046875 0.075 0.096875
0 0.7375 0.8578125 0.05625 0.1078125
0 0.6890625 0.846875 0.05 0.109375