0 0.9734375 0.19375 0.053125 0.09375
0 0.7359375 0.47734375 0.134375 0.0640625
0 0.01171875 0.9828125 0.0234375 0.034375
0 0.0453125 0.984375 0.046875 0.03125
0 0.04727330619529244 0.8660730863451214 0.04604284034363317 0.04732128121376693
0 0.00546875 0.85859375 0.0109375 0.0453125
0 0.1547848337849123 0.7317622460378003 0.04604284034363317 0.04732128121376702
0 0.50859375 0.8625 0.0578125 0.05625
0 0.6528150565339768 0.848184471491993 0.07507524310259513 0.03724465060882309
0 0.5526313500661131 0.9426675372535069 0.06445864767057934 0.07216178454774677
0 0.5233665739468313 0.893273315133294 0.07309666327441171 0.05886455909355419
0 0.503125 0.9515625 0.046875 0.0625
0 0.5814247354122205 0.8932416221008163 0.03830558344622794 0.0778060066679597
0 0.6347953968776098 0.8935925663412421 0.06988977611928178 0.05704696757828494
0 0.6528349886915809 0.7587393342190895 0.04282930913596843 0.0750636439408634
0 0.5583413602428784 0.7821446254347961 0.06092421189493056 0.06409419303247788
0 0.49921875 0.75625 0.0390625 0.075
0 0.6119223043862702 0.5769152493717802 0.03962242198083885 0.07324605242559432
0 0.6926809814554916 0.5609078699747844 0.07235967887824372 0.0448020590935541