0 0.20143263335919553 0.4348906360986886 0.023660640606883554 0.023404649011264312
0 0.13080139790306317 0.3974013437761433 0.023660640606883377 0.023404649011264312
0 0.2109375 0.47265625 0.015625 0.0234375
0 0.12987636881532794 0.4823226469944519 0.023660640606883377 0.023404649011264312
0 0.09840322820844456 0.4625235992240249 0.023660640606883377 0.023404649011264312
0 0.16106272487446463 0.44085641283389376 0.023660640606883554 0.023404649011264312
0 0.1841812315424244 0.4738110244662912 0.023660640606883554 0.023404649011264312
0 0.19996572820844455 0.45542165738601204 0.023660640606883377 0.023404649011264312
0 0.039984950328657475 0.43989448239584733 0.023660640606883377 0.023404649011264312
0 0.19140625 0.4921875 0.0234375 0.015625
0 0.13383080305381415 0.3767610618451581 0.023660640606883554 0.023404649011264312
0 0.11329516244693068 0.35619718956909885 0.023660640606883377 0.023404649011264312
0 0.16575048275037235 0.36352908832826164 0.023660640606883377 0.023404649011264312
0 0.06766366911489037 0.3939592695226127 0.023660640606883377 0.023404649011264312
0 0.9607442472942399 0.22986464649024888 0.0425062354561323 0.04491901609154336
0 0.9178558903170193 0.03172207743249835 0.04276132697140156 0.048044016091543365
0 0.9478938188056297 0.13019242842123405 0.0425062354561323 0.04491901609154336
0 0.9476389851662684 0.0500678858465871 0.04094373545613248 0.04480975544788164
0 0.9430151291071318 0.08967668906489576 0.04263378121376693 0.046481516091543364
0 0.43046875 0.50625 0.0359375 0.0125