0 0.39531533663498547 0.535430892244434 0.0406886439408634 0.04059050790866543
0 0.3902127327018808 0.36900739619876666 0.03887105242559432 0.037401840912470875
0 0.33359375 0.01328125 0.0390625 0.0265625
0 0.23797977937759915 0.13538576578014974 0.04043355242559432 0.03746550790866543
0 0.3292422502898641 0.04757274798565261 0.04199605242559432 0.03752917490485981
0 0.43459968786233005 0.1304887242596564 0.03705346091032524 0.03421317391627667
0 0.41358581513329407 0.17806406121779475 0.03705346091032524 0.03421317391627667
0 0.28182588997866365 0.26596992091334604 0.04043355242559432 0.03746550790866543
0 0.24282651816771153 0.07601076578014973 0.04043355242559432 0.03746550790866543
0 0.39100918452835015 0.14939523315690498 0.03874350666795969 0.035839340912471054
0 0.44311381846727393 0.15973055528629568 0.03705346091032524 0.03421317391627667
0 0.36891078604555894 0.09579007209220966 0.04030600666795987 0.03590300790866543
0 0.03657729179543482 0.31333830532347673 0.045248598183228836 0.03921900889724857
0 0.4368001745264106 0.19892038927868452 0.036925915152690794 0.03265067391627667