0 0.15546875 0.0265625 0.0765625 0.053125
0 0.21216242591307105 0.1125 0.08801521046687384 0.0625
0 0.10328868387616605 0.040625 0.059419773606936135 0.08125
0 0.11389152588483623 0.1421875 0.05951077886860805 0.0828125
0 0.12375091524855311 0.2578125 0.06254477360693614 0.08125
0 0.28925408888372406 0.309375 0.09344616311182748 0.0484375
0 0.28294390472520936 0.2546875 0.08874325256024881 0.075
0 0.1542882837067568 0.21875 0.08387374203690498 0.071875
0 0.16144979437127488 0.0734375 0.08203822625188942 0.0671875
0 0.0390625 0.1359375 0.078125 0.06875
0 0.04905621018452529 0.0484375 0.07311825256024881 0.075
0 0.0265625 0.01796875 0.053125 0.0359375
0 0.16534761007158583 0.1671875 0.06107327886860805 0.0828125
0 0.20038900995864636 0.2859375 0.08746917889684287 0.053125
0 0.0788486679499762 0.184375 0.05482327886860787 0.0828125
0 0.8918330573136931 0.0859375 0.04629814732681172 0.04375
0 0.97890625 0.15625 0.0421875 0.04375
0 0.90234375 0.0171875 0.0453125 0.034375
0 0.9472485994070677 0.0984375 0.04464464206513981 0.0421875
0 0.8484375 0.009375 0.046875 0.01875
0 0.9247519731269435 0.0609375 0.04464464206513998 0.0421875
0 0.978125 0.071875 0.04375 0.040625
0 0.98984375 0.03828125 0.0203125 0.0421875
0 0.826329883678522 0.034375 0.04629814732681172 0.04375
0 0.8701708889401939 0.0359375 0.0462981473268119 0.04375
0 0.9453125 0.01171875 0.040625 0.0234375
0 0.29400323109003834 0.8125 0.0933397472985769 0.0734375
0 0.08990799431480512 0.7421875 0.10124325256024873 0.075
0 0.2485395416698518 0.75625 0.06198333148532651 0.0984375
0 0.14108960466873963 0.9234375 0.10024219468185844 0.0578125
0 0.33723656257536483 0.9109375 0.052244310438639016 0.0921875
0 0.21100872056669467 0.809375 0.09066977360693614 0.08125
0 0.20654800469697446 0.89375 0.08285727360693614 0.08125
0 0.3092194364364148 0.725 0.0909427893919517 0.0859375
0 0.2571542204255203 0.9578125 0.0926117052052021 0.0609375
0 0.35528934158514713 0.8453125 0.10144067363517095 0.0515625
0 0.27033748891195897 0.8890625 0.06934080517696728 0.090625
0 0.165625 0.978125 0.1 0.04375
0 0.0234375 0.971875 0.046875 0.05625
0 0.33203125 0.98125 0.0984375 0.0375