0 0.4265625 0.4 0.046875 0.059375
0 0.40390625 0.3640625 0.0921875 0.040625
0 0.35698741802195866 0.2617086012308223 0.08921900889724857 0.04881785352912935
0 0.1765625 0.40234375 0.053125 0.0546875
0 0.34359076288876234 0.31758009293245254 0.08803851087441501 0.05807445435896632
0 0.24381625596868012 0.292226740652723 0.08934634288963732 0.05194285352912935
0 0.14082922433401848 0.14956748920283056 0.08909167490485981 0.04569285352912935
0 0.29942958600673625 0.2723393705268542 0.04368101581733086 0.07807837842423862
0 0.21796875 0.3984375 0.0515625 0.0625
0 0.29275777475176046 0.3778556647179953 0.08354201186299796 0.06240675684847723
0 0.2875 0.4140625 0.090625 0.03125
0 0.24480043581645577 0.35484513982288607 0.08583934091247106 0.04233105518880329
0 0.38125 0.40546875 0.05 0.0484375
0 0.1359375 0.3953125 0.06875 0.06875
0 0.24665209589256792 0.32335834148256 0.08577567391627668 0.04076855518880329
0 0.421875 0.41953125 0.05 0.0203125
0 0.6264271206071472 0.029751896671363288 0.0432698389353046 0.029759277594401647
0 0.7199861196185641 0.017960446461581903 0.03414950692008212 0.03529888257342364
0 0.16705212060714728 0.8485018966713632 0.0432698389353046 0.029759277594401647
0 0.26061111961856404 0.8367104464615819 0.03414950692008212 0.03529888257342364
0 0.28676775992301273 0.7093424630583214 0.032587006920082116 0.03518048340326043
0 0.30394994273653797 0.7848393705268542 0.040081171939110226 0.027959979254075583
0 0.7544247866147585 0.9229332116084288 0.10567167984777566 0.07031434523075966
0 0.578125 0.98046875 0.1125 0.0390625
0 0.5894709486680371 0.9134901244755463 0.10860567885919252 0.06586364357108572
0 0.74296875 0.984375 0.1078125 0.03125
0 0.7653039368050389 0.8437426190769617 0.10879667984777566 0.07055114357108572
0 0.6017215978697343 0.8294936327739162 0.11329317885919252 0.0662188410815748