0 0.528125 0.5609375 0.034375 0.0328125
0 0.3625 0.6125 0.034375 0.034375
0 0.325 0.671875 0.034375 0.034375
0 0.2828125 0.715625 0.034375 0.0359375
0 0.45 0.55 0.0328125 0.034375
0 0.2625 0.6125 0.034375 0.034375
0 0.3953125 0.5484375 0.0328125 0.0328125
0 0.140625 0.58125 0.0375 0.0359375
0 0.434375 0.6375 0.034375 0.034375
0 0.565625 0.5109375 0.034375 0.034375
0 0.2328125 0.7515625 0.0359375 0.0359375
0 0.1921875 0.559375 0.0359375 0.034375
0 0.5765625 0.64375 0.034375 0.034375
0 0.2390625 0.646875 0.0359375 0.034375
0 0.3625 0.528125 0.0328125 0.034375
0 0.2609375 0.5328125 0.034375 0.0328125
0 0.3984375 0.725 0.034375 0.0359375
0 0.4 0.434375 0.0328125 0.0328125
0 0.278125 0.5671875 0.034375 0.034375
0 0.49375 0.4359375 0.034375 0.0328125
0 0.321875 0.6171875 0.034375 0.034375
0 0.3125 0.5765625 0.034375 0.034375
0 0.5890625 0.690625 0.0359375 0.0359375
0 0.55625 0.7078125 0.0359375 0.0359375
0 0.4609375 0.4921875 0.034375 0.0328125
0 0.4453125 0.603125 0.034375 0.034375
0 0.2296875 0.5484375 0.034375 0.034375
0 0.290625 0.4953125 0.034375 0.034375
0 0.6140625 0.4453125 0.034375 0.0328125
0 0.49375 0.615625 0.0328125 0.034375
0 0.43125 0.696875 0.034375 0.034375
0 0.39375 0.6875 0.0328125 0.034375
0 0.534375 0.6234375 0.0328125 0.034375
0 0.48125 0.715625 0.034375 0.0359375
0 0.546875 0.6625 0.034375 0.0359375
0 0.509375 0.6765625 0.0328125 0.034375
0 0.328125 0.5109375 0.0328125 0.0328125
0 0.3203125 0.4546875 0.034375 0.034375
0 0.421875 0.5109375 0.0328125 0.0328125
0 0.359375 0.4609375 0.0328125 0.0328125
0 0.371875 0.4921875 0.034375 0.034375
0 0.421875 0.475 0.0328125 0.0328125
0 0.725 0.7453125 0.0375 0.0375