0 0.584375 0.02890625 0.059375 0.0578125
0 0.5954741157855463 0.2727485641273245 0.0608423247398008 0.05882162094116259
0 0.7409503900958059 0.2670871250049429 0.057553550429541286 0.05564207386326192
0 0.4899057892367232 0.3807440706201463 0.05919793758467105 0.05723184740221221
0 0.6503320341483405 0.29832921672511226 0.05919793758467105 0.05723184740221221
0 0.48684274423424884 0.29025543831489803 0.06256859905006032 0.061973894480112965
0 0.5982981433751662 0.39758492289362246 0.0624048247398008 0.05884889448011279
0 0.7820180461341282 0.4068666452974824 0.05919793758467105 0.05723184740221221
0 0.7379338534610744 0.38422007792704227 0.06076043758467122 0.0572591209411625
0 0.24704990389061576 0.5955702297107559 0.04439845318850324 0.04292388555165907
0 0.4078125 0.55 0.04375 0.04375
0 0.37591188828678346 0.579271299516828 0.04283595318850324 0.04289661201270887
0 0.4078125 0.603125 0.04375 0.04375
0 0.33941446630594463 0.6501565438347852 0.04448034034363317 0.04448638555165907
0 0.30807593509828024 0.6226042881527423 0.04439845318850324 0.04292388555165925
0 0.30613057553277034 0.7490849675358913 0.04439845318850324 0.04292388555165907
0 0.30326452510322904 0.8037724675358913 0.04596095318850324 0.042951159090609536
0 0.26547899932263147 0.6311531737044014 0.04439845318850324 0.04292388555165907
0 0.26748415536095377 0.7716145324706993 0.04448034034363317 0.04448638555165925
0 0.38087827001484637 0.7228031112052251 0.04439845318850324 0.04292388555165907
0 0.36808610018171406 0.5200872142894803 0.04448034034363317 0.04448638555165925
0 0.2698522388071819 0.6966418060096498 0.042754066033373485 0.04133411201270896
0 0.20544225802905874 0.6150293417234647 0.04604284034363308 0.04451365909060954
0 0.3561991745828307 0.6873292613673809 0.04439845318850324 0.04292388555165907
0 0.16571137268295127 0.5688907272751239 0.04760534034363308 0.044540932629559826
0 0.2631595827688596 0.5562622678602027 0.04275406603337366 0.04133411201270887
0 0.38122575079296955 0.8055337905883743 0.04439845318850324 0.04292388555165925
0 0.25859375 0.48984375 0.0453125 0.0203125
0 0.2281560617379604 0.688003191561309 0.046042840343633 0.04451365909060954
0 0.2248053324301753 0.7817259180223586 0.04596095318850324 0.042951159090609536
0 0.27341989484550416 0.8370758912369973 0.04448034034363317 0.04448638555165907
0 0.3015625 0.49609375 0.04375 0.0328125
0 0.1827749626879001 0.749677077112968 0.046042840343633 0.04451365909060954
0 0.2537757801916117 0.884250900165451 0.044480340343633 0.04448638555165907
0 0.2238912856186786 0.7395929651002592 0.04604284034363308 0.04451365909060954
0 0.22753418475959597 0.8488043238665572 0.046042840343633 0.04451365909060954
0 0.18777007915081495 0.654364577112968 0.046042840343633 0.04451365909060954
0 0.38820609113660254 0.7617019699715233 0.042672178878243726 0.03977161201270896
0 0.18720351311744138 0.6949623035740177 0.04604284034363308 0.04451365909060954
0 0.40859375 0.84921875 0.0421875 0.0421875
0 0.38033828019161164 0.8820417435104735 0.046042840343633 0.04451365909060954
0 0.1635823066495777 0.6095157272751239 0.044316566033373486 0.041361385551659066
0 0.2968773270031084 0.9256474675358912 0.04448034034363317 0.04448638555165907
0 0.1489598846687389 0.6800191420477762 0.04760534034363308 0.04454093262956001
0 0.31611200588135213 0.8862849586074375 0.044480340343633 0.04448638555165925
0 0.32295514812486453 0.9642190438347852 0.042917840343633176 0.044459112012708954
0 0.34745053708901663 0.9138372142894802 0.046042840343633 0.04451365909060954
0 0.3929400995043455 0.9692417345820198 0.04456222749876275 0.04604888555165907
0 0.42109375 0.97265625 0.0171875 0.0453125
0 0.4125 0.91796875 0.034375 0.0453125
0 0.11250448552782152 0.5713805275994355 0.04768722749876275 0.04610343262955983
0 0.10278864880223307 0.5184737159110381 0.049331614653892505 0.04769320616851012
0 0.9017374038906159 0.7773427865311844 0.04760534034363299 0.044540932629559826
0 0.8549310029406761 0.7172780397775953 0.046042840343633 0.04451365909060954
0 0.9921875 0.84140625 0.015625 0.0453125
0 0.97578125 0.8125 0.0484375 0.04375
0 0.8219148643152083 0.5430144253292545 0.04448034034363317 0.04448638555165916
0 0.8587863432843091 0.673500766238645 0.04448034034363317 0.04448638555165916
0 0.9692524525111347 0.7699200243563198 0.04760534034363317 0.044540932629559826
0 0.9512327928547677 0.7265245803626742 0.046042840343633 0.04451365909060954
0 0.9953125 0.76171875 0.009375 0.0453125
0 0.9875 0.9390625 0.025 0.04375
0 0.9071552442342489 0.7335382394532838 0.04604284034363317 0.04451365909060954
0 0.8147087946637901 0.6805144253292544 0.046042840343633 0.04451365909060954
0 0.9249093102676224 0.6926405040637803 0.04604284034363317 0.04451365909060954
0 0.8719148643152084 0.5421416720828436 0.04448034034363317 0.04448638555165916
0 0.8326266350074232 0.6364916899397511 0.04612472749876275 0.04607615909060954
0 0.98828125 0.7125 0.0234375 0.04375
0 0.7818697184536513 0.562446263803013 0.046042840343633 0.04451365909060954
0 0.9001483276804769 0.6587291542259361 0.04612472749876275 0.04607615909060954
0 0.8948676854369644 0.5807677954596382 0.04448034034363317 0.04448638555165925
0 0.9953125 0.6109375 0.009375 0.046875
0 0.9179842808689802 0.6162689188364328 0.04456222749876275 0.046048885551659244
0 0.8110725395754075 0.6009632930240062 0.04612472749876275 0.04607615909060954
0 0.9201885900049488 0.5444211923753831 0.04604284034363317 0.04451365909060954
0 0.9716006037997588 0.6059666185121212 0.04612472749876275 0.04607615909060954
0 0.8769498450933314 0.6247905308491416 0.046042840343633 0.04451365909060954
0 0.9689868588881414 0.6856268449731708 0.04604284034363317 0.04451365909060954
0 0.968544202849819 0.5451382126679226 0.04448034034363317 0.04448638555165916
0 0.8510357982818348 0.5830939545502477 0.04456222749876275 0.04604888555165916
0 0.9890625 0.5703125 0.021875 0.046875
0 0.9402620725920942 0.5784143628300783 0.04448034034363317 0.04448638555165916
0 0.9828125 0.646875 0.034375 0.04375
0 0.9427452634561255 0.6501802686742769 0.044480340343633 0.04448638555165916