0 0.04594569985049048 0.6054874477109817 0.056622704722264314 0.06832487012586892
0 0.01796875 0.396875 0.0359375 0.06875
0 0.05169677186280577 0.4223197502004926 0.04570338544042354 0.0706210759347277
0 0.06519566959986944 0.5181291576690255 0.036337475799503235 0.07147318091374952
0 0.06776719945770707 0.34457325849886244 0.06743293969514977 0.04727866431700996
0 0.04036838642238223 0.49033604439163386 0.04102497579950324 0.07182837842423861
0 0.16729450078556693 0.41824571160842894 0.03945338544042354 0.07014747925407558
0 0.0737353983262389 0.3925371618182103 0.0550511143631847 0.0666439709557057
0 0.0171875 0.47109375 0.034375 0.0703125
0 0.9082638926688981 0.39418736927745435 0.04871930113146803 0.05210787427505377
0 0.69921875 0.41484375 0.0203125 0.0515625
0 0.8473082119507389 0.4019299369138123 0.04714771077238851 0.050426975104890734
0 0.9471536758463854 0.4209148900233787 0.048719301131468204 0.05210787427505359
0 0.845291193996758 0.48017333608397533 0.048728391490547904 0.05367037427505359
0 0.8226263745185255 0.3491368236364206 0.04714771077238851 0.05042697510489056
0 0.7381331998504905 0.375842878825224 0.04714771077238851 0.050426975104890734
0 0.714159368664793 0.46980636637766937 0.04558521077238851 0.050308575934727526
0 0.8001605011783504 0.45235691201870304 0.04715680113146821 0.05198947510489056
0 0.7927207059006147 0.3888864078695181 0.04558521077238851 0.050308575934727706
0 0.97578125 0.45703125 0.0484375 0.0515625
0 0.7639502904059619 0.5019550929324526 0.048719301131468204 0.05210787427505359
0 0.7566013987190223 0.4228595887832677 0.04713862041330898 0.04886447510489056
0 0.5844082361512357 0.7556935543403889 0.05969316256778665 0.0591866684661948
0 0.47955710968780263 0.7917512987413113 0.06895907825883114 0.04114706348717299
0 0.48454459153743007 0.7398336012308222 0.06437157220870696 0.05797936597668389
0 0.44609375 0.68828125 0.0578125 0.0171875
0 0.2671875 0.69140625 0.0375 0.0234375
0 0.35780028435583766 0.7806739340140273 0.04102497579950324 0.07182837842423861
0 0.32689571800086303 0.7236669174172878 0.05970225292686635 0.060749168466194804
0 0.39296875 0.70625 0.0421875 0.053125
0 0.7316559408735 0.8157556385734862 0.026717036104353477 0.02857528589277152
0 0.8157582301011115 0.856237083384683 0.026717036104353477 0.02857528589277152
0 0.8164036455957643 0.7452995833846829 0.026717036104353477 0.02857528589277152