0 0.22056553737827905 0.27908043274067407 0.09458830290255768 0.07627519970043757
0 0.4359375 0.35703125 0.046875 0.0984375
0 0.4828125 0.36796875 0.046875 0.0828125
0 0.7063790410064762 0.42627339456908314 0.07665675843752062 0.0981821506088231
0 0.4359375 0.98125 0.046875 0.0375
0 0.45078125 0.87109375 0.0171875 0.0515625
0 0.43046875 0.83359375 0.0578125 0.0453125
0 0.3666072128761749 0.7528681033533765 0.05341766587924894 0.05733401000193972
0 0.3908482994439966 0.8670261982026256 0.06230159255827132 0.044036784547746774
0 0.44921875 0.94765625 0.0203125 0.0578125
0 0.4142510831092606 0.9125618388095089 0.05508929328391084 0.06058655575957417
0 0.3990030506251229 0.7882315185060673 0.03812004809323426 0.06543355242559432
0 0.4515625 0.778125 0.015625 0.065625
0 0.43165185951813034 0.7862224794163926 0.03337798439090349 0.0634884151526908
0 0.3520437489885097 0.9604574627464931 0.06827877404661713 0.036734467578284934
0 0.3834921564302382 0.9240734236568183 0.05056548439090349 0.06489141848667046
0 0.3545090061600858 0.8079701915346658 0.05207342068857255 0.0634564642443051
0 0.3081250794810635 0.8182063188056297 0.05363592068857255 0.06358401000193972
0 0.9618948871081265 0.6511461066873564 0.04371528366526398 0.04719373545613248
0 0.99375 0.73828125 0.0125 0.0484375
0 0.84921875 0.6109375 0.0453125 0.021875
0 0.8921875 0.61953125 0.04375 0.0390625
0 0.99140625 0.68515625 0.0171875 0.0453125
0 0.9749058077966991 0.7114139269907982 0.04209821996293304 0.04550368969849785
0 0.8472718811176769 0.7150176748647663 0.04366071996293304 0.04563123545613248
0 0.98515625 0.85546875 0.0296875 0.0453125
0 0.9445486744015877 0.779047966080473 0.04371528366526398 0.04719373545613248
0 0.9107540277596321 0.7482445051701477 0.04366071996293321 0.04563123545613248
0 0.9198611876484316 0.8751896424430512 0.04366071996293321 0.04563123545613248
0 0.8688393462712865 0.7526132697140152 0.04366071996293321 0.04563123545613248
0 0.7634772344757214 0.6801327497101359 0.04684028366526398 0.047448826971401556
0 0.8831250794810636 0.8940035442598224 0.04371528366526398 0.04719373545613248
0 0.964608203257528 0.8180785151720873 0.04366071996293321 0.04563123545613248
0 0.9890625 0.93828125 0.021875 0.0453125
0 0.8599702885594054 0.6771030866834771 0.04204365626060227 0.04394118969849785
0 0.8073016455456472 0.7304514851662683 0.045277783665263985 0.04732128121376693
0 0.69453125 0.62421875 0.0484375 0.0484375
0 0.8947917549789594 0.9603938188056297 0.04371528366526398 0.0471937354561323
0 0.9217709172300115 0.9298771424430512 0.045223219962933034 0.04575878121376711
0 0.878125 0.990625 0.04375 0.01875
0 0.7104067981780522 0.6773586939505617 0.04689484736759484 0.04901132697140156
0 0.8364286395551973 0.8060572630460555 0.045277783665263985 0.04732128121376711
0 0.7930407381039185 0.7682385275899231 0.045277783665263985 0.04732128121376711
0 0.8412649616950485 0.89993480880369 0.045223219962933034 0.04575878121376711
0 0.7963691239461006 0.8635510275899231 0.045277783665263985 0.04732128121376711
0 0.8789435217691824 0.8188759985021878 0.042043656260602094 0.04394118969849785
0 0.8498612008952755 0.9676324918342282 0.045277783665263985 0.04732128121376693
0 0.7960218943645206 0.8089910733475575 0.045277783665263985 0.04732128121376711
0 0.7564137573412122 0.7901774294066941 0.04684028366526398 0.047448826971401556
0 0.7648958907363237 0.7207577497101358 0.04360615626060227 0.04406873545613248
0 0.8366667417321155 0.857492217288421 0.045277783665263985 0.04732128121376711
0 0.940625 0.99453125 0.04375 0.0109375
0 0.990625 0.8953125 0.01875 0.04375