0 0.00859375 0.265625 0.0171875 0.028125
0 0.09544244804219906 0.23422395500192966 0.03165419158591121 0.02898881802583091
0 0.0165526235365669 0.2255596603330637 0.030091691585911205 0.02894335391920828
0 0.7334658799928547 0.30520639324430493 0.03688799480421991 0.03693771034569906
0 0.6031006728196032 0.38884927052047813 0.03688799480421991 0.03693771034569906
0 0.7671417574646939 0.24942775468536055 0.03354447351689629 0.03372178213245362
0 0.7341764381548419 0.20341657271119146 0.03343521287323483 0.03215928213245363
0 0.5677537626604741 0.21921873211981832 0.03510697351689629 0.03376724623907634
0 0.5569140876703094 0.3776677296125358 0.03688799480421991 0.03693771034569906
0 0.6979111562238567 0.19977474716351312 0.03343521287323466 0.03215928213245363
0 0.7094935124083726 0.14150760609728633 0.03510697351689629 0.03376724623907634
0 0.7132519329590619 0.24003603431053167 0.03354447351689629 0.03372178213245362
0 0.6199939698337256 0.13784906017477913 0.03343521287323466 0.03215928213245363
0 0.5922731614196369 0.16683787820061013 0.03510697351689629 0.03376724623907634
0 0.6481082621562709 0.06970681393570288 0.03510697351689629 0.03376724623907634
0 0.693015842613988 0.26411003180324927 0.03354447351689629 0.03372178213245362
0 0.5029921401323134 0.16630433227810287 0.03510697351689647 0.03376724623907634
0 0.33376153889147614 0.6408878289793977 0.04513753737886681 0.04341503087881229
0 0.3609375 0.7140625 0.015625 0.04375
0 0.359375 0.65625 0.01875 0.04375
0 0.25016207107456284 0.7216042830568904 0.046809298022528624 0.04502299498543501
0 0.31994968321116346 0.8463936828986058 0.046809298022528624 0.04502299498543501
0 0.34000010325764957 0.7972742212992656 0.046809298022528624 0.04502299498543501
0 0.36171875 0.8734375 0.0140625 0.046875
0 0.28058154459145934 0.7535984291376823 0.04670003737886681 0.04346049498543501
0 0.22767506587878278 0.7582692087628533 0.04513753737886681 0.04341503087881229
0 0.34921875 0.93828125 0.0390625 0.0453125
0 0.20562510325764957 0.8011841344688163 0.04524679802252862 0.04497753087881229
0 0.18448207677454603 0.8346785960681565 0.04513753737886681 0.04341503087881229
0 0.276057571578766 0.8680246419906636 0.04670003737886681 0.04346049498543501
0 0.2483589064759583 0.8077691035900039 0.046809298022528624 0.04502299498543501
0 0.25335204509566245 0.9015645676966265 0.048371798022528625 0.04506845909205772
0 0.30731900721259253 0.7105471111118513 0.04670003737886681 0.04346049498543501
0 0.17755509755766638 0.6908376678549111 0.04357503737886681 0.043369566772189574
0 0.20349488468443172 0.6587693139357029 0.04513753737886681 0.04341503087881229
0 0.14136622528160725 0.7106788064138554 0.04513753737886681 0.04341503087881229
0 0.20574507157876595 0.8700705267886842 0.04335651609154336 0.04024456677218957
0 0.12623253419989916 0.8301107680131956 0.04513753737886681 0.04341503087881229
0 0.23691866192383992 0.8456782805496079 0.04357503737886681 0.04336956677218975
0 0.07715090597175518 0.66557690657214 0.04513753737886681 0.04341503087881247
0 0.08819693865904502 0.8907132988920081 0.046809298022528624 0.04502299498543501
0 0.10728615622385673 0.7382869808661772 0.04357503737886681 0.043369566772189574
0 0.2671860440872562 0.6068143573509276 0.04346577673520517 0.04180706677218975
0 0.00546875 0.6390625 0.0109375 0.04375
0 0.22724945893796233 0.5954509600164946 0.04513753737886681 0.04341503087881229
0 0.05265365052387363 0.6287134040648577 0.04524679802252862 0.04497753087881229
0 0.023348198798503715 0.7469920426238019 0.04513753737886681 0.04341503087881229
0 0.021875 0.66640625 0.04375 0.0421875
0 0.07052883741820785 0.8395599758516121 0.043465776735205 0.04180706677218975
0 0.20554942155909545 0.5538090292959668 0.046809298022528624 0.04502299498543509
0 0.25 0.525 0.046875 0.0125
0 0.06898848072948889 0.7503610835317441 0.04190327673520518 0.041761602665567034
0 0.19273234730556493 0.6168091344688162 0.04513753737886681 0.04341503087881229
0 0.16484375 0.53984375 0.0453125 0.0421875
0 0.12754438988021183 0.6249686269469689 0.04179401609154336 0.04019910266556703
0 0.12487857576613984 0.5420651987337235 0.04524679802252862 0.04497753087881238
0 0.2078125 0.52578125 0.04375 0.0140625
0 0.07019107576613984 0.5436564424655174 0.04524679802252862 0.04497753087881238
0 0.040437873788668456 0.5883611887045936 0.04513753737886681 0.04341503087881229
0 0.083969352501345 0.5839631937191585 0.04513753737886681 0.04341503087881247
0 0.135531852501345 0.5824628782006102 0.04524679802252862 0.04497753087881229
0 0.34487400151260933 0.5982911520197935 0.046809298022528624 0.04502299498543501
0 0.47914046882531947 0.6638565968595793 0.05182457995351379 0.04984688730530316
0 0.4378270539746133 0.6775841277383916 0.05015281930985207 0.048238923198680436
0 0.38984375 0.6953125 0.0421875 0.05
0 0.4314020913534802 0.7200444123781278 0.0516060586661903 0.046721887305303154