0 0.01015625 0.08515625 0.0203125 0.0609375
0 0.11361015603118041 0.10030418270696032 0.052398841343090474 0.07548060124083725
0 0.16181129869508962 0.0833787626604741 0.07881589067472686 0.06483803218308673
0 0.1739498613939972 0.32153432652244457 0.09900112133990877 0.055320920550689226
0 0.03984375 0.3828125 0.0796875 0.075
0 0.3073441640674515 0.38082148123369197 0.08057838534372692 0.08213479282674854
0 0.08277832670272556 0.1340564698337256 0.0757454346753633 0.06930701089576327
0 0.1689543734086329 0.4289097839477975 0.08846361067790856 0.08893109604505725
0 0.08041694271163422 0.19946294854640217 0.07421929734245403 0.07232275025210147
0 0.2959350440801781 0.4736973960843981 0.04177042401336308 0.10127827673520517
0 0.2110135093889065 0.2866565819703261 0.09740225867281786 0.052086659907027585
0 0.2158817280394527 0.16834362454497312 0.09424089600572697 0.04874313861970414
0 0.20556239337999785 0.22070380003934095 0.04467724801081765 0.08274679802252863
0 0.03125 0.21875 0.0625 0.05625
0 0.04609375 0.27421875 0.0921875 0.0515625
0 0.13971921737745258 0.19736485300554807 0.06644316000954512 0.07490144703379284
0 0.1546715080362711 0.14064495944216543 0.07723520934118148 0.06316627153942508
0 0.13261578938572488 0.2577560497872394 0.0866102093411815 0.06382183540139544
0 0.8987691427434509 0.4924702673520511 0.06954997867599957 0.07355746832111638
0 0.97734375 0.0625 0.0453125 0.08125
0 0.88968394939527 0.3825489641337424 0.06798747867599957 0.07344820767745457
0 0.22317025342135963 0.7492001406365165 0.03317612667090906 0.03354447351689647