0 0.15116328370675677 0.31875 0.024802578925077867 0.0234375
0 0.12725534684681908 0.3375 0.02636507892507787 0.0234375
0 0.051012094286570255 0.2625 0.02480257892507769 0.0234375
0 0.06587823109003832 0.303125 0.024802578925077867 0.0234375
0 0.11075111533325765 0.26875 0.026365078925077688 0.0234375
0 0.10501632580013158 0.33125 0.026456084186749607 0.025
0 0.14521712059492947 0.2703125 0.024802578925077867 0.0234375
0 0.14961619425833544 0.2921875 0.02636507892507787 0.0234375
0 0.027286167949976202 0.284375 0.026456084186749607 0.025
0 0.07893967321164803 0.2859375 0.024893584186749605 0.025
0 0.07363054693152363 0.2484375 0.02480257892507769 0.0234375
0 0.09934317847331986 0.2875 0.024893584186749605 0.025
0 0.10833874687505389 0.3078125 0.02480257892507769 0.0234375
0 0.12901526792174128 0.3140625 0.024893584186749605 0.025
0 0.12461619425833544 0.2921875 0.024802578925077867 0.0234375
0 0.7265625 0.0140625 0.084375 0.028125
0 0.93671875 0.00546875 0.1015625 0.0109375
0 0.96015625 0.06328125 0.0796875 0.0828125
0 0.7484639469597585 0.0828125 0.08799979991529554 0.0890625
0 0.6954439047252093 0.21875 0.08661931043863902 0.0921875
0 0.9488881521649606 0.14375 0.09968075256024882 0.075
0 0.6378890099586464 0.25 0.10409523677523325 0.0703125
0 0.06187399957647699 0.84375 0.02324007892507769 0.0234375
0 0.2118138154179622 0.7890625 0.023149073663405774 0.021875
0 0.03687399957647699 0.84375 0.02314907366340586 0.021875
0 0.18396183120297777 0.79375 0.021586573663405773 0.021875
0 0.020338946959758485 0.828125 0.02314907366340586 0.021875
0 0.16088835224966527 0.8 0.021586573663405773 0.021875
0 0.03353616794997612 0.89375 0.02324007892507769 0.0234375
0 0.13726884172632153 0.796875 0.02314907366340595 0.021875
0 0.079319104809914 0.875 0.02324007892507769 0.0234375
0 0.04021183120297782 0.79375 0.02314907366340586 0.021875
0 0.04849476806291562 0.775 0.021586573663405863 0.021875
0 0.022098868034680752 0.8046875 0.02314907366340586 0.021875
0 0.061070362773008924 0.803125 0.02314907366340595 0.021875
0 0.27008134172632153 0.796875 0.02314907366340595 0.021875
0 0.009375 0.784375 0.01875 0.021875
0 0.00625 0.8140625 0.0125 0.021875
0 0.05698907850155468 0.8671875 0.02324007892507769 0.0234375
0 0.026437757539571914 0.771875 0.02314907366340595 0.021875
0 0.11788180489461855 0.7859375 0.02158657366340595 0.021875
0 0.06935329963294672 0.784375 0.021586573663405863 0.021875
0 0.013967120594929484 0.8796875 0.02324007892507769 0.0234375
0 0.0078125 0.84140625 0.015625 0.0234375
0 0.03355157850155473 0.8671875 0.02314907366340586 0.021875
0 0.09609781015629042 0.7875 0.02314907366340586 0.021875
0 0.08312737329635259 0.80625 0.02314907366340595 0.021875
0 0.02883325739839755 0.9203125 0.02480257892507769 0.0234375
0 0.2011339206513993 0.8203125 0.023149073663405774 0.021875
0 0.05287843117474296 0.8234375 0.02324007892507769 0.0234375
0 0.5507530310053337 0.7484375 0.06623121572854593 0.0640625
0 0.5197298151356136 0.8328125 0.06632222099021767 0.065625
0 0.7502209519390817 0.8734375 0.0629242052052021 0.0609375
0 0.6245714206513993 0.5671875 0.06944722099021768 0.065625
0 0.7606292889684287 0.6765625 0.06614021046687402 0.0625
0 0.5914088521084909 0.6953125 0.0644867052052021 0.0609375
0 0.39108960466873965 0.7703125 0.0660492052052021 0.0609375
0 0.8147091151920833 0.7734375 0.06439569994353037 0.059375
0 0.7476126204537552 0.775 0.06439569994353037 0.059375
0 0.8809403309206292 0.8375 0.06265118942018652 0.05625
0 0.8266616255742527 0.925 0.061179694681858444 0.0578125
0 0.7823208203972853 0.834375 0.06274219468185827 0.0578125