0 0.0234375 0.29453125 0.046875 0.1109375
0 0.2115535608940255 0.30405629535949524 0.10527837334017516 0.1076598525320139
0 0.5566660729942738 0.15129385835838302 0.05971134328594587 0.06127069994353036
0 0.8640625 0.33984375 0.059375 0.0390625
0 0.8066115308397961 0.1461080164908873 0.05970225292686617 0.05970819994353036
0 0.5509524041799714 0.059470379405070516 0.05814884328594587 0.061179694681858444
0 0.7133796813073344 0.06250583219119817 0.0597204336450254 0.06283319994353018
0 0.80546875 0.02890625 0.0578125 0.0578125
0 0.667485398326239 0.1651449847796818 0.06128293364502539 0.0629242052052021
0 0.6572842174116879 0.039219521611384776 0.058157933645025396 0.06274219468185845
0 0.8533410850945223 0.16837785864073176 0.05813066256778647 0.05805469468185844
0 0.23011162159165935 0.7580759374246352 0.05174430718159222 0.034253173635170955
0 0.15169677186280578 0.5439672057698994 0.045521578258831144 0.03857665258848364
0 0.2179944584346975 0.4245199847796818 0.04549430718159222 0.03388915258848364
0 0.04577402478967203 0.4939055635635851 0.034629530054229286 0.04575211575678075
0 0.09444683236404786 0.719118395190086 0.04555793969514958 0.04482665258848364
0 0.19179348927449363 0.9008850637047596 0.02688975292686635 0.057797089448421345
0 0.2600910548439013 0.4376878427145419 0.03619203005422929 0.04584312101845249
0 0.17761385636815294 0.653357616321478 0.02840680113146803 0.05007559471009326
0 0.23481834407151272 0.4860189269012915 0.05016362646343318 0.031037168373499215
0 0.2577922357584523 0.5643413479762137 0.028397710772388507 0.04851309471009326
0 0.1475637837666625 0.44892772155491495 0.03462043969514959 0.04418961575678067
0 0.11750357904439816 0.5147193215266801 0.031504530054229464 0.04557010523343692
0 0.20443088642238222 0.6080605268730566 0.04397725897699054 0.041610647326811724
0 0.2771603801758662 0.45699928483615154 0.033076120413308985 0.047223610495108835
0 0.12152748283158603 0.6285088057416646 0.025281801131468207 0.04989358418674961
0 0.09680928396305415 0.5815273899284141 0.04395907825883114 0.03848564732681172
0 0.22023769360397463 0.5759004742563381 0.048601126463433175 0.030946163111827473
0 0.15929110324489493 0.5810121794615403 0.048601126463433175 0.030946163111827296
0 0.14765625 0.38046875 0.0390625 0.0421875
0 0.09941613349551597 0.6704078794050705 0.048610216822512695 0.03250866311182747
0 0.1056580848981306 0.40294736362005495 0.03617384933607006 0.042718121018452494
0 0.2859375 0.72265625 0.028125 0.0421875
0 0.25895475995894907 0.6330003427145419 0.048610216822512695 0.0325086631118273
0 0.09022294067710827 0.6397039109751017 0.03462953005422946 0.04575211575678075
0 0.8778047539088248 0.6777359900413537 0.058085210772388506 0.05024219468185844
0 0.7935661092950191 0.6592127741716335 0.03941702400410509 0.06321263154179615
0 0.6754342537124332 0.559879174058694 0.06584316861791084 0.04132222099021767
0 0.596718380372258 0.6659919371422864 0.0612011204133089 0.0488617052052021
0 0.6260695370863122 0.7220753371705213 0.06584316861791084 0.04132222099021767
0 0.7259604527773568 0.735001000423523 0.04875566256778665 0.0575086631118273
0 0.8294490671405415 0.6664946531531809 0.04564884328594587 0.06045165258848364
0 0.6236717658126816 0.5972573476938651 0.06274543969514967 0.04582771046687384
0 0.6971092658126816 0.5929801003952881 0.06740566861791084 0.04141322625188941
0 0.7684842960633025 0.674731358358383 0.05498748184962743 0.05474768415851479
0 0.7630069765850701 0.5422828794050705 0.03944429508134384 0.06790013154179633
0 0.799416133495516 0.7275987531249462 0.040952252926866176 0.05861613680346807
0 0.842149055040293 0.6313916110598061 0.042551114363184796 0.0649571420651398
0 0.6543854346269841 0.687624742460428 0.053434072208706954 0.05621917889684287
0 0.804794500785567 0.6085757373399305 0.03785452400410509 0.06312162628012423
0 0.7331649404807166 0.5705744793768356 0.06273634933607006 0.04426521046687402
0 0.8409319886853185 0.572107616321478 0.04722952400410509 0.06366765785015538
0 0.5706013079671592 0.590976526590708 0.06121930113146821 0.0519867052052021
0 0.6593092839630541 0.6467267266754125 0.06428066861791085 0.04123121572854575
0 0.7201286092950191 0.6634900214702104 0.05342498184962743 0.05465667889684287
0 0.6022047902095701 0.7968779160955991 0.04252384328594587 0.06026964206513981
0 0.8726354648776052 0.7608215058263692 0.061246572208706954 0.0566742052052021
0 0.9260877178044714 0.7014773269295264 0.06270907825883114 0.039577710466874014
0 0.7162410608940255 0.5262630372552259 0.06121021077238851 0.0504242052052021
0 0.6522411516458886 0.7877157477221 0.04564884328594587 0.06045165258848364
0 0.8245161274453917 0.7089551689381965 0.04873748184962743 0.054383663111827296
0 0.8097728922761146 0.558302721554915 0.05655907220870695 0.05640118942018653
0 0.9344001875538502 0.6150848006211671 0.06582498789975162 0.038197220990217676
0 0.6570751391528568 0.49378373719875623 0.0612011204133089 0.0488617052052021
0 0.8812206453993727 0.62755397951801 0.036310204722264317 0.06615562101845249
0 0.6934570249860638 0.6837871109186319 0.05187157220870695 0.056128173635170954
0 0.57034677791293 0.6347265265907079 0.059674981849627426 0.05502069994353036
0 0.9111990368899203 0.5758248795462448 0.036328385440423536 0.06928062101845249
0 0.6383877299047198 0.7525972950771466 0.06116475897699036 0.0426117052052021
0 0.7796752843558377 0.8990033162650082 0.034720433645025396 0.06137711575678075
0 0.9502978983262388 0.5672997480044486 0.04722952400410509 0.06366765785015538
0 0.6756150191323312 0.7972881687970222 0.0362920240041051 0.0630306210184525
0 0.6315741276417836 0.8498363161238339 0.04876475292686626 0.05907116311182729
0 0.7578195068356911 0.6284933951900861 0.05965680113146821 0.05189569994353036
0 0.601214982831586 0.6985314213572709 0.0596386204133089 0.04877069994353036
0 0.7305035487937771 0.49106898990017933 0.06586134933607006 0.044447220990217674
0 0.5837547720591976 0.7464074792356612 0.05188066256778665 0.057690673635170955
0 0.6868979527773568 0.7372761319653193 0.03162270472226432 0.06588260523343692
0 0.5671389229195192 0.9176300318523797 0.05342498184962743 0.05465667889684287
0 0.8461638684684013 0.7467435952747906 0.05961134933607006 0.04408319994353018
0 0.7468264229195192 0.9071644267601171 0.03471134328594587 0.05981461575678075
0 0.7333093444642962 0.8142334741151638 0.033167024004105095 0.06284861049510884
0 0.6098082119507389 0.8323603897872399 0.04566702400410509 0.06357665258848363
0 0.5631342416121847 0.5320565528990672 0.041006795081344014 0.06799113680346806
0 0.5528138442679045 0.6951025844690983 0.026935204722264315 0.06560958944842135
0 0.8705376754536018 0.5844410163497129 0.050354524004105096 0.06384966837349922
0 0.7665400009819587 0.7404473636200549 0.044040891490547907 0.05254814732681172
0 0.5580457240509873 0.8697385634224108 0.05496930113146821 0.05162268415851479
0 0.6070115066392994 0.5076334055722553 0.048792024004105095 0.06375866311182729
0 0.9019320794371815 0.826279905854604 0.033157933645025395 0.061286110495108834
0 0.7731525735834491 0.9462423373116957 0.039380662567786474 0.05696263154179633
0 0.5505877480550925 0.8092560897307701 0.047211343285945874 0.060542657850155376
0 0.6642593626146688 0.8698002056287251 0.06271816861791084 0.04114021046687384
0 0.7833547962596944 0.8035088057416646 0.0626908975406721 0.03645271046687384
0 0.74140625 0.98828125 0.0453125 0.0234375
0 0.921218410622879 0.733000342714542 0.06271816861791084 0.04114021046687384
0 0.8698104467272325 0.7094410163497129 0.05340680113146803 0.05153167889684287
0 0.8097445794371815 0.8316492162932431 0.06585225897699054 0.04288472099021767
0 0.8085002420049682 0.777052721554915 0.056468168617910666 0.04077618942018653
0 0.6863252601553408 0.8357136319653193 0.05962043969514976 0.04564569994353018
0 0.7564297236582039 0.5988969004517578 0.06121930113146803 0.0519867052052021
0 0.875 0.97890625 0.034375 0.0421875
0 0.7612616276417835 0.8422828794050705 0.033130662567786476 0.056598610495108836
0 0.6013321157379268 0.9468779160955991 0.05961134933607006 0.04408319994353036
0 0.8547570975875542 0.8805725637047596 0.03626475292686635 0.058343121018452494
0 0.753840013082207 0.7755504057134297 0.05958407825883114 0.03939569994353036
0 0.8944195612868089 0.7751724321629634 0.048755662567786476 0.0575086631118273
0 0.7053752420049682 0.783059068825257 0.022220433645025395 0.06064907366340577
0 0.7000524586310892 0.6240480898719445 0.06273634933607006 0.04426521046687402
0 0.6078820975875543 0.8949513950489116 0.04407725292686626 0.0587981473268119
0 0.9319013805686497 0.7761133058828389 0.03782725292686635 0.05843412628012441
0 0.6419752964560861 0.9413867792921309 0.04409543364502548 0.06192314732681155
0 0.9300116276417836 0.8324543111445107 0.026907933645025396 0.06092208944842135
0 0.5539672781093217 0.7653240792074264 0.05345225292686617 0.05934417889684287
0 0.896875 0.9953125 0.053125 0.009375
0 0.803125 0.97890625 0.0375 0.0421875
0 0.8453125 0.99375 0.04375 0.0125
0 0.9295490610904172 0.6434828164061827 0.0673602168225127 0.03360072625188941
0 0.7944842355620605 0.5014002741716335 0.06585225897699036 0.04288472099021767
0 0.9089173567609364 0.9680123795462448 0.03938066256778665 0.05696263154179633
0 0.65625 0.984375 0.034375 0.03125
0 0.9506433319712644 0.5079247480044486 0.050363614363184796 0.06541216837349913
0 0.6328831393492484 0.624836316123834 0.06584316861791084 0.04132222099021767
0 0.8411400251824555 0.8048291110598061 0.06270907825883114 0.03957771046687384
0 0.6780127904059619 0.9221061582736786 0.061146578258831144 0.0394867052052021
0 0.7109889168693949 0.8920700477785697 0.04406816256778665 0.057235647326811724
0 0.8648149162802199 0.4941800373964004 0.06121021077238851 0.0504242052052021
0 0.9188105072284746 0.8784038479762138 0.0362829336450254 0.06146812101845249
0 0.62109375 0.98671875 0.0234375 0.0265625
0 0.6875 0.975 0.05 0.05
0 0.76875 0.9796875 0.04375 0.040625
0 0.8075457543016084 0.941115221554915 0.04093407220870695 0.055491136803468066
0 0.7059923446606879 0.9454680635635853 0.056486349336070066 0.04390118942018688
0 0.8566013987190223 0.8320440584430877 0.053434072208706954 0.05621917889684287
0 0.927850205704223 0.6670113216678544 0.0642352168225127 0.033418715728545934
0 0.6521785608940255 0.5299942529837718 0.0657977168225127 0.03350972099021767
0 0.8404491578924045 0.9235791110598062 0.03313975292686635 0.05816111049510866
0 0.9208467476623088 0.5284038479762138 0.056586343285945875 0.061088689420186526
0 0.8860616397420319 0.8693774584713225 0.04407725292686635 0.058798147326811726
0 0.8124786939967581 0.8986547057698996 0.03627384328594587 0.059905621018452496
0 0.7252241336919077 0.861563500423523 0.05183521077238851 0.049878173635170955
0 0.8052762898167867 0.5257632373399306 0.06431703005422928 0.04748121572854593
0 0.7495706695998694 0.7039484214984453 0.06269998789975162 0.03801521046687384
0 0.6114172055078313 0.5557978897872399 0.0658068071815924 0.03507222099021767
0 0.7293116699926528 0.9644154846385075 0.05338862041330898 0.04840667889684269
0 0.8708376573032293 0.5328785163497128 0.06430793969514959 0.04591871572854593
0 0.8479980374790955 0.9684365847514469 0.050272710772388506 0.04978716837349921
0 0.8983071096878026 0.9123994163779479 0.056486349336070066 0.043901189420186525
0 0.8080366336919077 0.8567402215549151 0.06111930718159222 0.0347992052052021
0 0.5543207603517326 0.9730455739457546 0.05497839149054773 0.053185184158514434
0 0.6594082361512357 0.8981982214137407 0.06112839754067192 0.0363617052052021
0 0.8856798446606879 0.9350024584713225 0.0595658975406721 0.03627069994353036