0 0.453125 0.17578125 0.071875 0.1265625
0 0.2966022085086764 0.14549742661894277 0.1329707911775566 0.10737142619541977
0 0.7265625 0.0328125 0.096875 0.065625
0 0.96015625 0.075 0.0796875 0.096875
0 0.4828125 0.69921875 0.0125 0.0484375
0 0.4061007171465498 0.46383863196531927 0.0431282387412331 0.04142863680346807
0 0.47734375 0.51171875 0.0234375 0.0453125
0 0.71171875 0.43359375 0.0390625 0.0296875
0 0.7275566101144344 0.465067932021789 0.0398029796419344 0.03812162628012441
0 0.7540795373200452 0.4384298373116957 0.03657785009228505 0.03637711575678075
0 0.7591441764304185 0.615356358358383 0.04146560919158375 0.03977513154179633
0 0.8178392535437442 0.5523411478915092 0.04146560919158375 0.03977513154179633
0 0.8730693692137329 0.459729442686307 0.0398029796419344 0.03812162628012441
0 0.79375 0.425 0.0375 0.0125
0 0.7963066101144344 0.46106370050822765 0.0398029796419344 0.03812162628012441
0 0.679319369213733 0.47101409513361625 0.0413654796419344 0.038212631541796147
0 0.828125 0.4328125 0.0375 0.028125
0 0.63125 0.42578125 0.0375 0.0140625
0 0.5570438510151356 0.47186250554402054 0.04479086829088228 0.04308214206513998
0 0.59140625 0.43671875 0.0390625 0.0359375
0 0.5328125 0.42890625 0.04375 0.0203125
0 0.659375 0.4375 0.040625 0.0375