0 0.39245239971796153 0.4787492039814728 0.022089613477870352 0.021377033016686652
0 0.48081227068870236 0.43016786182881744 0.022089613477870352 0.02137703301668683
0 0.340625 0.49921875 0.021875 0.0203125
0 0.27842956446814676 0.4313563048405554 0.022226314514629662 0.02293953301668683
0 0.3771595903871282 0.4654236883776406 0.02052711347787035 0.021295145861557074
0 0.3580773997179615 0.4805507213943273 0.022089613477870352 0.02137703301668683
0 0.3607731727622209 0.4395981727738084 0.020527113477870174 0.021295145861557074
0 0.48633910075472075 0.4753984746736877 0.022089613477870175 0.02137703301668683
0 0.45303858520333196 0.4535987177762827 0.022089613477870352 0.021377033016686652
0 0.27940559557092454 0.47839507915081486 0.022226314514629662 0.022939533016686654
0 0.34112505410055427 0.41237393148023554 0.02052711347787035 0.021295145861557074
0 0.3156561623946283 0.4262660131174414 0.022089613477870352 0.02137703301668683
0 0.46983652299777656 0.3585385232942067 0.022089613477870352 0.02137703301668683
0 0.30854629142388745 0.47058922320334967 0.02052711347787035 0.021295145861557074
0 0.32354657483573934 0.44468846449692234 0.022089613477870352 0.021377033016686652
0 0.2943867551373135 0.4163930461341282 0.022089613477870352 0.021377033016686652
0 0.4276490229977766 0.36074947648271005 0.022089613477870352 0.021377033016686652
0 0.33837049246064677 0.4705958672558843 0.020527113477870174 0.021295145861557074
0 0.3237817292183321 0.37561091587640333 0.02052711347787035 0.021295145861557074
0 0.3552463426962024 0.3943675599289381 0.02052711347787035 0.021295145861557074
0 0.41710108520333194 0.455482122344267 0.022089613477870352 0.02137703301668683
0 0.3843282499535173 0.40383109113660254 0.020527113477870174 0.021295145861557074
0 0.3303830437329617 0.39724025441101407 0.022089613477870352 0.021377033016686652
0 0.39712077587249867 0.442402268205824 0.022089613477870352 0.021377033016686652
0 0.22641729660768375 0.4827417424252265 0.022226314514629662 0.02293953301668683
0 0.39464103336536915 0.3781759938955645 0.022089613477870175 0.021377033016686652
0 0.2878442292183321 0.37749432044438774 0.022089613477870352 0.021377033016686652
0 0.33294211574046173 0.35472520579049505 0.022089613477870352 0.021377033016686652
0 0.39557881677722107 0.353012219585305 0.022089613477870352 0.021377033016686652
0 0.38936706446814673 0.425542316826343 0.020527113477870174 0.021295145861557074
0 0.4771992551373135 0.4068122489839472 0.022089613477870352 0.02137703301668683
0 0.4737229406226839 0.38501913613907696 0.022089613477870352 0.02137703301668683
0 0.4584301312918506 0.3716936205352447 0.02052711347787035 0.021295145861557074
0 0.4123753375124061 0.3835252351891373 0.022089613477870352 0.02137703301668683
0 0.4322189458064802 0.3950425893275803 0.022089613477870352 0.021377033016686652
0 0.4511247706887024 0.4317237177762827 0.02052711347787035 0.021295145861557074
0 0.4585859561740728 0.40935739484550415 0.022089613477870352 0.021377033016686652
0 0.43374178105629485 0.44833136363783976 0.020527113477870174 0.021295145861557074
0 0.4242109561740728 0.4111589122583588 0.02052711347787035 0.021295145861557074
0 0.45083224476972095 0.3924974434660232 0.02052711347787035 0.021295145861557074
0 0.184375 0.49921875 0.021875 0.0203125
0 0.43210136861518383 0.4295813636378398 0.020663814514629664 0.022857645861557075
0 0.41192556965194316 0.43220839665452654 0.020527113477870174 0.021295145861557074
0 0.963840801225832 0.26598145183376615 0.0525385311027776 0.049413501809022264
0 0.9628647701230545 0.21894267752350674 0.05396433006601846 0.04793288896415202
0 0.98125 0.303125 0.0375 0.053125
0 0.98359375 0.3984375 0.0328125 0.05
0 0.9632529152693504 0.4386753233850637 0.05423773213953709 0.0510578889641522
0 0.9220825281815728 0.3089811793325291 0.0525385311027776 0.049413501809022264
0 0.99140625 0.35234375 0.0171875 0.0515625
0 0.9111244872768506 0.3990263251940861 0.056073634213055355 0.05426477611928178
0 0.9359375 0.33359375 0.128125 0.2640625
0 0.465625 0.52109375 0.034375 0.0234375
0 0.5046875 0.52421875 0.034375 0.0296875
0 0.45819781102777685 0.6627014801007546 0.03738242280870363 0.03617651741285464
0 0.2901886877479618 0.7876616157855463 0.04064412384546294 0.03790279172311397
0 0.4021241768147214 0.6138412562200364 0.035683221771944315 0.03453213025772488
0 0.087222346748703 0.5848243000908571 0.03724572177194441 0.034614017412854546
0 0.2295274239399993 0.5428337946637901 0.03554652073518518 0.03296963025772479
0 0.4443116768147214 0.6116303030315331 0.035683221771944315 0.034532130257724794
0 0.5765625 0.5875 0.025 0.034375
0 0.3379249757779622 0.6156361295803563 0.03710902073518518 0.03305151741285446
0 0.58359375 0.540625 0.0109375 0.034375
0 0.2894669348732398 0.7076465671650274 0.037245721771944316 0.034614017412854636
0 0.41875 0.5171875 0.034375 0.015625
0 0.54296875 0.5171875 0.0328125 0.015625
0 0.786028868049536 0.5893126469932108 0.050839330066018464 0.04776911465389251
0 0.9320645379835175 0.5361389801007546 0.04927683006601846 0.04768722749876275
0 0.7756572960420358 0.6322371313893786 0.050839330066018464 0.047769114653892684
0 0.9401886877479619 0.6110570929456248 0.050839330066018464 0.047769114653892684