0 0.19410009885831753 0.10513669411716106 0.05991351087441501 0.054929694681858446
0 0.24190092889637355 0.09233285722898846 0.06998884783255335 0.07266322625188941
0 0.5333297421285156 0.31000766268830426 0.03909167490485963 0.04124662628012441
0 0.6077461047898165 0.4530743942018656 0.03746550790866543 0.03959312101845249
0 0.5140625 0.3875 0.028125 0.0375
0 0.6499972717860109 0.4570940362670056 0.03740184091247105 0.03803062101845249
0 0.6144470909496521 0.3879954257718968 0.03746550790866543 0.03959312101845249
0 0.6296875 0.484375 0.0375 0.009375
0 0.490625 0.96484375 0.01875 0.0453125
0 0.3484375 0.990625 0.046875 0.01875
0 0.4548465978697343 0.9687456258566014 0.04709517589344294 0.04638915258848364
0 0.30121226190017913 0.9473271102127601 0.04709517589344294 0.04638915258848364
0 0.068184903193211 0.8137278420086702 0.048721342889637365 0.04804265785015556
0 0.29302839429596245 0.7847361049510883 0.04553267589344294 0.04629814732681172
0 0.4363565830409867 0.8975230732398828 0.04553267589344294 0.04629814732681172
0 0.12813290615896053 0.8312485419522005 0.04709517589344294 0.04638915258848364
0 0.1524272520143474 0.8918976156156063 0.04865767589344294 0.04648015785015538
0 0.35501905832640734 0.7758763154179623 0.04553267589344294 0.04629814732681172
0 0.48046875 0.8 0.0390625 0.046875