0 0.1311479583301482 0.15543427540202898 0.04575211575678075 0.03564799498543501
0 0.06033565841485285 0.2425872829238765 0.04179265785015547 0.04801160266556703
0 0.13365133205002383 0.19307066772189713 0.05016659997176509 0.031096887305303154
0 0.1962423373116957 0.1933267319868043 0.04860409997176518 0.03105142319868044
0 0.17576323733993054 0.22246866270733215 0.04437162628012441 0.03872753087881229
0 0.20930232138550586 0.049713124306672365 0.04391659997176518 0.030915030878812467
0 0.07298684783503936 0.1866100675636126 0.04437162628012441 0.03872753087881229
0 0.24754577403045913 0.06491222697223939 0.038303636803468065 0.0416706744523216
0 0.2183441214419755 0.10945183715965383 0.04695059471009344 0.02944345909205772
0 0.14527210053646247 0.26227530878812394 0.0325086631118273 0.04930131802583091
0 0.2577273269295263 0.346935116784825 0.04758763154179615 0.040380959092057724
0 0.23428836888172677 0.1850428705457487 0.02920165258848364 0.046085389812585476
0 0.14296875 0.0109375 0.0328125 0.021875
0 0.3101074162367734 0.17316264766363734 0.04593412628012441 0.038772994985435
0 0.09850205830191334 0.12474656505633011 0.03076415258848364 0.046130853919208195
0 0.13789775824544362 0.06641723950865171 0.03683214206513989 0.04318771034569906
0 0.2634592003670533 0.08728733214508892 0.03223564732681172 0.044613818025830906
0 0.22881264262983728 0.252184906439126 0.04860409997176518 0.03105142319868044
0 0.09844041609559909 0.018314708629839326 0.04851309471009326 0.02948892319868044
0 0.2923305691076058 0.4246342194503921 0.035906678896842695 0.05407974623907634
0 0.09204068472321207 0.2356840650563301 0.02460515785015547 0.04751149749271768
0 0.31872355304024147 0.13271950409012803 0.038303636803468065 0.041670674452321775
0 0.054222895331260366 0.3206668188172538 0.044553636803468064 0.041852530878812466
0 0.3328125 0.0140625 0.046875 0.028125
0 0.18908374274277673 0.36998016020004965 0.05191111049510884 0.03426735141192587
0 0.31960278455380287 0.06387857587688273 0.04409861049510884 0.034040030878812376
0 0.03129914775033482 0.09618364436493217 0.03848564732681172 0.04479567445232178
0 0.06641905844308767 0.2725021034569899 0.05172909997176518 0.031142351411925874
0 0.2012490847514469 0.9011512553437694 0.04646474729857708 0.0746650308788123
0 0.1 0.98515625 0.053125 0.0296875
0 0.36640625 0.96796875 0.0421875 0.0640625
0 0.028125 0.97578125 0.05625 0.0484375
0 0.06328125 0.98359375 0.0515625 0.0328125
0 0.17421875 0.9828125 0.0765625 0.034375
0 0.14281495847132258 0.9370145475053528 0.0786556210184525 0.03816524122451135
0 0.4055879742563381 0.9399650174179632 0.03874325256024882 0.07600021034569907
0 0.44445305318141576 0.9176186559769075 0.06034523677523325 0.07194920783841656
0 0.28046875 0.99140625 0.0796875 0.0171875
0 0.428125 0.96875 0.034375 0.0625
0 0.23142243216296335 0.9474185015828457 0.08187162628012441 0.03981866943775678
0 0.1446350637047596 0.9057645475053528 0.0775481473268119 0.04593227711788863
0 0.06908757408692896 0.751746985747728 0.07727513154179633 0.04124477711788863
0 0.13658036902290113 0.9634406551854848 0.0786556210184525 0.03816524122451135
0 0.2577721005364625 0.8981004631821857 0.08141659997176517 0.03200616943775678
0 0.58515625 0.6859375 0.0328125 0.06875
0 0.7301160793486007 0.6774362736861693 0.054095236775233244 0.07176735141192588
0 0.6404319530684763 0.7123902837152992 0.07184417889684287 0.05512542069139794
0 0.5984375 0.83203125 0.059375 0.0484375
0 0.7062404216396196 0.872385060833188 0.07773015785015538 0.04905727711788863
0 0.6811787794333053 0.7652257787007344 0.07478716837349922 0.05209134890464338
0 0.6362009374246351 0.8656516760351674 0.05712923151356133 0.07029577962517113
0 0.5875 0.77421875 0.0375 0.0671875
0 0.7324668056004903 0.6102033095795467 0.07331567363517096 0.05360838479802066