0 0.5212818989172787 0.1933372169500652 0.08655727711788863 0.08188747091226496
0 0.53203125 0.09453125 0.0734375 0.0890625
0 0.50703125 0.0421875 0.0515625 0.084375
0 0.5546875 0.2390625 0.028125 0.09375
0 0.735298934810656 0.04356035755694867 0.04341503087881229 0.04563123545613248
0 0.7368901785424498 0.09824785755694876 0.04497753087881229 0.04575878121376711
0 0.6984354323033735 0.06849645574017753 0.04346049498543501 0.04719373545613248
0 0.8078125 0.0171875 0.04375 0.034375
0 0.89921875 0.0078125 0.0453125 0.015625
0 0.69375 0.00703125 0.040625 0.0140625
0 0.8151061067556951 0.09499556967522196 0.04341503087881229 0.045631235456132305
0 0.6515625 0.00546875 0.04375 0.0109375
0 0.9604353271305239 0.029881268457575594 0.04497753087881229 0.04575878121376693
0 0.9337939222742436 0.13699213785263176 0.04502299498543501 0.04732128121376711
0 0.6565207169431095 0.08131519119631 0.04497753087881229 0.04575878121376711
0 0.7097199247815261 0.1333561811943703 0.04346049498543501 0.0471937354561323
0 0.9092365399835053 0.046590278459515314 0.041761602665567034 0.042378689698497854
0 0.6118159707040333 0.05207397241007694 0.04502299498543501 0.04732128121376711
0 0.6938963479802065 0.18163418452835023 0.04346049498543501 0.04719373545613248
0 0.6521681860642972 0.03938278271157909 0.04502299498543501 0.04732128121376711
0 0.6647256735278848 0.14799250816577186 0.04502299498543501 0.04732128121376693
0 0.9027545224325282 0.200608098762957 0.04350595909205772 0.04875623545613248
0 0.81852061177026 0.05086293240231825 0.041761602665567034 0.042378689698497854
0 0.6109375 0.01015625 0.04375 0.0203125
0 0.8476745658477529 0.13775715452253118 0.04341503087881229 0.045631235456132305
0 0.8204588479802066 0.17130297815995288 0.04502299498543501 0.04732128121376711
0 0.7404363788590189 0.22012285755694866 0.04346049498543501 0.04719373545613248
0 0.7564872761934518 0.17965735422296883 0.04346049498543501 0.04719373545613248
0 0.7696979815245859 0.25688953391952707 0.041897994985435005 0.04706618969849785
0 0.7901181301126601 0.2051038933126435 0.04502299498543501 0.04732128121376711
0 0.8401923379510766 0.25739997482597293 0.04350595909205772 0.04875623545613248
0 0.8918792069139798 0.14981087330876425 0.04180706677218975 0.04394118969849785
0 0.8825162302709447 0.25864373936984053 0.04350595909205772 0.0487562354561323
0 0.8606124865391509 0.20561433421908948 0.041897994985435005 0.04706618969849785
0 0.15390625 0.4515625 0.0921875 0.103125
0 0.17166233214508891 0.5414549499903016 0.10350073620994653 0.12847542848861018
0 0.16725964014178998 0.6592801787784743 0.09109166442319179 0.13058006242753387