0 0.503125 0.7875 0.0484375 0.0546875
0 0.4296875 0.78125 0.046875 0.053125
0 0.403125 0.334375 0.05 0.053125
0 0.53125 0.3890625 0.0484375 0.0515625
0 0.359375 0.5640625 0.0484375 0.05
0 0.65625 0.5953125 0.0484375 0.0515625
0 0.2796875 0.5515625 0.0484375 0.0484375
0 0.5421875 0.484375 0.0453125 0.0484375
0 0.3765625 0.475 0.04375 0.0453125
0 0.415625 0.453125 0.0484375 0.05
0 0.5734375 0.56875 0.0453125 0.0484375
0 0.5984375 0.4625 0.046875 0.0484375
0 0.621875 0.5203125 0.0421875 0.046875
0 0.5890625 0.5171875 0.0390625 0.05