0 0.21826996274649302 0.2860603905951852 0.03211086939505616 0.030032945337363514
0 0.5588310609297219 0.4963091892902748 0.055994650608823096 0.07401930267345413
0 0.6127852372923003 0.4675296612826386 0.07426641848667064 0.04925566000954511
0 0.7022308903170194 0.3179103746021848 0.07608401000193972 0.052398841343090474
0 0.6059936191051921 0.32685011728200236 0.07464905575957417 0.05394316000954493
0 0.6504449918342281 0.3732524026098208 0.06198955909355401 0.07096702800763595
0 0.6010193345574452 0.2659126172820024 0.06198955909355419 0.07096702800763595
0 0.6962354660804729 0.4743785506047301 0.04674719636645772 0.0754727146721816
0 0.7159424460765937 0.3709262866009121 0.06329696757828493 0.06786020934118149
0 0.8216183612292843 0.40097631858691274 0.051562242124092175 0.07708975867281787
0 0.6966183612292843 0.40243082527054835 0.05417705909355419 0.07087612133990877
0 0.7270389269907982 0.5068637866009121 0.04205969636645772 0.07541817067154515
0 0.6647623254735894 0.4528489959420936 0.04505715060882309 0.07389203333863606
0 0.0109375 0.753125 0.021875 0.084375
0 0.05234375 0.971875 0.0671875 0.05625
0 0.06964101517208743 0.8660933359325484 0.05063747091226496 0.08488407733927232
0 0.0078125 0.84140625 0.015625 0.0828125
0 0.11434747941639252 0.915620621260367 0.05506987939699588 0.08181362133990877
0 0.04964776638003539 0.7552831052673666 0.07149210485118865 0.07263861600890867
0 0.10234375 0.98125 0.0546875 0.0375
0 0.1953125 0.97578125 0.059375 0.0484375
0 0.025 0.8953125 0.05 0.059375
0 0.106535495168208 0.7624410772597306 0.06967451333591938 0.0694954346753633
0 0.1484375 0.975 0.053125 0.05
0 0.1799093512273447 0.7224876919160039 0.07592451333591957 0.06956816000954494
0 0.13281069486864555 0.8544104012571854 0.08182382697140156 0.046221566677272105
0 0.01484375 0.6828125 0.0296875 0.075
0 0.17231947608241266 0.8977422305856401 0.08520391848667046 0.04938292934436319
0 0.21925837789918373 0.8596604279121859 0.08520391848667046 0.04938292934436319
0 0.2703125 0.81875 0.0375 0.075
0 0.24221816152884673 0.6810990759070952 0.08309928454774677 0.061846566677272286
0 0.14601258334949724 0.7479058625875491 0.0626272878817268 0.07877952800763595
0 0.2484375 0.80078125 0.08125 0.0734375
0 0.02109375 0.603125 0.0421875 0.05625
0 0.2734375 0.9546875 0.03125 0.078125
0 0.24888197608241266 0.8968513452419133 0.0794321506088231 0.07429202267663584
0 0.02856973395832032 0.8227796879376392 0.03957242515463051 0.08319430800445424
0 0.25234375 0.965625 0.0640625 0.06875
0 0.09030445941251317 0.8126774345958214 0.08376896424430509 0.05092724801081765
0 0.24129364819292717 0.6122945319064589 0.05519742515463033 0.08337612133990877
0 0.07866610243529264 0.6126228905951852 0.08191942182065048 0.06651588534372684
0 0.17662511243723228 0.6630945105824584 0.06705969636645755 0.0757090720082724
0 0.0703125 0.57734375 0.084375 0.0546875
0 0.13359375 0.58671875 0.0546875 0.0734375
0 0.03203125 0.65625 0.0640625 0.06875
0 0.12742233789142512 0.6542831319223672 0.05988492515463033 0.08343066534054513
0 0.06613312002327607 0.9380774239338212 0.07735946757828494 0.06802384134309047
0 0.175 0.56328125 0.065625 0.0265625
0 0.0774540309239029 0.7127319785964578 0.089763872729036 0.04787497334499946
0 0.1703745966854168 0.8164376865850038 0.08376896424430509 0.05092724801081765
0 0.18686123970819626 0.6160558785805494 0.06288237939699588 0.08190452800763595
0 0.01328125 0.94765625 0.0265625 0.0515625
0 0.215625 0.57265625 0.06875 0.0453125
0 0.18175812002327607 0.9367320052514583 0.09056109818322895 0.038518154678545004
0 0.2765625 0.665625 0.025 0.040625
0 0.09626793274067405 0.6749774399268216 0.07748701333591956 0.06958634134309047
0 0.2138058612292843 0.7737047465786404 0.09065669303247788 0.058812473344999464
0 0.24097439698497922 0.7233411199077315 0.08022937606301603 0.06493520401018138
0 0.26484375 0.56875 0.0484375 0.0375
0 0.01796875 0.56796875 0.0359375 0.0359375
0 0.27421875 0.6328125 0.0296875 0.0375
0 0.275 0.59375 0.028125 0.046875
0 0.2796875 0.75625 0.01875 0.05
0 0.278125 0.7125 0.021875 0.05
0 0.8745833488114487 0.8341888079249126 0.03973192182065048 0.06602498933799979
0 0.73046875 0.56328125 0.0671875 0.0265625
0 0.8265625 0.5578125 0.0625 0.015625
0 0.7640929036529389 0.6493603692711847 0.039604376063016034 0.06446248933799978
0 0.8421862106204612 0.5905842585932761 0.057461555759574165 0.05374316534054513
0 0.6877532863839148 0.7487796612826387 0.053539330305381404 0.06306362133990877
0 0.7552597797159549 0.7135865012730938 0.045726830305381404 0.0629727146721816
0 0.9024859818322885 0.5820626865850038 0.05003169303247788 0.05833975867281786
0 0.7674413021357303 0.5945819626034574 0.054591647274843245 0.05683180267345413
0 0.70149730880369 0.629756941279457 0.07024859818322896 0.0382817973424542
0 0.9551641848667061 0.6909286092457313 0.06227660151720862 0.055360209341181486
0 0.8459806324411117 0.6562274399268215 0.052901601517208616 0.05525112133990877
0 0.9538889851662684 0.5986683839115495 0.061893964244305086 0.05067270934118149
0 0.7308019136548787 0.7013592212762754 0.05315669303247787 0.05837612133990877
0 0.984375 0.58828125 0.03125 0.0296875
0 0.6295584069869189 0.6681296452896384 0.059534238790112326 0.06001134667409058
0 0.8727974503286575 0.8889490332590944 0.047416876063016034 0.06455339600572714
0 0.7151132697140152 0.6624421719446388 0.0672511439408634 0.039807934675363296
0 0.6780595509277823 0.7066648866168205 0.05028678454774678 0.061464758672817865
0 0.9134541433611352 0.946343362587549 0.047671967578284936 0.06767839600572714
0 0.7456930742656415 0.8263046772756389 0.0681759151526908 0.03201361600890884
0 0.98046875 0.80546875 0.0390625 0.0609375
0 0.6758915309239029 0.6034671612826388 0.06607128121376693 0.044477253341817756
0 0.9118599503286575 0.8884944999204581 0.05041433030538141 0.06302725867281786
0 0.9105208488114487 0.8337706372533674 0.04429187606301603 0.06451703333863605
0 0.8162928745652038 0.7332081105983668 0.036606921820650486 0.06598862667090888
0 0.8689076915346657 0.7263399452578216 0.06699605242559432 0.0366829346753633
0 0.8128169303247781 0.786424017266094 0.05720646424430527 0.05061816534054522
0 0.7278995385099465 0.8765592159452751 0.05366687606301603 0.06462612133990878
0 0.9602335485118862 0.9254672412476402 0.05940669303247788 0.05844884667409041
0 0.6254447339583203 0.7135330519573657 0.0519768303053814 0.0630454400063634
0 0.98359375 0.5625 0.0328125 0.025
0 0.7921875 0.57578125 0.05625 0.0515625
0 0.9561203912351033 0.817600197247004 0.04716178454774678 0.06142839600572696
0 0.7869243678972441 0.6991421932686392 0.028411784547746954 0.0612102200031817
0 0.98671875 0.94921875 0.0265625 0.0703125
0 0.8427270551798461 0.9612422039306395 0.05497428454774696 0.06151930267345414
0 0.8391560318419868 0.8408569785964577 0.039604376063016034 0.06446248933799978
0 0.9890625 0.75703125 0.021875 0.0640625
0 0.6253813478933647 0.597798963956093 0.03348192182065048 0.06595226400381797
0 0.865625 0.578125 0.04375 0.05625
0 0.95465374396026 0.7613138345799131 0.0622766015172088 0.055360209341181486
0 0.9345009985021878 0.6677092852482767 0.07075878121376693 0.04453179734245403
0 0.90462230880369 0.6273933679185493 0.05589905575957417 0.053724984006999675
0 0.6438435318419868 0.8431296452896383 0.062404147274843245 0.05692270934118149
0 0.8271669885002483 0.617346753262276 0.06855855242559414 0.036701116008908664
0 0.7482117806340388 0.9529580839433663 0.04467451333591956 0.06920453333863605
0 0.8951511982026256 0.7604422252546399 0.06712359818322895 0.0382454346753633
0 0.9006995675976818 0.7900933625875491 0.0681759151526908 0.03201361600890866
0 0.8948644136548787 0.6994501812540037 0.06425368969849785 0.041334072008272396
0 0.8504764269907982 0.7687819839274579 0.042346738790112325 0.05981135200509069
0 0.7115414727484326 0.7719626226130025 0.054719193032477874 0.058394302673454135
0 0.9466495385099467 0.874013829248913 0.041039330305381407 0.06291817067154515
0 0.9640625 0.975 0.05625 0.05
0 0.63984375 0.55546875 0.0609375 0.0109375
0 0.6321404994202718 0.9105171399586383 0.06565669303247787 0.05852157200827222
0 0.6671875 0.57109375 0.065625 0.0421875
0 0.6886777997198343 0.8175842052832751 0.048851830305381407 0.06300907733927233
0 0.7974148130557538 0.8851342372692755 0.06607128121376711 0.044477253341817756
0 0.8260180451779064 0.9098251545990031 0.061893964244305266 0.05067270934118149
0 0.7075867806340389 0.9534307986155477 0.03542705909355419 0.07065794533736351
0 0.97890625 0.70390625 0.0421875 0.0578125
0 0.8351067763819751 0.6954535719287305 0.06425368969849785 0.041334072008272216
0 0.7821085485118863 0.927539913271821 0.056791876063016035 0.06466248400699967
0 0.6345643845671435 0.7869341892902748 0.061893964244305086 0.05067270934118149
0 0.8780278578953045 0.6464706319223672 0.04534419303247787 0.0582852146721816
0 0.90703125 0.9875 0.0703125 0.025
0 0.8048454494105736 0.6504501545990031 0.054591647274843426 0.05683180267345413
0 0.79296875 0.9796875 0.0703125 0.040625
0 0.98828125 0.85703125 0.0234375 0.0484375
0 0.9319178745652039 0.7318626919160038 0.06868609818322877 0.038263616008908666
0 0.7654314894183322 0.857354682606639 0.0672511439408634 0.039807934675363296
0 0.7696410151720874 0.7556467319382756 0.0645087812137671 0.04445907200827222
0 0.8015604369927377 0.820962649268003 0.050159238790112325 0.059902258672817864
0 0.9515625 0.56328125 0.040625 0.0265625
0 0.6579704494105736 0.652159199952275 0.05433655575957417 0.05370680267345414
0 0.9501899003189591 0.6299911092457313 0.058641418486670635 0.04907384667409058
0 0.91328125 0.56484375 0.0484375 0.0296875
0 0.7283788021357303 0.5950364959420936 0.057461555759574165 0.05374316534054513
0 0.8742640976035008 0.9452353959261852 0.05366687606301603 0.06462612133990894
0 0.98046875 0.88671875 0.0390625 0.0359375
0 0.9859375 0.62421875 0.028125 0.0390625
0 0.6828421300252157 0.8802114746180931 0.06750623545613248 0.0429329346753633
0 0.7477021133553162 0.7934376332750027 0.06712359818322895 0.0382454346753633
0 0.9859375 0.65546875 0.028125 0.0390625