0 0.48583248073316304 0.11838011531556827 0.06082985141192587 0.05415190445914586
0 0.3974231986007094 0.09324871136062543 0.04391513605166182 0.06232503737886681
0 0.45678147822588067 0.1423310675451413 0.05931281551854841 0.055605143815484225
0 0.4395652344940868 0.08873617398175862 0.04860263605166182 0.06265281930985207
0 0.509375 0.140625 0.01875 0.05625
0 0.4476003580093364 0.2572676526944351 0.04575042069139812 0.07180929802252863
0 0.3451332728947466 0.07185431260146266 0.0561878155185485 0.055386622528160775
0 0.35078125 0.0234375 0.0453125 0.046875
0 0.49921875 0.0953125 0.0390625 0.05
0 0.3151562678801817 0.11778952547469732 0.03306856426490725 0.06468521287323484
0 0.4281396526782023 0.18034451977471422 0.06538095909205772 0.049792186390131124
0 0.3200663913954312 0.2865395254746974 0.04887542069139794 0.07202781930985207
0 0.35578126788018166 0.11494874873949223 0.062210494985435 0.048011165102807674
0 0.49140625 0.05078125 0.0546875 0.0453125
0 0.4305252036152744 0.04709497720006724 0.06211956677218975 0.04488616510280767
0 0.48359375 0.209375 0.0703125 0.034375
0 0.7657138605166188 0.24745561011978817 0.01768760517284953 0.01838936708027905
0 0.6791518863808663 0.33962096680850706 0.017733069279472248 0.019951867080279052
0 0.7510268863808663 0.33459497720006726 0.017733069279472248 0.019951867080279052
0 0.665259219450392 0.2388232913141392 0.01768760517284953 0.01838936708027905
0 0.5569011501709198 0.22761227572679896 0.01768760517284953 0.018389367080279228
0 0.6203558964099962 0.2560543499803295 0.017642141066226812 0.01682686708027923
0 0.5798218246232415 0.26202012671553465 0.01768760517284953 0.01838936708027905
0 0.5775151785424498 0.2903636480028581 0.01768760517284953 0.01838936708027905
0 0.5928219297960909 0.2783335415662408 0.01768760517284953 0.01838936708027905
0 0.6398955065974106 0.22807146161272698 0.016079641066226814 0.016717606436617415
0 0.6210091142775426 0.22469508933666785 0.01768760517284953 0.018389367080279228
0 0.5883330065974105 0.2316770628535642 0.01768760517284953 0.01838936708027905
0 0.6056114348106559 0.23360019577328517 0.01768760517284953 0.01838936708027905
0 0.6035942937444292 0.2180844564169469 0.01612510517284953 0.018280106436617417
0 0.5876965091046931 0.20980206285356423 0.01768760517284953 0.01838936708027905
0 0.1525773630239013 0.7194177274521688 0.04296038981258547 0.02951253737886681
0 0.24619097070403323 0.7081745888324648 0.03376724623907634 0.03510697351689629
0 0.2738038421742187 0.58098937595923 0.03220474623907634 0.03499771287323465
0 0.2900940833987301 0.6565685301662744 0.03978992570596276 0.02773151609154336
0 0.9216168680384662 0.8792961999606591 0.016079641066226814 0.016717606436617415
0 0.9205544732113158 0.8965929606043208 0.016079641066226814 0.016717606436617415
0 0.8833727219576744 0.9101527160522025 0.017642141066226812 0.01682686708027905
0 0.9051567937444291 0.9054980670409382 0.016079641066226814 0.016717606436617415
0 0.8950089039318435 0.8795911309029085 0.017642141066226812 0.01682686708027905
0 0.8923840091046931 0.896997152190232 0.017642141066226812 0.01682686708027923
0 0.8626055808914476 0.895948104419805 0.017642141066226812 0.01682686708027905
0 0.9241795783841653 0.9135619393169974 0.016079641066226814 0.016717606436617415
0 0.8633330065974105 0.920948104419805 0.01768760517284953 0.01838936708027905
0 0.8932932912371466 0.928247152190232 0.01768760517284953 0.018389367080279228