0 0.36604090372033327 0.24722723361996463 0.04538427759440165 0.04563123545613248
0 0.4056506232261466 0.09336890998254299 0.04526587842423861 0.04406873545613248
0 0.40181153774364925 0.30797354392146675 0.045502676764564674 0.0471937354561323
0 0.415260576335713 0.19196590664856306 0.04370337842423862 0.04394118969849785
0 0.4368306908625045 0.030263132102755906 0.043821777594401645 0.04550368969849794
0 0.4504410597389735 0.1580374457382378 0.04370337842423862 0.04394118969849785
0 0.45703125 0.3125 0.0453125 0.046875
0 0.4356663194872358 0.27104762876877597 0.042140878424238616 0.0438136439408634
0 0.4556953995711483 0.23214462543479614 0.042140878424238616 0.0438136439408634
0 0.3590087311049534 0.29904482513523367 0.04526587842423861 0.04406873545613248
0 0.4538280140979398 0.07235503725350693 0.04202247925407558 0.0422511439408634
0 0.4671875 0.26875 0.025 0.04375
0 0.369711277995387 0.1987897336199646 0.04370337842423862 0.04394118969849785
0 0.4554371356737012 0.11259739998060336 0.04370337842423862 0.04394118969849785
0 0.46875 0.1921875 0.021875 0.04375
0 0.41338950040098527 0.2371508608909286 0.04370337842423879 0.04394118969849785
0 0.7454897601492476 0.3103010605913662 0.1142060551888033 0.09317565727678297
0 0.7876091730163651 0.14381519119631 0.11529495850815116 0.08705320303441759
0 0.9398121356737011 0.061513389978663645 0.07343934523075965 0.10848192182065049
0 0.8786089908532156 0.35688953391952705 0.10433414772027057 0.10634533697334128
0 0.88515625 0.03046875 0.0984375 0.0609375
0 0.8690959713566911 0.13405781179931414 0.07488344606059663 0.10704696757828494
0 0.96953125 0.0359375 0.0609375 0.071875
0 0.9021918912727787 0.1686242593737198 0.08125184523075965 0.10911965060882309
0 0.6918463871235938 0.17803043665438203 0.07535704274124866 0.11329696757828493
0 0.9321861219767467 0.2236307527057601 0.07523864357108571 0.11173446757828494
0 0.2647403580792996 0.849490848473093 0.10397895020978147 0.10165783697334127
0 0.31007616886718026 0.8659769757440567 0.09448555103961845 0.09933006242753403
0 0.2890625 0.96484375 0.06875 0.0703125
0 0.46171875 0.74453125 0.0359375 0.0859375
0 0.20859375 0.95625 0.1140625 0.0875
0 0.2850780140979398 0.7655304366543821 0.09772895020978148 0.10114765394280312
0 0.3553402020606593 0.9243955114997517 0.10326855518880329 0.09228283697334128
0 0.4359375 0.9703125 0.0875 0.059375
0 0.33984375 0.98828125 0.0640625 0.0234375
0 0.38349035807929954 0.8397973708928681 0.06550844606059654 0.10628169303247788
0 0.6790899684569062 0.6967167927135187 0.03361798340326043 0.0338009151526907
0 0.5425371618182103 0.6954408193853578 0.03518048340326043 0.03392846091032524
0 0.7449517667972322 0.6882348708928683 0.03361798340326043 0.0338009151526907
0 0.812302442312397 0.8240450830111415 0.03373638257342364 0.03536341515269079
0 0.8743754672075064 0.865563161190491 0.03529888257342364 0.03549096091032524
0 0.9431254672075063 0.8599511478545715 0.03529888257342364 0.03549096091032524
0 0.8570947240559835 0.7862263475550091 0.03361798340326043 0.0338009151526907
0 0.96875 0.9921875 0.034375 0.015625
0 0.9713958676270693 0.6713032360358606 0.03361798340326043 0.0338009151526907
0 0.99140625 0.81875 0.0171875 0.034375