0 0.15311387041964375 0.3379814732681178 0.07070864767057934 0.07110072625188942
0 0.10703125 0.03671875 0.0734375 0.0734375
0 0.321875 0.34140625 0.05625 0.0671875
0 0.325 0.47890625 0.05 0.0703125
0 0.037953617140283405 0.45900806285771356 0.07070864767057934 0.07110072625188942
0 0.02890625 0.3484375 0.0578125 0.06875
0 0.17339315015697015 0.4871470153614926 0.07227114767057934 0.07119173151356151
0 0.22341972636710902 0.3716732047816791 0.07070864767057934 0.07110072625188942
0 0.8417137822237173 0.4988573310618035 0.03058161465389251 0.04851309471009326
0 0.8363844730877487 0.42689132580013156 0.03214411465389251 0.04860409997176518
0 0.8508696969684669 0.37632988367852194 0.049747694482076096 0.027821163111827297
0 0.8259117198083883 0.5540152679217413 0.042917840343632996 0.046116136803468065
0 0.7906005823145743 0.3260876889966635 0.04127345318850324 0.044462631541796326
0 0.916972731794176 0.448720094145396 0.027538501809022266 0.04989358418674961
0 0.8543974886915808 0.41392088894019385 0.03839411465389268 0.04896812101845249
0 0.8103199400710619 0.4051227416133821 0.042917840343633176 0.046116136803468065
0 0.8083347161903436 0.4564122258283665 0.03214411465389251 0.04860409997176518
0 0.7725609905006032 0.457444104809914 0.04719590456798421 0.03857665258848364
0 0.7881240355030776 0.36800217321164796 0.04563340456798422 0.0384856473268119
0 0.8263410877416412 0.47303828370675677 0.033788501809022264 0.05025760523343692
0 0.7339898134313817 0.46454397326811775 0.029019114653892685 0.04842208944842134
0 0.763745912481442 0.5270285627165391 0.048840291723114146 0.04023015785015538
0 0.0265625 0.78046875 0.053125 0.0578125
0 0.03280801447217847 0.7200490625753648 0.05426477611928178 0.05456567363517095
0 0.06525974558898592 0.8636926467621144 0.06882524310259512 0.03516322625188941
0 0.10672354929788756 0.7928942993505981 0.06627345318850324 0.04591871572854593
0 0.00546875 0.72265625 0.0109375 0.0640625
0 0.02734375 0.8375 0.0546875 0.05
0 0.09012254748886521 0.7436377519955514 0.042256099050060315 0.06321263154179632
0 0.05335953188503302 0.755516125715427 0.04357293758467105 0.05861613680346807
0 0.0109375 0.790625 0.021875 0.05625
0 0.05521636024287844 0.9098396046687396 0.0608423247398008 0.061179694681858444
0 0.1 0.98515625 0.04375 0.0296875
0 0.11261278041469494 0.9349907940889262 0.05154921189493056 0.06219616311182748
0 0.07735695386587178 0.8270116941171611 0.06627345318850324 0.04591871572854576
0 0.05 0.99296875 0.071875 0.0140625
0 0.5967554070543751 0.9500572680629157 0.05417624491161739 0.08259966837349922
0 0.7929952419709412 0.8602344468185841 0.06651247060135787 0.08020271046687402
0 0.900385018090223 0.9178942993505981 0.05253185775648763 0.08094616311182748
0 0.6906404466297826 0.7203081258566014 0.07243492198083885 0.07431673151356133
0 0.7884029172311404 0.8023309415569123 0.08674972749876275 0.05022678413027979
0 0.7765625 0.98125 0.05625 0.0375
0 0.74765625 0.9609375 0.0578125 0.078125
0 0.7647817107632768 0.8866303468468191 0.05549308344622794 0.07800317363517095
0 0.7207108061952925 0.8482357047816791 0.07243492198083885 0.07431673151356133
0 0.6847865943003619 0.7869495942865703 0.07975609905006031 0.06539675782192056
0 0.7205270997274289 0.9339001889966635 0.05393058344622812 0.07791216837349921
0 0.6613977611928181 0.9351294890531333 0.08263543758467104 0.06089126834526439