0 0.3672262729499668 0.3081023790586401 0.050620738213175545 0.050828918486670635
0 0.36816803473679105 0.260972287543371 0.05211046360606986 0.04939396424430509
0 0.39140625 0.34453125 0.0546875 0.0546875
0 0.39223488916107047 0.4409468299670257 0.05225601282028158 0.052518964244305265
0 0.3596064797316112 0.4812528366349854 0.05225601282028158 0.052518964244305265
0 0.3238059127347192 0.35242620603004166 0.050620738213175545 0.050828918486670635
0 0.40078125 0.39296875 0.0359375 0.0515625
0 0.30920406533975286 0.443019255121656 0.05396406203449331 0.055771510001939716
0 0.3484375 0.37578125 0.140625 0.2671875
0 0.7674702138109577 0.18109179271351872 0.13979455417661052 0.09390898091420467
0 0.140625 0.77421875 0.05 0.0296875
0 0.090625 0.7734375 0.05625 0.028125
0 0.04949511744944881 0.7994591554406151 0.049785984284234266 0.066326372729036
0 0.05259019230422366 0.8995867011982497 0.054473484284234354 0.06670901000193971
0 0.971875 0.80234375 0.05625 0.0515625
0 0.811173056243525 0.8368318675588883 0.06537244292790553 0.033354376063015945
0 0.9298888229927481 0.8600784357362983 0.06282963978475227 0.045599284547746956
0 0.9703125 0.84296875 0.059375 0.0359375
0 0.8729110769216895 0.8490450830111416 0.05708906203449331 0.05602660151720871
0 0.7883948358130296 0.9202501454386756 0.034306533498446076 0.0681759151526907
0 0.8767595148871962 0.7969723999806033 0.06410104135632881 0.039476830305381405
0 0.8245121182780183 0.8875015472554466 0.046660984284234173 0.06607128121376701
0 0.7359375 0.99140625 0.05625 0.0171875
0 0.67109375 0.790625 0.0421875 0.0625
0 0.8845420897419711 0.8967173084653343 0.04353598428423418 0.06581618969849785
0 0.7080138229927481 0.8781899333204022 0.04680653349844599 0.06919628121376702
0 0.9188828564911941 0.9268513475550091 0.055817660462916766 0.06214905575957417