0 0.9226384694144528 0.2425658655311837 0.0628823793969957 0.08288670783841638
0 0.9558333488114487 0.32458875534376935 0.07069487939699588 0.08311402837152997
0 0.978125 0.41484375 0.04375 0.0859375
0 0.8400174169888585 0.20430969609342703 0.08373701333591939 0.07102320533113407
0 0.990625 0.1703125 0.01875 0.078125
0 0.8782509985021878 0.1570997269722394 0.0872766015172088 0.05709709765100222
0 0.96875 0.15625 0.0625 0.08125
0 0.984375 0.29140625 0.03125 0.0765625
0 0.8588947048705853 0.2827984089464085 0.08099465060882309 0.07561977711788863
0 0.9640625 0.53828125 0.071875 0.0234375
0 0.9458201042714605 0.46926475785105176 0.08985946757828493 0.06964256175762476
0 0.874742587601561 0.3814632294795219 0.09065669303247788 0.06031302586424747
0 0.7636138979030631 0.33770120612255694 0.0841196506088231 0.07571070533113407
0 0.7554509694144528 0.2377012061225569 0.09352660151720879 0.05727895407749273
0 0.33781693032477805 0.6030152837152992 0.0422511439408634 0.04019910266556703
0 0.31039356092972187 0.5726003580093364 0.04575878121376711 0.04497753087881229
0 0.25309124396026006 0.5771681860642971 0.04732128121376693 0.04502299498543501
0 0.39609375 0.58828125 0.0265625 0.0453125
0 0.0984375 0.56015625 0.046875 0.0203125
0 0.3875 0.62734375 0.04375 0.0453125
0 0.04754261668929614 0.6179509957768579 0.04732128121376693 0.04502299498543501
0 0.00625 0.60625 0.0125 0.046875
0 0.2258907572961796 0.6449634398252209 0.047448826971401556 0.046585494985435
0 0.3635185609297219 0.5741461376345075 0.04575878121376711 0.04497753087881247
0 0.11626066578091052 0.6386559523616332 0.047448826971401556 0.046585494985435
0 0.19862688456714359 0.5974064782258807 0.0425062354561323 0.043324102665567035
0 0.09575697608241258 0.5975308471887837 0.04563123545613248 0.04341503087881229
0 0.037848881233163656 0.5755816393503672 0.04719373545613248 0.04346049498543501
0 0.7112235109200236 0.8402424990755633 0.04575878121376693 0.04497753087881238
0 0.6792404451585097 0.734873037476223 0.04250623545613248 0.043324102665567035
0 0.6706618969849792 0.9544126476636373 0.0440687354561323 0.043369566772189574
0 0.6840549751643288 0.8893332169431096 0.0425062354561323 0.043324102665567035
0 0.7147314060688349 0.7686402837152992 0.04094373545613248 0.043278638558944316