0 0.0046875 0.0640625 0.009375 0.025
0 0.121875 0.00625 0.021875 0.0125
0 0.00859375 0.00390625 0.0171875 0.0078125
0 0.35703125 0.29609375 0.0265625 0.0078125
0 0.34375 0.5397294994957968 0.0359375 0.03532549480421991
0 0.48125 0.5004270628535642 0.0328125 0.03354447351689647
0 0.634375 0.5584695197747143 0.03125 0.03343521287323466
0 0.5515625 0.7423853338887861 0.0328125 0.03510697351689629
0 0.6953125 0.5323333546719066 0.03125 0.031872712873234656
0 0.8265625 0.6965929606043207 0.034375 0.0336537341605581
0 0.709375 0.5860375088789509 0.0328125 0.03354447351689647
0 0.5953125 0.5846385358662576 0.03125 0.03343521287323466
0 0.546875 0.46615061581977135 0.03125 0.031872712873234656
0 0.3734375 0.6423410472662239 0.0375 0.036997255447881724
0 0.81875 0.8674517638226295 0.0359375 0.038450494804219915
0 0.559375 0.5309015306704775 0.0328125 0.03354447351689647
0 0.51875 0.6337423074056826 0.0328125 0.03354447351689647
0 0.740625 0.6307272960057162 0.034375 0.0352162341605581
0 0.75625 0.5421346895690988 0.0328125 0.03198197351689647
0 0.453125 0.6383312544394755 0.0328125 0.03354447351689629
0 0.65 0.4901894133380969 0.03125 0.031872712873234746
0 0.5828125 0.47145012101555145 0.03125 0.031872712873234656
0 0.909375 0.8236146464902487 0.0359375 0.03688799480421991
0 0.515625 0.49177332869300605 0.03125 0.03343521287323466
0 0.65 0.45268941333809687 0.03125 0.031872712873234746
0 0.5484375 0.4972913551761097 0.03125 0.031872712873234656
0 0.6140625 0.46770240814231673 0.03125 0.031872712873234656
0 0.7078125 0.5017717695226127 0.03125 0.030310212873234654
0 0.6984375 0.4602398333845831 0.0328125 0.03354447351689647
0 0.3671875 0.5037155898408708 0.034375 0.0352162341605581
0 0.7140625 0.8903972269479656 0.0359375 0.040012994804219916
0 0.4265625 0.6683136853817249 0.0328125 0.03510697351689629