0 0.34012370943090886 0.5346171205113484 0.017824169961943782 0.01682686708027905
0 0.17928436851843782 0.5816992061648454 0.017887836958138337 0.01838936708027905
0 0.2993077084423256 0.5421453972465534 0.017887836958138337 0.01838936708027905
0 0.21554020349940978 0.5713737113606254 0.017887836958138337 0.01838936708027905
0 0.33203125 0.59296875 0.0171875 0.0140625
0 0.26171875 0.59375 0.0171875 0.0125
0 0.2574730355146322 0.5746736739817585 0.017887836958138337 0.018389367080279228
0 0.3833988655526882 0.5814485618451581 0.017824169961943782 0.01682686708027923
0 0.2828125 0.590625 0.015625 0.01875
0 0.2809105355146322 0.5730347643268325 0.017887836958138337 0.018389367080279228
0 0.3347995394689649 0.5505699024423336 0.01782416996194396 0.01682686708027923
0 0.20696369954507707 0.5906700145789341 0.017887836958138337 0.018389367080279228
0 0.33365353353746585 0.5786949024423336 0.017887836958138337 0.018389367080279228
0 0.29535503749179853 0.562676418533877 0.017887836958138337 0.018389367080279228
0 0.20045903156029948 0.6495537056606422 0.043970175893442945 0.04670003737886681
0 0.2432248517125238 0.7088851469944519 0.04403384288963732 0.04826253737886681
0 0.09609375 0.61953125 0.0453125 0.0390625
0 0.1765625 0.61484375 0.04375 0.0296875
0 0.07846201475438552 0.7375450145789341 0.043970175893442945 0.04670003737886681
0 0.2008463507239407 0.7165226843733187 0.042407675893442943 0.046590776735204995
0 0.04092752266305091 0.7027765306704775 0.04559634288963732 0.048371798022528625
0 0.06477619954507707 0.6528093816592132 0.04559634288963732 0.048371798022528625
0 0.16905783984952577 0.7701611366028918 0.04403384288963732 0.04826253737886681
0 0.2863328645641051 0.6451068702592468 0.04553267589344294 0.046809298022528624
0 0.13059751772013506 0.7198769133380969 0.04559634288963732 0.048371798022528625
0 0.021875 0.6125 0.04375 0.025
0 0.01953125 0.66640625 0.0390625 0.0484375
0 0.16630952464021725 0.6846606791775386 0.04403384288963732 0.04826253737886681
0 0.10043517384191451 0.771843604924008 0.04403384288963732 0.04826253737886681
0 0.21118167285333128 0.7687735992240249 0.0440338428896375 0.04826253737886681
0 0.1018650226630509 0.6985153655676698 0.04559634288963732 0.048371798022528625
0 0.24213719559074437 0.6591036682817754 0.04234400889724856 0.045028276735205
0 0.7359375 0.9671875 0.053125 0.065625
0 0.7944238902672677 0.9410742061648453 0.07228617688202607 0.05335422896477802
0 0.9020347549057348 0.7855347643268326 0.07397601087441501 0.05658848960843983
0 0.8048414199247629 0.8001214242338601 0.0724771778706093 0.058041728964778105
0 0.843556410038931 0.844155647498655 0.05911501482874755 0.07424588317182242
0 0.807324432776344 0.7391839242338601 0.05911501482874755 0.0742458831718225
0 0.8769180552862956 0.9430958920507735 0.04368101581733086 0.077840776735205
0 0.9092450770351256 0.8380042004648622 0.06055018083635879 0.07123014381548423
0 0.99296875 0.86171875 0.0140625 0.0796875
0 0.8860967371112377 0.8707838494761264 0.05130251482874755 0.0736995799535137
0 0.90234375 0.9671875 0.0390625 0.065625
0 0.8481218932330172 0.9232968442803464 0.042054848821136484 0.07616901609154336