0 0.3550412451254408 0.16359283406675082 0.04766593262955965 0.047222509885831696
0 0.41148215989809317 0.17682234592974896 0.04766593262955965 0.047222509885831696
0 0.2984560543782061 0.23154965520755838 0.04769320616851012 0.0487850098858317
0 0.025007097398916933 0.04084776486592867 0.04451365909060954 0.04553267589344294
0 0.0752252857105197 0.05538510874414922 0.04451365909060954 0.04553267589344294
0 0.06791516639091491 0.2627519397707885 0.04610343262955983 0.04715884288963732
0 0.08379353652129859 0.18845227672892673 0.04607615909060954 0.0455963428896375
0 0.44453125 0.1640625 0.0296875 0.046875
0 0.23461965096963944 0.15244047535978272 0.047638659090609534 0.0456600098858317
0 0.33702763067709995 0.2050163301124181 0.04766593262955983 0.047222509885831696
0 0.3811867337613549 0.23023650600586115 0.04610343262955965 0.04715884288963732
0 0.34253333684561016 0.2520823311010014 0.04766593262956 0.047222509885831696
0 0.42515492207295774 0.24451918189930416 0.04766593262956 0.047222509885831696
0 0.44375 0.2109375 0.03125 0.046875
0 0.3851026663909149 0.27567633999825 0.047638659090609534 0.0456600098858317
0 0.024601543014120254 0.28596926387734545 0.046130706168510116 0.048721342889637496
0 0.17561857223511357 0.26089496250820143 0.04610343262956 0.04715884288963732
0 0.45234375 0.30390625 0.0140625 0.0484375
0 0.4421875 0.0140625 0.034375 0.028125
0 0.98203125 0.03828125 0.0359375 0.0546875
0 0.978125 0.13359375 0.04375 0.0328125
0 0.65078125 0.00859375 0.0578125 0.0171875
0 0.9418400413925625 0.08439612950439593 0.06816934740221221 0.05898768083635879
0 0.96953125 0.071875 0.0609375 0.0625
0 0.900287741068251 0.029615787603341735 0.07113070616851011 0.04974001482874755
0 0.68828125 0.0125 0.0703125 0.025
0 0.9401605389569305 0.16708129551200707 0.06367276217486459 0.06973417984777566
0 0.7001980121715693 0.10577774509426519 0.07581820616851029 0.04993101581733086
0 0.6557389001588605 0.06337006920082225 0.03568412986961631 0.07640067391627667
0 0.7085093441525061 0.04522224707143145 0.0742557061685103 0.049867348821136304
0 0.88984375 0.0078125 0.0703125 0.015625
0 0.7289503035674272 0.14286125102576416 0.06825116801906325 0.06367518083635879
0 0.060391218340079524 0.8809581117098986 0.023819329545304767 0.02283000494291585
0 0.719014016228759 0.8547484387822053 0.1080773271096728 0.10901685574121878
0 0.507737776782066 0.6478432282883512 0.08335006249917623 0.12362318380210838
0 0.5774071688265469 0.79276840912471 0.12351141233702041 0.09871602570316255
0 0.69453125 0.50703125 0.1078125 0.0953125
0 0.6042036736978108 0.6283530820524035 0.12025004464226878 0.09077619171077381
0 0.797525205354436 0.5222489565767023 0.09404210064862309 0.11000635277546919
0 0.9426388823019529 0.6062313202265864 0.07386596834337489 0.1169911818249421
0 0.7576093173671449 0.5612186146756482 0.07690914772652384 0.11243101581733086
0 0.7604730389569305 0.7252811146756482 0.07690914772652384 0.11243101581733086
0 0.6915400324641088 0.6225434338392895 0.0783898271096728 0.10780718281352523
0 0.7298855121715693 0.6725089417479548 0.08283186525911965 0.09393568380210837