0 0.5921875 0.2640625 0.046875 0.03125
0 0.95234375 0.26328125 0.0421875 0.0328125
0 0.6588046034428625 0.19023828038021487 0.04360615626060227 0.04332849784053163
0 0.7888542019915837 0.16427416255075786 0.04042659255827132 0.04156573874123302
0 0.81953125 0.26171875 0.0453125 0.0359375
0 0.6843155241314351 0.2511152236249547 0.04360615626060227 0.04332849784053163
0 0.8607837656939147 0.17044262183462666 0.04042659255827132 0.04156573874123302
0 0.9249008293962454 0.17611043337024884 0.03886409255827132 0.04146560919158375
0 0.7987401226801563 0.2241498102990045 0.041989092558271324 0.04166586829088237
0 0.87421875 0.26171875 0.0421875 0.0359375
0 0.8594593678708329 0.221804862735328 0.04042659255827132 0.04156573874123302
0 0.9036458774894797 0.237108490125509 0.04042659255827132 0.04156573874123311
0 0.9767361479078998 0.1872272085086764 0.04042659255827132 0.04156573874123302
0 0.4983928930985764 0.15033756631598413 0.045223219962933124 0.044991127390180984
0 0.98359375 0.23359375 0.0328125 0.0421875
0 0.7235764315731638 0.21465609191583707 0.041989092558271414 0.04166586829088237
0 0.7665625397405318 0.19558471930601806 0.04042659255827132 0.04156573874123302
0 0.8271180938242157 0.18855227174234157 0.041989092558271324 0.04166586829088228
0 0.8928522212288776 0.19588271282761305 0.04037202885594056 0.040003238741233106
0 0.47324904935917866 0.18926036397194573 0.046785719962933126 0.045091256939830335
0 0.9527728582521859 0.2153126357142873 0.04042659255827132 0.04156573874123311
0 0.7388542019915838 0.1610700169619796 0.041989092558271324 0.04166586829088237
0 0.2032292814726473 0.9416538926541176 0.04675100362819702 0.08874112739018117
0 0.26344251814098535 0.5230226110372851 0.06797123920022674 0.07139294108527139
0 0.23253974772256533 0.5756073904946493 0.06490080290255769 0.07275518198597286
0 0.13522823810391849 0.5568993584163914 0.07501984736759475 0.05001858883351815
0 0.22781753138782931 0.6189568722960519 0.06646330290255768 0.07285531153562204
0 0.18462803737827907 0.5429160040051697 0.03386905771188111 0.07700259099298634
0 0.1140774352013608 0.48694780382059955 0.03543155771188111 0.0771027205426357
0 0.22525801577873264 0.679593983647104 0.055689494009550165 0.07684190468807692
0 0.29616075970346484 0.4331380906792194 0.06651786660488845 0.07441781153562221
0 0.2286955290255765 0.7780314836471041 0.06808036660488845 0.07451794108527139
0 0.24023814191744997 0.43890842689184384 0.04173612141421188 0.0790657387412331
0 0.16836314191744997 0.43430246760797503 0.043353185116542646 0.08072836829088237
0 0.16553578619715276 0.6212016903100791 0.05881449400955034 0.07704216378737563
0 0.20804569001068424 0.4992055767995588 0.06651786660488845 0.07441781153562221
0 0.28986117440158765 0.5652496838316742 0.05105655771188111 0.07810401603912887
0 0.2676836179556509 0.7337598519379863 0.04491568511654283 0.08082849784053163
0 0.1633284123358701 0.3794147085086764 0.07485615626060209 0.04533108883351815
0 0.20575401451278824 0.43358057679955875 0.04329862141421188 0.07916586829088228
0 0.2898760433687288 0.47638744293097285 0.0694791754978958 0.06993057063492074
0 0.27869055062512305 0.6471610178848303 0.04647818511654265 0.08092862739018099
0 0.23636916368663244 0.9531316131967532 0.04825893992586625 0.08727875693983052
0 0.06505958184331621 0.5118686582318211 0.060213302902557685 0.07245479333702498