0 0.596875 0.5 0.040625 0.040625
0 0.715625 0.76875 0.0453125 0.0453125
0 0.8828125 0.5890625 0.046875 0.0421875
0 0.8828125 0.6453125 0.046875 0.04375
0 0.9 0.5265625 0.046875 0.04375
0 0.95 0.7625 0.046875 0.046875
0 0.8046875 0.5859375 0.0453125 0.040625
0 0.3390625 0.45625 0.04375 0.0453125
0 0.5125 0.5328125 0.0421875 0.0421875
0 0.425 0.45625 0.0421875 0.0421875
0 0.95 0.6015625 0.0484375 0.04375
0 0.3546875 0.4953125 0.04375 0.04375
0 0.3125 0.425 0.04375 0.04375
0 0.9203125 0.79375 0.0484375 0.046875
0 0.93125 0.5609375 0.046875 0.0421875
0 0.396875 0.5578125 0.04375 0.04375
0 0.3609375 0.5359375 0.0421875 0.04375
0 0.7640625 0.809375 0.0453125 0.0453125
0 0.95 0.6671875 0.0484375 0.046875
0 0.79375 0.775 0.0484375 0.0484375
0 0.66875 0.6 0.04375 0.0421875
0 0.7765625 0.6671875 0.046875 0.0453125
0 0.4625 0.509375 0.04375 0.04375