0 0.28125 0.33125 0.059375 0.0359375
0 0.5984375 0.278125 0.0546875 0.034375
0 0.50625 0.34375 0.05625 0.0328125
0 0.3234375 0.3609375 0.05625 0.0390625
0 0.3765625 0.28125 0.046875 0.0515625
0 0.4953125 0.3 0.0328125 0.0546875
0 0.5046875 0.1609375 0.046875 0.046875
0 0.5578125 0.3546875 0.0546875 0.034375
0 0.328125 0.45 0.0546875 0.040625
0 0.4859375 0.2421875 0.04375 0.053125
0 0.5390625 0.43125 0.0515625 0.0421875
0 0.5921875 0.4421875 0.0578125 0.034375
0 0.384375 0.4484375 0.059375 0.034375
0 0.6171875 0.3625 0.0515625 0.0375
0 0.5296875 0.10625 0.0546875 0.0390625
0 0.575 0.3171875 0.0328125 0.0546875
0 0.4625 0.4765625 0.0546875 0.040625
0 0.28125 0.4453125 0.040625 0.053125
0 0.609375 0.31875 0.0390625 0.0546875
0 0.528125 0.2453125 0.04375 0.05
0 0.409375 0.33125 0.034375 0.053125
0 0.45 0.446875 0.05625 0.0375
0 0.6203125 0.3921875 0.05625 0.0265625
0 0.5546875 0.1765625 0.0359375 0.0546875
0 0.503125 0.4953125 0.05625 0.0390625
0 0.5765625 0.3984375 0.0328125 0.05625
0 0.2765625 0.375 0.053125 0.0453125
0 0.5265625 0.4625 0.046875 0.05
0 0.4 0.4765625 0.059375 0.0359375
0 0.3453125 0.3171875 0.0359375 0.0546875
0 0.3171875 0.4875 0.0421875 0.053125
0 0.3234375 0.40625 0.040625 0.0546875
0 0.4484375 0.340625 0.0421875 0.05
0 0.5359375 0.3078125 0.046875 0.0453125
0 0.6359375 0.5515625 0.0484375 0.05
0 0.5328125 0.3828125 0.046875 0.0484375
0 0.2515625 0.403125 0.05625 0.040625
0 0.346875 0.5125 0.03125 0.05625
0 0.55 0.2671875 0.0421875 0.05
0 0.4453125 0.275 0.0359375 0.0546875
0 0.484375 0.3953125 0.0484375 0.0515625
0 0.559375 0.078125 0.034375 0.053125
0 0.4421875 0.384375 0.0375 0.0515625
0 0.2375 0.359375 0.0390625 0.05
0 0.3765625 0.4203125 0.059375 0.028125
0 0.2375 0.3015625 0.0453125 0.05
0 0.4421875 0.5921875 0.040625 0.05625
0 0.3875 0.35625 0.04375 0.0484375
0 0.3921875 0.1921875 0.0578125 0.0375
0 0.43125 0.4265625 0.05625 0.0359375
0 0.55 0.590625 0.0625 0.025
0 0.6 0.2359375 0.040625 0.05
0 0.4609375 0.525 0.04375 0.0546875
0 0.40625 0.55 0.0578125 0.0421875
0 0.546875 0.5453125 0.0546875 0.05
0 0.23125 0.121875 0.0515625 0.046875
0 0.60625 0.475 0.053125 0.0484375