0 0.015625 0.121875 0.03125 0.1
0 0.062397922526735705 0.11440686315691533 0.0848295179539809 0.08058006175762475
0 0.31171875 0.040625 0.0578125 0.08125
0 0.3609375 0.04296875 0.05625 0.0859375
0 0.2387604346269841 0.1436444191085524 0.05834883118569749 0.0938696719450391
0 0.10646608509452235 0.05844636817148023 0.08636474687674198 0.07593802586424747
0 0.061943404572754844 0.19253186315691534 0.09253293364502549 0.062057382290738164
0 0.1140625 0.00859375 0.08125 0.0171875
0 0.3788491034412867 0.2317401495125111 0.048992011903856714 0.09672188730530315
0 0.05372183841417204 0.26307168369002876 0.09415906615858276 0.07304034639736087
0 0.22421875 0.0234375 0.0890625 0.046875
0 0.2235808622218854 0.06753656017477913 0.0832670179539809 0.08053459765100204
0 0.04609375 0.0390625 0.0921875 0.05
0 0.35751043462698406 0.1401891470052286 0.09256929508134384 0.06830738229073816
0 0.7049853983262389 0.282041677884041 0.11631586729005097 0.12211434389007839
0 0.7465012535160415 0.12773461111185122 0.13340337334017516 0.1054269490629279
0 0.39375 0.83125 0.03125 0.065625
0 0.3258796813073344 0.7455204708370473 0.08489315046753827 0.09151756175762475
0 0.3890625 0.7390625 0.040625 0.096875
0 0.24573766335335354 0.8259641402748039 0.06619769262201594 0.10034699247815268
0 0.1328125 0.98046875 0.06875 0.0390625
0 0.25078125 0.97734375 0.1015625 0.0453125
0 0.25303201288581534 0.9147993197416906 0.09578519867214012 0.0840233105039836
0 0.31606834407151274 0.8207932554767833 0.07087610226293632 0.09892088479802048
0 0.34203997073133763 0.9215828656641978 0.07554542154477702 0.09593227711788863
0 0.1624524646812134 0.909623737925806 0.07557269262201594 0.10061977711788864
0 0.896482031036188 0.9714224266303997 0.04557612041330898 0.04663095909205772
0 0.819020627249 0.8596331319615338 0.04400453005422929 0.04502299498543501
0 0.93359375 0.98515625 0.0453125 0.0296875
0 0.9342092900131783 0.9312687880714554 0.04400453005422946 0.04502299498543501
0 0.8447296752572102 0.7370307062555709 0.04401362041330899 0.046585494985435
0 0.7485354104264873 0.8913665167595545 0.04558521077238851 0.048193459092057724
0 0.85390625 0.9875 0.0453125 0.025
0 0.8109626875538503 0.9020479524946472 0.04557612041330898 0.04663095909205772
0 0.8504433440715129 0.8290363498290801 0.04400453005422929 0.04502299498543501