0 0.0670154102436313 0.18897377390180986 0.07149307063492075 0.07149307063492075
0 0.28805219617940053 0.3631679472499094 0.06973031153562222 0.06826794108527139
0 0.24397842844222853 0.19403841301218314 0.06973031153562222 0.06826794108527139
0 0.23516702807308826 0.3315384130121831 0.07139294108527139 0.06993057063492074
0 0.07000310302694572 0.3382123102990045 0.07305557063492074 0.07159320018457009
0 0.1338629488002942 0.22306697408638013 0.07149307063492075 0.07149307063492075
0 0.615625 0.01171875 0.04375 0.0234375
0 0.65390625 0.01953125 0.0296875 0.0390625
0 0.6233469509597624 0.08358536705426474 0.05981509099298634 0.03495479333702498
0 0.546875 0.12890625 0.034375 0.0484375
0 0.5796875 0.0125 0.05 0.025
0 0.55 0.01640625 0.040625 0.0328125
0 0.650049153303801 0.05862493984865384 0.05805233189368782 0.03172966378737563
0 0.6078034916758938 0.15475946020671943 0.05007914558877831 0.05300388648947951
0 0.6058380783499435 0.03853368290882351 0.05729086829088228 0.044129534237726274
0 0.5546875 0.053125 0.05 0.03125
0 0.6929189713178282 0.12412882633813345 0.04997901603912887 0.05144138648947969
0 0.6718264188815046 0.18396490129199083 0.02547966378737563 0.05765181369509058
0 0.14031320789959278 0.6663792782207466 0.07557979333702489 0.0624184592838688
0 0.2556378192506449 0.6784763648947963 0.04709384793281686 0.07926599784053182
0 0.299427392045034 0.656179862735328 0.06816781153562221 0.06816781153562221
0 0.2775571822997399 0.8995293445367307 0.07594073874123311 0.043768588833518154
0 0.06635886644518108 0.865599225784423 0.03928134793281668 0.07876535009228505
0 0.3652784253599096 0.9506493584163913 0.06348031153562203 0.06786742288667416
0 0.16401391888150457 0.8106694987633822 0.07946625693983034 0.050218847932816855
0 0.31501521437799784 0.8046569355297171 0.03928134793281686 0.07876535009228505
0 0.264454009874491 0.7857276603912895 0.0561684592838688 0.07517927513842756
0 0.05051022825765843 0.6967095234403846 0.05783108883351815 0.07684190468807692
0 0.2856466918604639 0.724329085437432 0.06953005243632351 0.06514294108527138
0 0.17976003239202493 0.8587460533591742 0.07740310919158366 0.042306218383167504
0 0.2171784916758937 0.7889737739018099 0.06504281153562222 0.0679675524363235
0 0.3093474028423756 0.868619305980068 0.07427810919158376 0.0421059592838688
0 0.33828125 0.990625 0.0328125 0.01875
0 0.06553924121446837 0.9518371144333709 0.0530434592838688 0.07497901603912886
0 0.22470919186046387 0.7204240330011086 0.06826794108527139 0.06973031153562222
0 0.3324821190660748 0.7524331014765611 0.07594073874123311 0.043768588833518154
0 0.2514743460871154 0.8413768830933936 0.07049177513842757 0.05586807063492074
0 0.16740212986341635 0.9536580351605769 0.07391716378737563 0.060755829734219446
0 0.25859375 0.97578125 0.0609375 0.0484375
0 0.015625 0.95625 0.03125 0.075
0 0.0203125 0.7671875 0.040625 0.06875
0 0.54375 0.57421875 0.028125 0.0453125
0 0.662251159782206 0.6978247470653394 0.046553627390180985 0.046553627390180985
0 0.6060011597822059 0.6942200832779638 0.048116127390180986 0.046653756939830336
0 0.5515625 0.740625 0.04375 0.046875
0 0.5799417026578055 0.8070810286821718 0.04821625693983016 0.04821625693983034
0 0.6395961073458825 0.7575606924695475 0.046553627390181165 0.046553627390180985
0 0.54765625 0.896875 0.0359375 0.05