0 0.4640625 0.5546875 0.075 0.046875
0 0.5953125 0.6140625 0.075 0.0484375
0 0.3375 0.603125 0.05 0.0765625
0 0.5390625 0.6015625 0.0296875 0.078125
0 0.63125 0.278125 0.0421875 0.0765625
0 0.2765625 0.4734375 0.0546875 0.0734375
0 0.3671875 0.40625 0.0703125 0.0578125
0 0.3984375 0.4484375 0.053125 0.0734375
0 0.6234375 0.5703125 0.0796875 0.034375
0 0.4765625 0.4453125 0.0421875 0.075
0 0.4375 0.45 0.0484375 0.0734375
0 0.390625 0.8203125 0.0640625 0.075
0 0.4375 0.64375 0.0640625 0.0640625
0 0.3375 0.465625 0.0546875 0.0734375
0 0.4796875 0.590625 0.0765625 0.05
0 0.5 0.6484375 0.0609375 0.071875
0 0.425 0.50625 0.075 0.0421875
0 0.3859375 0.69375 0.0578125 0.0734375
0 0.3640625 0.540625 0.0765625 0.040625
0 0.6390625 0.4796875 0.0375 0.078125
0 0.378125 0.5953125 0.0578125 0.071875
0 0.5359375 0.48125 0.06875 0.0609375
0 0.2875 0.6421875 0.0828125 0.0328125
0 0.721875 0.278125 0.078125 0.040625