0 0.29887671450821396 0.23219982196101724 0.060393970955705714 0.05960873732333312
0 0.2013360958322375 0.3778062649392583 0.06411096680652087 0.06769463939685175
0 0.32174368421451993 0.36632054373296175 0.06567346680652086 0.06783134043361087
0 0.33272596055952164 0.5119843582475913 0.06579186597668389 0.06939384043361088
0 0.10844189127277862 0.17149889340286953 0.06219326929603177 0.06287043836009243
0 0.2942824576597367 0.31358652299777656 0.06555506763635784 0.06626884043361106
0 0.15799160538000717 0.20257252761592498 0.06219326929603195 0.06287043836009243
0 0.23828125 0.01015625 0.0609375 0.0203125
0 0.69296875 0.53125 0.0953125 0.075
0 0.5953125 0.18515625 0.0125 0.0984375
0 0.62734375 0.375 0.0765625 0.084375
0 0.6 0.33359375 0.021875 0.0796875
0 0.45536351284854 0.7245622706887024 0.02677598755244546 0.025624716588148112
0 0.4233798070396812 0.710754048916758 0.025095088382282426 0.023925515551388797
0 0.45555184438234503 0.78434737379898 0.023532588382282428 0.023788814514629664
0 0.38249285268071487 0.7936841261080543 0.027012785892771517 0.02874971658814811
0 0.4192358360839753 0.765441548916758 0.025095088382282426 0.023925515551388797