0 0.37534067347755545 0.4603487101832133 0.06865144703379285 0.06599770472226432
0 0.6203125 0.4859375 0.0375 0.0625
0 0.3333938380761601 0.5460771319243822 0.06697968639013112 0.0644261143631848
0 0.5928666630859952 0.3897099990180413 0.06854218639013113 0.06443520472226431
0 0.59589383807616 0.5476043122497579 0.06196440445914604 0.05971134328594587
0 0.55625 0.571875 0.065625 0.034375
0 0.5687957425353061 0.4880475050681655 0.06676116510280768 0.06130111436318479
0 0.4212430353620545 0.407469149878363 0.06519866510280767 0.06129202400410509
0 0.21298278510995292 0.4797249031980127 0.06843292574646939 0.06287270472226432
0 0.47082740814231683 0.27958049921443306 0.06865144703379293 0.06599770472226432
0 0.6421875 0.02421875 0.00625 0.0296875
0 0.6814485618451581 0.1718043606507516 0.03176345222957302 0.0298602168225127
0 0.6654850722367183 0.24361572813719423 0.03187271287323483 0.0314227168225127
0 0.6558694076381137 0.15758732454639812 0.03020095222957302 0.029851126463433176
0 0.9520009984873907 0.035822450617047696 0.03332595222957302 0.0298693071815924
0 0.7953125 0.009375 0.03125 0.01875
0 0.721875 0.01171875 0.03125 0.0234375
0 0.8795368645592635 0.31207587840834067 0.03343521287323466 0.03143180718159222
0 0.8821583920507734 0.05104747481754455 0.03176345222957302 0.0298602168225127
0 0.8510290883282616 0.2056168001495095 0.03176345222957302 0.0298602168225127
0 0.9052688380761602 0.279399733794535 0.03343521287323466 0.0314318071815924
0 0.7611246262113316 0.015954336450254746 0.030091691585911205 0.028288626463433175
0 0.3612560301662744 0.8369384812604522 0.08558757475773363 0.0848386083130606
0 0.41337554106203767 0.7622111920328407 0.09408848960843982 0.0723931504675381
0 0.5816777908099361 0.8366577218906783 0.09463479282674854 0.08020565046753828
0 0.39140625 0.6046875 0.0859375 0.03125
0 0.39544535986768664 0.8621475595192833 0.08424359604505707 0.0879545179539809
0 0.382835371267653 0.6401089330558503 0.0998250373788668 0.042751102262936234
0 0.60859375 0.9875 0.0609375 0.025
0 0.3798853338887861 0.6822964330558503 0.10048060124083733 0.052126102262936236
0 0.13671875 0.97578125 0.0953125 0.0484375
0 0.4908228338887861 0.6829418485505031 0.08725933540139544 0.08641019867214013
0 0.6234375 0.73828125 0.03125 0.0515625
0 0.53671875 0.615625 0.0546875 0.053125
0 0.500023599224025 0.8643191135776178 0.07083665990702759 0.09724770472226432
0 0.2 0.95703125 0.0625 0.0859375
0 0.24387142423386013 0.7049521621750031 0.05699268119435104 0.10029089149054773
0 0.615625 0.6515625 0.046875 0.096875
0 0.64765625 0.7359375 0.0171875 0.05625