0 0.35234375 0.18046875 0.0328125 0.0609375
0 0.34609375 0.0875 0.0453125 0.059375
0 0.3796875 0.16796875 0.021875 0.0515625
0 0.5181107239563807 0.452896854623989 0.05057382697140156 0.046949411069925694
0 0.7113832654619514 0.20568458184331623 0.04913887272903601 0.04845734736759484
0 0.4833852954677704 0.3519692716843644 0.04913887272903601 0.04845734736759484
0 0.41010755000969834 0.2559275961864685 0.053953918486670596 0.05018353847458741
0 0.6134559484924896 0.2084970685964723 0.04913887272903601 0.04845734736759484
0 0.7110323212215256 0.25864589073632366 0.04913887272903601 0.04845734736759484
0 0.5456296882006859 0.5037153101589518 0.05213632697140156 0.04700397477225664
0 0.6772623254735894 0.5129861611547437 0.04901132697140156 0.04689484736759475
0 0.5697378994008752 0.1882738486335392 0.04913887272903601 0.04845734736759484
0 0.48462931788754576 0.2336012176006804 0.05082891848667055 0.050074411069925696
0 0.9597249127367947 0.27044651940692976 0.05070137272903601 0.048511911069925695
0 0.6760198503092607 0.17328874409436823 0.04926641848667064 0.050019847367594836
0 0.99453125 0.25859375 0.0109375 0.0484375
0 0.6712040309239029 0.4005952885594054 0.047448826971401556 0.04684028366526398
0 0.4665806906165818 0.2797123257680484 0.0522638727290361 0.048566474772256465
0 0.5333219094028149 0.23841769237293695 0.050828918486670635 0.050074411069925696
0 0.67578125 0.54609375 0.0515625 0.0265625
0 0.8373392139544411 0.4126290410064762 0.04888378121376711 0.04533234736759475
0 0.9115422463761561 0.34822428982534975 0.04913887272903601 0.04845734736759484
0 0.5311531157712122 0.3645436827542901 0.04913887272903601 0.04845734736759475
0 0.7099475375918627 0.43622525371301507 0.04888378121376693 0.04533234736759475
0 0.6279961648628266 0.38662206859647225 0.047448826971401556 0.04684028366526398
0 0.6264970509277823 0.5018651226801563 0.04901132697140156 0.04689484736759475
0 0.5794311191051921 0.38336809382421577 0.04901132697140156 0.04689484736759484
0 0.7090864103208988 0.4829365626060225 0.04888378121376711 0.04533234736759475
0 0.6483084069869188 0.46367564191745 0.04901132697140156 0.04689484736759475
0 0.6030922754638911 0.2533184952754946 0.04913887272903601 0.04845734736759484
0 0.12515743365875798 0.9263095950901601 0.025223140606883555 0.022693455534962936
0 0.4250296300252156 0.8234623257680485 0.03211086939505616 0.03072421034428636
0 0.47273354851188626 0.8734276094333124 0.03198332363742162 0.029161710344286364
0 0.4938435318419868 0.7884722560752678 0.031983323637421714 0.029161710344286364
0 0.5521340060882316 0.8917807945498553 0.03211086939505616 0.03072421034428636
0 0.44597960093748057 0.9083283990890262 0.03211086939505616 0.030724210344286185