0 0.43203125 0.2359375 0.0453125 0.05
0 0.44045256783703673 0.19484902991878955 0.051167657850155465 0.04997901603912887
0 0.8796875 0.01015625 0.046875 0.0203125
0 0.1078125 0.54609375 0.071875 0.0328125
0 0.3492059415569123 0.7022304472499095 0.06935621572854593 0.06826794108527139
0 0.284375 0.5484375 0.06875 0.0375
0 0.2928803468468191 0.6706009130121832 0.07100972099021767 0.06993057063492074
0 0.01484375 0.64765625 0.0296875 0.0703125
0 0.12981890472520935 0.6772748102990045 0.07266322625188959 0.07159320018457009
0 0.37265625 0.91015625 0.0734375 0.0765625
0 0.178125 0.56328125 0.071875 0.0671875
0 0.6784692363517102 0.9098870511997058 0.03297909997176518 0.03169009099298634
0 0.5532116311182732 0.8707268167774094 0.03454159997176518 0.031790220542635694
0 0.7973102416133819 0.9190593969730543 0.03297909997176518 0.03169009099298634
0 0.8109375 0.99140625 0.03125 0.0171875
0 0.8112509152485531 0.9713228038205995 0.03288809471009344 0.03012759099298634
0 0.8762696995200073 0.9116660040051696 0.03297909997176518 0.03169009099298634
0 0.66875 0.984375 0.034375 0.03125
0 0.7188058100151161 0.9342652899409389 0.03297909997176518 0.03169009099298634
0 0.9108868942018656 0.971481094998156 0.03297909997176518 0.03169009099298634
0 0.5875 0.9921875 0.034375 0.015625
0 0.8607202942301004 0.9386895789590272 0.03132559471009326 0.03002746144333699