0 0.1218600647986392 0.3687677750956019 0.04360615626060227 0.043821777594401645
0 0.21326382559841245 0.4288513248858205 0.04042659255827132 0.04202247925407558
0 0.2546130226958548 0.4942861481212558 0.041989092558271324 0.042140878424238616
0 0.09838287006344956 0.4609319643077212 0.041989092558271414 0.04214087842423879
0 0.30546875 0.52578125 0.0421875 0.0265625
0 0.07034715010051644 0.5051322502004927 0.041989092558271414 0.042140878424238616
0 0.234375 0.53125 0.04375 0.015625
0 0.20913683158886212 0.5024072240559836 0.04042659255827132 0.04202247925407558
0 0.7111854265093862 0.21102151699772484 0.021021828130301047 0.021851689212119395
0 0.7259572546396875 0.18964342446625757 0.021021828130301047 0.021851689212119395
0 0.7719592354023938 0.21109144936136684 0.021021828130301047 0.021851689212119395
0 0.702718162081416 0.23036351284854 0.019459328130301046 0.021733290041956364
0 0.7729215346767543 0.2281605501912038 0.021021828130301047 0.021851689212119395
0 0.7633481272350258 0.18992684438234503 0.021021828130301047 0.021851689212119395
0 0.7534274902117172 0.2062622394033232 0.021021828130301047 0.021851689212119395
0 0.7599304613557767 0.24317024355250805 0.019459328130301046 0.021733290041956364
0 0.7592608279606651 0.1730945418928341 0.021021828130301047 0.021851689212119395
0 0.7178520887604384 0.24324202114690968 0.021021828130301047 0.021851689212119395
0 0.7346774902117172 0.20768302944527955 0.021021828130301047 0.021851689212119395
0 0.7397270887604384 0.24158443276462743 0.021021828130301047 0.021851689212119395
0 0.7308977257837469 0.22666982778560546 0.021021828130301047 0.021851689212119395
0 0.7480852257837469 0.22536743691381228 0.021021828130301047 0.021851689212119395
0 0.7446526909373565 0.1897851344243014 0.021021828130301047 0.021851689212119395
0 0.121875 0.546875 0.04375 0.015625
0 0.1671875 0.54609375 0.04375 0.0140625
0 0.1727429746026205 0.6547696717669653 0.045277783665263985 0.047065176764564676
0 0.1181298856725462 0.6121570418928342 0.04204365626060227 0.04370337842423862
0 0.14422115971916333 0.5790126551702257 0.042043656260602094 0.04370337842423862
0 0.01640625 0.7765625 0.0328125 0.046875
0 0.21275290490983992 0.5800530916830527 0.04516865626060209 0.04394017676456467
0 0.5785664217848808 0.690664240652723 0.037192465153609786 0.03866068091374952
0 0.6861259506408214 0.6451130970816374 0.037192465153609786 0.03866068091374952
0 0.6410317054501448 0.6422966730163651 0.03713790145127867 0.03709818091374952
0 0.5848908328548065 0.6434340431422341 0.037192465153609786 0.03866068091374952
0 0.5898114566312712 0.7256545472914189 0.03875496515360979 0.03877908008391255
0 0.6188094758685649 0.6985233622284844 0.03557540145127884 0.036979781743586494
0 0.6063937775051782 0.8755594589091367 0.04037202885594056 0.04045997925407559
0 0.6709671981937506 0.8114484921026156 0.04037202885594056 0.04045997925407559
0 0.7350148292266094 0.7177684244662577 0.03875496515360979 0.03877908008391255
0 0.7471725780454831 0.6373705294452795 0.037192465153609786 0.03866068091374952
0 0.6617608677011969 0.6734515846340827 0.03713790145127884 0.03709818091374952
0 0.6585614566312712 0.7204449838042458 0.03875496515360979 0.03877908008391255
0 0.5412648292266095 0.7324499215664726 0.04031746515360961 0.038897479254075586
0 0.5208828965571374 0.6467259091189179 0.03713790145127884 0.03709818091374952
0 0.6939731669755574 0.6881527020606593 0.03713790145127884 0.03709818091374952
0 0.499588249915182 0.6763900983310374 0.0371924651536097 0.03866068091374952
0 0.4296875 0.734375 0.021875 0.04375
0 0.47557039655713745 0.6501594850536456 0.0387549651536097 0.03877908008391255
0 0.6122519410221745 0.6631778580792995 0.03713790145127867 0.03709818091374952
0 0.7197916225105203 0.6628208153380509 0.03557540145127884 0.036979781743586494
0 0.45830848548721176 0.6982184767552759 0.03880952885594056 0.04034158008391255
0 0.5252777306778883 0.6993773124382658 0.038754965153609613 0.03877908008391255
0 0.5529860684268362 0.6645520265454945 0.037192465153609786 0.03866068091374952