0 0.19617894734706826 0.1725512512605077 0.07616534639736088 0.09888525025210164
0 0.20621918857157961 0.2496600544788164 0.09400606426490725 0.06894637797604233
0 0.7119811067556951 0.44813040546755206 0.03215928213245363 0.03343521287323483
0 0.8870887553437694 0.4104768582013282 0.030596782132453627 0.03332595222957302
0 0.7708392812080168 0.4881105492830363 0.03220474623907634 0.03499771287323465
0 0.7882253580093364 0.44254667700697714 0.030551318025830908 0.03176345222957302
0 0.8246509398252208 0.3546531930985205 0.030551318025830908 0.03176345222957302
0 0.807719504090128 0.4158420653745797 0.03215928213245363 0.03343521287323483
0 0.9521802094212621 0.5039097839477976 0.03220474623907634 0.03499771287323465
0 0.928771453153056 0.5568491136492099 0.03220474623907634 0.03499771287323465
0 0.8871917069139797 0.5211958369140047 0.030642246239076344 0.03488845222957302
0 0.9167140708623178 0.4640060497872394 0.030596782132453627 0.03332595222957302
0 0.77734375 0.6140625 0.0328125 0.009375
0 0.9036517812080168 0.4973977039942838 0.030596782132453627 0.03332595222957302
0 0.8839015708623178 0.4617115762703429 0.030596782132453627 0.03332595222957302
0 0.3848897578510518 0.8570454916252522 0.020948997492717503 0.023295388367602497
0 0.283298514119258 0.7953653104309011 0.020903533386094963 0.0217328883676025
0 0.3684296835570146 0.880843624544973 0.020903533386094963 0.0217328883676025
0 0.32252615017091985 0.8573625658787828 0.020903533386094787 0.0217328883676025
0 0.3072815833987301 0.8157542200858272 0.020903533386094963 0.0217328883676025
0 0.4046875 0.8421875 0.009375 0.021875
0 0.40546875 0.884375 0.0078125 0.021875
0 0.3698270475053528 0.8216871458322966 0.020903533386094963 0.0217328883676025
0 0.32193511678482506 0.8370500658787827 0.020903533386094963 0.0217328883676025
0 0.3513043680384662 0.8281885181083558 0.020903533386094963 0.0217328883676025
0 0.34091243731793847 0.8461736936027237 0.020903533386094963 0.0217328883676025
0 0.403125 0.8 0.0125 0.021875
0 0.40390625 0.8203125 0.0109375 0.021875
0 0.3031563730530312 0.7811606987985037 0.020903533386094963 0.0217328883676025
0 0.2745312678801817 0.7620065072125926 0.020903533386094963 0.0217328883676025
0 0.3671279448397858 0.7825153851886348 0.020903533386094963 0.0217328883676025
0 0.34995246819675074 0.8889074968210323 0.020903533386094963 0.0217328883676025
0 0.3441905500126353 0.7980639755337088 0.020903533386094963 0.0217328883676025
0 0.38533237556031363 0.7650765129125757 0.020903533386094787 0.0217328883676025
0 0.3952529448397858 0.7844820767745461 0.020903533386094963 0.0217328883676025
0 0.31354830377355897 0.7631755233041358 0.020903533386094963 0.0217328883676025
0 0.355599411453691 0.7614380606830027 0.020903533386094963 0.0217328883676025
0 0.32208822947952187 0.7887218265224446 0.020903533386094963 0.0217328883676025
0 0.332161911453691 0.7597991510280766 0.020903533386094963 0.0217328883676025
0 0.34516201662654045 0.7778607361773705 0.020903533386094787 0.0217328883676025
0 0.5593776293212374 0.6948082995351379 0.051909492478152686 0.06912134059717552
0 0.528125 0.6375 0.053125 0.0375
0 0.5925371217993899 0.7626185124083726 0.06864235141192587 0.054698207677454744
0 0.5216790525199178 0.7389517834435945 0.07034124373179385 0.05949496832111638
0 0.6182070600417651 0.6802102039942838 0.06569920783841639 0.06072968639013112
0 0.45883206004176513 0.6690656183407868 0.07167642319868044 0.05179172896477802
0 0.64609375 0.63828125 0.0671875 0.0390625
0 0.6474352219576744 0.8272708742928716 0.07020485141192587 0.05480746832111638
0 0.5426113296378064 0.8152629111675352 0.07029577962517113 0.057932468321116204
0 0.6534458780675961 0.712301438154842 0.04892088479802066 0.07359031930985208
0 0.7152137553437694 0.8522815819703261 0.0489663489046432 0.07515281930985207