0 0.41796875 0.20546875 0.0234375 0.0484375
0 0.29504334910426 0.26920401903824154 0.04757762902925915 0.04757762902925915
0 0.24928108124379694 0.22514095221453773 0.04757762902925915 0.04757762902925915
0 0.19088211234657462 0.183733993684908 0.04615183006601846 0.049003427992499925
0 0.27928023100824123 0.14809043666314894 0.04771433006601846 0.04914012902925915
0 0.3464500242220378 0.3019194827516676 0.04757762902925915 0.04757762902925915
0 0.23605791130981535 0.18133216361888954 0.04771433006601846 0.04914012902925915
0 0.196875 0.37734375 0.046875 0.0234375
0 0.3666640708762044 0.23037667342083426 0.04757762902925915 0.04757762902925915
0 0.14939724137583382 0.14394832375092642 0.04927683006601846 0.04927683006601846
0 0.28781590094222287 0.19230932836907488 0.04757762902925915 0.04757762902925915
0 0.40385100405250063 0.17750595164888988 0.046015129029259326 0.04744092799249992
0 0.3592807978319451 0.19070858067814908 0.04587842799249984 0.04587842799249993
0 0.3745927310082412 0.13975167342083425 0.04757762902925915 0.04757762902925915
0 0.6792242765311121 0.28746742054611224 0.023925515551388797 0.025351314514629665
0 0.6431691993398158 0.2565099464650936 0.0254880155513888 0.0254880155513888
0 0.5668007719129636 0.15465350348685272 0.025624716588148112 0.0270505155513888
0 0.6518415703105565 0.2991663381710195 0.023925515551388797 0.025351314514629665
0 0.7537730916113896 0.10883528114926047 0.022226314514629662 0.02365211347787035
0 0.48576538539083397 0.1415861584350933 0.027323917624907334 0.02874971658814811
0 0.6592999216774079 0.0721349464650936 0.02406221658814811 0.026913814514629576
0 0.5646532200750009 0.23236840037657497 0.02718721658814811 0.02718721658814811
0 0.6443010553248156 0.17268175061213062 0.023925515551388797 0.025351314514629665
0 0.5561380910457416 0.2765285034868527 0.02718721658814811 0.02718721658814811
0 0.5129334781335192 0.1500630397734267 0.02718721658814811 0.02718721658814811
0 0.6952182978319451 0.10465492054611221 0.0254880155513888 0.02548801555138889
0 0.48242435485370416 0.037992266729167334 0.030585618661666557 0.030585618661666602
0 0.4470145351552783 0.07055048850111172 0.030585618661666557 0.030585618661666557
0 0.5953358750232415 0.14750538482518608 0.0254880155513888 0.0254880155513888
0 0.6748498433548159 0.33746742054611223 0.025351314514629665 0.023925515551388797
0 0.6231492252587971 0.21949796201648245 0.0254880155513888 0.0254880155513888
0 0.6383818289347227 0.06311126097972322 0.025624716588148112 0.0270505155513888
0 0.7384802822805562 0.1241280904800938 0.023925515551388797 0.025351314514629665
0 0.7764491739864822 0.13321056456111235 0.023925515551388797 0.025351314514629575
0 0.6287348439204636 0.19109955994296396 0.0254880155513888 0.02548801555138889
0 0.57109375 0.37578125 0.0265625 0.0265625
0 0.6622910547591676 0.32151022987694555 0.023925515551388797 0.025351314514629665
0 0.6834237609797232 0.3103581163990752 0.023925515551388797 0.025351314514629665
0 0.7449066480675007 0.174733683222779 0.023925515551388797 0.025351314514629575
0 0.11924368378842684 0.7494956947216673 0.030585618661666557 0.030585618661666557
0 0.07541577134731577 0.7719366227141672 0.03214811866166665 0.03072231969842587
0 0.11076680245009345 0.722327601978982 0.03214811866166665 0.03072231969842587
0 0.03502450867064899 0.7196509527801856 0.0321481186616666 0.03072231969842587
0 0.0078125 0.7640625 0.015625 0.03125
0 0.03221257549435279 0.7695142517434264 0.0321481186616666 0.03072231969842587
0 0.13430133873666739 0.6659996895378709 0.03214811866166656 0.03072231969842587
0 0.08795401903824152 0.6995148185671302 0.030585618661666557 0.030585618661666557
0 0.05834443147935264 0.6834988393023153 0.03214811866166656 0.03072231969842587
0 0.07061069415601944 0.7382451278979635 0.03214811866166656 0.03072231969842587
0 0.908464842789168 0.8445581676713901 0.025624716588148112 0.0270505155513888
0 0.9776426526856492 0.6741486313848162 0.028886417624907422 0.028886417624907422
0 0.9539140438259273 0.8390313376053717 0.025624716588148112 0.0270505155513888
0 0.9320390438259272 0.8409451521200013 0.025624716588148112 0.0270505155513888
0 0.8820390438259272 0.8453195852962974 0.02718721658814811 0.02718721658814811
0 0.9347142759654641 0.7926443531567606 0.02718721658814811 0.02718721658814811
0 0.9011403583405568 0.8219408738919457 0.027187216588147933 0.02718721658814811
0 0.9550062350607418 0.7024882448626866 0.028886417624907422 0.028886417624907422
0 0.99296875 0.7453125 0.0140625 0.028125
0 0.9790507448626865 0.8352816210172236 0.02718721658814811 0.02718721658814811
0 0.9875 0.78671875 0.025 0.0265625
0 0.9667844821860196 0.7805353324215754 0.02718721658814811 0.02718721658814811
0 0.9585810029212048 0.7502422396788901 0.02874971658814811 0.027323917624907424
0 0.9078783738919457 0.7980932707816679 0.02718721658814811 0.02718721658814811
0 0.9389137604140754 0.8155350490097234 0.02718721658814811 0.02718721658814811
0 0.9322139925536124 0.7680544562670384 0.02718721658814811 0.02718721658814811
0 0.9789126267666678 0.7128010282745384 0.02718721658814811 0.02718721658814811
0 0.98984375 0.6921875 0.0203125 0.028125