0 0.6515625 0.45115329999071124 0.028125 0.030256185062934548
0 0.490625 0.41022341451750266 0.0296875 0.030374584233097402
0 0.4703125 0.450825103729622 0.0296875 0.030374584233097402
0 0.61875 0.4364521825641347 0.028125 0.03025618506293437
0 0.5515625 0.48216834688114474 0.028125 0.03025618506293437
0 0.6 0.33006047260609106 0.0296875 0.03037458423309758
0 0.55 0.3479117460513078 0.0296875 0.030374584233097402
0 0.509375 0.3791151244755464 0.0296875 0.030374584233097402
0 0.503125 0.4592762211561984 0.0296875 0.03037458423309758
0 0.7109375 0.31696663152451626 0.028125 0.02869368506293455
0 0.678125 0.3038280140979398 0.028125 0.03025618506293437
0 0.91328125 0.49921875 0.0296875 0.0203125
0 0.596875 0.29279727094641705 0.028125 0.03025618506293437
0 0.771875 0.28422406388815835 0.028125 0.03025618506293437
0 0.871875 0.29070901699772483 0.028125 0.03025618506293437
0 0.80625 0.43318178214457187 0.028125 0.03025618506293437
0 0.903125 0.24459103359446438 0.028125 0.03025618506293446
0 0.065625 0.9640625 0.084375 0.071875
0 0.2640625 0.7703125 0.03125 0.08125
0 0.23515625 0.98046875 0.0890625 0.0390625
0 0.5203125 0.9224111481212558 0.05625 0.06051237012586892
0 0.51875 0.8490920472914188 0.0546875 0.06039397095570589
0 0.55703125 0.97578125 0.0546875 0.0484375
0 0.634375 0.8184555086993551 0.0546875 0.06039397095570589
0 0.5671875 0.8329216730163651 0.0546875 0.06039397095570589
0 0.434375 0.9164231024802222 0.05625 0.06051237012586892
0 0.4703125 0.9890625 0.053125 0.021875
0 0.3484375 0.9104350568391885 0.0546875 0.05726897095570589