0 0.39820992781347186 0.41473365436825504 0.023414189212119397 0.021970088382282427
0 0.45554883113281974 0.412864423664287 0.023414189212119397 0.021970088382282427
0 0.2608516377715156 0.38568292656407194 0.023532588382282338 0.023532588382282428
0 0.4649956087272214 0.45552552034493915 0.021851689212119395 0.021851689212119395
0 0.4053838103868953 0.44790135187874414 0.023414189212119397 0.021970088382282427
0 0.76953125 0.42265625 0.0984375 0.0921875
0 0.68203125 0.41328125 0.0265625 0.0921875
0 0.760898259347277 0.2952751045780365 0.09869945435896632 0.09292305103961844
0 0.75395932988342 0.1626994029183626 0.09088695435896632 0.09233105518880329
0 0.2835824332120566 0.7942775991794517 0.1349203742750536 0.05838303029369403
0 0.27221611287640635 0.6442775991794518 0.13312107593472772 0.055139631123531
0 0.2698947510489072 0.5726393975197779 0.1298776767645647 0.053340332783204936
0 0.2645667883915711 0.5023268975197779 0.12819677759440165 0.05165943361304191
0 0.2762183738740684 0.7175967000092888 0.13636447510489075 0.056938929463857056
0 0.8992522095570583 0.7720688672260838 0.03518048340326043 0.03373638257342364
0 0.9720455564382032 0.5026103174358653 0.033736382573423464 0.03518048340326043
0 0.937078560587388 0.4921930356922788 0.032055483403260435 0.03349958423309749