0 0.015625 0.3984375 0.03125 0.0375
0 0.01640625 0.3578125 0.0328125 0.040625
0 0.0203125 0.2375 0.040625 0.03125
0 0.015625 0.2890625 0.03125 0.034375
0 0.30302242933027806 0.7789453493793616 0.05592399810013902 0.053761346674090583
0 0.34609375 0.75546875 0.0453125 0.0578125
0 0.29140625 0.990625 0.0671875 0.01875
0 0.3328125 0.97109375 0.04375 0.0578125
0 0.36015625 0.96953125 0.0171875 0.0609375
0 0.34339546903354207 0.902819201384452 0.04981946846486114 0.05993862133990877
0 0.28365809954250043 0.9536726293761799 0.05599673328250008 0.05688634667409058
0 0.25390625 0.98515625 0.0328125 0.0296875
0 0.26937608757465314 0.8769646787078162 0.042116071238402775 0.0645352146721816
0 0.2981543977951392 0.8382476240451797 0.04200696846486114 0.0598477146721816
0 0.9890625 0.784375 0.021875 0.03125
0 0.9550655465402089 0.8187918360916321 0.031977351823611146 0.031613626670908876
0 0.99609375 0.6609375 0.0078125 0.03125
0 0.9621870623077783 0.7891952427593594 0.03353985182361115 0.03163180800445424
0 0.98515625 0.7515625 0.0296875 0.03125
0 0.99296875 0.815625 0.0140625 0.03125
0 0.96829289836382 0.8501872867599957 0.03201371941479181 0.03317612667090906
0 0.9339178983638201 0.8497872974219959 0.03357621941479181 0.03319430800445424
0 0.99140625 0.84765625 0.0171875 0.0328125