0 0.8068831998504905 0.04378830976269086 0.0298693071815924 0.03263271753501122
0 0.8288581938003663 0.02558196526320895 0.0298602168225127 0.031070217535011223
0 0.8411400251824555 0.062499768406362045 0.0298693071815924 0.03263271753501122
0 0.6542662181972548 0.23209744665195906 0.03300339754067192 0.03434076674922295
0 0.8015625 0.01171875 0.03125 0.0234375
0 0.8298934529737485 0.11613419065610309 0.029869307181592218 0.03263271753501122
0 0.8675752601553409 0.08313760008556255 0.0298693071815924 0.03263271753501122
0 0.6375 0.01328125 0.034375 0.0265625
0 0.9145502541052167 0.06376686187238674 0.03300339754067192 0.03434076674922295
0 0.9163854648776052 0.016819087265280964 0.0314318071815924 0.032705492142117265
0 0.7721264047691465 0.11101435111901985 0.029823855386194253 0.024820217535011225
0 0.8790662302975033 0.25599290322871565 0.0314408975406721 0.034267992142117266
0 0.8505867062933982 0.318240346156621 0.02830680718159222 0.032559942927905185
0 0.86796875 0.32890625 0.0265625 0.0203125
0 0.12724115164588862 0.8415279888368575 0.023582945745273774 0.02609161910658777
0 0.1828922297083281 0.6733558775881525 0.026717036104353654 0.027799668320799498
0 0.17256274200496816 0.8378550252307877 0.023582945745273774 0.02609161910658777
0 0.15068774200496815 0.8388738697302696 0.023582945745273774 0.02609161910658777
0 0.21573200078556692 0.6671401108389295 0.026717036104353477 0.027799668320799498
0 0.10068774200496815 0.841202657157657 0.025145445745273776 0.026164393713693813
0 0.14940704313643635 0.7905091443373754 0.025145445745273953 0.026164393713693813
0 0.11800250703208288 0.8185271364794927 0.025145445745273776 0.026164393713693813
0 0.16242519360397453 0.7008644474805286 0.026717036104353477 0.027799668320799498
0 0.22167292857685988 0.7199740124105061 0.028279536104353475 0.027872442927905538
0 0.21370589247250643 0.7469003854460353 0.028279536104353475 0.02787244292790536
0 0.19757183236404785 0.8351281315170939 0.025145445745273776 0.026164393713693813
0 0.20409454313643635 0.7879620330886704 0.026707945745273954 0.026237168320799496
0 0.18071158529091402 0.7796786521952583 0.025145445745273776 0.026164393713693813
0 0.16995589247250642 0.7489380744449994 0.026707945745273954 0.026237168320799496
0 0.12282636241827713 0.7948713126581751 0.025145445745273776 0.026164393713693813
0 0.1555206877502421 0.813655545908952 0.025145445745273776 0.026164393713693813
0 0.14486498888171032 0.765727468158693 0.025145445745273776 0.026164393713693813
0 0.18735247073133757 0.7122000537668349 0.025145445745273776 0.026164393713693813
0 0.20152405504029308 0.6927950823028821 0.026717036104353654 0.027799668320799498
0 0.9541581756499937 0.836412457405326 0.026726126463433177 0.0293621683207995
0 0.9403138442679044 0.7995674288692788 0.026717036104353477 0.027799668320799498
0 0.7359626875538503 0.751288402400146 0.031413626463433174 0.02958049214211709
0 0.9138422478587007 0.7851795971900783 0.026717036104353477 0.027799668320799498
0 0.9562660971947707 0.7425896827982201 0.026717036104353477 0.027799668320799498
0 0.7054490066392993 0.6261813945422633 0.029851126463433176 0.029507717535011226
0 0.9444559227231274 0.8930991050479612 0.028288626463433175 0.02943494292790554
0 0.9532956332991243 0.7161727320124319 0.028279536104353475 0.027872442927905538
0 0.9550126694034777 0.689537457405326 0.026717036104353654 0.027799668320799498
0 0.980593410622879 0.8570502890845265 0.028288626463433175 0.02943494292790554
0 0.9765058743221339 0.7541436129058441 0.02827953610435365 0.027872442927905538
0 0.8030592839630541 0.7637840942945943 0.029851126463433176 0.029507717535011226
0 0.9198831695998695 0.8208259987616549 0.028288626463433175 0.02943494292790554
0 0.9953125 0.64765625 0.009375 0.0296875
0 0.8256069705349459 0.6471402497951122 0.028288626463433175 0.029434942927905362
0 0.7529047478587007 0.7926753817219817 0.0314227168225127 0.031142992142117264
0 0.8866888745185255 0.887979265510878 0.02668067466803503 0.0215496683207995
0 0.8142240429400445 0.7242121720448532 0.028288626463433175 0.02943494292790554
0 0.9412501512531051 0.6386299288692788 0.028288626463433175 0.02943494292790554
0 0.8661137958669108 0.6655606100103599 0.029851126463433176 0.029507717535011226