0 0.38046875 0.4203125 0.0578125 0.13125
0 0.03671875 0.54609375 0.0734375 0.1359375
0 0.8135737364928846 0.1348426881506108 0.039502115756780753 0.03677810919158375
0 0.844550720707869 0.13215777914359722 0.03132559471009344 0.03002746144333699
0 0.7837952312312126 0.1313777267072737 0.03141659997176518 0.03158996144333699
0 0.8540013154179622 0.16078342689184383 0.03297909997176518 0.03169009099298634
0 0.7892863680346808 0.17220298580657234 0.03297909997176518 0.03169009099298634
0 0.8232973469879934 0.16815583589885746 0.03297909997176518 0.03169009099298634
0 0.8395439732681178 0.2065570018457013 0.03297909997176518 0.03169009099298634
0 0.863057067978211 0.23608381554079177 0.03463260523343692 0.033352720542635696
0 0.7138467522779001 0.13312189697305427 0.03132559471009326 0.03002746144333699
0 0.98828125 0.1953125 0.0234375 0.03125
0 0.877787425913071 0.1949977405869344 0.03297909997176518 0.03169009099298634
0 0.7158488680346807 0.16749689697305428 0.03297909997176518 0.03169009099298634
0 0.7538948996047118 0.17927500616463804 0.03297909997176518 0.03169009099298634
0 0.4879968838196963 0.15756548272425341 0.03463260523343692 0.033352720542635696
0 0.8962042259695409 0.1370245542820248 0.03288809471009326 0.03012759099298634
0 0.6714618312029778 0.1537557695828733 0.03141659997176518 0.03158996144333699
0 0.9953125 0.22578125 0.009375 0.0328125
0 0.8264671205949294 0.24930570634920812 0.03297909997176518 0.03169009099298634
0 0.5428649362952405 0.32453173966408366 0.03803062101845249 0.0382404796419344
0 0.6958541574266325 0.2518323241786652 0.03463260523343692 0.033352720542635696
0 0.6552291574266325 0.2492289558877827 0.03463260523343692 0.033352720542635696
0 0.8849166574266324 0.26394799968623295 0.03454159997176518 0.031790220542635694
0 0.8982188361823009 0.46561062923588226 0.03959312101845249 0.038340609191583754
0 0.5410741941171611 0.4006937214654863 0.03803062101845249 0.0382404796419344
0 0.5925471469032887 0.24209877390180984 0.03297909997176518 0.03169009099298634
0 0.7081413258001316 0.3024331014765611 0.03472361049510866 0.0349152205426357
0 0.3875 0.9734375 0.04375 0.05
0 0.33951315216496064 0.9588066101144344 0.05981461575678075 0.03807979333702498
0 0.35636745222143035 0.9007332942598755 0.03903167889684287 0.0554279796419344
0 0.39765625 0.91484375 0.0234375 0.0484375
0 0.38984375 0.88046875 0.0390625 0.0359375
0 0.7399204887707846 0.7759755212809163 0.08008088410204497 0.11876858883351815
0 0.9191991941171611 0.7002908081395361 0.1152147472985769 0.0805466980251019
0 0.72265625 0.6828125 0.0921875 0.046875
0 0.6337013098739417 0.7162419710040611 0.12182876834526431 0.08719721622369896
0 0.5117198940606913 0.7333317365817648 0.08789338410204497 0.11926923658176455
0 0.6234375 0.67265625 0.115625 0.0265625
0 0.7959114254895481 0.9087670373200453 0.11843075256024882 0.0823094571244006
0 0.8224753835373477 0.7501325169619796 0.07998987884037305 0.11720608883351816
0 0.8684696939759867 0.8449233852528619 0.07860938936371689 0.1202309592838688