0 0.541154836818541 0.22502199696277714 0.06075696846486114 0.06075696846486114
0 0.43984375 0.009375 0.0546875 0.01875
0 0.11506380908312427 0.28178898176388856 0.06395470364722229 0.06395470364722229
0 0.15587325988055495 0.1387286595755553 0.059230836056041715 0.06228310087368065
0 0.7871622403132634 0.15928920060999943 0.08811955547083343 0.09575021751493065
0 0.8663055328663191 0.11372082105097156 0.08939111474138883 0.08328658510611113
0 0.6707033985576385 0.0636156375397217 0.08310474715020835 0.08157861474138883
0 0.9451202106779857 0.14936607390076323 0.09095361474138883 0.0833229526972918
0 0.6976620227983329 0.24726328571611064 0.08470361474138884 0.0831774823325695
0 0.61484375 0.16484375 0.0515625 0.0796875
0 0.8056563607542355 0.23694142192465223 0.08622974715020834 0.08165134992375016
0 0.6858906810427079 0.14915309403673566 0.08306837955902786 0.080016114741389
0 0.60390625 0.08515625 0.0296875 0.0828125
0 0.62109375 0.2609375 0.0640625 0.084375
0 0.09563196979604136 0.5208488689223607 0.030342116641249993 0.02881598423243057
0 0.0140625 0.4921875 0.028125 0.028125
0 0.04312521884611078 0.49552286702249965 0.028779616641249995 0.028779616641249995
0 0.19163545402847193 0.4889429458603468 0.030342116641249993 0.028815984232430657
0 0.07452068921083299 0.48854551519888856 0.028779616641250172 0.028779616641249995
0 0.11376502716673578 0.4798238254193746 0.028779616641250172 0.028779616641249995
0 0.6601256552071522 0.9591463430868051 0.025581881458888844 0.025581881458888844
0 0.6886143311189578 0.9428667264455551 0.025581881458888844 0.025581881458888844