0 0.41875 0.009375 0.05625 0.01875
0 0.3362472749876281 0.03370877317860579 0.05319359905006031 0.0635578889641522
0 0.5064645997274289 0.10028319877748917 0.07120661465389251 0.050478034825709096
0 0.5212574400710619 0.14468829601852723 0.06997166327441154 0.056646147670579336
0 0.4876813794647553 0.2473286171402834 0.049161196291098365 0.07581222749876275
0 0.45347679782754946 0.21904648688255862 0.05212242198083885 0.07285100180902226
0 0.46418192446722967 0.15572097127872642 0.06100609905006031 0.0639673247398008
0 0.5283063794647553 0.24945768317365696 0.047598696291098364 0.07573034034363317
0 0.43035355834299904 0.28327940524535283 0.05960737336031983 0.06701043758467104
0 0.4379536171402834 0.13097327679665033 0.05820864767057934 0.07005355042954128
0 0.4124423620519007 0.20910492084918514 0.05508364767057934 0.06988977611928178
0 0.55625 0.26171875 0.025 0.0734375
0 0.553125 0.08828125 0.03125 0.0703125
0 0.55859375 0.16171875 0.0203125 0.0671875
0 0.5375 0.05078125 0.0625 0.0671875
0 0.5390625 0.01484375 0.059375 0.0296875
0 0.553125 0.19453125 0.03125 0.0703125
0 0.5048821675698247 0.18901815015697015 0.07285100180902226 0.05212242198083885
0 0.38556560153645114 0.14225161352223878 0.0670923247398008 0.06116987336031983
0 0.3154987630018404 0.14325419154139993 0.05039614767057934 0.0696441146538925
0 0.30166863636216024 0.20641593283497262 0.048833647670579336 0.06956222749876276
0 0.3215982767966503 0.08124551447217847 0.04579053482570909 0.07096095318850323
0 0.3875928482570908 0.2701309520568495 0.050478034825708916 0.07120661465389251
0 0.4666119629109834 0.3210184226582074 0.05977114767057934 0.07013543758467104
0 0.3644408740376884 0.09595646766068171 0.05179487336031983 0.06660100180902226
0 0.5003097749876281 0.042306924467229653 0.03657930913596861 0.0735946302577247
0 0.34795713817118257 0.2571462731786058 0.049079309135968606 0.07424972749876275
0 0.4634648722286661 0.052841632744115685 0.04430992198083885 0.07244156603337366
0 0.382017877655733 0.19348656490171975 0.05977114767057934 0.07013543758467104
0 0.5134869629109834 0.3234750373120999 0.047598696291098364 0.07573034034363317
0 0.340157926276252 0.19752561171321653 0.047353034825709094 0.07104284034363317
0 0.3097953968776098 0.2722865943003619 0.04743492198083885 0.07260534034363317
0 0.546875 0.3140625 0.04375 0.08125
0 0.37578125 0.03515625 0.0390625 0.0703125
0 0.43114369515944456 0.060497002486390804 0.03797803482570909 0.07055151741285463
0 0.459375 0.0109375 0.05625 0.021875
0 0.4039260979184066 0.046604920849185126 0.03962242198083885 0.07219590456798422
0 0.8687255823145744 0.2937255823145744 0.041109678878243724 0.041109678878243724
0 0.7624755823145744 0.28815725576575113 0.05155585594746537 0.032307888964152195
0 0.9060950282669884 0.14453780981333714 0.04127345318850324 0.04423467887824373
0 0.9235082575747734 0.2389429070543752 0.050075243102595125 0.033788501809022264
0 0.26477506671074214 0.6983777035271876 0.026228307326946344 0.0247476944820761
0 0.2657510685197644 0.7467333163720579 0.026228307326946344 0.0247476944820761
0 0.3652663896415206 0.7129934814554917 0.026228307326946254 0.0247476944820761
0 0.2826243080043148 0.6821728493887446 0.026228307326946344 0.0247476944820761
0 0.3665765841235966 0.7379934814554916 0.026228307326946254 0.0247476944820761
0 0.9301876255080265 0.5394010097224801 0.036094630257724705 0.034614017412854546
0 0.98828125 0.5125 0.0234375 0.034375
0 0.9328080144721784 0.58940100972248 0.036094630257724705 0.034614017412854636
0 0.9740128686106214 0.5728619629109833 0.036094630257724705 0.034614017412854636
0 0.98515625 0.5453125 0.0296875 0.034375
0 0.98671875 0.609375 0.0265625 0.034375