0 0.0078125 0.375 0.015625 0.071875
0 0.09621798022528587 0.24090836725588433 0.0751199683211162 0.07243492198083885
0 0.28004667700697716 0.22343318295057363 0.07501070767745474 0.07087242198083885
0 0.28853615622385675 0.36726507010570336 0.07501070767745457 0.07087242198083885
0 0.11775376266047406 0.3918976571699761 0.07021394703379294 0.06906426051544959
0 0.1686064324548587 0.26691094527504555 0.07344820767745475 0.0707905348257091
0 0.34686210845342985 0.39400463252103235 0.0766824683211162 0.07251680913596861
0 0.3746585985660726 0.6120995352799943 0.07846348960843982 0.07572369629109836
0 0.97578125 0.5140625 0.0484375 0.06875
0 0.8903393208224614 0.3236256919956852 0.06265281930985207 0.049986711894930556
0 0.9828125 0.42734375 0.034375 0.0671875
0 0.7450382564562879 0.17441798733684383 0.05840236188449897 0.05599105042954129
0 0.7902743468013618 0.14852387268295128 0.05248014381548423 0.06035100180902227
0 0.7451467891435777 0.40023685888814137 0.06868429802252862 0.04718926051544958
0 0.9015389007759751 0.37165375622003644 0.05258940445914604 0.06191350180902226
0 0.99140625 0.47890625 0.0171875 0.0484375
0 0.7853675975576664 0.3699009056996381 0.04677644703379293 0.06783595318850325
0 0.924003762660474 0.4237961103584794 0.06330838317182241 0.05936171189493074
0 0.9734375 0.35 0.053125 0.065625
0 0.8718628364098017 0.2163864020815934 0.05549588317182241 0.05895227611928178
0 0.8257740762703429 0.36464683966626443 0.048338947033792934 0.06791784034363317
0 0.823391757464694 0.465138162597043 0.0690120799535137 0.05187676051544958
0 0.8501292200858271 0.42139480664957774 0.06868429802252862 0.04718926051544958
0 0.7911698473055649 0.2958901956137298 0.05258940445914586 0.06191350180902226
0 0.7338379485464022 0.35064629466379016 0.058620883171822416 0.05911605042954129
0 0.9480639755337087 0.4538996901866629 0.06051116510280767 0.06388543758467105
0 0.7076467891435777 0.4022021506112553 0.03583894703379294 0.06726274310259513
0 0.8446983109351042 0.5455692910457455 0.04732275025210164 0.07564845318850325
0 0.8679287252816072 0.384392773632891 0.05763753737886681 0.04505355042954129
0 0.7159841770069771 0.2747388919048282 0.04510468639013112 0.06619156603337366
0 0.8789204916252522 0.4967289993226315 0.06926345222957302 0.033208647670579336
0 0.9709001780153834 0.5562058186353653 0.0548074683211162 0.07137038896415202
0 0.7429401609154338 0.23412053595736287 0.04477690445914595 0.06150406603337357
0 0.7243529599463685 0.5738314891458661 0.05179172896477802 0.0727691146538925
0 0.475 0.98203125 0.009375 0.0203125
0 0.5890625 0.996875 0.01875 0.00625