0 0.96953125 0.39609375 0.0609375 0.1265625
0 0.56171875 0.45078125 0.0890625 0.0578125
0 0.6657373720559974 0.3799838868549933 0.11072041868236297 0.12327324505632138
0 0.7657191907224521 0.37142870566064223 0.09360564401654478 0.12832137797604232
0 0.65 0.44765625 0.090625 0.0640625
0 0.90390625 0.44296875 0.1109375 0.0734375
0 0.78984375 0.4609375 0.1265625 0.0375
0 0.01171875 0.56484375 0.0234375 0.0328125
0 0.0859055160725422 0.535469790305733 0.03319430800445424 0.03510697351689647
0 0.049804384070633125 0.5239202851099529 0.031613626670908876 0.03343521287323466
0 0.05801687340863282 0.5577489818916442 0.03475680800445424 0.0352162341605581
0 0.0875 0.49140625 0.034375 0.0234375
0 0.00703125 0.534375 0.0140625 0.034375
0 0.1171875 0.496875 0.034375 0.034375
0 0.024568026734542326 0.5053559554085407 0.031613626670908876 0.03343521287323466
0 0.1453125 0.48515625 0.034375 0.0109375
0 0.42367714139081547 0.7032349886000336 0.03159544533736343 0.031872712873234656
0 0.38125 0.70546875 0.025 0.0328125
0 0.38830326273072435 0.7541854834042535 0.03159544533736347 0.031872712873234656
0 0.38046875 0.66640625 0.0234375 0.0296875
0 0.44678737738699753 0.6734710789451076 0.030014764003817973 0.03020095222957302
0 0.4564896413908155 0.7009405150831372 0.030014764003817973 0.03020095222957302
0 0.6482771520528157 0.6531264559127438 0.030014764003817973 0.03020095222957302
0 0.4166464387332697 0.7709687918183423 0.031613626670908876 0.03343521287323483
0 0.48198053739654256 0.7413798447845494 0.031613626670908876 0.03343521287323483
0 0.45060326806172446 0.7326275576577841 0.03159544533736351 0.031872712873234656
0 0.4031282840547248 0.6843428769676361 0.030014764003817973 0.03020095222957293
0 0.4178089493952699 0.7364845311746805 0.030032945337363427 0.03176345222957302
0 0.5651192067154522 0.6292297700268158 0.030014764003817973 0.03020095222957302
0 0.4077077907383604 0.8091243556803127 0.03317612667090888 0.03354447351689629
0 0.5948430693825432 0.6302788177972427 0.02845226400381797 0.030091691585911205
0 0.458978294716725 0.6460344937958137 0.030014764003817973 0.03020095222957302
0 0.4058896573838158 0.6528743556803127 0.030032945337363427 0.03176345222957293
0 0.7432442067154523 0.6167740566493779 0.030014764003817973 0.03020095222957302
0 0.6260203440483615 0.6218436049240081 0.02845226400381797 0.030091691585911205
0 0.6649919373806342 0.6112995888324647 0.02845226400381797 0.030091691585911205
0 0.4307078440483614 0.635501185381725 0.030014764003817973 0.03020095222957293
0 0.3883930747135433 0.6275137227605918 0.030032945337363427 0.03176345222957302
0 0.5071612560470887 0.6207724138422999 0.030014764003817973 0.03020095222957302
0 0.41317489871099794 0.607015552462004 0.02845226400381797 0.030091691585911205
0 0.4902646573838158 0.646974280922579 0.030014764003817973 0.03020095222957302
0 0.5368123933799979 0.615571461612727 0.02845226400381797 0.030091691585911205
0 0.4711692120464524 0.6185979086465199 0.02845226400381797 0.030091691585911205
0 0.44289876137808887 0.6080646002324311 0.028470445337363426 0.03165419158591121