0 0.24526966521461463 0.12997511728200237 0.13329588479802065 0.07183973201781732
0 0.29375 0.2046875 0.1125 0.109375
0 0.31796875 0.3140625 0.0640625 0.13125
0 0.11725964014178998 0.3502887119669106 0.10975073620994644 0.12154883068109026
0 0.809375 0.5546875 0.053125 0.028125
0 0.8828125 0.559375 0.075 0.01875
0 0.7995432912371466 0.4152206319223672 0.06569920783841657 0.0569954346753633
0 0.8857248321450889 0.3688899772438223 0.04887542069139794 0.06929544000636341
0 0.8821619114536909 0.3001581585773677 0.07025031551854859 0.052362478675999566
0 0.8464015708623178 0.4678183732495492 0.06868781551854859 0.05234429734245403
0 0.7609375 0.54609375 0.071875 0.0453125
0 0.71953125 0.56015625 0.0578125 0.0171875
0 0.7407880683550353 0.4909297039306395 0.0566424565847754 0.0678238466740904
0 0.7240431860642971 0.3989058359325486 0.05659699247815268 0.06626134667409059
0 0.6883450299543756 0.5149853692711848 0.06592652837152997 0.0648079346753633
0 0.6622538913954312 0.4777762706079118 0.06891513605166182 0.0601567973424542
0 0.45491275283648686 0.4426762066359105 0.07332985141192579 0.05083634134309047
0 0.5055205065974105 0.4092637226289108 0.05209134890464338 0.07245680267345414
0 0.543123458167621 0.519801233290911 0.0749378155185485 0.05241702267663584
0 0.444661911453691 0.3052489319700923 0.05374477711788872 0.07559998400699967
0 0.6260770475053528 0.3625330786123661 0.07636392319868043 0.04774770401018138
0 0.641821719450392 0.42018194661045705 0.07190374373179384 0.05550566000954511
0 0.44215668857157964 0.38030347597072856 0.06905152837152997 0.06484429734245403
0 0.4623087495377816 0.15968189330045607 0.07810827962517113 0.05401588534372683
0 0.5554750424907879 0.4071194199554566 0.05512542069139794 0.06936816534054505
0 0.5461622269722394 0.35564782662318384 0.07493781551854842 0.05241702267663584
0 0.4302069548689157 0.23820688263845585 0.0690969924781526 0.06640679734245421
0 0.5762254631821858 0.47565124395291125 0.06896060015828454 0.06171929734245403
0 0.6113446092629775 0.44710807328136604 0.07038670783841657 0.05704997867599957
0 0.40799228872986415 0.4416591466422738 0.03972774122451135 0.07699885200509068
0 0.6191330625490477 0.23131944127945703 0.05360838479802066 0.07091248400699968
0 0.5241267879384414 0.1355171399586383 0.06454588479802066 0.07103975334181775
0 0.6078125 0.55703125 0.08125 0.0234375
0 0.33828125 0.7984375 0.0234375 0.059375
0 0.3328125 0.5921875 0.034375 0.046875
0 0.3013952962517116 0.8091546346276381 0.04855717194503919 0.05835794000636341
0 0.2632180316702352 0.6251614426320925 0.058767246239076344 0.03348520934118149
0 0.34296875 0.7234375 0.0140625 0.065625
0 0.27833353246165804 0.9297762172979107 0.04400606426490725 0.06299089600572697
0 0.3029624932695755 0.6481444092934564 0.05770485141192587 0.050654528007636035
0 0.8847868062808415 0.6574444945894581 0.06142088479802066 0.07100339067472686
0 0.7962244114536909 0.6756683306015485 0.07355717194503911 0.05864884134309047
0 0.9000146526782024 0.7510490439210946 0.0614663489046432 0.07256589067472703
0 0.5931615959351425 0.6264512226289108 0.07075042069139795 0.06954997867599957
0 0.6059176602000497 0.6888239532940927 0.07645485141192579 0.05087270401018138
0 0.7803888112954065 0.6148944626034575 0.07801735141192587 0.050890885343726745
0 0.6927931860642972 0.7737796612826386 0.07654577962517113 0.05399770401018138
0 0.8572768863808662 0.8937819839274578 0.058432277117888634 0.07565452800763595
0 0.9625 0.67421875 0.075 0.0609375
0 0.708133378067596 0.6563739852800934 0.0567788489046432 0.07251134667409058
0 0.9206286810497322 0.8148933679185493 0.07640938730530315 0.04931020401018138
0 0.6550083780675962 0.6569921506206385 0.05374477711788863 0.07559998400699967
0 0.8428386501709199 0.7735967532622761 0.06909699247815268 0.06640679734245403
0 0.8747538913954311 0.8498138079249126 0.05985838479802066 0.0709852093411815
0 0.7127994606749034 0.8704546666136388 0.05231866943775678 0.08026930267345414
0 0.59765625 0.57890625 0.0578125 0.0203125
0 0.97109375 0.84609375 0.0578125 0.0765625
0 0.9875 0.73203125 0.025 0.0546875
0 0.5573437678801817 0.6847000746340015 0.041335705331134065 0.07857953333863606
0 0.7626223012662765 0.7026308199395482 0.07047763605166182 0.060174978675999566
0 0.7274576910788622 0.7296114906110935 0.07061402837152997 0.06486247867599956
0 0.8167929757185982 0.7379501545990031 0.07204013605166182 0.06019316000954511
0 0.5649529940609982 0.892494393300456 0.056960705331134065 0.07876134667409058
0 0.6988660266556703 0.6064648919478206 0.07810827962517113 0.05401588534372683
0 0.7597821092629775 0.81989104527373 0.0836763180258309 0.03065111067790873