0 0.3265625 0.02265625 0.06875 0.0453125
0 0.3052684244662576 0.22730396992398932 0.07227866431701005 0.07070864767057934
0 0.24011702114690975 0.22449323043943892 0.07216026514684701 0.06914614767057933
0 0.6579646041306073 0.09940254070706125 0.04185745850815117 0.08000840456798422
0 0.743973881725009 0.052875021485184345 0.07265717261537966 0.05516553482570892
0 0.7120834190676728 0.1245796031223902 0.06579186597668389 0.06725609905006032
0 0.5842669950024006 0.08614562415328937 0.05255816016782511 0.07745661465389268
0 0.6703125 0.0125 0.046875 0.025
0 0.63046875 0.0171875 0.0453125 0.034375
0 0.6887176966620745 0.08378418475959588 0.037051559337988135 0.07820024310259513
0 0.32496561782756184 0.6295061205352447 0.09524256763635801 0.0656869549975255
0 0.1644569381632121 0.4885137075995174 0.07261055103961844 0.09562676051544958
0 0.1840841991608743 0.4143392232033497 0.08643625269929238 0.09323874491161739
0 0.3759845887832677 0.5723620058813521 0.0907918659766839 0.06856629353213642
0 0.346322244801908 0.49143291044933646 0.08908765601864026 0.0871525192218769
0 0.18298791491848795 0.8190333672558843 0.10172936597668389 0.06913950361804452
0 0.4318523900233787 0.7593020839005133 0.09704186597668389 0.06889384215265544
0 0.2556040016503852 0.41525991406738105 0.07717965186945541 0.09430992198083885
0 0.41622923525413835 0.6574053912274597 0.08896925684847723 0.0855900192218769
0 0.2545561842145199 0.757699719585305 0.06995914772027056 0.10171298620519006
0 0.1656605501912039 0.6985504488930901 0.07140324855010753 0.10023237336031983
0 0.09906873650353817 0.488827968114967 0.07140324855010753 0.10023237336031983
0 0.08542952114690974 0.6482848552700968 0.10161096680652096 0.06757700361804453
0 0.40438931823783586 0.8136553912274597 0.09415366431700996 0.07185506784239593
0 0.40553222405598355 0.4494224728646654 0.06780465186945542 0.09381859905006032
0 0.09556338297440883 0.5761641938047075 0.0963081601678251 0.0797494549975255
0 0.025 0.5640625 0.05 0.1
0 0.17719189127277862 0.5874491745828306 0.08163035352912935 0.09143058344622812
0 0.2375122394033232 0.6745530269122513 0.06948555103961844 0.09546298620519007
0 0.2644802489510928 0.5035035425160835 0.09668666846619497 0.06420634215265544
0 0.6641968290350053 0.6719813048405554 0.023414189212119397 0.021458920171816588
0 0.7214173331841902 0.6767639801007546 0.023414189212119397 0.021458920171816588
0 0.6119239340140272 0.6840585809598373 0.02185168921211931 0.021377033016686652
0 0.5901673331841902 0.6836425011316537 0.02185168921211931 0.021377033016686652
0 0.6357166315245163 0.678142773632891 0.021851689212119395 0.02137703301668683
0 0.5706836273753314 0.6737695341483405 0.02185168921211931 0.02137703301668683
0 0.649447244801908 0.7023239020815935 0.023532588382282428 0.023021420171816586
0 0.5486902282051684 0.6764784543201572 0.02185168921211931 0.021377033016686652
0 0.5375 0.6953125 0.015625 0.021875