0 0.3007786647693571 0.18915171380284726 0.05278980925276535 0.07211310217691817
0 0.23493547645775442 0.17894338930074322 0.06205571509696384 0.0661904843909035
0 0.39542869155471827 0.23744039166299596 0.03875458279171564 0.07318452885594055
0 0.15084466882654687 0.3773114566312712 0.0728841209411625 0.0603224303072194
0 0.2715275413925625 0.21518842414713363 0.04500458279171564 0.07340278366526398
0 0.3029218173671449 0.13279258639818553 0.07568183847375849 0.04168155771188111
0 0.20580135551659176 0.12211303594269865 0.06819662094116268 0.06015873920022674
0 0.17234574756107274 0.2655555010963083 0.07129434740221222 0.058705366604888454
0 0.228541200483172 0.2604662078123975 0.048075035713814884 0.0703869110699257
0 0.2749991891190863 0.32450886044480265 0.04659435633066593 0.07501984736759475
0 0.25244235064532783 0.2862102522774347 0.051254582791715644 0.07362103847458741
0 0.2156479139585782 0.059231090026382646 0.0652079886359143 0.06786211179556503
0 0.10855598295057609 0.28341761289187345 0.045031856330665934 0.07496528366526398
0 0.24215150730030538 0.41320926189608154 0.06364548863591431 0.06780754809323426
0 0.97890625 0.340625 0.0421875 0.0625
0 0.975 0.24453125 0.05 0.0640625
0 0.003125 0.89921875 0.00625 0.0203125
0 0.04169576541798019 0.9018402306778883 0.02063978246740401 0.019459328130301046
0 0.05677529463897342 0.8700445936545798 0.0190772824674041 0.01940476442797028
0 0.013052568177923751 0.8731348773198437 0.0190772824674041 0.01940476442797028
0 0.01737760389173868 0.941775749915182 0.02066705600635448 0.021021828130301047
0 0.7477900324641088 0.9719890395708959 0.031795470779006865 0.03234127404661713
0 0.6236161469124497 0.9341120720550332 0.031795470779006775 0.03234127404661713
0 0.62109375 0.9890625 0.0328125 0.021875
0 0.7472172881461516 0.9391765395708956 0.03335797077900686 0.0323958377489479
0 0.6451365909060952 0.9130356802224014 0.03176819724005649 0.03077877404661713