0 0.19161606990722263 0.20665546276254104 0.04473192496187508 0.0426965773392725
0 0.23587521618375043 0.22903954010181343 0.04476829255305557 0.044259077339272326
0 0.06505356990722264 0.20518277474536006 0.04160692496187508 0.0426602146721816
0 0.1250428996950003 0.030928209420723274 0.043205792553055566 0.04424089600572696
0 0.0504468624602783 0.24875096140990555 0.04316942496187508 0.042678396005727134
0 0.11505356990722264 0.2057645774188142 0.04316942496187508 0.042678396005727134
0 0.01484375 0.26953125 0.0296875 0.0453125
0 0.07751589589527814 0.13659640674726906 0.043205792553055566 0.044240896005727136
0 0.01640625 0.21484375 0.0328125 0.0421875
0 0.051679441298125364 0.10036800541054189 0.043205792553055566 0.04424089600572696
0 0.12780553020395863 0.08250889075426873 0.04316942496187508 0.04267839600572696
0 0.042381095742778284 0.3048918734086329 0.04473192496187508 0.0426965773392725
0 0.01484375 0.35546875 0.0296875 0.0453125
0 0.01171875 0.3109375 0.0234375 0.04375
0 0.05132099106937558 0.35342028007636017 0.04476829255305557 0.044259077339272326
0 0.20397190596326437 0.2677202320973592 0.04633079255305557 0.044277258672817864
0 0.03467508567479207 0.17514982940799656 0.043133057370694415 0.04111589600572696
0 0.01875 0.07421875 0.0375 0.0421875
0 0.08203125 0.43046875 0.0453125 0.0390625
0 0.0140625 0.6625 0.028125 0.040625
0 0.08721820421590323 0.6939714600572702 0.04316942496187508 0.042678396005727134
0 0.04005356990722264 0.7480953387173613 0.04160692496187508 0.0426602146721816
0 0.01484375 0.7078125 0.0296875 0.04375
0 0.11483536436013927 0.7395930427275427 0.041570557370694414 0.041097714672181596
0 0.02210496333395886 0.8494214813812706 0.04316942496187508 0.042678396005727134
0 0.06745252450437542 0.7843419213876339 0.04160692496187508 0.0426602146721816
0 0.0171875 0.5515625 0.034375 0.040625
0 0.10815025968673657 0.7879396360598154 0.04160692496187508 0.0426602146721816
0 0.074067506836945 0.8672089653882702 0.04316942496187508 0.042678396005727134
0 0.10760605223979222 0.83167145472627 0.04160692496187508 0.0426602146721816
0 0.01328125 0.8953125 0.0265625 0.04375
0 0.49023148860083354 0.7526373880489977 0.08572060087368065 0.05879429201145401
0 0.5621792237831947 0.7565987293920882 0.08579333605604181 0.061919292011454005
0 0.6772236487450698 0.8001134667409057 0.08859102773541672 0.047893154678544915
0 0.4390625 0.8359375 0.059375 0.046875
0 0.6721737792540281 0.851603241406724 0.08699216014423605 0.04631247334499946
0 0.5890703385245837 0.8381396307288153 0.04571384992375016 0.08488407733927232
0 0.4956840144363892 0.8526737507160886 0.06588087955902786 0.0788704346753633
0 0.548336235751042 0.8329794160566337 0.050401349923749984 0.08493862133990877
0 0.70390625 0.98984375 0.0640625 0.0203125
0 0.6654886745806253 0.8999498347389967 0.08862739532659739 0.049455654678545
0 0.43046875 0.94609375 0.0421875 0.0796875
0 0.5452852773541671 0.9032373720559974 0.07823540919430556 0.07276588534372674
0 0.64140625 0.98359375 0.0828125 0.0328125
0 0.6034614532659727 0.9195350813971789 0.039500217514930644 0.08637385200509069