0 0.1691611496819713 0.13169705484149025 0.0972386143631847 0.07040783697334127
0 0.359375 0.10390625 0.040625 0.0828125
0 0.7343316317279904 0.023821942404257966 0.04400453005422929 0.04732128121376711
0 0.6953782160369458 0.04576058634512137 0.04401362041330899 0.04888378121376693
0 0.7609375 0.00546875 0.04375 0.0109375
0 0.7996849627172962 0.24046756634124203 0.04713862041330898 0.04913887272903601
0 0.7510383844584649 0.20848398482791258 0.040861349336070066 0.04394118969849785
0 0.6726588544042356 0.17111127270963938 0.04557612041330898 0.04901132697140156
0 0.9474588665044841 0.11428821936596112 0.04713862041330898 0.04913887272903601
0 0.97109375 0.01328125 0.0453125 0.0265625
0 0.44609375 0.02109375 0.0453125 0.0421875
0 0.4 0.16796875 0.040625 0.0484375
0 0.86967020979043 0.17847800724768792 0.04400453005422929 0.04732128121376711
0 0.7553077279408026 0.13622634755500904 0.04401362041330899 0.04888378121376711
0 0.6277099687674204 0.23731009968104094 0.04557612041330898 0.04901132697140156
0 0.40776913172799045 0.05047900574987585 0.04555793969514967 0.04588632697140156
0 0.7816156978865731 0.09030806967522195 0.04400453005422929 0.04732128121376711
0 0.8959418182998821 0.12630972936790083 0.04401362041330899 0.04888378121376693
0 0.8999304024124457 0.27449213785263177 0.04558521077238851 0.05057382697140156
0 0.4873929992144331 0.03303667211051451 0.04713862041330898 0.04913887272903601
0 0.9921875 0.19296875 0.015625 0.0484375
0 0.40234375 0.1234375 0.0453125 0.05
0 0.7852679387131911 0.18067797815995287 0.04243293969514959 0.04563123545613248
0 0.8244849748175446 0.20405183421908948 0.04557612041330898 0.04901132697140156
0 0.6580509328594586 0.07850918452835023 0.04401362041330899 0.04888378121376693
0 0.8362850171684141 0.08271896815801316 0.04556703005422928 0.047448826971401556
0 0.9292179266129427 0.2033187684575756 0.04557612041330898 0.04901132697140156
0 0.5254475111182898 0.12528807392728575 0.04400453005422929 0.04732128121376711
0 0.5705782039366974 0.09033924695588418 0.04400453005422929 0.04732128121376711
0 0.9407543485505032 0.03667340239649928 0.04557612041330898 0.04901132697140156
0 0.5197247519449075 0.21642325695782388 0.04557612041330898 0.04901132697140156
0 0.5734375 0.01484375 0.04375 0.0296875
0 0.7991031797362006 0.14046756634124202 0.04400453005422929 0.04732128121376693
0 0.4594588967551051 0.06814499574793623 0.04557612041330898 0.04901132697140156
0 0.45546226404515605 0.18727763302083975 0.04556703005422928 0.047448826971401556
0 0.9796875 0.1390625 0.040625 0.046875
0 0.6133383965587134 0.1853330114997517 0.04243293969514976 0.045631235456132305
0 0.9828125 0.03984375 0.034375 0.0484375
0 0.45364523399092677 0.1436551787784744 0.04399543969514967 0.04575878121376711
0 0.4924713846548567 0.09984153483761098 0.04713862041330889 0.04913887272903601
0 0.63203125 0.0125 0.0453125 0.025
0 0.807969119627742 0.052202291795434876 0.04556703005422928 0.047448826971401556
0 0.730507715840554 0.17264207967716158 0.04243293969514959 0.04563123545613248
0 0.5100861315315987 0.17187603150363112 0.04399543969514967 0.04575878121376711
0 0.8688429871141846 0.03629050724768792 0.04400453005422929 0.04732128121376711
0 0.6174804750139362 0.09120037422684817 0.040870439695149585 0.04550368969849785
0 0.8054531736860764 0.7425080405874869 0.06451701795398072 0.08335437606301603
0 0.6494849748175445 0.8037001163509403 0.07078519867214013 0.08698955909355419
0 0.8157998003459012 0.640052720284045 0.08780907220870696 0.06026756242753386
0 0.8522645411725189 0.7277441678584508 0.0660795179539809 0.08348192182065048
0 0.7537452279408026 0.7217170505894265 0.08935339149054791 0.057270108185168665
0 0.7351406736860764 0.7482475996810409 0.08936248184962743 0.058832608185168486
0 0.7995758784083408 0.8070807236180249 0.0676420179539809 0.08360946757828494
0 0.7277099687674203 0.8145103284692137 0.08939884328594587 0.06508260818516849
0 0.6860315288758789 0.905454063925346 0.08622839149054773 0.05701501666989941
0 0.7326156373853311 0.85162769119631 0.08469316256778665 0.06157497091226496
0 0.7384838423039872 0.7854925081657719 0.08781816256778666 0.06183006242753404
0 0.7155826734896846 0.8795931945302898 0.08624657220870695 0.06014001666989941