0 0.02130022385459558 0.5161949024423336 0.029851126463433176 0.03020095222957302
0 0.02986618189650958 0.6546018385803631 0.028297716822512697 0.03165419158591121
0 0.036271759762557386 0.3589615566493779 0.028279536104353475 0.028529191585911207
0 0.05491267545360197 0.3764004289254371 0.028279536104353475 0.028529191585911207
0 0.0985637232654204 0.12188789154657029 0.028288626463433175 0.030091691585911205
0 0.017676295866910864 0.3337101843733188 0.028279536104353475 0.028529191585911207
0 0.11586939793345544 0.10037352446629119 0.026726126463433177 0.029982430942249484
0 0.05212401873954775 0.3188064502127606 0.02827953610435365 0.028529191585911207
0 0.00703125 0.2875 0.0140625 0.03125
0 0.06134448263519428 0.34471338635079024 0.026717036104353477 0.028419930942249393
0 0.03773530757437582 0.10739905664937795 0.028288626463433175 0.03009169158591125
0 0.11697737997947452 0.17838926382262948 0.028288626463433175 0.030091691585911205
0 0.15476827147002226 0.12576700837474783 0.028288626463433175 0.030091691585911205
0 0.4896229769778535 0.4287927274521688 0.0831670240041051 0.06672831411407198
0 0.7733626936039746 0.24964155094939472 0.08939884328594587 0.06404035668871888
0 0.7314206332991242 0.21040408832826163 0.09238748789975162 0.04082137797604233
0 0.5979354467272325 0.33531624303950913 0.08469316256778665 0.06058757475773362
0 0.6882887777165383 0.10721338635079021 0.08774543969514959 0.04830609604505716
0 0.4779855193287229 0.5498700519578008 0.0816136143631847 0.06818155347041
0 0.8191569826351943 0.16366049228320448 0.05048178903121965 0.08630884059717552
0 0.5740797902095702 0.40883015269443507 0.08626475292686635 0.06225933540139543
0 0.5015240550402931 0.2624029029465366 0.050472698672140125 0.08474634059717552
0 0.7917036274453918 0.31864292322545396 0.0660795179539809 0.08271394703379294
0 0.6723456151487517 0.1629934927874075 0.08623748184962743 0.05757183540139543
0 0.7316377601553408 0.4415448276845999 0.03644656010845857 0.09001299480421991
0 0.6853627238545956 0.3416976469944519 0.0784886143631848 0.06796303218308672
0 0.5751968626146688 0.48528339205077337 0.09240566861791066 0.043946377976042325
0 0.5740990126894235 0.13706441333809685 0.08776362041330898 0.051431096045057155
0 0.8867899102300957 0.08239978460574982 0.06762383723582169 0.07969820767745457
0 0.47734375 0.0078125 0.0890625 0.015625
0 0.9027593021134269 0.29057291752547076 0.08615566861791084 0.043509335401395434
0 0.7600809227231273 0.3848906360986886 0.04735678903121965 0.08609031930985207
0 0.5800934408735 0.4490181101197882 0.08617384933607006 0.04663433540139543
0 0.6304399162802198 0.1175060301662744 0.041061337235821685 0.07784077673520517
0 0.5437388261175319 0.2547653655676697 0.048901108313060423 0.08307457995351371
0 0.6824649828315861 0.3028536682817754 0.07543633723582169 0.08024451089576327
0 0.6188933622218854 0.22295835467190656 0.08157725292686617 0.06193155347041017
0 0.8522331030485033 0.11605351876630801 0.03800906010845857 0.09012225544788173
0 0.6123979225267357 0.26558289724655343 0.08927157825883114 0.04216535668871888
0 0.572172898326239 0.19967367398175853 0.08458407825883114 0.04183757475773362
0 0.7060842900131783 0.2699647586268494 0.0473386083130606 0.08296531930985207
0 0.4625 0.2453125 0.065625 0.08125
0 0.5754797055078312 0.1682051526944351 0.08457498789975162 0.04027507475773362
0 0.7022502420049681 0.39205827991417286 0.0831033914905479 0.05579081411407198
0 0.6476900070320829 0.37400740244233355 0.08928066861791084 0.04372785668871888
0 0.7449740731906657 0.29692074253530604 0.0473295179539809 0.0814028193098519
0 0.8848274344305924 0.15125904524941153 0.03644656010845857 0.09001299480421991