0 0.49609375 0.41328125 0.0078125 0.0203125
0 0.50625 0.365625 0.0125 0.01875
0 0.5428773707634499 0.3134524159704302 0.01838936708027905 0.017887836958138337
0 0.5146759611085239 0.3379722549057348 0.018498627723940862 0.019450336958138338
0 0.5228819450169805 0.37658908593237406 0.01838936708027905 0.017887836958138337
0 0.5571805353620545 0.3985622450199031 0.018498627723940862 0.019450336958138338
0 0.5232425779367015 0.3937129189361797 0.01838936708027905 0.017887836958138337
0 0.5093550405578345 0.43634608790954044 0.018498627723940862 0.019450336958138338
0 0.5755806101197882 0.3136779090503479 0.01838936708027905 0.017887836958138337
0 0.50703125 0.4078125 0.0140625 0.01875
0 0.50703125 0.3828125 0.0140625 0.01875
0 0.5635505036831708 0.3297485780237087 0.01682686708027905 0.017824169961943782
0 0.5929866314071116 0.3098525720922097 0.01838936708027905 0.017887836958138337
0 0.5298639185338769 0.3435855849437909 0.01838936708027905 0.017887836958138337
0 0.5480347643268326 0.3288227479856526 0.01682686708027905 0.01782416996194396
0 0.6956317581226463 0.8177870888981236 0.08674588317182241 0.05962435079830275
0 0.67109375 0.7203125 0.0578125 0.08125
0 0.51875 0.7125 0.0375 0.065625
0 0.7328125 0.7078125 0.059375 0.05625
0 0.5984375 0.69453125 0.084375 0.0296875
0 0.7555966200071452 0.7623700770351255 0.059243596045057245 0.08966467787060939
0 0.9211123593634835 0.7571838754385201 0.08841764381548423 0.061250517794497125
0 0.896875 0.69140625 0.078125 0.0234375
0 0.8989752794099697 0.8063853793928526 0.0856204257464693 0.06581068380210837