0 0.3260911505238736 0.45059745929293876 0.04848105866619044 0.04768722749876275
0 0.25519949631682926 0.46089315015697013 0.050152819309851895 0.049331614653892686
0 0.3546875 0.55 0.05 0.01875
0 0.22464861884498993 0.5137791327441157 0.048481058666190256 0.04768722749876275
0 0.33369583691400473 0.5148237336031982 0.04993429802252862 0.04620661465389251
0 0.25390625 0.5421875 0.0484375 0.034375
0 0.29092918270696033 0.5265933932595652 0.048590319309851894 0.04924972749876275
0 0.29880738468443174 0.4834166033454735 0.048481058666190256 0.04768722749876275
0 0.97265625 0.2046875 0.0546875 0.059375
0 0.7105532678562542 0.1727026741285454 0.06341764381548413 0.06092421189493056
0 0.8808000658787828 0.22521459972742885 0.05851162252816078 0.057553550429541286
0 0.8751949220632985 0.1673202125722991 0.0600741225281606 0.057635437584671045
0 0.8886675601787996 0.11509597127872642 0.05829310124083733 0.05442855042954129
0 0.937837033695696 0.15036508593261894 0.05840236188449897 0.05599105042954129
0 0.7278278851886348 0.2639008842144537 0.06352690445914586 0.06248671189493056
0 0.8322968639013114 0.26626232360814706 0.058620883171822416 0.05911605042954129
0 0.8250199594421656 0.20672354929788755 0.06007412252816078 0.057635437584671045
0 0.27734375 0.56484375 0.0203125 0.0109375
0 0.35546875 0.56171875 0.0203125 0.0046875
0 0.29165044854640215 0.5908263116223594 0.020061127723940864 0.019732645861557076
0 0.38828125 0.5625 0.0203125 0.00625
0 0.33203125 0.5625 0.0203125 0.00625
0 0.33285460275344647 0.5789747648108627 0.020061127723940687 0.019732645861557076
0 0.37109375 0.56640625 0.0203125 0.0140625
0 0.374135166615417 0.5904788308442364 0.01995186708027923 0.018170145861557074
0 0.99453125 0.59140625 0.0109375 0.0265625