0 0.3875 0.5765625 0.078125 0.13125
0 0.4578125 0.61875 0.0765625 0.1265625
0 0.4328125 0.6984375 0.109375 0.109375
0 0.54375 0.5328125 0.121875 0.09375
0 0.38125 0.759375 0.084375 0.1265625
0 0.2703125 0.3265625 0.075 0.134375
0 0.3890625 0.4109375 0.0859375 0.128125
0 0.296875 0.41875 0.1046875 0.121875
0 0.475 0.371875 0.0984375 0.1203125
0 0.5078125 0.2578125 0.075 0.1328125
0 0.4921875 0.8046875 0.125 0.0875
0 0.2609375 0.559375 0.125 0.103125
0 0.6234375 0.765625 0.109375 0.1140625
0 0.4703125 0.4671875 0.1125 0.1078125
0 0.615625 0.84375 0.128125 0.06875
0 0.3234375 0.640625 0.078125 0.13125