0 0.2468792511777785 0.33508845074790533 0.0525385311027776 0.04743862133990877
0 0.15471087502324138 0.29804188940163323 0.0551167269557407 0.04122498400699968
0 0.19465236983944506 0.3063271040738148 0.059120721771944315 0.033467028007636034
0 0.17890625 0.353125 0.0578125 0.0125
0 0.221875 0.34375 0.046875 0.03125
0 0.09375 0.34296875 0.0625 0.0328125
0 0.1389300501410192 0.3353964387332697 0.058378427992499836 0.04282384667409058
0 0.17826595221453784 0.3327259720719058 0.057968324882222075 0.038136346674090583
0 0.290625 0.35546875 0.059375 0.0078125
0 0.11564837502324136 0.2975873560629971 0.05580023213953691 0.04903748400699968
0 0.7350655904800938 0.20516568809672284 0.0525385311027776 0.04743862133990877
0 0.7237973168701866 0.3160850067631774 0.0509760311027776 0.047420440006363404
0 0.65625 0.15625 0.0125 0.04375
0 0.7410818531567605 0.26154295743154093 0.0525385311027776 0.04743862133990877
0 0.6703125 0.01953125 0.040625 0.0390625
0 0.6997322661635195 0.09057592942390488 0.04914012902925915 0.044277258672817864
0 0.6808073174358344 0.16386797875554135 0.04587842799249984 0.04267839600572696
0 0.66640625 0.11640625 0.0328125 0.0453125
0 0.6671875 0.07265625 0.034375 0.0453125
0 0.678405487369816 0.2091986600890868 0.04927683006601846 0.045839758672817865
0 0.5776029879354638 0.6503509187619047 0.05273402073518518 0.03183180267345413
0 0.5999072148912046 0.6099440947644501 0.053144123845462944 0.036519302673454136
0 0.6103758231852786 0.5975531827657227 0.05300742280870363 0.034956802673454135
0 0.4918595605086118 0.5398668574156326 0.049198917624907426 0.027107940006363317
0 0.5663141734208342 0.672116830760632 0.05415981969842587 0.030287484006999675
0 0.37803363195046397 0.732489614735815 0.040038531102777594 0.04729317067154533
0 0.36410641592796383 0.6056362133990879 0.050155824882222075 0.03804544000636341
0 0.5741061325161119 0.5830543307606321 0.0410542269557407 0.04106135200509069
0 0.5781292511777785 0.5549475120941775 0.046894123845462946 0.0364465773392725
0 0.46756218953787093 0.4957895934118145 0.04988242280870363 0.03492044000636332
0 0.4312542511777785 0.5532384667409056 0.0353510311027776 0.047238626670908876
0 0.40820773044259334 0.5842521094048149 0.0369135311027776 0.04725680800445424
0 0.5642813646556488 0.5344531987587231 0.04519492280870363 0.03486589600572696
0 0.4235975760600006 0.5156111974060875 0.048046520735185186 0.03177725867281787
0 0.4093190455228708 0.41065097740290585 0.04703082488222208 0.0380090773392725
0 0.37107816880268585 0.5259487133990879 0.05232391762490742 0.027144302673454225
0 0.6058441480675008 0.5599622760979954 0.03806592799249984 0.04258748933799979
0 0.64140625 0.5296875 0.0171875 0.04375
0 0.626918065692408 0.5336179521005409 0.03507762902925915 0.04411362667090888
0 0.5539112097074084 0.6172293360916321 0.0431635311027776 0.04732953333863606
0 0.4284600247876857 0.4421555160725421 0.04845662384546294 0.036464758672817864
0 0.44080845108324207 0.8552191374124508 0.041601031102777596 0.04731135200509069
0 0.33805247238407504 0.6710248560629971 0.05572231969842587 0.03030566534054522
0 0.5936366739864821 0.520717962762541 0.044179226955740704 0.041097714672181596
0 0.3043036060314826 0.77073395472627 0.03290953628657398 0.055014764003817974
0 0.37795288539083394 0.5010032573997243 0.05218721658814811 0.025581802673454314
0 0.32457644128129737 0.7177907680617244 0.05259731969842587 0.030269302673454134
0 0.5505701791702784 0.5123963854232686 0.04906221658814811 0.025545440006363405
0 0.4419948444861116 0.4125952854073602 0.046484020735185184 0.0317590773392725
0 0.4512168537224084 0.7004952747453601 0.05029252591898139 0.039607940006363404
0 0.3820185029212048 0.7763305214035422 0.031210335249814848 0.05343408267027261
0 0.4073110288401862 0.7375225600731785 0.03419863421305536 0.051907945337363516
0 0.5018196123465746 0.4617782200827235 0.039355025918981566 0.03948067067154515
0 0.48457615786944536 0.6946270827498143 0.05117152073518518 0.03181362133990895
0 0.47711213826555604 0.4223884560789054 0.04906221658814811 0.025545440006363405
0 0.32488809104574157 0.6427180427275426 0.05158162384546294 0.03650112133990877
0 0.5205108237509265 0.4447907147517234 0.042343324882222075 0.037954533338636055
0 0.3261375242220378 0.5926816800604517 0.0473042269557407 0.041134077339272504
0 0.5084428848251861 0.6542384400859051 0.04777311866166656 0.028652258672817864
0 0.48246543666314884 0.5757316320814507 0.037050232139537086 0.04881930800445442
0 0.37514095221453775 0.5510214387332697 0.052460618661666555 0.028706802673454223
0 0.5571127050892598 0.47337024809035955 0.0489255155513888 0.023982940006363317
0 0.4990855916113895 0.4930282200827235 0.04220662384546294 0.036392033338636054
0 0.46140922582444494 0.44097482407699645 0.04818322177194432 0.03333975867281787
0 0.33199937907574195 0.8117225813971789 0.034472036286573984 0.05503294533736351
0 0.4080327817149083 0.6577623347389967 0.03548773213953691 0.04880112667090888
0 0.24561211121527887 0.7622305640515431 0.04214783524981467 0.05356135200509069
0 0.3871557707816679 0.8248771094048148 0.031210335249814668 0.05343408267027243
0 0.5330136578694454 0.6951907040897232 0.04831992280870363 0.03490225867281786
0 0.5264109262955563 0.5918838907542687 0.03093693317629622 0.05030908267027243
0 0.338343581243797 0.5067987240610881 0.0384760311027776 0.047274989337999784
0 0.5585972926481487 0.4921566107574503 0.05021461347787017 0.020876121339908772
0 0.48621798736981603 0.8010043520846324 0.0462885311027776 0.04736589600572696
0 0.6296875 0.56875 0.040625 0.0375
0 0.4752202817149083 0.6585441320814509 0.042753427992499836 0.04264203333863605
0 0.4611960294058342 0.58643277474536 0.04587842799249984 0.042678396005727134
0 0.43623569415601937 0.6393214174092693 0.04587842799249984 0.042678396005727134
0 0.5376041215828715 0.7499872920909958 0.029374433176296223 0.05029090133672724
0 0.21289664750185286 0.7071067120464524 0.038886134213055444 0.05196248933799978
0 0.47375765212000137 0.8540384454169052 0.04744092799249984 0.042696577339272325
0 0.4579725760600006 0.5160111867440873 0.04431592799249984 0.0426602146721816
0 0.24756417342083425 0.6684078387173613 0.055859020735185186 0.03186816534054522
0 0.458090153251297 0.5504225494111783 0.035214330066018464 0.04567612667090888
0 0.31729020452361195 0.62229645472627 0.050155824882222075 0.03804544000636341
0 0.2902014412812973 0.7173907787237246 0.02978453628657398 0.054978401336727246
0 0.26674340037657496 0.6279646520528157 0.05558561866166656 0.028743165340545218
0 0.5014491739864821 0.5196452640833599 0.051777113477870354 0.020894302673454223
0 0.44162724024453814 0.7207168680776328 0.050155824882222075 0.03804544000636341
0 0.384849559942964 0.6903384774029059 0.03861273213953709 0.048837489337999786
0 0.4847511065971305 0.6211168574156326 0.03080023213953691 0.04874658267027261
0 0.405339842789168 0.867319148074451 0.032636134213055536 0.05188976400381797
0 0.5569200495753714 0.7079816054264503 0.04289012902925915 0.044204533338636054
0 0.4148472926481487 0.4904839280712695 0.05089811866166656 0.028688621339908772
0 0.4197494061260191 0.4702077907383604 0.05218721658814811 0.025581802673454224
0 0.4661009770022234 0.8164111760820871 0.051991726955740704 0.04118862133990877
0 0.3712545345896304 0.5775657573997242 0.052460618661666555 0.028706802673454136
0 0.27108100292120485 0.7750396467218156 0.04486273213953691 0.048910214672181596
0 0.3752394055603713 0.6214066640674515 0.0473042269557407 0.041134077339272324
0 0.5144208998109271 0.782563434754905 0.024823634213055355 0.0517988573360908
0 0.3724643030157413 0.474349850731997 0.05076141762490742 0.02712612133990877
0 0.5246323957584265 0.4870691214194506 0.024140129029259327 0.0439863573360908
0 0.2916477811492605 0.8081248667249973 0.05185502591898139 0.03962612133990877
0 0.3361783226196307 0.7460794000636334 0.05558561866166656 0.028743165340545218
0 0.36282015212000135 0.8527475707351787 0.053144123845462944 0.036519302673454136
0 0.6023472926481487 0.49266568809672284 0.0410542269557407 0.04106135200509069
0 0.3237753589062047 0.6911919053946336 0.05402311866166656 0.028724984006999677
0 0.4454768272377791 0.8912475440801781 0.055859020735185186 0.03186816534054522
0 0.48863894128129737 0.7196998080839961 0.05103481969842587 0.03025112133990877
0 0.288599276531112 0.6641930533895428 0.03249943317629622 0.05032726400381797
0 0.5202211319504639 0.7341441160884505 0.033788531102777596 0.04722044533736351
0 0.46547200923629684 0.46604754941117826 0.047636417624907425 0.027089758672817866
0 0.5207282713473157 0.674714572087814 0.05232391762490742 0.027144302673454135
0 0.2584825495753714 0.7045089707192703 0.04757762902925915 0.044259077339272326
0 0.31236755014101925 0.5534191853914519 0.032636134213055445 0.05188976400381797
0 0.4947331163990752 0.7573088960852689 0.03236273213953691 0.048764764003817976
0 0.5382082972662972 0.6358157040897231 0.040038531102777594 0.04729317067154533
0 0.40336440556037123 0.6217339280712695 0.03718693317629622 0.05038180800445424
0 0.39197572064064873 0.4479873454009969 0.05232391762490742 0.027144302673454225
0 0.5061763387366675 0.5728793520846325 0.024413531102777598 0.0471113573360908
0 0.3432294049947234 0.772750988064906 0.05572231969842587 0.03030566534054522
0 0.4666081163990752 0.7569816320814509 0.03093693317629622 0.05030908267027243
0 0.4388740956638901 0.7879407307447237 0.035624433176296225 0.05036362667090888
0 0.40578535947185257 0.5404293840706331 0.035214330066018464 0.04567612667090888
0 0.4275073687081495 0.8284748240769965 0.052870721771944316 0.03339430267345413
0 0.4162362609797232 0.6891396040738147 0.03249943317629622 0.05032726400381797
0 0.4091865956638901 0.7875952854073602 0.03093693317629622 0.05030908267027243
0 0.42938151847259365 0.7534202800763602 0.03419863421305536 0.051907945337363516
0 0.5288127563615748 0.5465532094207233 0.030526830066018463 0.04562158267027261
0 0.43510242111176006 0.598641873408633 0.03392523213953691 0.04878294533736351
0 0.36012437907574196 0.8120498454009969 0.03277283524981467 0.05345226400381797
0 0.3360784522145378 0.5505669053946336 0.033788531102777596 0.04722044533736351
0 0.5920168024500935 0.6286213694302683 0.05144492280870363 0.03493862133990877
0 0.3614708485386121 0.7072714387332697 0.03290953628657398 0.055014764003817974
0 0.28816863251611186 0.5797271467218157 0.032636134213055536 0.05188976400381797
0 0.5098878076338897 0.6198452587523597 0.03392523213953709 0.04878294533736351
0 0.5485005397734266 0.5718077480903594 0.027538531102777597 0.0471477200031817
0 0.37080618378842684 0.6542009827339059 0.05232391762490742 0.027144302673454135
0 0.44613837445759347 0.6691543680776327 0.052870721771944316 0.03339430267345413
0 0.46002450867064903 0.6177009560789054 0.03249943317629622 0.05032726400381797
0 0.9836589153623159 0.9186100227561778 0.02039041244111104 0.018968176002545432
0 0.9870764412812972 0.8795475227561778 0.018691211404351905 0.017387494668999894
0 0.9520179360975011 0.886960033418178 0.020253711404351903 0.017405676002545434