0 0.2486334474800823 0.39299411910979193 0.05086381802583091 0.030851262917777688
0 0.6159238990502927 0.05080792553055593 0.051864028371529966 0.06522626291777786
0 0.4727649324363875 0.02714960714194472 0.07144910266556703 0.040699041603125076
0 0.708037191211876 0.10923998100138928 0.06257420783841638 0.05766833605604162
0 0.7542302296125358 0.13376850873680599 0.07131271034569905 0.0360115416031249
0 0.4536559166012699 0.20025979882131964 0.05646060015828454 0.062210365691319325
0 0.5189626678549111 0.21272473765090308 0.05949467194503928 0.059158100873680654
0 0.810037611903274 0.042817506836945005 0.06707985141192588 0.05152743882958344
0 0.6237531194251215 0.10415113107763929 0.053381064264907255 0.06370013050895836
0 0.678125 0.00859375 0.034375 0.0171875
0 0.6035195242814019 0.20843858757465314 0.034858384798020656 0.07107621941479163
0 0.5137870860390266 0.12191789969500029 0.044187920691397944 0.06973192496187508
0 0.7386674140939874 0.18500370041618108 0.05954013605166182 0.060720600873680655
0 0.7890625 0.01171875 0.04375 0.0234375
0 0.74765625 0.02109375 0.0484375 0.0421875
0 0.6735090785171792 0.0599660264042365 0.061011707838416564 0.05763196846486114
0 0.7306610343105318 0.2989570976426393 0.070022994985435 0.04535017401194459
0 0.7696111887045937 0.08878331705743107 0.06846049498543501 0.04531380642076392
0 0.4194674700456244 0.3542563145888892 0.03802884890464338 0.07271145459715278
0 0.711463719583406 0.0452138485925699 0.05797763605166182 0.060684233282500076
0 0.8068263807078925 0.2069163744281255 0.050346992478152684 0.06675239532659738
0 0.7842406753767585 0.28456859574277826 0.03793792069139794 0.06958645459715278
0 0.0125 0.86484375 0.025 0.0640625
0 0.3769450009244368 0.6993168542921531 0.07654577962517113 0.05487064437666671
0 0.33359375 0.6140625 0.0296875 0.075
0 0.3801729524946472 0.588379354292153 0.07172188730530316 0.05007404160312508
0 0.47313803932509657 0.7250091449453476 0.058295884798020656 0.07162173328249999
0 0.48605454262380193 0.4423057477188893 0.07337531551854859 0.05323540919430556
0 0.3889522220906885 0.4478634570656948 0.07185827962517113 0.054761541603125075
0 0.4282132988920081 0.4956840144363893 0.058295884798020656 0.07162173328249999
0 0.4627581319615338 0.5981193366247226 0.042807277117888634 0.07594555737069442
0 0.4938837629986308 0.49564895326597264 0.059767456584775405 0.06853310087368066
0 0.5960994808661771 0.5292992142838895 0.04754024122451135 0.07761716014423606
0 0.4710994808661771 0.5263898069894448 0.050483384798020656 0.07143989532659738
0 0.48992838572245745 0.6315864532659726 0.03811977711788863 0.07583645459715278
0 0.4337071294542513 0.575553352392292 0.041199313011266094 0.07434668977951393