0 0.409375 0.671875 0.046875 0.071875
0 0.2171875 0.65 0.053125 0.06875
0 0.4703125 0.396875 0.0484375 0.0625
0 0.425 0.375 0.0484375 0.0640625
0 0.534375 0.7421875 0.0703125 0.046875
0 0.3046875 0.6078125 0.0515625 0.0703125
0 0.5 0.6859375 0.05625 0.0625
0 0.45 0.678125 0.0453125 0.0703125
0 0.4640625 0.7328125 0.06875 0.046875
0 0.55 0.696875 0.053125 0.065625
0 0.403125 0.728125 0.06875 0.0515625
0 0.553125 0.6328125 0.059375 0.059375
0 0.3453125 0.6875 0.053125 0.071875
0 0.3375 0.6171875 0.05625 0.0640625
0 0.503125 0.3359375 0.0453125 0.0703125
0 0.496875 0.63125 0.0515625 0.065625
0 0.2828125 0.4234375 0.065625 0.0546875
0 0.25625 0.471875 0.0546875 0.06875
0 0.390625 0.4 0.0578125 0.05625
0 0.496875 0.4875 0.04375 0.0703125
0 0.515625 0.5640625 0.04375 0.06875
0 0.4703125 0.4515625 0.05 0.065625
0 0.309375 0.553125 0.0578125 0.0671875
0 0.5515625 0.49375 0.0703125 0.0515625
0 0.275 0.5375 0.0453125 0.06875
0 0.284375 0.675 0.0421875 0.071875
0 0.2453125 0.6921875 0.04375 0.0734375
0 0.35 0.41875 0.0671875 0.05
0 0.2640625 0.621875 0.0421875 0.071875
0 0.2265625 0.5875 0.0546875 0.0640625
0 0.446875 0.5015625 0.0671875 0.0515625
0 0.3765625 0.6359375 0.0625 0.0546875
0 0.5421875 0.525 0.0703125 0.0546875
0 0.390625 0.5796875 0.0515625 0.0671875
0 0.3578125 0.5578125 0.065625 0.0578125
0 0.4421875 0.2375 0.059375 0.0625
0 0.3015625 0.475 0.0296875 0.071875
0 0.51875 0.4140625 0.06875 0.04375
0 0.33125 0.478125 0.0296875 0.0703125
0 0.3984375 0.3046875 0.046875 0.0703125
0 0.234375 0.5234375 0.0453125 0.0703125
0 0.5046875 0.2796875 0.0671875 0.0515625
0 0.4421875 0.6140625 0.0671875 0.0515625
0 0.5453125 0.3796875 0.065625 0.0515625
0 0.4453125 0.571875 0.0671875 0.0453125
0 0.3984375 0.46875 0.040625 0.071875
0 0.434375 0.440625 0.028125 0.06875
0 0.3640625 0.4734375 0.0296875 0.0703125
0 0.5515625 0.4515625 0.0703125 0.04375
0 0.4515625 0.3375 0.0578125 0.0625
0 0.5515625 0.328125 0.0578125 0.065625
0 0.334375 0.3734375 0.0703125 0.0484375
0 0.3984375 0.2453125 0.05625 0.0640625
0 0.490625 0.228125 0.0625 0.0578125
0 0.4546875 0.2921875 0.0640625 0.0546875
0 0.3234375 0.68125 0.034375 0.065625
0 0.3640625 0.7015625 0.0484375 0.075