0 0.3061606537287135 0.096875 0.01940476442797028 0.01875
0 0.2417906188823232 0.0609375 0.01935020072563933 0.0171875
0 0.28559518258465405 0.059375 0.01940476442797028 0.01875
0 0.3327975647986392 0.05 0.01778770072563951 0.0171875
0 0.2248015263240518 0.1 0.01940476442797028 0.01875
0 0.22085807078908895 0.1234375 0.01940476442797028 0.01875
0 0.33526780037066894 0.06875 0.01778770072563951 0.0171875
0 0.18515867296600722 0.071875 0.01940476442797028 0.01875
0 0.23681045300307407 0.1140625 0.01940476442797028 0.01875
0 0.2993104530030741 0.1140625 0.01940476442797028 0.01875
0 0.23075886044480268 0.153125 0.01940476442797028 0.01875
0 0.30083823666833814 0.0703125 0.01778770072563951 0.0171875
0 0.3321229530030741 0.1140625 0.01940476442797028 0.01875
0 0.32965271743104446 0.0953125 0.01935020072563951 0.0171875
0 0.2587400167054049 0.1125 0.01940476442797028 0.01875
0 0.20034716334736036 0.084375 0.01940476442797028 0.01875
0 0.2757638255984124 0.1171875 0.01940476442797028 0.01875
0 0.3193154181566838 0.078125 0.01935020072563951 0.0171875
0 0.2695336729660072 0.071875 0.01940476442797028 0.01875
0 0.21344736407299977 0.0671875 0.01940476442797028 0.01875
0 0.2452231537287135 0.096875 0.01940476442797028 0.01875
0 0.22701879075202208 0.08125 0.01940476442797028 0.01875
0 0.19836800109630834 0.0515625 0.017842264427970277 0.01875
0 0.2672072811333752 0.09375 0.01940476442797028 0.01875
0 0.2734374337657804 0.1390625 0.01940476442797028 0.01875
0 0.17682038331029348 0.0421875 0.01940476442797028 0.01875
0 0.31460807078908903 0.1234375 0.01935020072563951 0.0171875
0 0.3137350515517953 0.1484375 0.01935020072563951 0.0171875
0 0.40078125 0.3546875 0.0421875 0.06875
0 0.6039235419331485 0.4140625 0.07978175843752063 0.0921875
0 0.22597710200728222 0.915625 0.06635417549789598 0.065625
0 0.1859375 0.984375 0.065625 0.03125
0 0.27001976788653137 0.8625 0.0630654843909035 0.0609375
0 0.06433027387698109 0.9359375 0.06624504809323425 0.0625
0 0.3151189914776615 0.734375 0.06635417549789598 0.065625
0 0.7226834324998361 0.759375 0.025873019237293703 0.025
0 0.6353669709744234 0.709375 0.025873019237293703 0.025
0 0.7325842221555497 0.7890625 0.025927582939624473 0.0265625
0 0.4683630094490108 0.659375 0.025873019237293703 0.025
0 0.6709225250581075 0.7203125 0.025873019237293703 0.025
0 0.6028818531884086 0.7 0.025873019237293703 0.025
0 0.41151280872337137 0.6765625 0.025873019237293703 0.025
0 0.4435812642583342 0.653125 0.025873019237293703 0.025
0 0.554404658453219 0.790625 0.025927582939624473 0.0265625
0 0.5270435502858509 0.76875 0.025873019237293703 0.025
0 0.5205604265093863 0.6859375 0.024310519237293705 0.025
0 0.49178066208141596 0.7046875 0.025873019237293703 0.025
0 0.5471229265093862 0.6859375 0.02581845553496276 0.0234375
0 0.5685068531884085 0.7 0.024255955534962757 0.0234375
0 0.4142161680718658 0.778125 0.02592758293962456 0.0265625
0 0.5031695406672041 0.78125 0.02749008293962456 0.0265625
0 0.6943401776905127 0.765625 0.025873019237293703 0.025
0 0.676244942118483 0.746875 0.025873019237293703 0.025
0 0.47339276063013713 0.7390625 0.025873019237293703 0.025
0 0.5287350250581074 0.7203125 0.024310519237293705 0.025
0 0.468725107997732 0.69375 0.025873019237293703 0.025
0 0.643467158453219 0.790625 0.025927582939624473 0.0265625
0 0.6718104132625424 0.784375 0.025927582939624473 0.0265625
0 0.4425048591788583 0.7734375 0.025873019237293703 0.025
0 0.44060010799773197 0.69375 0.025873019237293703 0.025
0 0.584766770248784 0.7265625 0.025873019237293703 0.025
0 0.48501974139284343 0.7640625 0.025873019237293703 0.025
0 0.5076040695231446 0.74375 0.025873019237293703 0.025
0 0.6390177606301372 0.7390625 0.025873019237293703 0.025
0 0.44743046135577663 0.721875 0.02592758293962456 0.0265625
0 0.46399791326254236 0.784375 0.025873019237293703 0.025
0 0.553516770248784 0.7265625 0.024310519237293705 0.025
0 0.6538788687975052 0.7609375 0.025873019237293703 0.025
0 0.432440378416152 0.7484375 0.027435519237293704 0.025
0 0.4147816524627691 0.7171875 0.02592758293962456 0.0265625
0 0.5711754962021669 0.7578125 0.025873019237293703 0.025
0 0.612509824332468 0.7375 0.025873019237293703 0.025
0 0.5810762858578806 0.7875 0.025873019237293703 0.025
0 0.6256993050951744 0.7625 0.025873019237293703 0.025
0 0.5975743050951744 0.7625 0.025873019237293703 0.025
0 0.40760406952314465 0.74375 0.025873019237293703 0.025
0 0.6108183495602115 0.7859375 0.024310519237293705 0.025
0 0.58896817532826 0.60625 0.025873019237293703 0.025