0 0.6171875 0.746875 0.025 0.025
0 0.58125 0.7703125 0.025 0.025
0 0.6265625 0.71875 0.0234375 0.025
0 0.746875 0.7640625 0.025 0.025
0 0.74375 0.7375 0.025 0.025
0 0.7421875 0.79375 0.0234375 0.025
0 0.5953125 0.809375 0.0234375 0.025
0 0.54375 0.8109375 0.0234375 0.025
0 0.65 0.70625 0.0234375 0.025
0 0.6265625 0.78125 0.0234375 0.025
0 0.659375 0.75 0.025 0.025
0 0.625 0.8078125 0.0234375 0.025
0 0.7421875 0.7125 0.025 0.025
0 0.696875 0.784375 0.0234375 0.025
0 0.6734375 0.8 0.0234375 0.025
0 0.70625 0.7046875 0.025 0.025
0 0.56875 0.809375 0.0234375 0.025
0 0.675 0.76875 0.025 0.025
0 0.675 0.728125 0.025 0.025
0 0.7234375 0.753125 0.0234375 0.025
0 0.6984375 0.7390625 0.0234375 0.025
0 0.715625 0.8 0.025 0.025
0 0.6484375 0.803125 0.0234375 0.025
0 0.7203125 0.728125 0.0234375 0.025
0 0.65 0.775 0.025 0.025