0 0.159375 0.39140625 0.078125 0.0171875
0 0.20703125 0.36953125 0.0796875 0.0609375
0 0.27109375 0.3890625 0.0765625 0.021875
0 0.8589572510489072 0.13734297838861523 0.036979781743586494 0.03637711575678075
0 0.8126024693053207 0.1004198310618035 0.03529888257342364 0.03472361049510884
0 0.7302654112167323 0.2045165258848362 0.03541728174358667 0.03628611049510884
0 0.8639281709649946 0.10029800469697445 0.035298882573423465 0.03472361049510866
0 0.892977053538418 0.13465759414539588 0.035298882573423465 0.03472361049510884
0 0.9267134361118415 0.16929019937883288 0.03529888257342364 0.03472361049510884
0 0.8378141116270065 0.022552436295240418 0.03529888257342364 0.03472361049510884
0 0.8008594859020601 0.06862379949177236 0.03518048340326043 0.033161110495108836
0 0.7996773394311896 0.15566877318341313 0.038542281743586496 0.036468121018452496
0 0.7198229734545055 0.0872380206231644 0.035298882573423465 0.03472361049510884