0 0.746875 0.290625 0.0453125 0.0453125
0 0.9390625 0.2890625 0.0484375 0.046875
0 0.9125 0.5625 0.0484375 0.04375
0 0.83125 0.3546875 0.046875 0.0453125
0 0.846875 0.6265625 0.0484375 0.0453125
0 0.9140625 0.6734375 0.05 0.046875
0 0.20625 0.3171875 0.046875 0.0453125
0 0.9109375 0.4328125 0.0484375 0.0453125
0 0.91875 0.5 0.0484375 0.0453125
0 0.8984375 0.63125 0.0484375 0.046875
0 0.8671875 0.3859375 0.0453125 0.04375
0 0.88125 0.3125 0.0453125 0.0453125
0 0.88125 0.465625 0.046875 0.0453125
0 0.8375 0.30625 0.046875 0.0453125
0 0.7828125 0.325 0.046875 0.0453125
0 0.8546875 0.2453125 0.046875 0.046875
0 0.91875 0.3609375 0.05 0.046875
0 0.85625 0.8015625 0.0484375 0.05
0 0.53125 0.515625 0.0453125 0.04375
0 0.86875 0.6859375 0.05 0.0484375
0 0.8109375 0.2625 0.046875 0.0453125
0 0.9046875 0.2625 0.046875 0.04375
0 0.840625 0.446875 0.046875 0.04375