0 0.4796875 0.6734375 0.0640625 0.0453125
0 0.40625 0.4484375 0.05 0.0609375
0 0.653125 0.68125 0.065625 0.0421875
0 0.690625 0.5265625 0.0453125 0.0640625
0 0.5875 0.6 0.0515625 0.0578125
0 0.5359375 0.7375 0.0609375 0.0484375
0 0.640625 0.625 0.0375 0.0671875
0 0.5515625 0.490625 0.0375 0.0640625
0 0.3984375 0.66875 0.0671875 0.04375
0 0.328125 0.60625 0.0484375 0.0625
0 0.6609375 0.1984375 0.0390625 0.0703125
0 0.571875 0.7 0.05 0.0625
0 0.39375 0.63125 0.06875 0.0296875
0 0.6171875 0.2328125 0.065625 0.0453125
0 0.33125 0.5453125 0.0640625 0.046875
0 0.4578125 0.64375 0.065625 0.0390625
0 0.6453125 0.5203125 0.0390625 0.0640625
0 0.44375 0.51875 0.040625 0.0609375
0 0.6875 0.4203125 0.04375 0.0625
0 0.5484375 0.4125 0.053125 0.059375
0 0.2390625 0.5953125 0.065625 0.05
0 0.415625 0.703125 0.06875 0.0421875
0 0.6234375 0.4546875 0.0515625 0.0609375
0 0.3140625 0.709375 0.0484375 0.0640625
0 0.6921875 0.825 0.059375 0.059375
0 0.68125 0.475 0.06875 0.040625
0 0.4171875 0.796875 0.059375 0.053125
0 0.5859375 0.809375 0.0640625 0.0578125
0 0.28125 0.503125 0.0703125 0.0390625
0 0.484375 0.76875 0.0453125 0.065625
0 0.6390625 0.33125 0.0421875 0.0671875
0 0.6921875 0.5859375 0.0609375 0.0453125
0 0.6234375 0.565625 0.0640625 0.040625
0 0.271875 0.653125 0.04375 0.0640625
0 0.6921875 0.625 0.065625 0.0265625
0 0.5984375 0.421875 0.0546875 0.0578125
0 0.225 0.5359375 0.0515625 0.0609375
0 0.4765625 0.5921875 0.040625 0.0609375
0 0.66875 0.7265625 0.0625 0.0578125
0 0.5859375 0.8640625 0.071875 0.0328125
0 0.58125 0.30625 0.0578125 0.053125
0 0.4921875 0.45 0.0390625 0.0640625
0 0.4109375 0.546875 0.0484375 0.059375
0 0.559375 0.54375 0.0640625 0.0390625
0 0.2703125 0.5625 0.0578125 0.0546875
0 0.3640625 0.4921875 0.040625 0.0625
0 0.5265625 0.609375 0.05625 0.05625
0 0.3484375 0.7421875 0.034375 0.06875
0 0.490625 0.7109375 0.059375 0.0484375
0 0.6 0.5015625 0.053125 0.053125
0 0.590625 0.6609375 0.059375 0.0515625
0 0.328125 0.665625 0.0609375 0.05
0 0.4875 0.5375 0.046875 0.0578125
0 0.45625 0.8546875 0.04375 0.06875
0 0.228125 0.4609375 0.0546875 0.059375
0 0.434375 0.334375 0.0640625 0.0421875
0 0.2328125 0.2125 0.0640625 0.059375