0 0.13828125 0.0234375 0.0421875 0.046875
0 0.15516493285070623 0.1451841832079957 0.030417011862998056 0.05755994292790554
0 0.091057306386422 0.3324615512811263 0.04291701186299805 0.058142139784752266
0 0.3007374180219585 0.08178527088305225 0.04129084486680377 0.0565068651776464
0 0.10861358501815302 0.07439649420903179 0.05497134288963732 0.047786836641599176
0 0.34024558699531937 0.09454213606069857 0.0289818458553869 0.0606121683207995
0 0.2859375 0.015625 0.034375 0.03125
0 0.06872341406762592 0.05226462903138529 0.05433467292769345 0.032161836641599176
0 0.3168027698088446 0.16986746773989908 0.05908583992388792 0.03394266046291676
0 0.3113910751323212 0.03705496773989907 0.0519100098858317 0.049203787427387444
0 0.26607857513232125 0.03494450413382921 0.05047484387822054 0.05225601282028158
0 0.23452878068325944 0.2175001389561828 0.058032675893442943 0.04636988585581072
0 0.10997444965662018 0.22261567038771418 0.045978344866803765 0.05672518899896399
0 0.2650545860067362 0.08636145491961748 0.04891234387822054 0.05218323821317572
0 0.3479652450942652 0.05435378370333375 0.05739600593149898 0.0307448858558109
0 0.22831858996106885 0.10336486434907695 0.05914950692008221 0.03550516046291676
0 0.3407204308735398 0.1444693614535928 0.05739600593149916 0.0307448858558109
0 0.30879395163378653 0.24123304549015803 0.04891234387822045 0.05218323821317572
0 0.2947075939154016 0.12517139784752293 0.05634284190105419 0.043172111248705035
0 0.1564674476794538 0.21542390860088992 0.04435217787060939 0.05508991439185813
0 0.2407840978697343 0.1413742865988179 0.060521005931498985 0.030890435070022627
0 0.20078125 0.01015625 0.0546875 0.0203125
0 0.37265625 0.20859375 0.0140625 0.0515625
0 0.37109375 0.26875 0.0171875 0.05625
0 0.4544301038012334 0.4645549214211714 0.12987318380210838 0.08714474317557439
0 0.65859375 0.57421875 0.1171875 0.0890625
0 0.7964266028126501 0.4758050603773542 0.1035945266917457 0.13114730024766902
0 0.8133939269192071 0.43292835566262455 0.09383752471457925 0.12133565260503403
0 0.5153622866147585 0.5438100818840882 0.10640119171077381 0.12348034946188058
0 0.6639032628887623 0.43844199338046225 0.08302735870696817 0.1239512303552928
0 0.56484375 0.6046875 0.0796875 0.028125
0 0.7354546107213156 0.5103940760931199 0.07215352570316255 0.12500430810555194
0 0.7000609387822052 0.48379303473679103 0.07221719269935693 0.12656680810555193
0 0.100432306386422 0.940993412734719 0.06428267589344294 0.046660984284234173
0 0.02578125 0.79765625 0.0515625 0.0421875
0 0.14097509885831744 0.7494994255550006 0.0703416749048598 0.04226458271265763
0 0.04230678859192487 0.8540713014860142 0.050793178859192524 0.06006851282028158
0 0.0171875 0.74609375 0.034375 0.0671875
0 0.021875 0.94609375 0.04375 0.0640625
0 0.14457494273653798 0.7995722001621066 0.046296679847775656 0.06453768899896399
0 0.09039146151961823 0.8859420396991897 0.041736513840164594 0.0674443651776464
0 0.10200544075937161 0.7882322857702484 0.04011034684397004 0.06580909057054071
0 0.1422431215957305 0.8571663763407891 0.06728034190105418 0.04368153349844608
0 0.02109375 0.66953125 0.0421875 0.0578125
0 0.0078125 0.975 0.015625 0.05
0 0.0770982826604258 0.8276201174494489 0.061094008897248565 0.044952935070022446
0 0.0078125 0.8546875 0.015625 0.05625
0 0.1125 0.97890625 0.06875 0.0421875
0 0.06355575300293062 0.6866312444139195 0.05685217787060921 0.05567211124870504
0 0.14058246250820144 0.8929583271265773 0.0667073389353046 0.02961903349844608
0 0.060425435816455764 0.7629026459854961 0.053854511862998146 0.05865156203449331
0 0.0868314269192072 0.7220250889134016 0.05541701186299815 0.05872433664159917
0 0.039974967451117394 0.9116654776646964 0.05678851087441501 0.05410961124870504
0 0.1498115879839025 0.6984463478047417 0.046360346843970036 0.066100188998964
0 0.1078125 0.63046875 0.046875 0.0234375
0 0.5889907876033417 0.9721876389561828 0.021076503954332713 0.019696069892376045
0 0.6902986196185641 0.9706679884180636 0.019514003954332716 0.01962329528527036
0 0.7578125 0.99453125 0.01875 0.0109375
0 0.7390625 0.9953125 0.015625 0.009375