0 0.15857543415224712 0.30171580888930594 0.048966348904643374 0.07296602773541672
0 0.2265625 0.0296875 0.05 0.059375
0 0.18203125 0.01875 0.0515625 0.0375
0 0.28152954935422647 0.37493771618375044 0.07167642319868044 0.048511541603125076
0 0.05575196252377705 0.23521668028020856 0.05360838479802066 0.07151263050895836
0 0.24879125719264295 0.31788762917777813 0.05806856426490725 0.06380923328249999
0 0.19901857772575635 0.30891136626000043 0.04735838479802048 0.07136716014423605
0 0.2114898339939625 0.3639261745806254 0.07011392319868044 0.04847517401194459
0 0.29847300844628427 0.329988892095556 0.05503449247815269 0.06686149810013901
0 0.15068872631383062 0.3578203385245837 0.0702503155185485 0.05316267401194459
0 0.3034620368178141 0.26599912727791714 0.061102636051661816 0.06075696846486114
0 0.09405829308602032 0.3158497376509031 0.05521634890464337 0.07311149810013902
0 0.08829167788404098 0.24535539969500028 0.05811402837152997 0.06537173328249998
0 0.2472575009244368 0.26312739399541707 0.05347199247815269 0.06682513050895836
0 0.03924172710525342 0.05033253400368078 0.06721624373179384 0.056214938829583436
0 0.01953125 0.09765625 0.0390625 0.0703125
0 0.14773618870459365 0.029404397795139214 0.05944920783841656 0.05759560087368065
0 0.2514401987337235 0.11937739399541707 0.04579588479802066 0.07133079255305556
0 0.2679624575092121 0.19637630508958379 0.04575042069139794 0.06976829255305557
0 0.22592337318604513 0.08282164494534765 0.051909492478152686 0.06678876291777769
0 0.062030706255570854 0.1806382830537503 0.059767456584775225 0.06853310087368066
0 0.30594584230723276 0.12690025968673657 0.07181281551854841 0.05319904160312507
0 0.02811034732179767 0.164213196047778 0.04731292069139794 0.06980466014423606
0 0.033484505939001784 0.30193140159486137 0.04427884890464338 0.07285692496187508
0 0.0078125 0.3171875 0.015625 0.075
0 0.10656561942512148 0.04720884042444471 0.06864235141192587 0.05156380642076393
0 0.01796875 0.24765625 0.0359375 0.0734375
0 0.20103102177411936 0.1322761310776393 0.06868781551854841 0.05312630642076392
0 0.12680860860456877 0.26501458947451423 0.06409124373179384 0.05614220364722229
0 0.2956615601747791 0.15793205413965322 0.07190374373179384 0.056324041603125076
0 0.1425078164429853 0.2090918977951392 0.053517456584775226 0.06838763050895835
0 0.11033181393570284 0.1864531783803475 0.06730717194503918 0.05933993882958326
0 0.05649141158670492 0.1023314450978475 0.03177884890464337 0.07256598423243048
0 0.27545201174498946 0.04644904027194485 0.070022994985435 0.04535017401194459
0 0.08608798337345958 0.10614742933027799 0.03173338479802066 0.07100348423243048
0 0.00546875 0.1484375 0.0109375 0.071875
0 0.1930701060972863 0.24466702830409756 0.06868781551854841 0.05312630642076392
0 0.30234375 0.01953125 0.0671875 0.0390625
0 0.1974226369760987 0.20255226348645872 0.06850595909205773 0.04687630642076392
0 0.15354826801319565 0.098336235751042 0.042716348904643285 0.07282055737069441
0 0.19030412193240398 0.07104769034819478 0.03012542069139812 0.06940461664125
0 0.11903687569332763 0.1022236487450698 0.03173338479802066 0.07100348423243048
0 0.30717337318604515 0.08471275968673657 0.07158549498543501 0.04538654160312507
0 0.09140625 0.01328125 0.0703125 0.0265625
0 0.07236514951251101 0.3090905913743753 0.036284492478152686 0.0664250870059723
0 0.11239911612641618 0.3303486487450698 0.05061977711788872 0.07612739532659737
0 0.556603757192643 0.35058841356270865 0.04502299498543509 0.04476829255305557
0 0.4883371419906636 0.27863937195958355 0.04502299498543509 0.04476829255305557
0 0.5621216344688162 0.21468728115388913 0.04336956677218975 0.04160692496187508
0 0.6035817087628533 0.2406692061157642 0.04341503087881247 0.04316942496187508
0 0.5088482187919832 0.32602351823611136 0.04502299498543509 0.04476829255305557
0 0.5515191035900038 0.2566565756068059 0.04341503087881238 0.04316942496187508
0 0.5614443698873399 0.39917138392743085 0.04506845909205772 0.04633079255305557
0 0.515990780549608 0.2417576210096531 0.04180706677218975 0.041570557370694414
0 0.48002923383567797 0.4566916367772226 0.04667642319868044 0.047929660144236406
0 0.5301849758516122 0.07635082655673635 0.04180706677218975 0.041570557370694414
0 0.5363607680131957 0.13278266451263915 0.04341503087881238 0.04316942496187508
0 0.4775694750601893 0.3800200340036808 0.04663095909205772 0.04636716014423605
0 0.5353986954350182 0.4345270024685419 0.04511392319868044 0.047893292553055744
0 0.4127628289793976 0.3503675951740973 0.04658549498543505 0.04480466014423605
0 0.6372292830568904 0.2664692931217365 0.04346049498543501 0.04473192496187508
0 0.49194552678868425 0.20836323955076413 0.04180706677218975 0.041570557370694414
0 0.8962740109535666 0.3913290484400701 0.04663095909205772 0.04636716014423605
0 0.6051609291376823 0.29386694129812535 0.04341503087881238 0.04316942496187508
0 0.6448766470052286 0.32606249866881976 0.04502299498543501 0.04476829255305574
0 0.5284285960681565 0.19044969414791693 0.04341503087881238 0.04316942496187508
0 0.6289119808661772 0.12242835239229208 0.04341503087881229 0.04316942496187508
0 0.4562066035900038 0.25443815254479185 0.04502299498543501 0.04476829255305557
0 0.638143262207208 0.39626589589527816 0.04506845909205772 0.04633079255305557
0 0.5999780209826965 0.4719919412981254 0.04511392319868044 0.04789329255305539
0 0.7821111887045935 0.06970600873680599 0.04341503087881229 0.04316942496187508
0 0.7330465852476038 0.41254681895729206 0.04346049498543501 0.04473192496187508
0 0.6959557622072079 0.3976114967689588 0.04346049498543501 0.04473192496187508
0 0.77734375 0.0125 0.0453125 0.025
0 0.7127173648727749 0.3589126726807644 0.04346049498543501 0.04473192496187508
0 0.8069340292959668 0.23758449296923664 0.04341503087881229 0.04316942496187508
0 0.6543833423072327 0.1605466014423615 0.04497753087881247 0.043205792553055566
0 0.5953125 0.00859375 0.04375 0.0171875
0 0.8264689424655174 0.10357316888104222 0.04341503087881229 0.04316942496187508
0 0.6206735835317441 0.08314764684520863 0.041761602665567034 0.04000805737069442
0 0.8619230576674968 0.17475849106937558 0.04497753087881229 0.043205792553055566
0 0.4782132988920081 0.089213196047778 0.04502299498543501 0.04476829255305557
0 0.9102743264721151 0.3400574891695145 0.048193459092057724 0.046403527735416714
0 0.6250715785171792 0.039470382027569785 0.04341503087881247 0.04316942496187508
0 0.7809003782006101 0.16505487632798665 0.04341503087881229 0.04316942496187508
0 0.8233151987337235 0.15822430128986165 0.04346049498543501 0.04473192496187508
0 0.672087667854911 0.19692051253652815 0.04497753087881229 0.04320579255305575
0 0.8477576060972863 0.2854414179311117 0.04654003087881246 0.043242160144236055
0 0.7025193139357029 0.22577286436013927 0.04341503087881229 0.04316942496187508
0 0.9009280702039091 0.28511541603125057 0.04663095909205772 0.04636716014423605
0 0.7240520184754141 0.4529899810013894 0.04502299498543501 0.04476829255305557
0 0.665404444181377 0.42660801253652814 0.04346049498543501 0.04473192496187508
0 0.7464966344688163 0.21897865691319485 0.04341503087881229 0.04316942496187508
0 0.7544956879131709 0.37395709764263935 0.04502299498543501 0.04476829255305557
0 0.6274043390085275 0.44292269034819476 0.04506845909205772 0.04633079255305557
0 0.7839631937191586 0.11352874391916715 0.04502299498543501 0.04476829255305557
0 0.7103699517032244 0.4933240402719449 0.04506845909205772 0.04633079255305574
0 0.7411224758516122 0.08126045136611157 0.04346049498543501 0.04473192496187508
0 0.8473317087628534 0.24634255033993108 0.04180706677218975 0.041570557370694414
0 0.7490018573509276 0.29408775968673656 0.04336956677218975 0.04160692496187508
0 0.67676784151581 0.4659614532659727 0.04506845909205772 0.04633079255305574
0 0.8236501678549111 0.20044816888104222 0.04502299498543501 0.04476829255305574
0 0.7328125 0.01796875 0.04375 0.0359375
0 0.7390311269469688 0.15313545136611156 0.04180706677218957 0.041570557370694414
0 0.7046681503039338 0.04445012917777817 0.04341503087881229 0.043169424961874994
0 0.764155495909872 0.2569150680073616 0.04341503087881229 0.04316942496187508
0 0.7030314424655174 0.10070012917777812 0.04341503087881229 0.04316942496187508
0 0.4064506444979461 0.6556382830537503 0.01929556927947216 0.019186411094166543
0 0.4886099266303997 0.6262793977951392 0.01929556927947216 0.019186411094166723
0 0.48801889324430486 0.6465918977951393 0.01925010517284953 0.017623911094166722
0 0.4251384600164946 0.6044758265567364 0.01925010517284953 0.017623911094166545
0 0.4107122471635131 0.6166485182361113 0.01925010517284953 0.017623911094166722