0 0.25625 0.07087564937065567 0.0328125 0.033736382573423464
0 0.1609375 0.05934799875060017 0.0328125 0.035298882573423465
0 0.2734375 0.09613575849886243 0.0328125 0.035298882573423465
0 0.16875 0.10406850289978502 0.0328125 0.035298882573423465
0 0.19375 0.04436161617717662 0.0328125 0.03373638257342364
0 0.2203125 0.05797383028440528 0.0328125 0.03529888257342364
0 0.16328125 0.009375 0.0328125 0.01875
0 0.23125 0.025895036093264066 0.0328125 0.035298882573423465
0 0.20546875 0.01328125 0.0328125 0.0265625
0 0.24375 0.0046875 0.03125 0.009375
0 0.7328125 0.24269849210261557 0.05625 0.08551237012586874
0 0.759375 0.32193570620984413 0.0640625 0.08610436597668407
0 0.7890625 0.4103111219767467 0.0640625 0.08922936597668389
0 0.653125 0.2127993497809298 0.078125 0.07466995850815117
0 0.859375 0.38467065931941063 0.078125 0.07154495850815117
0 0.8328125 0.16012094521218198 0.0625 0.08129846680652086
0 0.89375 0.25550337757582414 0.06875 0.08020956348717298
0 0.6953125 0.16116507218652815 0.0828125 0.06096265601864026
0 0.7875 0.1510545211469097 0.0578125 0.08406826929603195
0 0.8921875 0.3181217767459871 0.08125 0.06709425684847722
0 0.815625 0.2832983360839753 0.071875 0.08044636182749905
0 0.665625 0.2899771564196255 0.075 0.07912066016782511
0 0.7578125 0.5611166053800071 0.084375 0.07670605518880329
0 0.7375 0.4689057945921265 0.084375 0.07358105518880328
0 0.6734375 0.3878226605688105 0.0859375 0.06432445435896632
0 0.5671875 0.3546875 0.075 0.078125
0 0.8953125 0.4194474784056611 0.0609375 0.08899256763635784
0 0.56953125 0.2546875 0.0796875 0.0625
0 0.95078125 0.5765625 0.0578125 0.084375
0 0.878125 0.5613748692774543 0.084375 0.0704560551888033
0 0.8203125 0.48919313857348623 0.084375 0.0704560551888033
0 0.1546875 0.7915145004009854 0.0421875 0.04538427759440165
0 0.196875 0.7680052228065837 0.04375 0.047065176764564495
0 0.1359375 0.7554352904429417 0.0421875 0.04694677759440165
0 0.2125 0.7293212311049534 0.04375 0.047065176764564676
0 0.090625 0.9369938663776693 0.0421875 0.04694677759440165
0 0.0078125 0.7921875 0.015625 0.046875
0 0.0921875 0.7665629672075063 0.04375 0.045502676764564674
0 0.140625 0.8300800929324526 0.0421875 0.043821777594401645
0 0.2375 0.772739344382345 0.040625 0.04526587842423861
0 0.1296875 0.9496588871235936 0.04375 0.047065176764564676
0 0.028125 0.8151673331841902 0.04375 0.047065176764564676
0 0.0328125 0.9429371356737011 0.04375 0.05019017676456468
0 0.1703125 0.6981430086993551 0.0421875 0.04694677759440165
0 0.290625 0.9124637725968021 0.0484375 0.05054537427505377
0 0.128125 0.62890625 0.04375 0.0203125
0 0.240625 0.8131275460420191 0.0453125 0.04562107593472771
0 0.10625 0.8983098746760391 0.04375 0.04862767676456468
0 0.2109375 0.6872521302751164 0.04375 0.047065176764564676
0 0.009375 0.8453125 0.01875 0.046875
0 0.1703125 0.646580508699355 0.04375 0.04862767676456468
0 0.0375 0.872269438163212 0.04375 0.04862767676456468
0 0.1265625 0.6920831854639198 0.0421875 0.04538427759440165
0 0.1203125 0.98359375 0.04375 0.0328125
0 0.07265625 0.9921875 0.0421875 0.015625
0 0.059375 0.7409243497809298 0.04375 0.047065176764564676
0 0.0890625 0.6433622655478323 0.04375 0.047065176764564676
0 0.0421875 0.704726740652723 0.0453125 0.04562107593472771
0 0.1484375 0.9076130970816374 0.04375 0.04862767676456468
0 0.02265625 0.9828125 0.0421875 0.034375
0 0.01875 0.66953125 0.0375 0.0453125
0 0.2125 0.63671875 0.04375 0.0359375
0 0.01328125 0.6359375 0.0265625 0.034375
0 0.0625 0.9703750514406038 0.0421875 0.04850927759440164
0 0.2921875 0.8060953734266392 0.046875 0.04886447510489074
0 0.25 0.6999171510210409 0.0453125 0.0471835759347277
0 0.3046875 0.8598356800653351 0.05 0.05222627344521662