0 0.5109375 0.471875 0.0515625 0.03125
0 0.5296875 0.378125 0.0515625 0.03125
0 0.44375 0.471875 0.0515625 0.03125
0 0.55 0.5375 0.0515625 0.03125
0 0.515625 0.6703125 0.0546875 0.034375
0 0.4921875 0.5046875 0.046875 0.0421875
0 0.575 0.353125 0.034375 0.0484375
0 0.3765625 0.5625 0.053125 0.034375
0 0.365625 0.528125 0.0390625 0.05
0 0.4015625 0.51875 0.025 0.0515625
0 0.5578125 0.3296875 0.0390625 0.0453125
0 0.375 0.4671875 0.046875 0.0421875
0 0.4359375 0.43125 0.046875 0.0375
0 0.6375 0.40625 0.0359375 0.0484375
0 0.5125 0.3125 0.046875 0.0359375
0 0.4625 0.55 0.0296875 0.053125
0 0.4015625 0.396875 0.03125 0.05
0 0.63125 0.45 0.0484375 0.0421875
0 0.3671875 0.615625 0.046875 0.04375
0 0.3203125 0.365625 0.0390625 0.05
0 0.6296875 0.3265625 0.0484375 0.034375
0 0.390625 0.275 0.0390625 0.046875
0 0.4359375 0.3296875 0.0375 0.0453125
0 0.4359375 0.25625 0.0421875 0.04375
0 0.6453125 0.2671875 0.0359375 0.046875
0 0.55 0.4640625 0.0296875 0.05
0 0.46875 0.821875 0.0296875 0.0609375
0 0.5859375 0.6375 0.046875 0.040625
0 0.6265625 0.7171875 0.0515625 0.04375
0 0.2984375 0.1734375 0.0484375 0.0421875