0 0.73125 0.3046875 0.0328125 0.0296875
0 0.7328125 0.3828125 0.0328125 0.03125
0 0.690625 0.284375 0.0296875 0.0296875
0 0.753125 0.3375 0.0328125 0.03125
0 0.7109375 0.35625 0.0328125 0.03125
0 0.5875 0.29375 0.0296875 0.0296875
0 0.69375 0.4015625 0.0328125 0.03125
0 0.5609375 0.4171875 0.03125 0.03125
0 0.5890625 0.328125 0.0296875 0.0296875
0 0.625 0.3375 0.03125 0.03125
0 0.746875 0.6109375 0.0359375 0.034375
0 0.7234375 0.275 0.03125 0.0296875
0 0.4609375 0.4171875 0.03125 0.03125
0 0.5203125 0.41875 0.03125 0.03125
0 0.8890625 0.35625 0.0359375 0.03125
0 0.6984375 0.315625 0.03125 0.03125
0 0.753125 0.409375 0.034375 0.03125
0 0.878125 0.325 0.034375 0.03125
0 0.56875 0.465625 0.0328125 0.0328125
0 0.659375 0.28125 0.0296875 0.03125
0 0.409375 0.5015625 0.03125 0.03125
0 0.403125 0.5765625 0.0328125 0.0328125
0 0.778125 0.2734375 0.0328125 0.03125
0 0.54375 0.31875 0.0296875 0.0296875
0 0.2296875 0.378125 0.03125 0.0296875
0 0.9125 0.6234375 0.0390625 0.0359375
0 0.365625 0.3453125 0.0296875 0.0296875
0 0.6609375 0.325 0.03125 0.03125