0 0.6515625 0.3859375 0.028125 0.028125
0 0.6546875 0.3578125 0.028125 0.028125
0 0.70625 0.403125 0.028125 0.028125
0 0.6515625 0.41875 0.0296875 0.0296875
0 0.753125 0.3515625 0.028125 0.028125
0 0.7234375 0.35 0.0296875 0.028125
0 0.690625 0.3625 0.0296875 0.028125
0 0.7546875 0.3875 0.0296875 0.028125
0 0.778125 0.36875 0.0296875 0.028125
0 0.6796875 0.428125 0.028125 0.028125
0 0.6765625 0.4 0.028125 0.028125
0 0.734375 0.4078125 0.028125 0.028125
0 0.621875 0.3875 0.0296875 0.028125
0 0.7828125 0.3984375 0.0296875 0.0296875
0 0.809375 0.365625 0.028125 0.0265625
0 0.6890625 0.4546875 0.0296875 0.0296875
0 0.7953125 0.340625 0.028125 0.0265625
0 0.721875 0.378125 0.0296875 0.028125
0 0.709375 0.4296875 0.0296875 0.028125
0 0.7578125 0.425 0.03125 0.0296875