0 0.3582706881703944 0.08466067917753865 0.06475601282028158 0.0528079257464694
0 0.48677679362813125 0.3531378915465703 0.05745293507002262 0.0631991225281606
0 0.4872304420993359 0.059967045753614646 0.05865156203449331 0.05549588317182241
0 0.31009866955914467 0.2620315623493611 0.034306533498446076 0.06781021287323466
0 0.2597048713783902 0.3580431848775219 0.04978598428423435 0.06577781930985208
0 0.472012164596746 0.17076243412121722 0.048223484284234175 0.06566855866619026
0 0.577072153843379 0.30606651357052794 0.05574488585581072 0.05996486188449897
0 0.5253169470617346 0.13725081159305647 0.06871576674922295 0.03751070767745457
0 0.5176200711307212 0.24124989674235042 0.06871576674922295 0.03751070767745475
0 0.39050960752465136 0.2046782482352892 0.0705693651776464 0.043869968321116205
0 0.25006438998964003 0.18471494552118362 0.061849336641599174 0.057276904459145864
0 0.40279989991443754 0.33392870566064226 0.06475601282028158 0.05280792574646949
0 0.4305481025622527 0.1219314502127606 0.057234611248705033 0.05851162252816078
0 0.4666012266312392 0.22287123733952593 0.062975188998964 0.04801116510280749
0 0.28450785649119403 0.11646769007330197 0.04658820967712849 0.06399679802252863
0 0.49393001405862663 0.2711230670409382 0.06878854135632881 0.039073207677454744
0 0.48218337716935855 0.11988834897192335 0.05865156203449331 0.05549588317182241
0 0.453874286598818 0.08424577991417284 0.04048375889134022 0.06668475544788163
0 0.43011576302516935 0.17996247150008404 0.0573073858558109 0.06007412252816078
0 0.20507722166884051 0.16121174354371215 0.06893409057054053 0.042198207677454566
0 0.5164171360606986 0.18176563609868862 0.0343065334984459 0.06781021287323483
0 0.4065370219165095 0.24588240244233361 0.06864299214211726 0.03594820767745475
0 0.3138101745215433 0.3417190623493611 0.04658820967712849 0.06399679802252863
0 0.5629411873418249 0.37289338065080707 0.029691808105551942 0.0690449309422494
0 0.5353555347367911 0.8568527534310693 0.036412688998964174 0.0461537341605581
0 0.5237331381276132 0.9438828598676867 0.03030823821317572 0.04884169158591121
0 0.5085790190210254 0.9214287056606423 0.03179796360606986 0.04738845222957302
0 0.4547990475570726 0.9110810675451413 0.043788541356328994 0.03732503737886681
0 0.5189685554149556 0.8752421205113483 0.030235463606069858 0.04727919158591121
0 0.41624596980681366 0.9247500836366846 0.028672963606069857 0.047169930942249395
0 0.5336817187733564 0.8209152534310693 0.04803939371369363 0.02827781930985207
0 0.47096339495203876 0.8205981791775386 0.04698631596343468 0.039106058666190435
0 0.4944394363083677 0.8534435301662743 0.04102741439185813 0.04491901609154336
0 0.50703125 0.98828125 0.0421875 0.0234375
0 0.4753212551672865 0.7795361366028917 0.040954639784752264 0.04335651609154336
0 0.5993110268789082 0.8837323276846 0.027256012820281582 0.05018567029858776
0 0.446875 0.98125 0.046875 0.0375
0 0.490590998342861 0.9054430727409214 0.030235463606069858 0.04727919158591121
0 0.8613186054577368 0.5128942118648285 0.03917381596343468 0.038559755447881636
0 0.9395163800648426 0.5089936796817417 0.03590326674922295 0.03521623416055819
0 0.9639813407754284 0.6640418126014627 0.037538541356328815 0.03688799480421991
0 0.8218922324222074 0.5078132279563718 0.040736315963434674 0.038669016091543364
0 0.979413633993784 0.49052790294653664 0.035976041356328814 0.0367787341605581
0 0.9628511803125116 0.6061200519578009 0.037538541356328815 0.03688799480421991
0 0.796875 0.83984375 0.015625 0.0390625