0 0.584375 0.303125 0.1109375 0.10625
0 0.440625 0.3078125 0.0984375 0.0953125
0 0.296875 0.303125 0.103125 0.0953125
0 0.5828125 0.459375 0.1046875 0.0953125
0 0.2953125 0.45625 0.1078125 0.096875
0 0.440625 0.459375 0.1046875 0.096875
0 0.584375 0.6140625 0.103125 0.0953125
0 0.4390625 0.6125 0.1015625 0.09375
0 0.29375 0.6109375 0.109375 0.0984375
0 0.5859375 0.775 0.1046875 0.0953125
0 0.4390625 0.76875 0.1046875 0.096875
0 0.29375 0.76875 0.1109375 0.103125
0 0.5859375 0.9296875 0.10625 0.1046875
0 0.4421875 0.925 0.109375 0.103125