0 0.523085562919898 0.22031456769662655 0.05813147748246621 0.07967077962517113
0 0.5637105629198981 0.21913250092443678 0.05959384793281686 0.07815374373179385
0 0.58671875 0.1390625 0.0453125 0.04375
0 0.58984375 0.30625 0.0390625 0.046875
0 0.58359375 0.16875 0.0515625 0.04375
0 0.6 0.23984375 0.01875 0.0328125
0 0.571875 0.37578125 0.075 0.0484375
0 0.4872086196751583 0.19787727804232552 0.060755829734219446 0.07194920783841656
0 0.5875 0.1046875 0.04375 0.053125
0 0.4914116656330769 0.38560459857543894 0.07401729333702498 0.05985838479802066
0 0.57421875 0.41171875 0.0703125 0.0359375
0 0.56875 0.4375 0.08125 0.025
0 0.7391926218346268 0.3094058114284204 0.09376858883351816 0.07602895407749273
0 0.693400458047251 0.25438334230723275 0.06255816162790725 0.10007420783841656
0 0.62265625 0.421875 0.0265625 0.05625
0 0.7828125 0.4046875 0.053125 0.090625
0 0.656179862735328 0.3086904090794225 0.09114423658176474 0.08375052586424747
0 0.6522118584163914 0.39333819371915857 0.08333173658176474 0.08352320533113407
0 0.7538978670542646 0.22131477804232552 0.09144462523071262 0.08843802586424747
0 0.70234375 0.43671875 0.0921875 0.0265625
0 0.8006703423772624 0.3404906753767585 0.10174177513842757 0.05442673871722885
0 0.7159739697674434 0.38678666534762857 0.06987001387966067 0.09248902837152997
0 0.45239113355481886 0.834716733835678 0.04977875693983051 0.04667642319868044
0 0.578634656072353 0.7527727488793727 0.051341256939830514 0.046721887305303154
0 0.5093420404023643 0.8440175259972615 0.04977875693983051 0.04667642319868044
0 0.02619197408638003 0.7062306503039338 0.04821625693983034 0.04663095909205772
0 0.39908446328903846 0.9067114057807171 0.04987888648947951 0.048238923198680436
0 0.11725706507936647 0.734889196226441 0.046553627390180985 0.04502299498543501
0 0.0171875 0.61484375 0.034375 0.0453125
0 0.16805810147656103 0.7459343448145151 0.046553627390180985 0.04502299498543501
0 0.17043783157992073 0.954065093560874 0.04821625693983034 0.04663095909205772
0 0.58984375 0.85625 0.0390625 0.046875
0 0.1828191131967533 0.8785649883880244 0.048116127390180986 0.04506845909205772
0 0.5521908744555203 0.8286820310118264 0.04977875693983016 0.04667642319868044
0 0.0203125 0.55859375 0.040625 0.0453125
0 0.01484375 0.9390625 0.0296875 0.046875
0 0.5859375 0.9046875 0.046875 0.046875
0 0.07416360887781667 0.9662588681714801 0.04821625693983034 0.04663095909205772
0 0.3316781153562217 0.8319674700456243 0.04967862739018099 0.04511392319868044
0 0.08090045804725107 0.6561109783588946 0.046553627390180985 0.04502299498543501
0 0.4363446313953506 0.8774498031151502 0.04977875693983016 0.04667642319868044
0 0.4815965746400906 0.899614308129715 0.04821625693983052 0.04663095909205772
0 0.44403601788483016 0.924188410795282 0.04977875693983051 0.04667642319868044
0 0.526147611037285 0.9108413131442801 0.04977875693983051 0.04667642319868044
0 0.584375 0.79765625 0.05 0.0453125
0 0.021875 0.759375 0.04375 0.046875
0 0.553632260945 0.8756024951184491 0.051341256939830514 0.046721887305303154
0 0.4876253315799207 0.9448358799164698 0.04967862739018116 0.04511392319868044
0 0.12734375 0.97734375 0.0484375 0.0453125
0 0.27784981338132353 0.944678070203909 0.04821625693983016 0.04663095909205772
0 0.034375 0.9796875 0.05 0.040625
0 0.57516490437431 0.9673353540522223 0.051441386489479865 0.048284387305303156
0 0.5405152899409387 0.6709149951184491 0.05124112739018116 0.04515938730530315
0 0.63359375 0.81484375 0.0484375 0.0734375
0 0.6588251989479524 0.712889827263538 0.07790375693983034 0.04749477711788863
0 0.6560983220191968 0.8413330760098967 0.060555570634920744 0.06882420783841639
0 0.8448790222037669 0.9047183114284204 0.04563147748246603 0.07930706677218975
0 0.9273701495939479 0.9461496419906636 0.0469937183831675 0.07622753087881229
0 0.7597215746400904 0.9682472655059133 0.07351664558877821 0.05204588479802066
0 0.88515625 0.965625 0.0578125 0.06875
0 0.61640625 0.703125 0.0140625 0.065625
0 0.7155362739018098 0.6940201553184988 0.043768588833518154 0.07457410266556704
0 0.66171875 0.4609375 0.0796875 0.021875
0 0.6742313510151356 0.6357362938774431 0.06650518198597286 0.06431856426490726
0 0.834375 0.46484375 0.075 0.0296875
0 0.933706480564785 0.629751752178078 0.06912953423772628 0.05659699247815268
0 0.7178812214654864 0.6329007988920081 0.06504281153562204 0.06583560015828453
0 0.7220842674234049 0.8206281194251215 0.07049177513842757 0.0535174565847754
0 0.8482486443521605 0.6885932062555709 0.05118057063492074 0.06855142319868043
0 0.7599032449058709 0.8977983731860452 0.057630829734219444 0.07185827962517113
0 0.9703125 0.75 0.059375 0.06875
0 0.8762549259689931 0.6126384600164946 0.05743057063492074 0.06873327962517113
0 0.9388526603912896 0.7344847162847007 0.06973031153562222 0.06597199247815269
0 0.8169356924695474 0.8350877730277606 0.04669332973421945 0.07154003087881229
0 0.628125 0.7671875 0.0375 0.071875
0 0.8421875 0.96640625 0.053125 0.0671875
0 0.8113494216500566 0.6990593448145153 0.06338018198597287 0.06422763605166182
0 0.7608487739018098 0.6927016962264411 0.061917811535622036 0.06574467194503911
0 0.73203125 0.4640625 0.0703125 0.028125
0 0.7186564836471041 0.9381338681714801 0.07477875693983016 0.04740384890464337
0 0.9076818059800678 0.7854849266303997 0.07291586829088245 0.042670884798020656
0 0.7875 0.9828125 0.06875 0.034375
0 0.73828125 0.99140625 0.0671875 0.0171875
0 0.9373273380583257 0.8816779650310596 0.0561684592838688 0.07337531551854841
0 0.7427786967884842 0.7527131937191586 0.03283108883351815 0.07425585391920819
0 0.67421875 0.9625 0.0609375 0.075
0 0.94296875 0.9859375 0.0671875 0.028125
0 0.9329264281284615 0.5687233239648327 0.0467934592838688 0.07310253087881238
0 0.7884335533591742 0.6590253782006101 0.07926599784053164 0.04441524122451135
0 0.7562452097452941 0.4987243756933276 0.07654151603912887 0.050574313011266095
0 0.9796875 0.9265625 0.040625 0.05625
0 0.9347845265227036 0.8175700009244368 0.06973031153562204 0.06597199247815269
0 0.8406993553340723 0.5463602421489482 0.045130829734219446 0.07149456677218975
0 0.6759149645256561 0.5887249015575751 0.07467862739018098 0.04584134890464338
0 0.9625 0.46796875 0.06875 0.0359375
0 0.679016585437432 0.7592647220906885 0.059093200184570094 0.07034124373179385
0 0.8765343306570701 0.66585438822974 0.06474242288667416 0.061148100158284535
0 0.8788211165928393 0.5061156753767585 0.0561684592838688 0.07337531551854841
0 0.706480251384276 0.7725543322781029 0.05001858883351815 0.07475595909205772
0 0.634375 0.96953125 0.05 0.0484375
0 0.9142975416389818 0.5223029650310596 0.0577309592838688 0.07342077962517113
0 0.7889761690291628 0.5697810217741194 0.07235466378737562 0.05825042069139794
0 0.931522219306018 0.6689506444979461 0.06766716378737563 0.05811402837152997
0 0.7210877621816176 0.5607984783588946 0.07634125693983033 0.04744931301126609
0 0.62890625 0.64609375 0.0390625 0.0515625
0 0.63203125 0.48125 0.0453125 0.04375
0 0.6881565437984503 0.4866168322781029 0.07790375693983034 0.04749477711788872
0 0.63359375 0.89609375 0.0484375 0.0734375
0 0.90625 0.46953125 0.075 0.0390625
0 0.8662161967884842 0.7491215292959668 0.07175388648947952 0.04887542069139794
0 0.8351292782207466 0.6060080267886843 0.051480959283868796 0.07323892319868044
0 0.7971658081395361 0.7464344499873647 0.07311612739018099 0.04579588479802066
0 0.6960410040051697 0.9027874015575751 0.0790657387412331 0.041290241224511345
0 0.6983253948135859 0.8651510092377069 0.07634125693983033 0.04744931301126591
0 0.8050808328165384 0.6256673089211379 0.06640505243632351 0.06275606426490725
0 0.7140972825396832 0.5249973706787626 0.07780362739018098 0.04593227711788872
0 0.8744873766149887 0.853763565189344 0.07554022054263569 0.034949313011265914
0 0.8892765576781109 0.5715588189502678 0.0546059592838688 0.07332985141192587
0 0.78515625 0.47734375 0.0515625 0.0546875
0 0.9765625 0.55234375 0.046875 0.0421875
0 0.99453125 0.75 0.0109375 0.071875
0 0.8049549290513122 0.9168378782006101 0.043868718383167506 0.07613660266556703
0 0.9588090052417874 0.5084845059390017 0.04543121838316751 0.07618206677218975
0 0.98203125 0.8125 0.0359375 0.075
0 0.8674968969730543 0.817962457509212 0.07155362739018098 0.04575042069139794
0 0.63984375 0.5265625 0.0609375 0.053125
0 0.7476292782207465 0.6085540167595545 0.0648425524363235 0.06271060015828453
0 0.8339439173311198 0.7829342396416658 0.06979086829088246 0.04257995658477522
0 0.9765625 0.65703125 0.046875 0.0421875
0 0.9765625 0.58671875 0.046875 0.0328125
0 0.77272461751569 0.8535937321198184 0.0648425524363235 0.06271060015828453
0 0.9875 0.49921875 0.025 0.0703125
0 0.9765625 0.61484375 0.046875 0.0359375
0 0.62578125 0.60390625 0.0328125 0.0546875
0 0.97109375 0.86875 0.0578125 0.071875
0 0.64609375 0.5625 0.0734375 0.040625
0 0.9046383466961991 0.713564462523777 0.07029151603912887 0.050392456584775404
0 0.8856041517534162 0.9050987446562306 0.04845608883351815 0.074710494985435
0 0.971875 0.9609375 0.05625 0.0375
0 0.978125 0.69609375 0.04375 0.0453125
0 0.7852108189368778 0.5354514858807421 0.07517927513842756 0.05365384890464338
0 0.7765319355297171 0.7908664115867049 0.042306218383167504 0.07609113855894431
0 0.8401195619970474 0.4884568139357029 0.06474242288667434 0.061148100158284535
0 0.6453125 0.6765625 0.071875 0.046875