0 0.7224925599289381 0.1309890583104396 0.07745661465389268 0.05036818114108108
0 0.8506308480340075 0.19647712530733158 0.07753850180902226 0.051930681141081084
0 0.5933915581199158 0.1735318151348652 0.05401247060135787 0.07889128742738745
0 0.7950359452750455 0.18135723945152088 0.033781857756487635 0.07950771753501122
0 0.5392506919956852 0.04100610545773673 0.058536196291098366 0.07598461124870504
0 0.66171875 0.0296875 0.0578125 0.059375
0 0.8810486883776406 0.15403706823523713 0.08148901741285464 0.03808650496239885
0 0.73984375 0.0296875 0.0453125 0.059375
0 0.70078125 0.03125 0.0515625 0.0625
0 0.634375 0.3859375 0.06875 0.065625
0 0.6912624920865422 0.21881438998964012 0.06741987336031982 0.06704625889134022
0 0.6 0.03671875 0.059375 0.0734375
0 0.7362341553609537 0.16765430438149825 0.0791828889641522 0.05356595574818712
0 0.7535168306211529 0.22641287427387438 0.06470430913596861 0.0747132096771285
0 0.6859685617379604 0.0807321931327932 0.07721095318850324 0.04568068114108108
0 0.6370796031223902 0.2664128279551468 0.06166119629109836 0.07613016046291676
0 0.6232295443251059 0.11226898345566472 0.07869156603337349 0.04419095574818712
0 0.901423143375166 0.06413981430629567 0.041594357756487635 0.07987159057054054
0 0.6344259938955645 0.1676114549196175 0.06157930913596861 0.07456766046291677
0 0.7982162562200364 0.06089919023730914 0.07194359905006031 0.06413958271265763
0 0.541344379241672 0.21026552770747778 0.0845321302577248 0.0366695541766104
0 0.19838003053029593 0.7850388192686945 0.056973696291098365 0.07591183664159917
0 0.30696273518913736 0.9247991401945278 0.07029921189493038 0.06250430810555194
0 0.27116907734179263 0.8307195004097755 0.06758364767057934 0.07017125889134021
0 0.16645500113165373 0.7068025033052597 0.07597600180902227 0.051857906533975394
0 0.33491067277380837 0.8697135339082216 0.07161605042954129 0.05788958271265763
0 0.20546875 0.97890625 0.0765625 0.0421875
0 0.24808570217245052 0.942418979731611 0.06157930913596861 0.07456766046291677
0 0.14783339665452652 0.9126886302697305 0.07762038896415202 0.05349318114108108
0 0.22109383423919757 0.859713487589494 0.06149742198083885 0.07300516046291676
0 0.3364931049314125 0.9590671323366451 0.056973696291098365 0.07591183664159899
0 0.3363779975136092 0.8118282593011157 0.06133364767057934 0.06988016046291676
0 0.2734375 0.9921875 0.075 0.015625
0 0.24474377544191322 0.7073162336605525 0.05532930913596843 0.07427656203449332
0 0.05432241406738107 0.8738743792362731 0.07375176051544959 0.06889985731976367
0 0.14000096449692237 0.8230439334128835 0.07062676051544958 0.06875430810555194
0 0.283233065356005 0.7200730988381989 0.056728034825709095 0.07122433664159918
0 0.12978716078802072 0.7489514619489308 0.07366987336031983 0.06733735731976367
0 0.05290375622003642 0.7813957808078497 0.08074538896415202 0.053638730355292805
0 0.7446884644969224 0.896768223735755 0.0263101944820761 0.026164393713693813
0 0.8002767232033496 0.8821278349844601 0.027790807326946165 0.0246746683207995
0 0.7373539993226315 0.8275088014860141 0.024665807326946343 0.024529119106587772
0 0.793843016735486 0.7956809127347191 0.024665807326946343 0.024529119106587772
0 0.8512660131174414 0.8954668970189534 0.0263101944820761 0.026164393713693813
0 0.7310287562200364 0.8585404776646965 0.026228307326946344 0.024601893713693812
0 0.7071685323393183 0.8057408093438969 0.024665807326946166 0.024529119106587772
0 0.7519963534610744 0.8469865475570726 0.024665807326946166 0.024529119106587772
0 0.7787226277713339 0.8450987158778723 0.024665807326946166 0.024529119106587772
0 0.7625996607880208 0.8239856951997078 0.024665807326946343 0.024529119106587772
0 0.7385823066495778 0.8040713014860141 0.024665807326946166 0.024529119106587772
0 0.6861124038906158 0.789096964844415 0.024665807326946343 0.024529119106587772
0 0.7031294855278215 0.7632622109154734 0.024665807326946343 0.024529119106587772
0 0.7908884350982802 0.8221706381276132 0.024665807326946166 0.024529119106587772
0 0.8422871607880207 0.8276972001621065 0.026228307326946344 0.024601893713693812
0 0.8332463534610743 0.8507708271265774 0.026228307326946164 0.024601893713693635
0 0.8018325791508149 0.85244033498446 0.024665807326946166 0.024529119106587772
0 0.7223774525111347 0.7845207808078497 0.024665807326946166 0.024529119106587772
0 0.7602050011316537 0.7800173713783902 0.024665807326946166 0.024529119106587772
0 0.8529856433751661 0.8626543970189534 0.026228307326946344 0.024601893713693812
0 0.8347136782008752 0.7928855525194715 0.026228307326946164 0.024601893713693812
0 0.6771401956137298 0.7510875425946739 0.026228307326946164 0.024601893713693635
0 0.8559335809598373 0.8064043970189534 0.026228307326946164 0.024601893713693812
0 0.8150562754419133 0.7794394826270953 0.026228307326946164 0.024601893713693812
0 0.8766488726829513 0.7697776923042238 0.024583920171816587 0.02296661910658777
0 0.8754338534610744 0.8527357415184355 0.026228307326946164 0.024601893713693812
0 0.8704940479431504 0.827444643090012 0.024665807326946166 0.024529119106587772
0 0.8784636782008752 0.7949232415184355 0.024583920171816587 0.02296661910658777