0 0.3067856727738084 0.028308890704980882 0.0713703889641522 0.05039997579950324
0 0.2015625 0.02421875 0.071875 0.0484375
0 0.3729086397571216 0.04901227614540442 0.05064180913596861 0.0721477107723885
0 0.7362961103584794 0.05816001716841397 0.04275406603337366 0.040861349336070066
0 0.8409615196761621 0.32760088445846486 0.04768722749876275 0.04557612041330898
0 0.99453125 0.2046875 0.0109375 0.04375
0 0.939604816826343 0.14530653492600312 0.04744156603337366 0.040888620413308985
0 0.4796875 0.0171875 0.046875 0.034375
0 0.6502014801007545 0.09048163777811453 0.04439845318850324 0.04243293969514959
0 0.565625 0.0171875 0.04375 0.034375
0 0.4943542718238687 0.052063511511073204 0.04604284034363308 0.04400453005422929
0 0.5332662856186785 0.11480895120622288 0.046042840343633 0.04400453005422929
0 0.49847520579049515 0.09272487294739165 0.044480340343633 0.04399543969514959
0 0.88671875 0.3625 0.0484375 0.034375
0 0.9187589710556431 0.33430540241244583 0.050976001809022266 0.048719301131468204
0 0.8029303324301752 0.15857817368607635 0.04596095318850324 0.04244203005422946
0 0.9072216847595961 0.22639290846257004 0.04924972749876275 0.04558521077238851
0 0.6014297874277009 0.0667532462875668 0.046042840343633 0.04400453005422946
0 0.01328125 0.953125 0.0265625 0.09375
0 0.7148704104493364 0.9260100716195317 0.08969102103089917 0.13173178903121965
0 0.6003586103584795 0.754979433252242 0.13369332654882315 0.10699540944452864
0 0.5966803324301753 0.8549885236113216 0.14060506784239593 0.0898533612399266
0 0.5958901956137298 0.6314783007386847 0.10079229534115867 0.13492042154477701
0 0.9390625 0.828125 0.121875 0.084375
0 0.7200160131174413 0.7681793909013725 0.10342597241038014 0.12556360226293642
0 0.8191373450933315 0.5171168606507516 0.10399918249628844 0.13650110226293632
0 0.978125 0.74453125 0.04375 0.0953125
0 0.8197150407070612 0.8937975353187866 0.09281602103089917 0.13174996974937905
0 0.8419463240624323 0.6485395774732643 0.13723440637700648 0.08514768052176755
0 0.44453125 0.875 0.0890625 0.134375
0 0.7095985707830719 0.5196055355151783 0.1222578595655099 0.12723518657189176
0 0.85703125 0.96953125 0.0890625 0.0609375
0 0.48078309475464714 0.7402169756031115 0.11156602103089916 0.13185905405833437
0 0.95234375 0.6265625 0.0953125 0.115625
0 0.6898039699239893 0.6288987222834617 0.10219102103089917 0.13180451190385672