0 0.5329387005082277 0.4804954255305559 0.021404563140062116 0.01922277868534721
0 0.6184057636482898 0.463709275454306 0.019842063140062295 0.019186411094166723
0 0.440625 0.63125 0.021875 0.015625
0 0.5980176689381965 0.49139786436013927 0.019842063140062295 0.019186411094166543
0 0.41758671629324323 0.4731167237831947 0.019842063140062205 0.019186411094166723
0 0.47154617419986844 0.4868895894745142 0.019842063140062205 0.019186411094166723
0 0.5475178690229011 0.5794057042159031 0.019842063140062295 0.019186411094166723
0 0.3791473006211671 0.5958268719595836 0.021495568401734035 0.020785278685347207
0 0.39375 0.63125 0.021875 0.015625
0 0.4176021268448217 0.49971559137437527 0.019842063140062205 0.019186411094166723
0 0.42609789533126036 0.5687565321038197 0.019842063140062205 0.019186411094166723
0 0.6140625 0.63125 0.01875 0.015625
0 0.4456823532378856 0.581729310789167 0.019842063140062115 0.019186411094166543
0 0.49131264262983726 0.4967373681598614 0.018188557878390375 0.017587543502986237
0 0.38433460053646246 0.5067643719595836 0.019842063140062115 0.019186411094166723
0 0.35390625 0.57734375 0.0078125 0.0203125
0 0.35703125 0.52421875 0.0140625 0.0203125
0 0.34375 0.69453125 0.0125 0.0453125
0 0.24921875 0.6484375 0.0484375 0.01875
0 0.3265625 0.65 0.046875 0.021875
0 0.3328125 0.85234375 0.034375 0.0484375
0 0.29691019524655576 0.8266053996950002 0.04960515785015547 0.047966027735416715
0 0.4452860530402415 0.7213022634864588 0.04960515785015538 0.047966027735416715
0 0.40431244254513266 0.7532055737069447 0.051167657850155465 0.048002395326597204
0 0.37265625 0.8140625 0.0453125 0.046875
0 0.4007926003952882 0.7061851033422226 0.051167657850155465 0.04800239532659738