0 0.0125 0.271875 0.025 0.028125
0 0.015105807770767577 0.2447371912766286 0.028288626463433175 0.029107146641955416
0 0.0664046873574586 0.29185029345354685 0.028288626463433175 0.029107146641955416
0 0.0125 0.3046875 0.025 0.03125
0 0.11357966920708602 0.24192470452347253 0.028288626463433175 0.029107146641955416
0 0.08390125956616563 0.23932549417918625 0.029851126463433176 0.029161710344286274
0 0.05101603669352865 0.25067965643023826 0.029851126463433176 0.029161710344286274
0 0.1149330909482548 0.2779167682258034 0.029851126463433176 0.029161710344286364
0 0.13847967525721022 0.2599852237607662 0.029851126463433176 0.029161710344286274
0 0.03969674161218473 0.3159227105139223 0.028288626463433175 0.029107146641955416
0 0.036735368075617815 0.2876885831092606 0.028288626463433175 0.029107146641955416
0 0.09450241628021976 0.2975199400955022 0.028288626463433175 0.02910714664195524
0 0.14299445843469752 0.28983641486775885 0.0298602168225127 0.03072421034428636
0 0.16974785597536943 0.2579514978073833 0.02827953610435365 0.02754464664195542
0 0.048917205507831255 0.34281259272790743 0.0298602168225127 0.03072421034428636
0 0.15583080172064329 0.2324604244864056 0.028279536104353475 0.02754464664195542
0 0.08217513310273254 0.26739593047685534 0.029851126463433176 0.029161710344286364
0 0.06937515125310512 0.3185219208582085 0.029851126463433176 0.029161710344286364
0 0.11783992233034404 0.31552589563046507 0.0314227168225127 0.03077877404661713
0 0.6455911758463854 0.5177927453603126 0.02200226502711473 0.022638891832631992
0 0.6553388805686498 0.45405762757429774 0.022011355386194253 0.02420139183263199
0 0.6971264047691466 0.5242808475372309 0.020430674668035033 0.021021828130301047
0 0.6269411697962612 0.49995048093234234 0.02200226502711473 0.022638891832631992
0 0.7112798083599428 0.5091469208582085 0.020439765027114733 0.022584328130301045
0 0.6974991094914109 0.4602183475372309 0.020439765027114733 0.022584328130301045
0 0.7098445733870574 0.4872173571558777 0.020430674668035033 0.021021828130301047
0 0.6929206938003662 0.4413046564302383 0.01885908430895533 0.01940476442797028
0 0.636443434823376 0.4784028631463274 0.020439765027114733 0.022584328130301045
0 0.6864525251824555 0.4785864016209148 0.020430674668035033 0.021021828130301047
0 0.6771956998504904 0.45794651940692965 0.020430674668035033 0.021021828130301047
0 0.6800752601553409 0.5002431468115913 0.020439765027114733 0.022584328130301045
0 0.6597627601553409 0.4995338186812903 0.020430674668035033 0.021021828130301047
0 0.6721445854873058 0.5202828282999372 0.020439765027114733 0.022584328130301045
0 0.6630059348233759 0.47933044608595204 0.020439765027114733 0.022584328130301045
0 0.0859375 0.95390625 0.1 0.0921875
0 0.31953125 0.77421875 0.0609375 0.1234375