0 0.01171875 0.0296875 0.0234375 0.04375
0 0.7708649283804683 0.13246158123809532 0.10371587334017499 0.10276246801399935
0 0.6911319765850701 0.141201329248913 0.07550906010845856 0.08837270401018138
0 0.1548490429400446 0.6370603639401846 0.08017837939029934 0.08530224801081765
0 0.2015625 0.56796875 0.090625 0.0578125
0 0.3751706332991242 0.6329342959102768 0.0895261083130606 0.08072383601209036
0 0.3646229769778536 0.8346058839115494 0.07090337334017498 0.10238066000954511
0 0.19064109719477074 0.6616421932686393 0.07863406010845857 0.08840906667727211
0 0.4162400191323313 0.82463089990455 0.05530564441741408 0.10688634667409058
0 0.4453125 0.54921875 0.1 0.0203125
0 0.4561388321676561 0.6804263665659137 0.053706782981095456 0.10061816534054521
0 0.29531950683569114 0.6619865439210946 0.06462610226293623 0.0976204346753633
0 0.01484375 0.77109375 0.0296875 0.1078125