0 0.0871874205189365 0.05264438279006907 0.06279266587924912 0.05454333605604163
0 0.16531242051893652 0.05082600323104121 0.03666667549789597 0.06642508700597212
0 0.2892409938399142 0.03389046352777729 0.059831356986241604 0.059158100873680654
0 0.32664673540239375 0.1251324061570828 0.04129961179556503 0.06497168977951392
0 0.34472710200728224 0.054456230245277217 0.05051092068857255 0.0605023953265972
0 0.028125 0.03984375 0.05625 0.0578125
0 0.27631935318840856 0.13567116907486057 0.07184028366526399 0.04538654160312507
0 0.62109375 0.453125 0.0265625 0.0125
0 0.5890625 0.45 0.028125 0.01875
0 0.53359375 0.45390625 0.0296875 0.0109375
0 0.5618104530030741 0.4409834502287498 0.02749008293962447 0.027180749050069508
0 0.48203125 0.45 0.0296875 0.01875
0 0.56328125 0.45625 0.0296875 0.00625
0 0.5373015263240518 0.4275028316876387 0.029107146641955416 0.028779616641249995
0 0.16699400472450546 0.7530794874634719 0.07184028366526399 0.04538654160312507
0 0.19948410091097388 0.6274248708222219 0.07022321996293304 0.0437876740119445
0 0.29742057078908896 0.9077280070307634 0.06010417549789597 0.06697060087368065
0 0.10746029201796645 0.6248830587018747 0.06462798439090331 0.06239220364722229
0 0.1532936032732266 0.7877454281929163 0.06457342068857255 0.06082970364722229
0 0.025 0.91015625 0.05 0.0421875
0 0.034375 0.87421875 0.06875 0.0515625
0 0.25525789655713743 0.7291679023573606 0.04771330290255769 0.06980466014423614
0 0.11541165735691061 0.7995557503812496 0.0720585384745874 0.05163654160312507
0 0.11643349873405562 0.6808784855636107 0.0630654843909035 0.06235583605604171
0 0.2637450083527025 0.6649599319926385 0.05530754809323426 0.06373649810013893
0 0.1686854794967619 0.7046419874634718 0.06440972958158006 0.05614220364722229
0 0.3052380491895425 0.7732802718484023 0.0616666754978958 0.06700696846486114
0 0.3341616573569106 0.7944642876159718 0.06915179328391083 0.057813806420763926
0 0.36815471144059464 0.8046017006099995 0.05692461179556503 0.06533536569131951
0 0.04531741216623404 0.7949422919843747 0.07803571996293304 0.043969511967847284
0 0.14786703720864303 0.6301875013311802 0.05692461179556503 0.06533536569131951
0 0.028125 0.978125 0.05625 0.04375
0 0.3201388520921002 0.7042393311189578 0.07329365626060227 0.04229790919430556
0 0.19304060563547926 0.94606576804868 0.04302580290255768 0.06969555737069441
0 0.06953125 0.9671875 0.0484375 0.065625
0 0.20225689292894033 0.8162691652751384 0.07351191106992569 0.04854790919430565
0 0.2828372595338289 0.7441382857161106 0.05692461179556503 0.06533536569131951
0 0.2840872462869849 0.8424666829425689 0.04318949400955017 0.07438305737069446
0 0.1890625 0.9890625 0.071875 0.021875
0 0.23167655281773972 0.6891247838162495 0.04151786660488845 0.07122168977951393
0 0.18940966334736037 0.8712112384134023 0.04168155771188111 0.07590918977951393
0 0.09958824991518193 0.7608932938842358 0.07652778366526398 0.04549564437666671
0 0.35293150472450546 0.7487517441129856 0.0676438569862416 0.05933993882958344
0 0.3904860684268362 0.7463164219246522 0.058487111795565025 0.06537173328249998
0 0.00625 0.8015625 0.0125 0.078125
0 0.3638094626217209 0.8843255682011799 0.07809028366526398 0.045532011967847195
0 0.0709126344914198 0.9114388077519442 0.0525099303072194 0.0730387629177777
0 0.21139876915247574 0.7333111949104162 0.049166675497895794 0.06671602773541671
0 0.25390625 0.9890625 0.0734375 0.021875
0 0.14931045300307408 0.9018079281929163 0.06758929328391083 0.05777743882958344
0 0.15241560563547923 0.9470113254193746 0.0522916754978958 0.06678876291777769
0 0.3758928003706689 0.8512584950629162 0.07636409255827133 0.04080814437666671
0 0.1542906188823232 0.8486101930105552 0.041572430307219396 0.07278418977951392
0 0.24996521743104436 0.8807304023573608 0.04324405771188111 0.07594555737069442
0 0.321875 0.98046875 0.075 0.0390625
0 0.43132932323615963 0.7391208645539578 0.04000993030721922 0.07274782218833335
0 0.22957830636111876 0.9280418134515273 0.05994048439090349 0.06228310087368065
0 0.11875 0.98046875 0.075 0.0390625
0 0.17942457205503332 0.6653612819163885 0.07463790145127884 0.03608427678548622
0 0.06443448911540876 0.6945786160725691 0.07798115626060227 0.04240701196784728
0 0.41034221144059463 0.8036197756481244 0.04604167549789597 0.06664329255305557
0 0.021875 0.95390625 0.04375 0.0515625
0 0.0359375 0.74609375 0.071875 0.0421875
0 0.09922615136646082 0.7265546614754164 0.07480159255827142 0.04077177678548623
0 0.2555455840359329 0.8103451671749996 0.043080366604888454 0.0712580573706945
0 0.31969736407299976 0.8510052283454161 0.053963302902557686 0.06995013050895835
0 0.11110112487277295 0.9229932503812496 0.0446974303072194 0.07285692496187508
0 0.21439479438021908 0.7816395921368746 0.07312996515360978 0.03761040919430556
0 0.07950887369164664 0.8441058373872219 0.047876994009550256 0.0744921601442361
0 0.3551785070867581 0.9079449061570827 0.07663691106992569 0.04862064437666671
0 0.33824397823081753 0.9458085820688883 0.07334821996293321 0.04386040919430556
0 0.03359375 0.83203125 0.0671875 0.0421875
0 0.22087791815668378 0.8642338865897912 0.032251994009550165 0.07412848423243065
0 0.38905254319909277 0.6979516571070132 0.07173115626060227 0.04226154160312508
0 0.2388243315888622 0.9762247403132633 0.07340278366526398 0.04542290919430556
0 0.11350192777533064 0.8542432503812496 0.0478224303072194 0.07292966014423623
0 0.33060512613871734 0.6727711255718745 0.07156746515360979 0.03757404160312507
0 0.2805951693378102 0.942466682942569 0.05530754809323426 0.06373649810013901
0 0.4671875 0.7859375 0.015625 0.025
0 0.5642707317741966 0.8249934678961802 0.02581845553496285 0.024019381458888843
0 0.5097469228811893 0.8215788335874997 0.02581845553496285 0.024019381458888843
0 0.47482628585788067 0.838003920593472 0.024255955534962757 0.023983013867708357
0 0.6260614036438955 0.8438512642489581 0.022638891832631992 0.02238414627652787