0 0.4056689516337865 0.28941752523078756 0.04709517589344294 0.04586046360606986
0 0.3837541423559771 0.40471719355158714 0.04559634288963732 0.047350188998963996
0 0.3413703241809191 0.47870265715765703 0.04715884288963732 0.04742296360606986
0 0.4106402945234239 0.3345844760165759 0.047158842889637495 0.04742296360606986
0 0.3457739812912818 0.43309905872923365 0.04559634288963732 0.047350188998963996
0 0.31006197437119953 0.40188760008556246 0.047158842889637495 0.04742296360606986
0 0.41860930342067243 0.37648087758815246 0.047158842889637495 0.04742296360606986
0 0.3872266522418089 0.4515194189444813 0.047222509885831696 0.048985463606069854
0 0.4257744990857789 0.5139081029810466 0.047222509885831696 0.048985463606069854
0 0.42734375 0.465625 0.0453125 0.046875
0 0.4251431463103098 0.4215750537668349 0.0456600098858317 0.04891268899896399
0 0.30584931824942013 0.4521786985139859 0.047222509885831696 0.048985463606069854
0 0.3706519644853678 0.3521016158013282 0.04709517589344294 0.04586046360606986
0 0.3844491621276406 0.49861274276579887 0.04715884288963732 0.04742296360606986
0 0.43984375 0.34609375 0.0203125 0.0453125
0 0.44296875 0.3921875 0.0140625 0.046875
0 0.304825329123835 0.5038867477281976 0.047158842889637495 0.04742296360606986
0 0.5551994249420409 0.09390393383167747 0.04875051779449713 0.08648546360606986
0 0.6020584733826164 0.32184484326113694 0.06412084980971962 0.08096320967712849
0 0.623845948668037 0.20342017494033734 0.04718801779449713 0.086412688998964
0 0.5431397767289268 0.1821316799027361 0.05493685079830275 0.0852140620344933
0 0.6665082925462575 0.2515280351555851 0.05174818380210837 0.08350601282028158
0 0.6083880919382352 0.09299209719007831 0.0685536818249421 0.0749315334984459
0 0.7461851581733079 0.4012326286216098 0.06581068380210837 0.08416098428423417
0 0.49140625 0.11640625 0.0828125 0.0546875
0 0.46875 0.234375 0.0375 0.0875
0 0.48532195954245194 0.2615323895798645 0.06724584980971962 0.08110875889134021
0 0.6514509783255322 0.34302633044085534 0.05031301779449713 0.08655823821317572
0 0.7447553093521715 0.3277223540145039 0.05649935079830275 0.08528683664159917
0 0.5625556215957305 0.2360186592245716 0.08048067885919252 0.061451230355292805
0 0.6946226581733079 0.40363419065610306 0.061250517794497125 0.08706766046291677
0 0.4671875 0.3265625 0.034375 0.084375
0 0.5960578241809191 0.4050939909037721 0.0836693458553869 0.06315927956950454
0 0.4609375 0.1796875 0.021875 0.084375
0 0.633268664104807 0.43467017494033733 0.07780134783255317 0.07224318114108108
0 0.6649564269192071 0.0981847113342675 0.06686384783255335 0.07173375889134022
0 0.4828125 0.075 0.065625 0.053125
0 0.5111894397707883 0.1663996720448532 0.06405718281352506 0.07940070967712849
0 0.6978803093521715 0.3299055922276796 0.050440351786885884 0.08968323821317573
0 0.7399272520143474 0.05555625558608046 0.07311384783255317 0.07202485731976367
0 0.6874627796946763 0.1894989160489972 0.07997134288963732 0.04895123035529281
0 0.46953125 0.4078125 0.0390625 0.059375
0 0.872527482279865 0.35151511083892945 0.08523184585538708 0.0632320541766104
0 0.55625 0.03046875 0.06875 0.0609375
0 0.7251829555881193 0.23157510008556245 0.08322367688202607 0.05222177956950454
0 0.7736549476794539 0.1917463126581751 0.08322367688202625 0.05222177956950454
0 0.50625 0.03046875 0.071875 0.0609375
0 0.5050508222037527 0.39993991811591184 0.07062551779449713 0.08750430810555195
0 0.842375772774594 0.14940895533841142 0.06399351581733086 0.07783820967712848
0 0.7476150069944444 0.47474290322871565 0.061314184790691686 0.08863016046291676
0 0.8074065010629452 0.44377969355158714 0.07499468281352506 0.07991013192686935
0 0.803125 0.021875 0.08125 0.04375
0 0.7050084239534578 0.08223007154951514 0.059433349809719614 0.08074488585581072
0 0.7904789862341977 0.3741221650155399 0.05187551779449713 0.08663101282028159
0 0.8996576680591396 0.44104849173234156 0.0581891847906915 0.08848461124870503
0 0.5764748360439171 0.462362835403254 0.07524935079830275 0.08616013192686936
0 0.8056742688202613 0.13233277130184612 0.0779286818249421 0.07536818114108108
0 0.8447898014435061 0.28549200455262314 0.06724584980971962 0.08110875889134021
0 0.46484375 0.040625 0.0296875 0.0625
0 0.8611204555881192 0.22524370926735288 0.05181185079830275 0.08506851282028158
0 0.8017454555881193 0.22800914433737543 0.0764298488211363 0.0768579065339754
0 0.5845632727745941 0.16141676551087797 0.03618685079830275 0.08434076674922295
0 0.8033026384016445 0.3046444189444813 0.06118685079830275 0.08550516046291676
0 0.6466812707974278 0.14913078122664364 0.08172484387822046 0.05371150496239867
0 0.6531301779449714 0.49949465426217293 0.06724584980971962 0.08110875889134021
0 0.8954901384016445 0.3003507171252357 0.061250517794497125 0.08706766046291677
0 0.9020001235728969 0.22960156948260063 0.04712435079830275 0.08485018899896399
0 0.73828125 0.0171875 0.0640625 0.034375
0 0.6928638399982499 0.4757275144774207 0.06743685079830275 0.08579625889134021
0 0.5310005099601938 0.49892107361642973 0.052193852775469195 0.09444351282028159
0 0.59140625 0.01484375 0.0703125 0.0296875
0 0.6890625 0.015625 0.05625 0.03125
0 0.6173996304929791 0.27573182258297246 0.07461268083635879 0.07053513192686936
0 0.5555309832684481 0.37097585608141853 0.0865396778706092 0.05705482878371626
0 0.6379190830409867 0.049349105047961216 0.0878475098858317 0.050877603390822125
0 0.7265597717860108 0.15010677626424496 0.08172484387822046 0.05371150496239885
0 0.892375772774594 0.147080167911024 0.053247016805913996 0.08201628742738745
0 0.5334066324701453 0.28903665136668877 0.08803851087441501 0.05556510339082212
0 0.8118976828878873 0.5155819189444812 0.07030718281352506 0.07969180810555195
0 0.8870886838764704 0.5167762378034002 0.07786501482874755 0.07380568114108108
0 0.7330246304929791 0.2703465016571391 0.08902800790866543 0.04157537799792799
0 0.5288119743711996 0.32995274979511224 0.09090884288963733 0.04946065260503385
0 0.87109375 0.0078125 0.0890625 0.015625
0 0.6578125 0.0234375 0.075 0.046875
0 0.7717157628887623 0.10573603805106924 0.08829317885919252 0.0618151033908223
0 0.8009284190105419 0.05428054590895202 0.07761034684397003 0.06755568114108117
0 0.8508036739906387 0.47150227915972903 0.05206651878308044 0.09131851282028158
0 0.5948375168802761 0.5288225893321956 0.09266234387822045 0.05422092721213971
0 0.4779391769563882 0.5029579102580289 0.03969385277546911 0.09386131596343468
0 0.8742040929268183 0.08530791398208262 0.08797484387822045 0.05400260339082212
0 0.7374706858536368 0.5331376000855625 0.08902800790866543 0.04157537799792799
0 0.8568679901885303 0.38981563151709386 0.09071784190105418 0.044773152605034026
0 0.8739839170333754 0.041485139374976755 0.08791117688202625 0.052440103390822126
0 0.028125 0.85 0.05625 0.09375
0 0.10222029946633979 0.6342335272977022 0.10723417984777565 0.06737589867609231
0 0.015625 0.68828125 0.03125 0.1140625
0 0.0901155247889415 0.91345014640429 0.11654551285158128 0.06625004631872748
0 0.10781767794497146 0.848441576511914 0.10356535178688589 0.0921575748547749
0 0.6274166176413978 0.7525083382987382 0.036157675893442945 0.045351041356328815
0 0.6152933024320892 0.8391735843697967 0.030035009885831698 0.04818494292790554
0 0.6002757974891735 0.8163910558337495 0.03153384288963732 0.04669521753501123
0 0.5465777945234238 0.8048028924753486 0.043588173916276673 0.03633991439185813
0 0.6109294545995361 0.7704963589769026 0.029971342889637497 0.04662244292790554
0 0.5079609634967847 0.817559757652995 0.0284088428896375 0.0465496683207995
0 0.6259522767289267 0.7165708382987381 0.047893671939110406 0.02718323821317572
0 0.5632612757403436 0.7147943225829725 0.04677684091247105 0.03804796360606986
0 0.5865369496566202 0.7481504780834906 0.04078150889724856 0.044006865177646404
0 0.598771647298893 0.8947343796550671 0.042407675893442943 0.04564213978475227
0 0.5678559338392895 0.6738782241545491 0.04071784190105419 0.0424443651776464
0 0.6911899575652856 0.7808473540145039 0.026973676882026253 0.04960189371369381
0 0.5385053093521716 0.8756248147250897 0.04677684091247088 0.03804796360606986
0 0.5823879605310351 0.800004076511914 0.02997134288963732 0.04662244292790554