0 0.6432022679875681 0.029010411919185585 0.034267992142117086 0.03163180800445424
0 0.6543281666636606 0.13362518658500377 0.03434076674922295 0.03319430800445424
0 0.5210361695591447 0.024178555935730196 0.03434076674922295 0.03319430800445424
0 0.5886603172017798 0.03277175859327608 0.032705492142117265 0.031613626670908876
0 0.4775772679875681 0.030937633275002697 0.034267992142117086 0.03163180800445424
0 0.4632622109154735 0.059244446610457135 0.034267992142117266 0.03163180800445442
0 0.43125 0.00859375 0.034375 0.0171875
0 0.575980534736791 0.06262289059518515 0.032705492142117265 0.031613626670909056
0 0.54296875 0.0078125 0.0328125 0.015625
0 0.4324103172017798 0.03458989194782056 0.034267992142117086 0.03163180800445424
0 0.6834633949520388 0.02072519724700399 0.034267992142117266 0.03163180800445424
0 0.5399702601296852 0.061478561266730306 0.032705492142117265 0.031613626670908876
0 0.4569779776646966 0.0921478532781844 0.03434076674922295 0.03319430800445424
0 0.3953125 0.00390625 0.034375 0.0078125
0 0.5006166617012617 0.05568309460536645 0.032705492142117265 0.031613626670908876
0 0.3906980062007438 0.07884896928709306 0.03434076674922295 0.03319430800445424
0 0.6047605062007438 0.07635812659136709 0.032705492142117085 0.031613626670908876
0 0.075 0.4796875 0.046875 0.040625
0 0.07259005334804094 0.5792638559039135 0.04586046360606986 0.0458215773392725
0 0.14267992142117142 0.5065343332272776 0.04742296360606986 0.045839758672817865
0 0.10656694706173467 0.6038820478994592 0.045787688998963995 0.0442590773392725
0 0.01171875 0.51015625 0.0234375 0.0453125
0 0.05016708974197108 0.5341877132400044 0.045787688998963995 0.0442590773392725
0 0.01328125 0.6453125 0.0265625 0.04375
0 0.01640625 0.6046875 0.0328125 0.04375
0 0.04080070595307479 0.6687445265754588 0.04415241439185813 0.04267839600572696
0 0.05089914391858148 0.6170365759070953 0.042517139784752266 0.041097714672181596
0 0.037243366415991554 0.7266297519096405 0.045787688998963995 0.044259077339272326
0 0.09858328080784969 0.7681263612349136 0.04571491439185813 0.0426965773392725
0 0.043797389161070566 0.9344786145767314 0.04429796360606986 0.04580339600572714
0 0.07430241066780452 0.649594537237459 0.042517139784752266 0.041097714672181596
0 0.0046875 0.8671875 0.009375 0.04375
0 0.0476029776646965 0.7812263452419133 0.0424443651776464 0.039535214672181594
0 0.07377167948394207 0.8731593065722769 0.045787688998963995 0.0442590773392725
0 0.03202082712657726 0.8830252025780041 0.042517139784752266 0.041097714672181596
0 0.0234375 0.98359375 0.04375 0.0328125
0 0.0109375 0.9359375 0.021875 0.04375
0 0.3381037373846062 0.7057750959580019 0.08866870181924558 0.093169292011454
0 0.36328125 0.9765625 0.0734375 0.046875
0 0.2640625 0.7859375 0.06875 0.1
0 0.5339299677398991 0.7816637919319123 0.09455482878371627 0.08542951734563572
0 0.4375 0.9640625 0.071875 0.071875
0 0.275 0.875 0.090625 0.08125
0 0.35897281720177976 0.8853171452896383 0.08405397642635144 0.09467724801081764
0 0.5816825711307212 0.8670922145926397 0.10014985731976367 0.07143974267981754
0 0.44247021381095764 0.7983614906110935 0.10610875889134022 0.06526246801399935
0 0.4177184627775003 0.7032853479471843 0.07958480024766904 0.09931020401018138
0 0.2765625 0.9484375 0.09375 0.06875
0 0.64453125 0.95859375 0.0984375 0.0828125
0 0.33087774234700496 0.78558986529282 0.07638702564056317 0.09771134134309048
0 0.5315413300220614 0.9317728799331849 0.10454625889134021 0.06524428668045382
0 0.5956636803125116 0.730918357256549 0.07199062406898663 0.10390679734245412