0 0.00703125 0.34375 0.0140625 0.01875
0 0.10496536314632739 0.36574960577839966 0.01622520072563951 0.017824169961943782
0 0.07196932467174015 0.3144762658545119 0.01622520072563951 0.017824169961943782
0 0.08025305062512293 0.28360826783167814 0.016170637023308565 0.01626166996194378
0 0.00859375 0.3265625 0.0171875 0.01875
0 0.03592269726707844 0.30988692494204084 0.01622520072563951 0.01782416996194396
0 0.09998519726707844 0.3124972717860109 0.01778770072563951 0.017887836958138337
0 0.0479861876484315 0.29789626091159593 0.016170637023308565 0.016261669961943958
0 0.12013400616008578 0.308637442736538 0.01778770072563951 0.017887836958138337
0 0.015719324671740153 0.3121842539915137 0.01778770072563951 0.017887836958138337
0 0.00546875 0.26875 0.0109375 0.01875
0 0.06470246169504863 0.3297829308735398 0.016170637023308565 0.01626166996194378
0 0.1029812224948218 0.264250772774594 0.016170637023308565 0.01626166996194378
0 0.04751496169504863 0.32908259391540157 0.016170637023308565 0.016261669961943958
0 0.09776793283910808 0.2936836047898165 0.016170637023308565 0.016261669961943958
0 0.08054571650437214 0.3366696008354838 0.01622520072563951 0.01782416996194396
0 0.00546875 0.284375 0.0109375 0.01875
0 0.1221131684111378 0.27595227672892675 0.016170637023308565 0.01626166996194378
0 0.027093334290386916 0.3251299229648745 0.016170637023308565 0.016261669961943958
0 0.02907249654143893 0.29244475695726335 0.01622520072563951 0.017824169961943782
0 0.08730165879249104 0.26205160281265016 0.01622520072563951 0.01782416996194396
0 0.06651793283910808 0.2924102648659287 0.016170637023308565 0.016261669961943958
0 0.6889782645976062 0.33800129056909123 0.024255955534962938 0.02439250494291585
0 0.6948116023465543 0.37100479155767435 0.025873019237293703 0.026018671939110227
0 0.47544155425332 0.29965507908665395 0.024310519237293705 0.02595500494291585
0 0.6463344076113646 0.27853344866803703 0.024255955534962757 0.02439250494291585
0 0.47600703864422345 0.36052891209045956 0.024310519237293705 0.02595500494291585
0 0.6655010698624167 0.24654861961856414 0.024255955534962938 0.02439250494291585
0 0.4206250794810635 0.24905290121604465 0.024255955534962848 0.02439250494291585
0 0.4059078150530932 0.22972989825029516 0.025873019237293703 0.026018671939110404
0 0.5138145734906138 0.3261830869953194 0.025873019237293703 0.026018671939110227
0 0.4694792417321155 0.21827774509426517 0.024255955534962848 0.02439250494291585
0 0.7015278498994835 0.2058891275272295 0.024255955534962938 0.02439250494291585
0 0.6587996912766286 0.3227291176413978 0.024255955534962938 0.02439250494291585
0 0.620878050625123 0.2197659437251211 0.024255955534962938 0.02439250494291585
0 0.5808383823836212 0.32423326783167816 0.025873019237293703 0.026018671939110404
0 0.5086012838349 0.3556159190105418 0.024310519237293705 0.02595500494291585
0 0.5554911528020412 0.2685907628887623 0.024255955534962938 0.02439250494291585
0 0.5436260698624167 0.24158259391540157 0.022693455534962936 0.02432883794672147
0 0.5092312224948218 0.19493308699531936 0.024255955534962938 0.02439250494291585
0 0.6078572393698629 0.38306443977078847 0.024310519237293705 0.02595500494291585
0 0.5594743030721936 0.38265326288876234 0.024310519237293705 0.02595500494291585
0 0.6127580157787327 0.25532144174795485 0.024255955534962938 0.02439250494291585
0 0.545372108337004 0.2915825939154016 0.024255955534962757 0.02439250494291585
0 0.5348859869227921 0.2147017589344296 0.024255955534962938 0.02439250494291585
0 0.660927675667532 0.38366661764139776 0.024310519237293705 0.02595500494291585
0 0.5961012838348999 0.35918127079742773 0.024255955534962938 0.02439250494291585
0 0.593968321043543 0.1640597717860109 0.022638891832631992 0.02276633794672147
0 0.5691568379185841 0.34716143186212306 0.024310519237293705 0.02595500494291585
0 0.6109425446346732 0.292694107755566 0.024255955534962757 0.02439250494291585
0 0.6674852105139223 0.3480474526223697 0.024255955534962938 0.02439250494291585
0 0.5125596083370041 0.2902455869953194 0.024255955534962757 0.02439250494291585
0 0.6506548306621898 0.17885178364900903 0.022693455534962936 0.024328837946721648
0 0.4899752802067029 0.2690417490485979 0.024255955534962757 0.02439250494291585
0 0.6287302453603125 0.3105819447137043 0.022693455534962936 0.02432883794672147
0 0.5147024616950487 0.2622479209877081 0.024255955534962938 0.02439250494291585
0 0.6443205290255766 0.3549049476794538 0.024310519237293705 0.02595500494291585
0 0.494315550625123 0.21460891703337542 0.024255955534962938 0.02439250494291585
0 0.5899008691367772 0.22630510380123336 0.024255955534962938 0.02439250494291585
0 0.49842269726707844 0.24286125102576417 0.024255955534962938 0.02439250494291585
0 0.5705506684111379 0.20835359984690066 0.022693455534962936 0.02432883794672147
0 0.5563591936388812 0.15940676387734545 0.024255955534962938 0.02439250494291585
0 0.5696776491738442 0.18335359984690064 0.022638891832631812 0.02276633794672147
0 0.5953324136018144 0.2031222717860109 0.022693455534962936 0.02432883794672147
0 0.7653622045234725 0.4253686393902276 0.025927582939624473 0.02758117193911023
0 0.24753480906264347 0.6750662559686801 0.10541667549789598 0.06982702174882985
0 0.22434530180624934 0.5024909190105418 0.10810516587924912 0.0574543557412186
0 0.06946935116542789 0.8035547174139364 0.07569445916315995 0.11230368182494192
0 0.12422628383490002 0.7184103962731287 0.11123016587924912 0.057581689733607354
0 0.24609630543444636 0.5891924229648745 0.09378969473518968 0.09431768577927464
0 0.1696429328391081 0.5891977401513493 0.07542164065150567 0.1044911818249421
0 0.24094255788151706 0.7543717539915138 0.10892362141421189 0.0808918557412186
0 0.2940228847458739 0.5318547668430951 0.09814981252120454 0.08513368676785796
0 0.11478682956588156 0.9395850593149906 0.09562501324684387 0.10219385277546919
0 0.20546875 0.46796875 0.1015625 0.0171875
0 0.29921875 0.47265625 0.0921875 0.0265625
0 0.7444990890997103 0.7223869249420408 0.06473711179556503 0.06660917984777566
0 0.7115080290255766 0.8052975840295697 0.06479167549789597 0.06817167984777565
0 0.9410516852861788 0.8552179654739509 0.061502984390903494 0.06335684585538673
0 0.8225446996293311 0.544574942736538 0.06791667549789597 0.06829901384016442
0 0.956051658792491 0.6592343034206725 0.06468254809323426 0.06504667984777565
0 0.7863939232204613 0.6710446008354838 0.0630654843909035 0.06342051285158128
0 0.5843254809323424 0.7377042243340185 0.0646279843909034 0.06348417984777566
0 0.9875 0.75703125 0.025 0.0609375
0 0.9407391720393349 0.7569077994663398 0.06301092068857254 0.06185801285158128
0 0.99296875 0.909375 0.0140625 0.059375
0 0.97109375 0.81640625 0.0578125 0.0609375