0 0.20489095207640187 0.2642136057954977 0.06375496515360979 0.03994268198597286
0 0.20843759272790746 0.3657761057954977 0.060848219962933214 0.045992422886674336
0 0.12443458184331621 0.10315738741233034 0.05939484736759475 0.04901729333702498
0 0.08942964318339434 0.26149151912144786 0.04124504809323426 0.06500323874123311
0 0.09430068165798175 0.31169177822074656 0.06542659255827132 0.043167811535622214
0 0.1690874052491119 0.44432260795496603 0.06548115626060227 0.044730311535622035
0 0.19921875 0.02734375 0.0390625 0.0546875
0 0.02265625 0.41640625 0.0453125 0.0484375
0 0.1541270602437698 0.23913446020671944 0.05498016587924912 0.05652940468807692
0 0.2095982994439966 0.3097263648947964 0.041190484390903316 0.0634407387412331
0 0.088482212876175 0.18971664867109722 0.05487103847458741 0.053404404688076924
0 0.03962805062512294 0.219325003082319 0.0426438569862416 0.060415868290882455
0 0.01328125 0.1078125 0.0265625 0.040625
0 0.1466816371929446 0.33843355335917413 0.06079365626060227 0.044429922886674154
0 0.15947430307219362 0.3922594602067194 0.04129961179556503 0.0665657387412331
0 0.11485128383490002 0.3644558328165385 0.052018856986241604 0.061016645588778215
0 0.02734375 0.45 0.0546875 0.05
0 0.1703175446346732 0.30097312615356325 0.03650298439090331 0.06314035009228505
0 0.0171875 0.49453125 0.034375 0.0484375
0 0.15986116115474366 0.046185496603914 0.060739092558271326 0.04286742288667415
0 0.11212807711881076 0.4204054441675904 0.056542665879249124 0.05662953423772628
0 0.13428578619715276 0.20668290561092756 0.05648810217691817 0.05506703423772628
0 0.0945239148677588 0.4520163895717985 0.0505654843909034 0.06404151603912922
0 0.05967768891437588 0.48096340992986414 0.0642460384745874 0.054005181985972685
0 0.20489593047685534 0.3982882171465497 0.06181051923729371 0.02890505243632351
0 0.0046875 0.2734375 0.009375 0.0625
0 0.06027291123956173 0.3640762985788122 0.06123016587924912 0.05692992288667416
0 0.029801672039334905 0.2950864666851244 0.044151793283910834 0.05895349784053181
0 0.01875 0.33984375 0.0375 0.0640625
0 0.1739087921876025 0.1359489034514592 0.04258929328391083 0.05885336829088246
0 0.21257447730414522 0.2163768830933936 0.04258929328391083 0.05885336829088246
0 0.13054571650437205 0.2781573874123303 0.04867560217691817 0.054566386489479514
0 0.17837312521204501 0.4870107557032128 0.06430060217691817 0.055567681985972686
0 0.01484375 0.3859375 0.0296875 0.040625
0 0.6727083907363236 0.07817358111849541 0.0431349303072194 0.07447836829088228
0 0.5513095950901601 0.1732882171465498 0.05062004809323426 0.06560401603912887
0 0.4268701010806099 0.09204061227390267 0.07345734736759475 0.0499184592838688
0 0.5918800313878293 0.17432908543743206 0.04140873920022692 0.0696907387412331
0 0.7135317981780522 0.04181457895902714 0.05999504809323426 0.06620479333702498
0 0.6257093943645208 0.1609069355297171 0.0567063569862416 0.061317034237726276
0 0.6890080025318888 0.1431372470653393 0.05843254809323426 0.06610466378737563
0 0.6640625 0.009375 0.05625 0.01875
0 0.6125050446346731 0.27386801048357456 0.0719494110699257 0.051380829734219445
0 0.4820536528020412 0.243682257862681 0.05536211179556503 0.06746690468807692
0 0.5059028366526397 0.07839721930601806 0.046150802902557686 0.07155362739018098
0 0.5444990890997103 0.24612493984865386 0.07491071996293304 0.04689358883351815
0 0.521259996541439 0.20566062615356326 0.07178571996293322 0.04669332973421945
0 0.5815576010806099 0.10195343768918548 0.038392866604888456 0.0726154796419344
0 0.5040476707733905 0.025272219306018064 0.06876984736759492 0.04961807063492074
0 0.46869550253188874 0.12901898056478506 0.04922123920022674 0.07019138648947969
0 0.4241320253973795 0.2368524645256561 0.07496528366526398 0.04845608883351815
0 0.6761459039831677 0.1766110811184954 0.055252984390903495 0.06434190468807692
0 0.644384983294595 0.11533361967515834 0.04146330290255769 0.0712532387412331
0 0.42232644482000764 0.05121535317460406 0.07792659255827142 0.04396884793281686
0 0.37734375 0.23671875 0.0359375 0.0640625
0 0.6382838054344464 0.2084828423772624 0.07022321996293321 0.0465932001845701
0 0.5921478714990299 0.048066974086380124 0.0672619110699257 0.05108044108527139
0 0.5599802453603127 0.2876511057954977 0.07496528366526398 0.04845608883351815
0 0.5098115758528664 0.14568484885566732 0.043134930307219224 0.07447836829088246
0 0.5108185482628702 0.3530968306570701 0.041790685116542645 0.08062823874123311
0 0.5906647609694092 0.22881632633813345 0.07027778366526398 0.04815570018457009
0 0.4092312224948218 0.16730142812846155 0.07356647477225656 0.0530434592838688
0 0.6780953282999371 0.3217233220191968 0.049384930307219396 0.07487888648947952
0 0.48611121414211933 0.4045196283130316 0.04329862141421188 0.07916586829088246
0 0.6419841803920374 0.04658361967515834 0.04297123920022674 0.06979086829088228
0 0.5006598090626435 0.2854086829088235 0.050892866604888454 0.07341651603912887
0 0.7528125529873757 0.050567817700260156 0.05530754809323426 0.06590440468807693
0 0.4494246912766286 0.29147940777039594 0.05552580290255769 0.07215440468807692
0 0.3828125 0.34453125 0.046875 0.0546875
0 0.7216072261230189 0.27306457895902714 0.056979175497895974 0.06912953423772628
0 0.6730060350160263 0.2652730629198981 0.05988592068857255 0.06307979333702499
0 0.3765625 0.40390625 0.034375 0.0671875
0 0.4334227237607662 0.41361522362495473 0.06780754809323426 0.06670544108527139
0 0.7622074003549705 0.09638096544850665 0.07474702885594056 0.04220608883351815
0 0.38984375 0.271875 0.0609375 0.05
0 0.4875 0.00625 0.075 0.0125
0 0.46556061196520115 0.35175557371723976 0.058705366604888544 0.07391716378737563
0 0.37265625 0.16171875 0.0265625 0.0640625
0 0.4141171299365505 0.12863944632705876 0.07954365626060227 0.04563147748246603
0 0.5787005074260302 0.4665771421926923 0.07093254809323427 0.0669057001845701
0 0.7213145602437698 0.2200397085086765 0.07491071996293322 0.04689358883351815
0 0.7468750662342196 0.14840454040236412 0.07496528366526398 0.04845608883351815
0 0.7524157381039185 0.12849255860096154 0.07658234736759476 0.050118718383167504
0 0.6451935482628702 0.36170797192691173 0.04625993030721922 0.07467862739018098
0 0.6062947393698629 0.36389223318567865 0.052455366604888455 0.07351664558877821
0 0.47270839073632365 0.06535699876338227 0.04609623920022674 0.06999112739018117
0 0.6522272874630971 0.4291958605758596 0.06015873920022692 0.07089229333702499
0 0.550317557881517 0.3681000693983032 0.05078373920022692 0.07029151603912887
0 0.5319693511654279 0.423048385252862 0.0556349303072194 0.07527940468807692
0 0.434375 0.01875 0.075 0.0375
0 0.4010268860118183 0.3788001326319684 0.07814484736759483 0.050218847932816855
0 0.42562509272790744 0.32425233497600675 0.0478224303072194 0.07477875693983034
0 0.60234375 0.49140625 0.0578125 0.0546875
0 0.5751737141421194 0.41022701264304295 0.0478224303072194 0.07477875693983016
0 0.7340675313878293 0.18344087445552032 0.07491071996293322 0.04689358883351815
0 0.5390625 0.0234375 0.059375 0.046875
0 0.43248027185400045 0.475914964525656 0.058705366604888544 0.07391716378737527
0 0.5434772477225653 0.12757519894795247 0.06602679328391084 0.060355311535622215
0 0.4723859869227921 0.1900566101144344 0.046205366604888456 0.07311612739018117
0 0.6549455157787326 0.23917163787375556 0.06602679328391084 0.060355311535622035
0 0.6804961312024949 0.3904733220191968 0.03537699400955034 0.07554022054263569
0 0.6181796696770823 0.4363680104835746 0.047876994009550346 0.07634125693983052
0 0.4243849965414389 0.19945259407530536 0.07378472958157989 0.059293459283868796
0 0.3703125 0.20625 0.021875 0.059375
0 0.5984375 0.0171875 0.071875 0.034375
0 0.546418709247978 0.07787558759690043 0.03995536660488845 0.07271560919158375
0 0.5149653896400153 0.4718468306570703 0.04642362141421188 0.07936612739018116
0 0.37734375 0.09453125 0.0359375 0.0734375
0 0.7098364016209149 0.3377884130121832 0.046369057711881115 0.07780362739018098
0 0.46943463483069187 0.4626930737172398 0.057197430307219396 0.07537953423772628
0 0.7918204892850448 0.05150855644149317 0.04754961179556503 0.06696625693983034
0 0.49609375 0.50625 0.0796875 0.025
0 0.6124802188666247 0.09458102868217191 0.029126994009550166 0.07513970234403847
0 0.64921875 0.48828125 0.0578125 0.0609375
0 0.7296875 0.01328125 0.06875 0.0265625
0 0.38203125 0.45546875 0.0453125 0.0703125
0 0.76875 0.01328125 0.0625 0.0265625
0 0.80625 0.01328125 0.040625 0.0265625
0 0.6232441371929446 0.31353128778147055 0.07485615626060227 0.04533108883351815
0 0.38203125 0.30703125 0.0453125 0.0359375
0 0.7075199003549705 0.09287643121078056 0.052237111795565026 0.06726664558877822
0 0.5500794557045989 0.31663769894795246 0.07787202885594055 0.04240634793281668
0 0.55625 0.503125 0.05 0.03125
0 0.38125 0.028125 0.04375 0.05625
0 0.68671875 0.02109375 0.0578125 0.0421875
0 0.03729176822580342 0.9275122470653393 0.024255955534962938 0.024939443244739935
0 0.00546875 0.8578125 0.0109375 0.025
0 0.02471735715587773 0.879936340217794 0.022693455534962936 0.02483931369509058
0 0.8583780506251231 0.9018880906792195 0.045223219962933034 0.044991127390180984
0 0.7931002802067029 0.9522700200442985 0.04371528366526398 0.04645349784053181
0 0.8365228979927177 0.9456986474344795 0.045277783665263985 0.046553627390180985
0 0.97890625 0.8921875 0.0421875 0.046875
0 0.907668722494822 0.8847797362679977 0.04678571996293286 0.045091256939830335
0 0.97578125 0.9890625 0.0453125 0.021875
0 0.93046875 0.98515625 0.0453125 0.0296875
0 0.88671875 0.98046875 0.0453125 0.0390625
0 0.8909375794810636 0.9413906816722057 0.04522321996293286 0.044991127390180984
0 0.9478770602437698 0.9200954750092307 0.04678571996293286 0.045091256939830335
0 0.98359375 0.9359375 0.0328125 0.04375
0 0.957108216504372 0.9612211227574772 0.046840283665263625 0.046653756939830336
0 0.84296875 0.98203125 0.0453125 0.0359375