0 0.10336712051134836 0.24920330537872512 0.03176345222957293 0.030032945337363514
0 0.13227908832826163 0.32772829471672493 0.03176345222957302 0.030032945337363514
0 0.10812032248881978 0.2930442120464525 0.03176345222957293 0.030032945337363514
0 0.12364676952261267 0.22754648138127057 0.03176345222957302 0.030032945337363514
0 0.1595185675451412 0.1841782893857248 0.03165419158591121 0.028470445337363516
0 0.2401565623493612 0.14914985606299708 0.03020095222957302 0.030014764003817973
0 0.2908235618451581 0.29673392807126947 0.03176345222957302 0.030032945337363514
0 0.19306304106203767 0.15172941605663376 0.030091691585911205 0.02845226400381797
0 0.27486007223671827 0.3684816587364514 0.03187271287323483 0.03159544533736351
0 0.21446887545502688 0.35996008672817903 0.03176345222957302 0.030032945337363514
0 0.2398402160522025 0.3102146253978152 0.03176345222957302 0.030032945337363514
0 0.11369334327194017 0.43697602538190683 0.031872712873234656 0.03159544533736351
0 0.2652444076381137 0.28236234540099686 0.03020095222957302 0.030014764003817973
0 0.15950858782405852 0.4750396467218156 0.031872712873234656 0.03159544533736351
0 0.4056394507169637 0.13074639608526883 0.03176345222957302 0.030032945337363514
0 0.3318741687859784 0.1345793734086329 0.03165419158591121 0.028470445337363516
0 0.23249688165921317 0.10214758672817896 0.03176345222957302 0.030032945337363427
0 0.37049962621133153 0.14128390674726904 0.030091691585911205 0.02845226400381797
0 0.12807291752547076 0.4996942013844522 0.031872712873234656 0.03159544533736334
0 0.8642832051564392 0.4581259614099055 0.026857430942249395 0.026853401336727246
0 0.8297553858465871 0.5046373347389966 0.026857430942249395 0.02685340133672707
0 0.98984375 0.421875 0.0203125 0.025
0 0.9649609123296907 0.5390497920909958 0.026857430942249395 0.026853401336727246
0 0.9875 0.37890625 0.025 0.0265625
0 0.9800174658001009 0.4579088800922685 0.02518567029858776 0.025272720003181703
0 0.928125 0.5765625 0.028125 0.00625
0 0.9748165135705278 0.4875600174251776 0.02674817029858776 0.025290901336727067
0 0.9419933058930733 0.5544202534213596 0.026857430942249395 0.026853401336727246
0 0.8423210878240586 0.5485691480744512 0.026857430942249395 0.026853401336727246
0 0.9921875 0.4 0.015625 0.025
0 0.906984157386012 0.4289111760820871 0.02674817029858776 0.025290901336727067
0 0.86640625 0.57109375 0.0265625 0.0171875
0 0.9314814128338937 0.3916657147517233 0.02674817029858776 0.025290901336727244
0 0.8797225348578515 0.48332595607890544 0.026857430942249395 0.026853401336727246
0 0.90390625 0.571875 0.0265625 0.015625
0 0.9633434180296738 0.4280032040897231 0.02674817029858776 0.025290901336727244
0 0.8839622846057498 0.5568725440801782 0.02674817029858776 0.025290901336727067
0 0.960393380650807 0.4701907040897231 0.02674817029858776 0.025290901336727244
0 0.9405943328803801 0.4402486654200869 0.02518567029858776 0.025272720003181703
0 0.8730683432719403 0.5113964120782691 0.02674817029858776 0.025290901336727244
0 0.9554652160522025 0.384125934754905 0.02674817029858776 0.025290901336727244
0 0.9488660187663079 0.5232247974219959 0.02674817029858776 0.025290901336727244
0 0.9522638063972764 0.4075452534213596 0.02674817029858776 0.025290901336727244
0 0.9537391890648959 0.49826116008908683 0.02685743094224957 0.02685340133672707
0 0.9201290135705278 0.486923670751087 0.02674817029858776 0.025290901336727067
0 0.9180637690184096 0.44936912675045076 0.02674817029858776 0.025290901336727244
0 0.9063835878240585 0.5493145827498143 0.025294930942249393 0.026835220003181705
0 0.8873822155479992 0.5303282254137235 0.02674817029858776 0.025290901336727244
0 0.9296461252029253 0.5073634400859051 0.02674817029858776 0.025290901336727244
0 0.8661956303987054 0.5425918680776328 0.02674817029858776 0.025290901336727067
0 0.8929545083747478 0.4506407254137235 0.02674817029858776 0.025290901336727244
0 0.8568641890648958 0.49713391740926927 0.02674817029858776 0.025290901336727244
0 0.9370651412944687 0.4683554840865415 0.02674817029858776 0.025290901336727067
0 0.9261169336170141 0.5354702587523598 0.02674817029858776 0.025290901336727244
0 0.8990516890648959 0.4976248134149962 0.02685743094224957 0.02685340133672707
0 0.9023623593634834 0.47264299474854166 0.02674817029858776 0.025290901336727067
0 0.9084595400536315 0.5196270827498143 0.02674817029858776 0.025290901336727244
0 0.9296239818916442 0.4182282147517234 0.02518567029858776 0.025272720003181703
0 0.0171875 0.79140625 0.034375 0.0421875
0 0.08083655664937792 0.954200982733906 0.04670003737886681 0.042696577339272325
0 0.14252744552118363 0.7875952854073602 0.04335651609154336 0.039535214672181594
0 0.06730892423386017 0.7898475813971789 0.04491901609154354 0.03955339600572696
0 0.056087200969065255 0.74905894939527 0.04335651609154336 0.039535214672181594
0 0.00859375 0.75390625 0.0171875 0.0390625
0 0.22512142423386017 0.7916838960852688 0.04335651609154354 0.039535214672181504
0 0.24061502027891724 0.7042929840865415 0.04168475544788173 0.037954533338636055
0 0.15261300368317077 0.8893577800763601 0.045028276735205 0.04111589600572714
0 0.17309973834793208 0.7081986867440874 0.04179401609154336 0.03951703333863614
0 0.00703125 0.69453125 0.0140625 0.0390625
0 0.14769554676202076 0.7360509667409056 0.04168475544788173 0.037954533338636055
0 0.06281780220990249 0.6975328120623608 0.04168475544788173 0.037954533338636146
0 0.12509928092257905 0.7013850654041786 0.04179401609154336 0.03951703333863606
0 0.18075941903808 0.7552009560789055 0.04179401609154336 0.03951703333863614
0 0.09242889255497655 0.7213339387332697 0.04168475544788173 0.037954533338636146
0 0.09750987646343309 0.7604873454009968 0.04179401609154336 0.03951703333863606
0 0.026913153198638184 0.719007822724361 0.04179401609154336 0.03951703333863614
0 0.20917934998032947 0.7289475387491781 0.04168475544788173 0.037954533338636055
0 0.4927031360986886 0.8795464280712695 0.06091535668871888 0.08969884667409059
0 0.6831310301662744 0.7504054627625412 0.08572968639013112 0.0650079293443632
0 0.4919925779367015 0.7778930214035422 0.06818155347041036 0.08197725334181775
0 0.5601855670409381 0.8537475440801782 0.06080609604505725 0.08813634667409058
0 0.47759086037188975 0.626039620066815 0.07868201089576328 0.07585452267663592
0 0.4697676526944351 0.6931907573997241 0.0667283141140718 0.08352157200827222
0 0.5630806101197882 0.700531637412451 0.08819912252816078 0.055669292011453916
0 0.6956852965099193 0.6379600067631774 0.06215007475773362 0.08502952800763594
0 0.525 0.97890625 0.090625 0.0421875
0 0.7663155987198218 0.9249520241088132 0.09946440445914603 0.060484061346272
0 0.592441056145175 0.9291838960852689 0.06571211733238051 0.09131589067472703
0 0.44296875 0.771875 0.0265625 0.071875
0 0.54453125 0.6203125 0.0640625 0.08125
0 0.7371522586268494 0.827658853437268 0.09118201089576328 0.07599997334499946
0 0.44375 0.83671875 0.028125 0.0609375
0 0.6400258863507903 0.8077634294239049 0.08987088317182242 0.05724997334499946
0 0.644079237843729 0.6827088854232686 0.08471348960843983 0.07280224801081765
0 0.74609375 0.97265625 0.0953125 0.0546875