0 0.260002546042019 0.1351305415653025 0.023295790041956276 0.01887726502711473
0 0.17804399625180042 0.04086239109776431 0.021733290041956278 0.01886817466803503
0 0.2884109659581064 0.17281234874689488 0.021733290041956364 0.01886817466803503
0 0.17951140786951808 0.06275557181592353 0.021733290041956278 0.01886817466803503
0 0.1773550667879434 0.17372943325224205 0.021733290041956278 0.018868174668034855
0 0.1981411634685955 0.167597607920277 0.021733290041956278 0.01886817466803503
0 0.3120852642984325 0.16982370413308914 0.021851689212119395 0.020430674668035033
0 0.1992086012308223 0.05036465612487895 0.023295790041956276 0.01887726502711473
0 0.18670675600006273 0.15346238504764004 0.020170790041956276 0.01885908430895533
0 0.29776265517022577 0.15254530054229293 0.021733290041956278 0.01886817466803503
0 0.32442024355250804 0.13081574628756681 0.023295790041956366 0.01887726502711473
0 0.20043921450821395 0.07538283684303818 0.023295790041956366 0.01887726502711473
0 0.22290436512826944 0.17086805366555097 0.021851689212119395 0.020430674668035033
0 0.23549945351055177 0.14905668617910822 0.023295790041956366 0.01887726502711473
0 0.1865417352541383 0.11438170432948089 0.021733290041956278 0.01886817466803503
0 0.17316631948723576 0.08460330073868469 0.021733290041956364 0.01886817466803503
0 0.181877546042019 0.13467602361132167 0.021733290041956278 0.01886817466803503
0 0.37794706263875855 0.16708049921443308 0.021733290041956364 0.01886817466803503
0 0.3195910335944644 0.11202938485124836 0.023295790041956366 0.01887726502711473
0 0.20230844521218203 0.13323169827935671 0.021733290041956278 0.01886817466803503
0 0.20697263442430133 0.11293737899751592 0.021733290041956278 0.01886817466803503
0 0.1703014286154425 0.10178171037960508 0.021733290041956278 0.01886817466803503
0 0.1659206593194106 0.159594210379605 0.020289189212119307 0.020421584308955333
0 0.18976182363642063 0.0925157946885605 0.021733290041956278 0.01886817466803503
0 0.1687622394033232 0.12209421037960508 0.021733290041956278 0.01886817466803503
0 0.22297614272267108 0.12866237294739175 0.021733290041956364 0.01886817466803503
0 0.6133661896131046 0.430715752337691 0.03707487012586874 0.056440897540672094
0 0.71875 0.471875 0.034375 0.015625
0 0.6009379672075063 0.3884373487468949 0.045857874275053764 0.048682939695149585
0 0.6524286896131046 0.43094301131468155 0.05066377344521662 0.050272710772388506
0 0.7133913456317449 0.3484486738824682 0.05151587842423862 0.04090680113146803
0 0.5534476605688105 0.3756555476154267 0.060417281743586494 0.03471134328594587
0 0.7062174630583213 0.3812339028052293 0.04429537427505377 0.048673849336070066
0 0.6678886688671802 0.3919532341873184 0.03683807178554268 0.05331589754067192
0 0.7030206854639197 0.4234214028052293 0.04573947510489074 0.047120439695149764
0 0.8200431647179954 0.3850224990180413 0.038045374275053764 0.04863748789975162
0 0.8468890846340826 0.4226952158405541 0.04886447510489074 0.04713862041330898
0 0.6386514547599516 0.36520892700572605 0.03840057178554268 0.05332498789975162
0 0.6668930086993552 0.46698050526455737 0.05501938672260849 0.02530907220870695
0 0.5782593290350053 0.3163987222834617 0.039963071785542856 0.053334078258831144
0 0.7984375 0.46875 0.053125 0.021875
0 0.7748490638881584 0.3831963786047325 0.05404888257342364 0.03311248184962743
0 0.744948076335713 0.40647025214129934 0.05404888257342364 0.03311248184962743
0 0.8037543912727786 0.4349497761454044 0.04117037427505377 0.04865566861791084
0 0.7887250775851129 0.22070546896381207 0.05019017676456468 0.04402271077238851
0 0.8842473746760391 0.4041542940993853 0.05248638257342346 0.03310339149054773
0 0.7590571979114744 0.4471952460911751 0.05440408008391255 0.03779998184962743
0 0.6762950099487549 0.2810157341873184 0.04296967261537965 0.05178975897699054
0 0.59765625 0.4671875 0.0546875 0.025
0 0.6305555348438643 0.3276452944921687 0.0471835759347277 0.04556703005422928
0 0.7662562365035381 0.33156115573209544 0.05404888257342346 0.03311248184962743
0 0.6236669174172877 0.29477825233769106 0.05561138257342346 0.03312157220870695
0 0.7301537157576138 0.29227139675510505 0.04983497925407558 0.03933521077238851
0 0.43984375 0.8421875 0.0203125 0.09375
0 0.365664240652723 0.7438611678323439 0.0872883576783142 0.08016019867214012
0 0.3829431385734862 0.9284179750139362 0.08896925684847723 0.08173178903121965
0 0.2908991937622895 0.8434702823919202 0.08560745850815117 0.07858860831306061
0 0.3763397862937567 0.8298986617822198 0.08716995850815117 0.07859769867214013
0 0.2719375514406037 0.7636373366466465 0.0872883576783142 0.08016019867214012
0 0.296058445212182 0.9404180052645573 0.08896925684847723 0.08173178903121965
0 0.8237564701072912 0.9647736315315987 0.03037458423309758 0.029851126463433176
0 0.9265625 0.99375 0.03125 0.0125
0 0.80703125 0.9890625 0.0296875 0.021875
0 0.8822560543403888 0.9354133844584649 0.030256185062934548 0.028288626463433175
0 0.851361251850878 0.9305440772768726 0.0319370842330974 0.0298602168225127
0 0.8941873692774542 0.9636201976901815 0.030256185062934548 0.028288626463433175
0 0.88359375 0.9890625 0.0296875 0.021875
0 0.9264078734266391 0.9716235952308534 0.03181868506293437 0.028297716822512697
0 0.9075879410629971 0.9105497398446591 0.03025618506293437 0.028288626463433175
0 0.85390625 0.98984375 0.0296875 0.0203125
0 0.9117067560000628 0.9387111012809777 0.030256185062934548 0.028288626463433175
0 0.8628189701072912 0.9650008905085891 0.030256185062934548 0.028288626463433175