0 0.4875 0.3453125 0.0625 0.0484375
0 0.603125 0.621875 0.0546875 0.059375
0 0.6171875 0.3296875 0.05625 0.0515625
0 0.43125 0.51875 0.03125 0.065625
0 0.3765625 0.6109375 0.046875 0.0625
0 0.596875 0.4390625 0.0453125 0.0625
0 0.6953125 0.58125 0.053125 0.05625
0 0.6515625 0.409375 0.0671875 0.0328125
0 0.6390625 0.5125 0.0671875 0.0328125
0 0.5140625 0.4671875 0.06875 0.0390625
0 0.3546875 0.7390625 0.046875 0.0671875
0 0.375 0.4375 0.059375 0.053125
0 0.5203125 0.596875 0.0625 0.0484375
0 0.5578125 0.3875 0.0546875 0.0546875
0 0.5890625 0.490625 0.0609375 0.04375
0 0.4125 0.371875 0.04375 0.0609375
0 0.6140625 0.540625 0.0671875 0.034375
0 0.609375 0.3890625 0.05625 0.0515625
0 0.5828125 0.3515625 0.0375 0.0640625
0 0.5546875 0.4453125 0.0546875 0.05625
0 0.33125 0.4109375 0.0671875 0.0375
0 0.640625 0.453125 0.03125 0.065625
0 0.528125 0.509375 0.0671875 0.03125
0 0.43125 0.5984375 0.04375 0.0609375
0 0.678125 0.646875 0.0265625 0.0671875