0 0.29866507218652816 0.09470737556031361 0.023414189212119397 0.020948997492717503
0 0.35695116886718026 0.0901395475053528 0.023414189212119397 0.020948997492717503
0 0.37890625 0.16640625 0.0203125 0.0203125
0 0.16414836222848442 0.07200199828414036 0.023532588382282338 0.022511497492717504
0 0.3510778319347905 0.20898047571859824 0.023414189212119397 0.02094899749271768
0 0.384375 0.184375 0.009375 0.021875
0 0.3600043912727786 0.1325089039318435 0.021851689212119395 0.020903533386094963
0 0.3008661896131047 0.12765626788018167 0.023414189212119397 0.020948997492717503
0 0.3593406178275618 0.18259983214508893 0.021851689212119395 0.020903533386094963
0 0.46488391326810274 0.3049007294795219 0.05629846680652086 0.06400031551854841
0 0.3953125 0.353125 0.0125 0.0625
0 0.5378459713566912 0.4166398630239013 0.07230197510489074 0.04887542069139794
0 0.5470307945921264 0.46075357587688276 0.07121307178554286 0.0550799565847754
0 0.4875 0.4703125 0.0625 0.059375
0 0.4649286896131047 0.44896897822588067 0.059778664317009955 0.06877874373179385
0 0.5967240638881585 0.4042595349689405 0.053647063487172984 0.07015938730530316
0 0.6046875 0.47109375 0.065625 0.0578125
0 0.5760097448019079 0.36764007336960025 0.0642293659766839 0.06579013605166181
0 0.5848412157576138 0.3130889656894683 0.061104365976683894 0.06569920783841657
0 0.5730068344335901 0.1592820040901281 0.06207487012586892 0.05793217194503919
0 0.58515625 0.4875 0.0578125 0.025
0 0.6349829257156575 0.3333392812080168 0.07542697510489074 0.0489663489046432
0 0.52421875 0.48984375 0.0734375 0.0203125
0 0.6436027543496776 0.1989188171013941 0.07386447510489073 0.04892088479802066
0 0.41640625 0.4609375 0.0546875 0.059375
0 0.5735969850536456 0.25482182462324154 0.06399256763635783 0.06266513605166182
0 0.6585854464615819 0.3731746710206024 0.0803512734452168 0.05222774122451135
0 0.45617268671331956 0.25453701662654044 0.07230197510489056 0.04887542069139794
0 0.41640625 0.296875 0.0546875 0.065625
0 0.6237172294545683 0.1513618555020539 0.07109467261537965 0.053517456584775316
0 0.40546875 0.41484375 0.0328125 0.0640625
0 0.5391017406527231 0.358736434810656 0.03825886182749905 0.07282974623907634
0 0.5006545472914189 0.37014529625171166 0.04595296265733602 0.07149456677218957
0 0.41015625 0.4890625 0.0421875 0.021875
0 0.5431040016503852 0.28525347070403323 0.053291865976683894 0.06547188730530315
0 0.6355963871235938 0.44923706584775286 0.07661096680652087 0.06459134890464338
0 0.521159069286743 0.22354308089144767 0.059423466806520865 0.06409124373179384
0 0.6318830817342977 0.25025399656828073 0.059778664317009955 0.06877874373179385
0 0.6522636688671802 0.41527124280735705 0.07781826929603178 0.059949313011265916
0 0.41578263982288616 0.35358227038746415 0.03970296265733601 0.07131271034569905
0 0.4671316522704407 0.3785655500126353 0.039584563487172986 0.06975021034569906
0 0.5053905140979398 0.30764529625171166 0.056180067636357835 0.06243781551854859
0 0.5311978427319598 0.17372493731793842 0.05930506763635783 0.06252874373179385
0 0.4415163456317449 0.36529266020004963 0.041265462657336015 0.07135817445232177
0 0.66594950579957 0.29665763512722504 0.07590057178554285 0.05521634890464337
0 0.6822382792447869 0.2470213479802065 0.058216164317009954 0.06873327962517113
0 0.5846062626480473 0.21286164515635492 0.06941377344521663 0.051909492478152595
0 0.08798583608397532 0.8560613788590189 0.1513741684661948 0.063648626022532
0 0.08152603899304908 0.6726578454729241 0.10790943361304191 0.12786423871722902
0 0.10323601824712476 0.6341409147523962 0.1040740385920639 0.1183983105039836
0 0.0265625 0.69921875 0.053125 0.1171875
0 0.00859375 0.671875 0.0171875 0.115625
0 0.436025207459244 0.5364329081549857 0.051989475104890735 0.048284387305303156
0 0.4 0.51953125 0.021875 0.0390625
0 0.40390625 0.56015625 0.0296875 0.0484375
0 0.5005846149277768 0.5524049006331382 0.051989475104890735 0.048284387305303156
0 0.43359375 0.50625 0.0515625 0.0125