0 0.5984375 0.3203125 0.0875 0.046875
0 0.653125 0.5140625 0.0859375 0.0609375
0 0.725 0.6109375 0.065625 0.0828125
0 0.71875 0.81875 0.04375 0.09375
0 0.7265625 0.23125 0.0859375 0.05
0 0.484375 0.4671875 0.0734375 0.075
0 0.7578125 0.559375 0.046875 0.0859375
0 0.7578125 0.8296875 0.0484375 0.09375
0 0.55625 0.2390625 0.078125 0.0703125
0 0.3859375 0.609375 0.0859375 0.0578125
0 0.346875 0.3265625 0.071875 0.0796875
0 0.646875 0.3828125 0.0859375 0.0421875
0 0.6828125 0.328125 0.084375 0.046875
0 0.4359375 0.58125 0.0703125 0.078125
0 0.7390625 0.4625 0.053125 0.0859375
0 0.565625 0.3734375 0.075 0.078125
0 0.521875 0.315625 0.071875 0.078125
0 0.73125 0.28125 0.0828125 0.0625
0 0.671875 0.4484375 0.0828125 0.06875
0 0.46875 0.3828125 0.06875 0.078125
0 0.7296875 0.359375 0.08125 0.065625
0 0.4140625 0.2015625 0.0890625 0.05
0 0.6671875 0.2546875 0.046875 0.0859375