0 0.18598089640999618 0.0369195804077358 0.04864810015828454 0.0625744110699257
0 0.13588996819675075 0.035540618882323204 0.054761707838416385 0.05810516587924912
0 0.09323110675569515 0.07456840254758719 0.04869356426490725 0.0641369110699257
0 0.2640625 0.015625 0.065625 0.03125
0 0.16953125 0.00546875 0.0671875 0.0109375
0 0.08671875 0.0125 0.0484375 0.025
0 0.21796875 0.01640625 0.0265625 0.0328125
0 0.05546875 0.01640625 0.0421875 0.0328125
0 0.0234375 0.03125 0.046875 0.03125
0 0.09457830957954672 0.17462296624991805 0.053381064264907255 0.06430060217691817
0 0.6203125 0.434375 0.01875 0.028125
0 0.621875 0.40625 0.015625 0.028125
0 0.62109375 0.4671875 0.0171875 0.03125
0 0.5972125984424249 0.4376586464723194 0.03050585391920819 0.029161710344286274
0 0.99140625 0.5640625 0.0171875 0.084375
0 0.96015625 0.48125 0.0796875 0.059375
0 0.9245647086298394 0.5330009506408213 0.08177884890464338 0.07465774881887369
0 0.940945878067596 0.6121973773198437 0.07869931301126601 0.07611112141421188
0 0.833559275402029 0.5768452090783419 0.09069920783841656 0.05936013103285873
0 0.95625 0.709375 0.0875 0.059375
0 0.8395939782258808 0.6767360816736802 0.083386813011266 0.07627481252120454