0 0.7296875 0.515625 0.021875 0.0234375
0 0.7046875 0.534375 0.0234375 0.0234375
0 0.6828125 0.5265625 0.0234375 0.0234375
0 0.646875 0.5 0.0234375 0.0234375
0 0.6359375 0.4609375 0.0234375 0.0234375
0 0.7265625 0.46875 0.0234375 0.0234375
0 0.6921875 0.4671875 0.0234375 0.0234375
0 0.6109375 0.4828125 0.0234375 0.0234375
0 0.659375 0.4828125 0.0234375 0.0234375
0 0.7296875 0.490625 0.0234375 0.0234375
0 0.6578125 0.446875 0.0234375 0.0234375
0 0.68125 0.484375 0.021875 0.0234375
0 0.6875 0.5046875 0.0234375 0.0234375
0 0.7078125 0.5125 0.0234375 0.0234375
0 0.70625 0.490625 0.0234375 0.0234375