0 0.21953125 0.5328125 0.0484375 0.034375
0 0.4265625 0.53359375 0.046875 0.0328125
0 0.0109375 0.41484375 0.021875 0.0453125
0 0.27407703391952704 0.5041393013992905 0.04732128121376693 0.04502299498543501
0 0.0653072960474986 0.33095316864633395 0.04901132697140156 0.04663095909205772
0 0.2553584690760971 0.37062811942512147 0.04732128121376693 0.04502299498543501
0 0.25859375 0.53984375 0.0484375 0.0203125
0 0.00859375 0.5140625 0.0171875 0.046875
0 0.36128999149587243 0.4860137755350431 0.04732128121376711 0.04502299498543501
0 0.3944848708928682 0.40399088572245745 0.04732128121376693 0.04502299498543501
0 0.051978377560828015 0.37966345328607004 0.04888378121376702 0.04506845909205772
0 0.12771195907415742 0.4257822838483133 0.04888378121376702 0.04506845909205772
0 0.08039067786039045 0.47080527883374834 0.04888378121376693 0.04506845909205772
0 0.1002563808948079 0.36111203008738957 0.04875623545613248 0.04350595909205772
0 0.55390625 0.53359375 0.0484375 0.0328125
0 0.20730386422490846 0.44373065030393377 0.04732128121376693 0.04502299498543501
0 0.4804223708928682 0.40149035985820997 0.04719373545613248 0.04346049498543501
0 0.2672846421046956 0.41548597835889467 0.04732128121376702 0.04502299498543501
0 0.6796875 0.41640625 0.021875 0.0484375
0 0.746875 0.5203125 0.05625 0.059375
0 0.8067619881618924 0.4552973214575502 0.0638391015172088 0.05641513605166182
0 0.6796875 0.46484375 0.021875 0.0609375
0 0.6890625 0.51796875 0.040625 0.0578125
0 0.7404673084653343 0.4463147780423256 0.055101830305381405 0.06395485141192588
0 0.8930182236180251 0.41070022380654814 0.049362013335919566 0.070022994985435
0 0.849938161190491 0.4992458982588698 0.06827151000193972 0.05342652837152997
0 0.67734375 0.30859375 0.0171875 0.0578125
0 0.8935600996810409 0.3467741161264161 0.06957891848667064 0.050346992478152684
0 0.6984375 0.53359375 0.059375 0.0328125
0 0.3343768051313544 0.9627581319615338 0.03769118969849785 0.04162521034569906
0 0.26556264543867547 0.8509688372926678 0.04604582363742153 0.029397994985435005
0 0.21843255392340638 0.8554577604913483 0.04174096091032524 0.033949102665567034
0 0.35759090664856313 0.9075250626820616 0.03469373545613248 0.043096782132453625
0 0.18641727937759917 0.8657420426238019 0.03469373545613248 0.043096782132453625
0 0.3499376454386754 0.8485137755350431 0.044738415152690794 0.03247753087881229
0 0.2306138184672739 0.8971906194251215 0.045918277879787084 0.027835494985435007
0 0.31484375 0.99296875 0.0359375 0.0140625
0 0.3396061811943703 0.8986956319615338 0.0331312354561323 0.04305131802583091
0 0.240625 0.98046875 0.040625 0.0390625
0 0.15921730846533427 0.9507080760098967 0.043558552425594324 0.03711956677218957
0 0.1568892760436193 0.8837478965430101 0.030516418486670638 0.04921038981258548
0 0.14609375 0.984375 0.0203125 0.03125
0 0.316806409982543 0.891565093560874 0.03887105242559432 0.03698317445232178
0 0.366360128768776 0.9337693139357028 0.02857128121376711 0.04447742570596276
0 0.17618166785845077 0.9720375067304247 0.04499350666795978 0.03560253087881229
0 0.3153078117993141 0.9290196294542513 0.031823826971401556 0.046130853919208195
0 0.2863216845283502 0.8830993756933276 0.03482128121376693 0.044659282132453626
0 0.2592492593737198 0.9665029090794224 0.04368609818322895 0.03868206677218957
0 0.3847911354367358 0.8989396728694761 0.02857128121376711 0.04447742570596276
0 0.2845999457382379 0.9423834474800824 0.04199605242559432 0.03707410266556703
0 0.38890455058942647 0.8676442087628533 0.04330346091032524 0.03399456677218975
0 0.21484375 0.9828125 0.0421875 0.034375
0 0.21938953391952704 0.9583099758516122 0.04760832363742162 0.02944345909205772
0 0.18842631846727392 0.8984181503039338 0.048660640606883555 0.02323892319868044
0 0.16164067786039044 0.9210205760098967 0.04486596091032524 0.034040030878812286
0 0.3096318966466235 0.9603605576674965 0.03482128121376711 0.044659282132453626
0 0.24445317786039045 0.9186109783588947 0.045918277879787084 0.027835494985435007
0 0.3985668508889889 0.9593316035900038 0.045280549091614476 0.020022994985435007
0 0.39993790331458323 0.9234395676966265 0.04553564060688338 0.023147994985435006
0 0.3609375 0.98671875 0.04375 0.0265625
0 0.4055499166505028 0.8546895676966265 0.03925368969849785 0.0416706744523216
0 0.21639182180125385 0.8804577604913483 0.046970594849248926 0.02163095909205772
0 0.2848230863451214 0.920553911586705 0.04174096091032524 0.033949102665567034
0 0.407176318467274 0.8920531753767585 0.03144118969849785 0.04144335391920819
0 0.1796875 0.9890625 0.046875 0.021875
0 0.29155157634318163 0.971798162840346 0.04030600666795969 0.035466138558944316
0 0.3409774914958724 0.9391842396416656 0.0362562354561323 0.043142246239076344
0 0.33046875 0.98671875 0.0421875 0.0265625
0 0.2676036354367358 0.9023494808661772 0.045918277879787084 0.027835494985435007
0 0.24579253725350694 0.9403950501456493 0.04735323212215255 0.02631845909205772
0 0.39840735422296875 0.9421895676966265 0.045280549091614476 0.020022994985435007
0 0.39609375 0.9953125 0.0453125 0.009375
0 0.2557094133165229 0.8761961578257813 0.04330346091032524 0.03399456677218975
0 0.3982161645244709 0.9827236394833812 0.045918277879787084 0.027835494985435007
0 0.31364945907415737 0.872951485880742 0.04317591515269079 0.03243206677218957
0 0.35570941331652295 0.8732864550019297 0.045918277879787084 0.027835494985435007
0 0.30736750816577185 0.8544288064138554 0.04604582363742171 0.029397994985435005
0 0.2796875 0.98984375 0.046875 0.0203125
0 0.2003524914958724 0.9432760092377069 0.04604582363742162 0.029397994985435005
0 0.19576058634512136 0.9231453656641978 0.0478634151526907 0.032568459092057724
0 0.3651166221008163 0.9680988498290801 0.04317591515269079 0.03243206677218975