0 0.3421875 0.296875 0.0296875 0.0296875
0 0.575 0.446875 0.028125 0.0265625
0 0.5421875 0.459375 0.0265625 0.028125
0 0.50625 0.315625 0.0265625 0.0265625
0 0.559375 0.4859375 0.028125 0.028125
0 0.253125 0.5640625 0.03125 0.0296875
0 0.4796875 0.19375 0.028125 0.0296875
0 0.4921875 0.3375 0.028125 0.028125
0 0.440625 0.290625 0.028125 0.028125
0 0.309375 0.2890625 0.0296875 0.03125
0 0.2890625 0.1796875 0.0296875 0.03125
0 0.6234375 0.25625 0.028125 0.0265625
0 0.40625 0.3 0.0265625 0.028125
0 0.584375 0.471875 0.028125 0.028125
0 0.5625 0.2359375 0.028125 0.028125
0 0.54375 0.6421875 0.0296875 0.0296875
0 0.253125 0.215625 0.0296875 0.03125
0 0.453125 0.546875 0.0296875 0.0296875
0 0.640625 0.2359375 0.028125 0.028125
0 0.41875 0.384375 0.0296875 0.0296875
0 0.5234375 0.4125 0.0296875 0.028125
0 0.415625 0.434375 0.0296875 0.0296875
0 0.5078125 0.2015625 0.028125 0.0296875
0 0.678125 0.2640625 0.028125 0.028125
0 0.4890625 0.3703125 0.0265625 0.0265625
0 0.640625 0.3125 0.0296875 0.028125
0 0.5515625 0.7796875 0.0296875 0.03125
0 0.578125 0.5046875 0.028125 0.0265625