0 0.2145721560723529 0.14484631868129033 0.12263406847545255 0.11341271397248338
0 0.82109375 0.00546875 0.0390625 0.0109375
0 0.9017321946290158 0.04543656260602251 0.038340609191583754 0.038754965153609613
0 0.909375 0.21171875 0.040625 0.0140625
0 0.015625 0.6375 0.03125 0.0875
0 0.03828125 0.5640625 0.0765625 0.075
0 0.2091046036360294 0.644955446085952 0.09416910703211538 0.08279763103285873
0 0.01328125 0.38125 0.0265625 0.0875
0 0.21264631554079189 0.8461905638719669 0.07682092072720578 0.10401786660488846
0 0.03359375 0.6640625 0.0671875 0.090625
0 0.01640625 0.44140625 0.0328125 0.0453125
0 0.26360803824289586 0.8386161660488851 0.06149630937615384 0.10815972958158007
0 0.2633753917312669 0.4457391852861788 0.05142040252860873 0.09689484736759484
0 0.01796875 0.48359375 0.0359375 0.0546875
0 0.09772940777039593 0.4882838054344464 0.08675712523071262 0.08877481252120453
0 0.2731089420081222 0.5489733126908405 0.10174177513842757 0.055000013246844046
0 0.13264702344038462 0.4006399616950486 0.05464553207825791 0.09856647477225655
0 0.29345861967515835 0.6962302586071566 0.05953329117755644 0.10185516587924895
0 0.1312194355297171 0.6702976972670784 0.07027053207825791 0.09911211179556503
0 0.3148167782207466 0.49430566005843535 0.06235790252860873 0.09727679328391084
0 0.2254143167774095 0.46156259272790745 0.05933303207825791 0.09873016587924913
0 0.92584961751569 0.6761508823836212 0.09453005243632351 0.06410219473518967
0 0.7443621807493551 0.5201488751272271 0.07153264342931002 0.09447917549789579
0 0.7537185919158371 0.44720244844820467 0.08539488433001133 0.09184524881887368
0 0.96171875 0.62265625 0.0765625 0.0671875
0 0.9279757171465498 0.5390328282999372 0.08811936613141391 0.0857043762235353
0 0.8094397748246605 0.854489158792491 0.10098031153562204 0.06744544954451293
0 0.825893980564785 0.4543998787554241 0.07612001387966068 0.09308036660488854
0 0.98828125 0.7109375 0.0234375 0.084375
0 0.8729224814876357 0.7990228979927178 0.06880816162790726 0.10062004809323426
0 0.7750671699520135 0.7316865758528663 0.07027053207825791 0.09911211179556503
0 0.6785369216500565 0.514732199629331 0.07027053207825791 0.09911211179556503
0 0.6871876357142873 0.6740526359270003 0.10088018198597286 0.0658829495445131
0 0.9734375 0.50078125 0.053125 0.0921875
0 0.6872691764304186 0.6023413270339928 0.09543121838316751 0.07816469473518968
0 0.5723636721114819 0.6825149219545169 0.07047079117755653 0.10223711179556502
0 0.6018928809339253 0.5837698871081265 0.0765205320782579 0.09933036660488845
0 0.7710829719269118 0.620858203257528 0.08060725478036197 0.09011905771188111
0 0.8440779858065725 0.7138294424577549 0.06840764342931002 0.09437004809323427
0 0.8472263648947964 0.5440080157787326 0.09599242288667434 0.06259425843752045