0 0.240070676807664 0.5642907116102307 0.029271005931498985 0.029107146641955416
0 0.26360633589519306 0.6011012308475243 0.027644838935304606 0.02749008293962447
0 0.3057301688989987 0.6041369508104575 0.027708505931498983 0.029052582939624472
0 0.3322290019028043 0.606627033750082 0.027644838935304606 0.02749008293962447
0 0.29443984182669214 0.5740129411918107 0.027708505931498983 0.029052582939624472
0 0.23860633589519303 0.6002282116102307 0.02927100593149907 0.029107146641955416
0 0.16736800585713696 0.5820932813030113 0.02927100593149907 0.029107146641955416
0 0.21618750783430327 0.5744097560752678 0.027708505931498983 0.029052582939624472
0 0.19131484182669206 0.5704117368379741 0.02927100593149907 0.029107146641955416
0 0.16369917779624724 0.5569295901960187 0.02927100593149907 0.029107146641955416
0 0.21041766889899866 0.6008085649682753 0.027708505931498983 0.02905258293962465
0 0.18710750289138742 0.5968651094333124 0.027644838935304693 0.02749008293962447
0 0.16784284973535749 0.5320387176006804 0.029271005931499026 0.029107146641955416
0 0.17823652167446774 0.5073660998146655 0.02920733893530465 0.02754464664195542
0 0.40423133589519306 0.6060119640573014 0.027644838935304606 0.02749008293962447
0 0.6362293882901012 0.34471734390903375 0.030960839923887918 0.032286710344286186
0 0.5732837193167406 0.35347229581579953 0.032523339923887916 0.03234127404661713
0 0.7357837193167406 0.3591469208582085 0.03089717292769336 0.03072421034428636
0 0.6909168882901012 0.3466270734906137 0.029334672927693362 0.030669646641955418
0 0.5375 0.30859375 0.015625 0.0296875
0 0.6589957262368228 0.32360623574166575 0.030833505931498983 0.029161710344286183
0 0.651594403118849 0.27484135352768063 0.029271005931499162 0.029107146641955416
0 0.7517323714841874 0.42855168528617876 0.03089717292769336 0.03072421034428636
0 0.717925057263462 0.3366171564302383 0.029271005931498985 0.029107146641955416
0 0.7223870641835444 0.30391378383490003 0.029334672927693362 0.030669646641955418
0 0.8747719179475965 0.8724702885594053 0.07266817885919252 0.060267866604888455
0 0.7797830701150433 0.938001030121885 0.05930601581733086 0.07696429328391083
0 0.9043029090503479 0.9157490626060225 0.057679848821136345 0.07534722958157988
0 0.9796875 0.9140625 0.040625 0.078125
0 0.9300722301911556 0.974543709247978 0.07821784190105419 0.04329862141421188
0 0.9433017420541535 0.9186756551642941 0.052992348821136306 0.0751835384745874
0 0.8426014050960152 0.9323710782151192 0.057679848821136394 0.07534722958158006
0 0.86484375 0.99296875 0.0796875 0.0140625