0 0.359375 0.7 0.0234375 0.0234375
0 0.246875 0.6890625 0.025 0.0234375
0 0.3859375 0.7265625 0.0234375 0.025
0 0.3296875 0.7140625 0.0234375 0.0234375
0 0.3390625 0.6734375 0.0234375 0.0234375
0 0.33125 0.740625 0.0234375 0.0234375
0 0.38125 0.6734375 0.0234375 0.0234375
0 0.3234375 0.765625 0.025 0.025
0 0.2734375 0.665625 0.0234375 0.0234375
0 0.309375 0.684375 0.0234375 0.0234375
0 0.3140625 0.6578125 0.0234375 0.0234375
0 0.25 0.725 0.025 0.0234375
0 0.221875 0.74375 0.0234375 0.0234375
0 0.28125 0.7328125 0.0234375 0.0234375
0 0.2796875 0.7640625 0.0234375 0.0234375
0 0.378125 0.771875 0.0234375 0.025
0 0.3046875 0.7125 0.0234375 0.0234375
0 0.2953125 0.66875 0.021875 0.0234375
0 0.2515625 0.6453125 0.0234375 0.0234375
0 0.30625 0.7390625 0.021875 0.0234375
0 0.2375 0.7796875 0.021875 0.0234375
0 0.2203125 0.765625 0.0234375 0.0234375
0 0.2625 0.7484375 0.0234375 0.0234375
0 0.2578125 0.7703125 0.0234375 0.0234375
0 0.2328125 0.63125 0.0234375 0.0234375