0 0.5531943664352525 0.3297305810555187 0.01935020072563951 0.01806079528527036
0 0.500357053914048 0.40865179362813125 0.017842264427970277 0.019550520678164318
0 0.4769741176163789 0.40599767452154334 0.01778770072563951 0.017988020678164317
0 0.5250148027329216 0.32998313812761315 0.01935020072563951 0.01806079528527036
0 0.5178173724257024 0.4016398143062957 0.01778770072563951 0.017988020678164497
0 0.536676499830364 0.39938810959156595 0.01778770072563951 0.017988020678164317
0 0.4950147894860777 0.42718346980681365 0.01778770072563951 0.017988020678164497
0 0.5473610286863045 0.3623247572342011 0.017787700725639333 0.017988020678164317
0 0.5139830442954011 0.42180676509208404 0.01778770072563951 0.017988020678164317
0 0.538948327960665 0.3791483841986718 0.01935020072563951 0.01806079528527036
0 0.5106050731513416 0.38408844127076647 0.017842264427970277 0.019550520678164318
0 0.44704851543946056 0.456250231593638 0.017842264427970277 0.019550520678164495
0 0.466656665709613 0.3429154776646966 0.01778770072563951 0.017988020678164317
0 0.5633134109002895 0.35367750330525977 0.01778770072563951 0.017988020678164317
0 0.4931447546396875 0.39110042059260197 0.01778770072563951 0.017988020678164497
0 0.4761010983790851 0.4309976745215433 0.01940476442797028 0.01962329528527036
0 0.4345336464723194 0.3664599855225793 0.01935020072563933 0.01806079528527036
0 0.48572906952314465 0.4690070967712844 0.01940476442797028 0.01962329528527036
0 0.44934019093735655 0.39062523159363793 0.01940476442797028 0.01962329528527036
0 0.476954270248784 0.4513829491286492 0.017842264427970277 0.019550520678164318
0 0.5590971368536726 0.38478195409104804 0.01778770072563951 0.017988020678164317
0 0.5129860286863045 0.36072371587787233 0.017787700725639333 0.017988020678164317
0 0.4970336464723194 0.36937096980681366 0.01940476442797028 0.01962329528527036
0 0.5393997065464531 0.4558564334128835 0.01940476442797028 0.01962329528527036
0 0.4616566524627691 0.44128020305759075 0.01940476442797028 0.01962329528527036
0 0.5450693531884087 0.42794975723420114 0.01778770072563951 0.017988020678164317
0 0.5305554746026205 0.3505867365560366 0.01778770072563951 0.017988020678164317
0 0.5636010983790852 0.43507305251947137 0.01778770072563951 0.017988020678164497
0 0.7806001477382637 0.3450515583104396 0.05336310217691818 0.05396406203449331
0 0.80385908766413 0.2616226282028158 0.05341766587924894 0.05552656203449331
0 0.9473511381196168 0.36533844127076637 0.05492560217691818 0.054036836641599174
0 0.8338689914776616 0.38822366955914467 0.05498016587924912 0.055599336641599176
0 0.8579463869384906 0.2813572394515208 0.05498016587924894 0.055599336641599176
0 0.8194096765942043 0.30929814888098023 0.051746038474587405 0.052328787427387446
0 0.99375 0.34453125 0.0125 0.0546875
0 0.68125 0.70390625 0.053125 0.0703125
0 0.56328125 0.69609375 0.0484375 0.0546875
0 0.51015625 0.6953125 0.0609375 0.053125
0 0.6436953700634496 0.7375473891610705 0.06440972958158006 0.05759848428423435
0 0.6777777041842004 0.7923462051245054 0.06586310217691818 0.05454625889134022
0 0.71953125 0.85390625 0.0609375 0.0609375
0 0.46179060563547925 0.747855534736791 0.04760417549789579 0.06773546360606986
0 0.41138881235156843 0.8018495219165095 0.052237111795565026 0.06639128742738727
0 0.5822122330401409 0.7503341794839422 0.06871528366526398 0.046879308105551944
0 0.587440391662996 0.8695208271265773 0.046150802902557686 0.070787688998964
0 0.5072667967424719 0.745278498342861 0.050674611795565025 0.06631851282028159
0 0.5300296849469068 0.8105053920565547 0.050729175497895976 0.06788101282028158
0 0.3980505094490108 0.8700900996667684 0.046150802902557686 0.070787688998964
0 0.7328125 0.928125 0.034375 0.05
0 0.6166169709744235 0.9303513192686944 0.04938493030721922 0.07405823821317573
0 0.4692013123515684 0.8045421823794262 0.0613938569862416 0.060577935070022626
0 0.6464532931142747 0.837838487589494 0.07189484736759474 0.04858735731976367
0 0.5366764998303639 0.8890670396991898 0.046205366604888456 0.07235018899896399
0 0.4737052738769811 0.8548332808078497 0.0672619110699257 0.0499315334984459
0 0.72578125 0.96953125 0.0484375 0.0515625
0 0.5671875 0.97421875 0.071875 0.0515625
0 0.8408431885751039 0.9144651459854961 0.041989092558271324 0.040954639784752264
0 0.89453125 0.98203125 0.0421875 0.0359375
0 0.8421875 0.9890625 0.040625 0.021875