0 0.2078125 0.25859375 0.065625 0.0609375
0 0.06953125 0.2640625 0.0859375 0.05
0 0.1625 0.253125 0.0625 0.071875
0 0.2883902679217413 0.6314524161678878 0.03463260523343692 0.033736382573423464
0 0.3007376204537552 0.7356663194872357 0.03472361049510884 0.035298882573423465
0 0.2507390785015547 0.5778071979114744 0.03307010523343692 0.03361798340326061
0 0.1661512468750539 0.6344375514406038 0.03472361049510884 0.035298882573423465
0 0.284643641641617 0.594070815338051 0.03307010523343692 0.03361798340326043
0 0.23388477844508504 0.6387213871235937 0.03307010523343692 0.03361798340326061
0 0.12276526792174129 0.6440027282051684 0.03463260523343692 0.033736382573423464
0 0.10877836263183456 0.6733117199067987 0.03463260523343692 0.03373638257342364
0 0.07728616794997611 0.6176304049697331 0.03472361049510884 0.035298882573423465
0 0.33429503114650816 0.5573511427226711 0.03463260523343692 0.03373638257342364
0 0.22155137841685005 0.6694744796550609 0.03307010523343692 0.03361798340326061
0 0.22517763637994506 0.5970074838042458 0.03307010523343692 0.03361798340326043
0 0.15164913111827313 0.6010097448019079 0.03307010523343692 0.03361798340326061
0 0.1882236679499762 0.6092240638881584 0.03307010523343692 0.03361798340326061
0 0.07763477844508504 0.6505613041398961 0.03463260523343692 0.033736382573423464
0 0.328560241613382 0.6205615377436493 0.03463260523343692 0.033736382573423464
0 0.2952479416980866 0.5336302228065837 0.03297909997176518 0.03205548340326052
0 0.1855228731551783 0.6706351605688105 0.03307010523343692 0.03361798340326043
0 0.1028769731269434 0.7067162157576138 0.03472361049510884 0.035298882573423465
0 0.04071163111827323 0.6094160858834826 0.03472361049510884 0.03529888257342364
0 0.262253431174743 0.5329916053800072 0.03307010523343692 0.03361798340326043
0 0.1460963521084908 0.667345139822886 0.03307010523343692 0.03361798340326043
0 0.10230157850155468 0.5890551190769617 0.03463260523343692 0.03373638257342364
0 0.03643292577189676 0.6976264809044608 0.03472361049510884 0.035298882573423465
0 0.06472598379146141 0.5636532999907112 0.033161110495108836 0.03518048340326043
0 0.25049542577189676 0.6814057945921265 0.03307010523343692 0.03361798340326043
0 0.09735647326811776 0.5580419174172877 0.03472361049510884 0.035298882573423465
0 0.03402201536149252 0.5753962833939716 0.03472361049510884 0.035298882573423465
0 0.8167560045558002 0.864878377575824 0.05456567363517095 0.05546967261537983
0 0.8029679783886152 0.7089835750863132 0.05621917889684287 0.05715057178554286
0 0.785812757539572 0.49527627259680224 0.056128173635170954 0.055588071785542856
0 0.770719836605824 0.37086826844761733 0.05291216837349921 0.0537887734452168
0 0.7921075311465081 0.5764078734266392 0.056128173635170954 0.055588071785542856
0 0.7963091837349917 0.6216019742564762 0.056037168373499216 0.05402557178554286
0 0.7578125 0.29609375 0.053125 0.0140625
0 0.8096421835938173 0.769684276745987 0.05778167889684287 0.05726897095570589
0 0.7725861734939967 0.3220755709371283 0.052821163111827295 0.052226273445216756
0 0.7809894786709639 0.4124637725968022 0.056128173635170954 0.055588071785542856