0 0.01015625 0.05234375 0.0203125 0.0859375
0 0.0125 0.33125 0.025 0.090625
0 0.16885000887895094 0.31643821516384846 0.09452553218308672 0.08331229991529536
0 0.01015625 0.1125 0.0203125 0.046875
0 0.12284836607187284 0.0768605046969745 0.05343063861970414 0.09648015785015547
0 0.0777765306704774 0.1605228731551783 0.08715007475773362 0.08910727360693613
0 0.24270240814231672 0.22503894141573796 0.10193384059717552 0.05573333148532651
0 0.20652424354371224 0.13664429935059808 0.05968063861970414 0.09684417889684287
0 0.1439271464902488 0.5158011783321454 0.07563342055068922 0.10244173151356133
0 0.24657008933666785 0.12485693089239422 0.05186813861970414 0.09638915258848364
0 0.19603594970855748 0.5109918519673166 0.06346120248167449 0.10640118942018653
0 0.24369718956909878 0.3678634782474409 0.05844592055068922 0.10144067363517095
0 0.08552405664937801 0.3413934415569123 0.06916489926336596 0.09895271046687384
0 0.0234375 0.23203125 0.046875 0.0765625
0 0.2903857913141392 0.17133708874254977 0.06124313861970414 0.09693518415851479
0 0.7140860992240249 0.24461090486638373 0.09099634059717551 0.055096294653623444
0 0.8006898707634498 0.17278067847331985 0.08271394703379294 0.07017526308359248
0 0.793183737339526 0.3025591837349918 0.045071835401395435 0.08821263154179633
0 0.9194398707634498 0.1796970783603804 0.057353314114071983 0.08581567363517095
0 0.6787384611085239 0.1892107733245874 0.09066855866619035 0.05040879465362345
0 0.6192220774324984 0.38969662073610384 0.07286905347041017 0.08516322625188959
0 0.609037966304304 0.22123504707269798 0.09368429802252862 0.04902830517696728
0 0.7411399081423167 0.12695296800644584 0.05579081411407198 0.08572466837349921
0 0.8861032108564224 0.275024988911959 0.09179401609154336 0.04424979991529536
0 0.6188393012014963 0.2829915944277445 0.07265053218308673 0.08203822625188942
0 0.853247152190232 0.3186083889401939 0.08798060124083733 0.05647678413027997
0 0.7428123967423504 0.3498290258848362 0.07265053218308673 0.08203822625188942
0 0.6840929606043208 0.33699582594130595 0.07835422896477802 0.0745897472985769
0 0.6534213868549933 0.12498167335282231 0.06661905347041017 0.0847992052052021
0 0.7284328224888197 0.2862369627447741 0.09110560124083725 0.056658794653623445
0 0.6970621262113316 0.1290923206796341 0.06025979282674845 0.08287268415851479
0 0.53203125 0.14921875 0.0640625 0.0703125
0 0.5864852591310525 0.1399094523626047 0.06974405347041017 0.08498121572854593
0 0.6228719652958977 0.5169871628294785 0.0793375747577337 0.08865224729857672
0 0.574433737339526 0.2898184471009328 0.06527507475773371 0.08783319994353037
0 0.6239959668085071 0.07463306285771347 0.08740144703379285 0.07044827886860805
0 0.53203125 0.3265625 0.0640625 0.040625
0 0.39453125 0.5984375 0.0328125 0.01875
0 0.53125 0.96875 0.0625 0.0625
0 0.5546875 0.98828125 0.059375 0.0234375
0 0.59375 0.9890625 0.05625 0.021875
0 0.6359375 0.9875 0.05 0.025
0 0.8058144133380969 0.8438043519673165 0.052228771539424915 0.07929265785015538
0 0.8963301526944351 0.8506451571442838 0.08554401609154354 0.04388577886860787