0 0.13046875 0.02421875 0.0484375 0.0484375
0 0.2587302586071566 0.07821421380284725 0.07194941106992551 0.04933036660488845
0 0.221875 0.02734375 0.059375 0.0546875
0 0.17109375 0.02578125 0.0484375 0.0515625
0 0.18809037639317144 0.0712945804077358 0.07038691106992552 0.04927580290255769
0 0.271875 0.0328125 0.05625 0.065625
0 0.12698918528617878 0.0687350647986392 0.07055060217691818 0.053963302902557686
0 0.0671875 0.0328125 0.05625 0.065625
0 0.0140625 0.028125 0.028125 0.05625
0 0.04453125 0.02890625 0.0359375 0.0578125
0 0.08699910234655425 0.04353665735691052 0.05105655771188102 0.07669147477225664
0 0.7888790277596323 0.15844735082615582 0.05901290145127884 0.036393856986241604
0 0.6100843943645208 0.23508924029653516 0.0637549651536097 0.03812004809323426
0 0.7666369508104575 0.05910211525412614 0.04845734736759475 0.046949411069925694
0 0.7317411395551974 0.22458327151472837 0.05001984736759475 0.04700397477225664
0 0.7095090194069298 0.9254165960168323 0.0728224303072194 0.07433036660488845
0 0.6065278631463275 0.8883382366683381 0.08337798439090331 0.06377481252120454
0 0.5561607861971527 0.7899751477382637 0.05278274881887368 0.08143353847458741
0 0.7541766455456471 0.6813739301375834 0.06517362141421187 0.07874504809323427
0 0.8606647477225653 0.729280662081416 0.051165685116542646 0.07981647477225665
0 0.6541716671451935 0.5503273159797655 0.07120536660488845 0.07271330290255769
0 0.7505952885594054 0.6236159938399142 0.08595734736759475 0.04825893992586625
0 0.7358135698624166 0.8275048856725462 0.05429068511654282 0.07992560217691817
0 0.7078324136018145 0.7878074686121707 0.05736112141421188 0.07847222958158007
0 0.7254712921876025 0.7105356404818697 0.054181557711881115 0.07680060217691817
0 0.6820288270339928 0.6760713604448026 0.07120536660488845 0.07271330290255769
0 0.6471429063454203 0.6178421981937506 0.0786904843909035 0.06361112141421188
0 0.6803423306621899 0.7621725515517953 0.05261905771188111 0.07674603847458741
0 0.6211310217691824 0.7689334722403678 0.08165179328391084 0.05903274881887359