0 0.3025686517764644 0.3002523254784566 0.0512371683207995 0.028891287427387446
0 0.390625 0.31328125 0.046875 0.0328125
0 0.353125 0.3171875 0.028125 0.025
0 0.3296875 0.31640625 0.028125 0.0265625
0 0.3078125 0.31875 0.03125 0.021875
0 0.375509653843379 0.8452438019048081 0.044225188998964174 0.04571491439185813
0 0.3048718221641785 0.8751539338316775 0.044225188998963993 0.04571491439185813
0 0.43586064888098025 0.7625725430134679 0.04415241439185813 0.04415241439185813
0 0.34466206823523715 0.888959568654031 0.040954639784752264 0.0424443651776464
0 0.25847201116314256 0.9211599466519591 0.044225188998963993 0.04571491439185813
0 0.4399745682352371 0.8845203176205738 0.04571491439185813 0.044225188998963993
0 0.45859375 0.83828125 0.0203125 0.0453125
0 0.1648031703877142 0.4902053531859344 0.04742296360606986 0.04742296360606986
0 0.3344779313459689 0.7375426178682428 0.04415241439185813 0.04415241439185813
0 0.42999583085063087 0.5357917191921503 0.04586046360606986 0.047350188998963996
0 0.3192211124870501 0.8134159131535131 0.04571491439185813 0.044225188998963993
0 0.37273991066780454 0.7185357526905964 0.04258991439185813 0.04407963978475245
0 0.28259440777232037 0.8339125037240537 0.04415241439185813 0.04415241439185813
0 0.24451221091547354 0.8231590942945942 0.042517139784752266 0.042517139784752266
0 0.37140865880577767 0.9252951749403373 0.045787688998963995 0.045787688998963995
0 0.28603612324041705 0.6724655814743127 0.04571491439185813 0.044225188998963993
0 0.17728616955914464 0.7918406277930402 0.047350188998963996 0.04586046360606986
0 0.33247016749223 0.5935742940469252 0.04415241439185813 0.04415241439185813
0 0.38448223945152077 0.8025468796550671 0.042517139784752266 0.042517139784752266
0 0.13824497849326606 0.5587755707209456 0.045787688998963995 0.045787688998963995
0 0.17462343424145307 0.6338098039717226 0.047350188998963996 0.04586046360606986
0 0.4515625 0.796875 0.034375 0.046875
0 0.209375 0.98125 0.046875 0.0375
0 0.4448973928851242 0.5867720223353035 0.042517139784752266 0.042517139784752266
0 0.05642139784752294 0.6847259487188737 0.047350188998963996 0.04586046360606986
0 0.1064257059530748 0.749730210505698 0.047350188998963996 0.04586046360606986
0 0.2627099392038518 0.7095674751880063 0.04415241439185813 0.04415241439185813
0 0.40736746773989907 0.6887369367271616 0.04415241439185813 0.04415241439185813
0 0.3121191261359012 0.5600725893321955 0.040954639784752445 0.0424443651776464
0 0.1973674214211715 0.5842079102580289 0.045787688998963995 0.045787688998963995
0 0.12647703266987648 0.6423158167920042 0.045787688998963995 0.045787688998963995
0 0.13636576302516934 0.7201497183635809 0.047350188998963996 0.04586046360606986
0 0.2636430847795723 0.5278808275453712 0.04586046360606986 0.047350188998963996
0 0.2803254706353832 0.5834758560814185 0.040954639784752264 0.0424443651776464
0 0.12518001405862664 0.8161899644346395 0.045787688998963995 0.045787688998963995
0 0.06638290280992165 0.7641223502904502 0.047350188998963996 0.04586046360606986
0 0.4459933200972639 0.6775425715495152 0.042517139784752446 0.042517139784752266
0 0.31063370884855895 0.6290409131535131 0.04415241439185813 0.04415241439185813
0 0.24173385152879537 0.5617849466519591 0.04415241439185813 0.04415241439185813
0 0.08749161538253421 0.7130307311838624 0.047350188998963996 0.04586046360606986
0 0.13742314888098023 0.7764724929706868 0.04080909057054054 0.039319365177646406
0 0.16518858395100278 0.8346830992569929 0.0424443651776464 0.040954639784752445
0 0.38521429362813125 0.8855049288692788 0.0408818651776464 0.0408818651776464
0 0.15703125 0.9765625 0.0484375 0.046875
0 0.3093709234880861 0.7700297861890424 0.04415241439185813 0.04415241439185813
0 0.04298394416625051 0.7996617440041439 0.047350188998963996 0.04586046360606986
0 0.3905737659206535 0.5971316335840084 0.04571491439185813 0.044225188998963993
0 0.06339052770747777 0.5653937518620268 0.048985463606069854 0.04749573821317572
0 0.0841183664159915 0.8087071042193916 0.04407963978475227 0.04258991439185813
0 0.0893023643490769 0.617427132755439 0.047350188998963996 0.04586046360606986
0 0.20533408684648694 0.7216351356509231 0.04080909057054054 0.039319365177646406
0 0.2346191724546288 0.677992143508806 0.04415241439185813 0.04415241439185813
0 0.2655610731976358 0.9725041228306415 0.04742296360606986 0.04742296360606986
0 0.26808233581302965 0.6231933275453712 0.044225188998963993 0.04571491439185813
0 0.3005139619489309 0.916070032260101 0.042517139784752266 0.042517139784752266
0 0.428634653843379 0.842769465263209 0.04578768899896417 0.04578768899896417
0 0.5520977708830521 0.4453165765119139 0.04891268899896417 0.04593323821317572
0 0.5527955918088857 0.5611599003332315 0.04905823821317572 0.04905823821317572
0 0.9095935554149556 0.5899525645202018 0.05218323821317554 0.049203787427387444
0 0.7193965868464869 0.47353996815869304 0.047350188998963996 0.04586046360606986
0 0.97421875 0.5015625 0.0515625 0.05
0 0.8714642009906761 0.41008528205521316 0.050547963606069855 0.047568512820281586
0 0.9419607915612165 0.44438319934255543 0.05374573821317554 0.04927656203449331
0 0.7678726282028159 0.5057317299455173 0.048985463606069854 0.04749573821317572
0 0.9385619255550008 0.707610945413614 0.05218323821317554 0.049203787427387444
0 0.6191526459854961 0.6410614160489972 0.04905823821317572 0.04905823821317572
0 0.7831979135632887 0.3640878854460353 0.048985463606069854 0.04749573821317572
0 0.9225258949520387 0.5314123184491433 0.05374573821317554 0.04927656203449331
0 0.6144608378799442 0.573946690656103 0.048985463606069854 0.04749573821317572
0 0.535869265092084 0.6684287448327135 0.05069351282028158 0.05069351282028158
0 0.6249573821317572 0.4967292191921503 0.05062073821317572 0.04913101282028158
0 0.8385918507002257 0.6120501964470713 0.053818512820281585 0.05083906203449331
0 0.6916311517764644 0.4153293618723867 0.04735018899896417 0.04586046360606986