0 0.13980537444993685 0.48726909679518576 0.019514003954332716 0.02039041244111104
0 0.18342804045754804 0.4865664677659266 0.021076503954332713 0.02052711347787035
0 0.20032638038143585 0.45394945739833403 0.019514003954332716 0.02039041244111104
0 0.15651271338524148 0.4593395864275932 0.019514003954332716 0.02039041244111104
0 0.15683636555268826 0.5278161843540747 0.021140170950527094 0.022089613477870175
0 0.3148530898867068 0.9663743790757419 0.04228034190105419 0.044179226955740704
0 0.23599326083723388 0.9530336319504642 0.04228034190105419 0.044179226955740704
0 0.17129409087528993 0.9742633744575937 0.04234400889724856 0.045741726955740705
0 0.2948880997725385 0.9214131935903715 0.04228034190105419 0.044179226955740704
0 0.2696042568829012 0.9687762091417603 0.040654174904859806 0.04248002591898139
0 0.2296875 0.98828125 0.040625 0.0234375
0 0.3421875 0.9890625 0.040625 0.021875
0 0.3015625 0.99375 0.040625 0.0125
0 0.53125 0.72734375 0.04375 0.0546875
0 0.6108235285945499 0.7401029879354638 0.05911501482874755 0.07523373732333312