0 0.11871277969467631 0.37186387041964375 0.08953734387822046 0.05458568068726617
0 0.19684309688115106 0.2995595024863908 0.08079901384016441 0.06971935775648745
0 0.20234375 0.40703125 0.0421875 0.0453125
0 0.31559309688115106 0.30578292627625203 0.05493685079830275 0.08551477611928178
0 0.07748560182406701 0.3166916915413999 0.08934634288963732 0.049898180687265994
0 0.02890625 0.34765625 0.0578125 0.0484375
0 0.13262408798390252 0.2540965162812007 0.05337435079830275 0.0854328889641522
0 0.2929779506452034 0.40126584463904624 0.0906541749048598 0.04373006784239593
0 0.03125 0.39921875 0.0625 0.0609375
0 0.26484375 0.42265625 0.0859375 0.0140625
0 0.045251421976291305 0.25263583559393465 0.06424818380210837 0.08444359905006031
0 0.13671875 0.40703125 0.0890625 0.0453125
0 0.08906508897248573 0.25649117593756776 0.057934516805913994 0.0825535504295413
0 0.00703125 0.2671875 0.0140625 0.084375
0 0.0265625 0.2015625 0.053125 0.06875
0 0.28461371642535316 0.08119900610443546 0.05806185079830275 0.08567855042954128
0 0.3939250494291587 0.08536860696351808 0.0940338428896375 0.05014384215265535
0 0.73828125 0.42421875 0.0203125 0.0109375
0 0.83359375 0.4265625 0.0171875 0.00625
0 0.77109375 0.425 0.0171875 0.009375
0 0.80703125 0.42421875 0.0171875 0.0109375
0 0.78828125 0.4234375 0.0171875 0.0125
0 0.11087642197629126 0.47503089325956516 0.0682990138401646 0.06906426051544959
0 0.07712214037881075 0.7180505529159322 0.06673651384016441 0.06898237336031983
0 0.11179693482787254 0.5358865061044354 0.0682990138401646 0.06906426051544959
0 0.15546731627225369 0.76581302351729 0.06998884783255335 0.07227114767057934
0 0.08480198919994723 0.7917337143813213 0.06686384783255335 0.07210737336031983
0 0.14354563642447804 0.7028217005865115 0.07155134783255335 0.0723530348257091
0 0.15670616410480695 0.8344811363621603 0.0683626808363588 0.07062676051544976
0 0.8212594595424519 0.6908063794647553 0.09310801285158128 0.0656869549975255
0 0.6432724279077904 0.5317987924004826 0.0693813527754692 0.09562676051544958
0 0.65390625 0.4671875 0.0828125 0.075
0 0.8659061146756482 0.6385754941186479 0.08854784684397003 0.06856629353213642
0 0.8265942638773455 0.5538795895506635 0.08618685079830275 0.0871525192218769
0 0.7005834980971957 0.8669041327441157 0.09948534684397004 0.06913950361804452
0 0.9439859882113639 0.8328854160994867 0.09479784684397004 0.06889384215265544
0 0.72578125 0.471875 0.0734375 0.084375
0 0.916346466462534 0.7285321087725404 0.08612318380210837 0.0855900192218769
0 0.7654153192380033 0.812612780414695 0.0665110207602467 0.10171298620519006
0 0.6690549723940332 0.7436370511069098 0.06800985376405215 0.10023237336031983
0 0.5775200939154016 0.525234531885033 0.06800985376405233 0.10023237336031983
0 0.5824516275272295 0.6845276447299031 0.09942167984777565 0.06757700361804453
0 0.9227131660819733 0.8847821087725404 0.0918001808363588 0.07185506784239593
0 0.8812525889724856 0.5177650271353346 0.06463018577927464 0.09381859905006032
0 0.5842104457022875 0.6128983061952924 0.09368101581733086 0.0797494549975255
0 0.475 0.690625 0.05 0.103125
0 0.4991987757403436 0.5928513998182858 0.07425985376405234 0.10055992198083885
0 0.6676596156642314 0.6328633254171694 0.07856535178688588 0.09143058344622812
0 0.7385398014435062 0.7270094730877487 0.0662563527754692 0.09546298620519007
0 0.7456625988583174 0.5574339574839164 0.0946068458553869 0.06420634215265544