0 0.553125 0.325 0.03125 0.03125
0 0.8921875 0.6375 0.0421875 0.0390625
0 0.8546875 0.325 0.0359375 0.03125
0 0.5921875 0.3328125 0.03125 0.03125
0 0.5328125 0.46875 0.034375 0.034375
0 0.3546875 0.584375 0.0375 0.0359375
0 0.48125 0.4171875 0.0328125 0.0328125
0 0.1703125 0.371875 0.034375 0.0328125
0 0.315625 0.3375 0.0328125 0.03125
0 0.5234375 0.4171875 0.0328125 0.0328125
0 0.71875 0.6234375 0.0375 0.0359375
0 0.553125 0.2875 0.0328125 0.03125
0 0.6640625 0.4015625 0.034375 0.0328125
0 0.8671875 0.35625 0.0359375 0.0328125
0 0.628125 0.275 0.03125 0.03125
0 0.4171875 0.415625 0.034375 0.03125
0 0.68125 0.3546875 0.0328125 0.0328125
0 0.7046875 0.3828125 0.034375 0.0328125
0 0.3609375 0.5046875 0.034375 0.0328125
0 0.7265625 0.4109375 0.0359375 0.0328125
0 0.6609375 0.2796875 0.03125 0.03125
0 0.725 0.3359375 0.034375 0.0328125
0 0.69375 0.2703125 0.0328125 0.03125
0 0.5078125 0.3125 0.0328125 0.0328125
0 0.7015625 0.303125 0.0328125 0.0328125
0 0.63125 0.3203125 0.03125 0.03125
0 0.66875 0.3125 0.0328125 0.0328125
0 0.753125 0.26875 0.034375 0.0328125