0 0.01015625 0.29375 0.0203125 0.04375
0 0.00625 0.34296875 0.0125 0.0453125
0 0.0046875 0.38671875 0.009375 0.0453125
0 0.99296875 0.546875 0.0140625 0.025
0 0.29112860391473117 0.6418127560169797 0.0442590773392725 0.046553627390180985
0 0.35859375 0.575 0.0421875 0.03125
0 0.48828125 0.56953125 0.0234375 0.0203125
0 0.35239336791854925 0.6097827035806562 0.04424089600572696 0.044991127390181164
0 0.40261154392109455 0.5878285579918778 0.042696577339272325 0.046453497840531634
0 0.4382763239179129 0.6089630783499435 0.0426965773392725 0.046453497840531634
0 0.32265625 0.56484375 0.0421875 0.0109375
0 0.22146953723745896 0.7243434562015498 0.044277258672817864 0.048116127390180986
0 0.4082433785805494 0.6405530397932806 0.042696577339272325 0.04645349784053181
0 0.25700814258436744 0.6221406061092647 0.0426965773392725 0.046453497840531634
0 0.47890625 0.76328125 0.0421875 0.0484375
0 0.45010361457673137 0.665974541952749 0.044259077339272326 0.046553627390180985
0 0.31405702657545875 0.6840608127722398 0.0442590773392725 0.046553627390180985
0 0.3134581372533673 0.6013484423218891 0.041097714672181596 0.04322836829088246
0 0.44772295456718647 0.7363871715023983 0.04271475867281786 0.04801599784053181
0 0.4921875 0.7265625 0.015625 0.046875
0 0.3638024879058225 0.7027316671834616 0.0442590773392725 0.046553627390180985
0 0.28838431723427727 0.743475385566629 0.044277258672817864 0.048116127390180986
0 0.2875 0.57578125 0.040625 0.0328125
0 0.44249001456082304 0.7835625601513462 0.04429544000636341 0.04967862739018116
0 0.29530593189055054 0.8195372378183823 0.04429544000636341 0.04967862739018099
0 0.3726138665659137 0.7505683898855656 0.044277258672817864 0.04811612739018116
0 0.3487581958943685 0.7880078331303054 0.04429544000636332 0.04967862739018099
0 0.4155457065563687 0.8180772624953846 0.04429544000636341 0.04967862739018116
0 0.484375 0.8 0.03125 0.046875
0 0.53828125 0.94453125 0.0765625 0.1015625
0 0.53359375 0.71015625 0.0671875 0.0796875