0 0.4515625 0.45625 0.034375 0.06875
0 0.21796875 0.48671875 0.1015625 0.0265625
0 0.09223494967898374 0.2564489071475437 0.09670345048646736 0.08357118676785795
0 0.16393049188562045 0.09050025498009692 0.08908186525911965 0.09419035178688598
0 0.02109375 0.24609375 0.0421875 0.1015625
0 0.09095309334831772 0.3298864071475437 0.1011727621748646 0.07126218775644108
0 0.18224056656295656 0.3852052599230128 0.06421823295387145 0.10098417984777566
0 0.0844145413991531 0.16700440517037735 0.07046823295387146 0.10123884783255317
0 0.18113380844528174 0.269452925930624 0.07660913879807012 0.09524351581733086
0 0.2421373125024715 0.0889961047898165 0.07200345941492117 0.09974001482874754
0 0.1547543149381035 0.168306919999125 0.0735386858759707 0.0982411818249421
0 0.2639384001654511 0.18370110973273235 0.09793866801906326 0.06488485376405215
0 0.4151111623403157 0.12262564136739398 0.06575345941492117 0.09948534684397004
0 0.3548634090939048 0.17020629551200708 0.09050799756436803 0.08644151878308026
0 0.3971679115295368 0.2548014714054501 0.09497730925276535 0.0741325197716634
0 0.25770421672511235 0.3616987757403436 0.06421823295387127 0.10098417984777566
0 0.43828125 0.3453125 0.0609375 0.0875
0 0.29060644562179394 0.4474744496566202 0.06424550649282175 0.10254667984777566
0 0.3492292435104735 0.31382896151961825 0.09796594155801355 0.06644735376405216
0 0.6100963798729115 0.14433090912471008 0.08477619480442442 0.11587435079830274
0 0.5515625 0.4578125 0.075 0.084375
0 0.51953125 0.14609375 0.1015625 0.1078125
0 0.7386269342577082 0.3950551038012334 0.11221935633066593 0.07795785672980174
0 0.6379292792242885 0.2517905820524035 0.11690685633066593 0.07814885771838505
0 0.8600382840955525 0.4265836295043958 0.10640573295387146 0.10270318874502422
0 0.5455587727314668 0.3480978962731288 0.08784664772652384 0.1128766847906915
0 0.4890625 0.4171875 0.040625 0.084375
0 0.7930065170494239 0.32534478167184266 0.10769549756436803 0.0871418557412186
0 0.8096600032497061 0.17748028463759216 0.07860801542127546 0.12030718281352523
0 0.48515625 0.3375 0.0328125 0.1
0 0.51328125 0.23515625 0.0890625 0.1140625
0 0.741490655847494 0.23099260380123326 0.10476141233702041 0.09795202174882985
0 0.63671875 0.44453125 0.0765625 0.1109375
0 0.06453841802235853 0.5588974279077903 0.046130706168510116 0.04872134288963732
0 0.11020547402871302 0.5404312707974277 0.046130706168510116 0.04872134288963732
0 0.05212814691904022 0.6428267589344296 0.04769320616851012 0.0487850098858317
0 0.08203125 0.50859375 0.0453125 0.0171875
0 0.151111117698047 0.6155877796946763 0.04766593262955983 0.047222509885831696
0 0.13165200568533814 0.6554487757403435 0.04610343262955983 0.04715884288963732
0 0.15831569156130892 0.5611549476794538 0.04766593262955983 0.047222509885831696
0 0.6162645592560605 0.6391632480600147 0.08269549756436803 0.08612318380210837
0 0.7995213441590966 0.7107384536109529 0.08730117694751698 0.0816266847906915
0 0.8581520503276069 0.6662191324701453 0.0657261858759707 0.09792284684397004
0 0.7132565616916926 0.7259867688202613 0.0979113944801128 0.06332235376405215
0 0.6071702029253946 0.7122824130790427 0.07033186525911965 0.09342634783255335
0 0.691373653411862 0.6359692638773454 0.07033186525911965 0.09342634783255335
0 0.8434428936726294 0.7922722965005903 0.09338753571381489 0.0725063527754692
0 0.6321235641273246 0.8055522520143473 0.07345686525911965 0.09355368182494192
0 0.5430531558474939 0.7127970662350727 0.0672614123370204 0.09642401384016441
0 0.5481928490303606 0.8662404012160447 0.09643071509696392 0.06794618676785795
0 0.7954769521146157 0.8528622866147584 0.09634889448011297 0.06325868676785795
0 0.5493928847441756 0.7974904012160446 0.09039890340856668 0.08019151878308026
0 0.90282580195246 0.8838178093521716 0.0936602711033185 0.0881313527754692
0 0.7359375 0.9640625 0.0625 0.071875
0 0.7071314724071552 0.8977344348278725 0.06257391233702023 0.09623301285158128
0 0.6348200957839497 0.9198057530029307 0.0641636858759708 0.09785917984777566
0 0.9359375 0.97890625 0.103125 0.0421875
0 0.48515625 0.78671875 0.0328125 0.0953125