0 0.00390625 0.46875 0.0078125 0.03125
0 0.06782188879477476 0.42790502279993275 0.028615923701106105 0.030091691585911205
0 0.14262306574229183 0.5111652730520343 0.028643197240056394 0.03165419158591121
0 0.18631851866439106 0.5110995710745628 0.028643197240056394 0.03165419158591121
0 0.16861282142433467 0.4802102039942838 0.028615923701106282 0.030091691585911205
0 0.2698674042160503 0.5590778851886349 0.031795470779006865 0.03343521287323466
0 0.22954241314450402 0.5734246084534297 0.028643197240056394 0.03165419158591121
0 0.2397162540538945 0.5304394329590618 0.028615923701106105 0.030091691585911205
0 0.7469832832748876 0.5512775487788332 0.0492557061685102 0.05026207995351371
0 0.8660957475610728 0.49094061834078684 0.04766593262955983 0.04859031930985207
0 0.7446650324641088 0.41846504877883317 0.0492557061685102 0.05026207995351371
0 0.8578125 0.5859375 0.046875 0.028125
0 0.6853445795420094 0.41743814431968734 0.050818206168510204 0.05037134059717552
0 0.615468456165215 0.43752141535490924 0.050818206168510204 0.05037134059717552
0 0.6980003124958809 0.5166404688253194 0.0492557061685102 0.05026207995351371
0 0.6234375 0.58203125 0.053125 0.0359375
0 0.9379434740221224 0.4944041079492266 0.04766593262955983 0.04859031930985207
0 0.8080571509696395 0.5633512138816409 0.04769320616851021 0.05015281930985207
0 0.6384616712621789 0.5031135643661735 0.05084547970746054 0.05193384059717552
0 0.6816116534052714 0.4717978623887021 0.050818206168510204 0.05037134059717552
0 0.71875 0.5875 0.05 0.025
0 0.7420934115229463 0.36054328813517156 0.04925570616851012 0.05026207995351371
0 0.7890625 0.59296875 0.046875 0.0140625