0 0.359375 0.5453125 0.0234375 0.021875
0 0.5796875 0.6171875 0.021875 0.021875
0 0.6640625 0.603125 0.021875 0.021875
0 0.5453125 0.7015625 0.021875 0.0234375
0 0.4875 0.5390625 0.021875 0.021875
0 0.3953125 0.59375 0.021875 0.021875
0 0.5921875 0.68125 0.025 0.025
0 0.5234375 0.596875 0.021875 0.021875
0 0.4765625 0.596875 0.021875 0.021875
0 0.55 0.575 0.021875 0.021875
0 0.571875 0.571875 0.0203125 0.021875
0 0.4203125 0.6078125 0.021875 0.0234375
0 0.459375 0.64375 0.021875 0.0234375
0 0.4546875 0.6234375 0.021875 0.021875
0 0.4859375 0.6203125 0.021875 0.021875