0 0.54375 0.603125 0.0296875 0.028125
0 0.5296875 0.5703125 0.028125 0.028125
0 0.6609375 0.540625 0.028125 0.028125
0 0.63125 0.54375 0.028125 0.028125
0 0.5 0.603125 0.028125 0.028125
0 0.421875 0.559375 0.028125 0.028125
0 0.453125 0.58125 0.028125 0.028125
0 0.59375 0.571875 0.028125 0.028125
0 0.6828125 0.6890625 0.0296875 0.0296875
0 0.66875 0.603125 0.0296875 0.028125
0 0.5046875 0.6328125 0.028125 0.028125
0 0.784375 0.5875 0.0296875 0.028125
0 0.61875 0.715625 0.0296875 0.0296875
0 0.546875 0.4921875 0.028125 0.028125
0 0.375 0.4921875 0.028125 0.028125