0 0.35402845202413336 0.0952811269469688 0.046224336641599174 0.054397994985435
0 0.3689814797316111 0.38273566284034616 0.06112159057054054 0.03922763605166182
0 0.40078125 0.43203125 0.0171875 0.0640625
0 0.39337774234700496 0.033116096068156506 0.029327935070022626 0.060147889812585474
0 0.4 0.08046875 0.01875 0.0453125
0 0.40390625 0.33046875 0.0109375 0.0640625
0 0.6487245219165094 0.343429121932404 0.08361732878371626 0.08669366943775678
0 0.6921063407754284 0.26706519873372353 0.09241013192686935 0.07446645407749272
0 0.8689642473094036 0.3354561828986059 0.09277400496239885 0.08227895407749272
0 0.649216711744043 0.08525290907942247 0.08361732878371626 0.08669366943775678
0 0.8689771716260593 0.537291467538342 0.07504284946188075 0.10360838479802066
0 0.6858264156302033 0.3673834474800823 0.08220037799792798 0.08977320533113406
0 0.6473674214211715 0.14632680139929052 0.09883991439185813 0.045006274610606224
0 0.920103023983424 0.5264161520197935 0.05963617328319835 0.10784124373179385
0 0.9267638229927482 0.13193872631383058 0.0497517510334573 0.09663095909205772
0 0.6493323358130296 0.18851430139929054 0.09927656203449331 0.054381274610606226
0 0.45 0.509375 0.08125 0.090625
0 0.7602698358130296 0.18528634982908015 0.08525260339082212 0.08830163354437941
0 0.9346919470617345 0.23497279810058522 0.1008390620344933 0.05442673871722885
0 0.5925642973521849 0.044656652811216314 0.09397263192686953 0.07451191818411554
0 0.7967466832079958 0.09504178305689041 0.05294952564056317 0.09828438730530316
0 0.9524702601296852 0.38152954935422645 0.05778257485477489 0.10154577962517113
0 0.7905866902373091 0.3658998523363627 0.06857452564056317 0.09873902837152997
0 0.9734375 0.1765625 0.053125 0.096875
0 0.5033478635205074 0.48065164027480395 0.05963617328319835 0.10784124373179385
0 0.5160489549196174 0.21586171456884107 0.05465757485477489 0.10145485141192578
0 0.8885018436709125 0.1502628289793976 0.057637025640563166 0.09842077962517112
0 0.43203125 0.9546875 0.0453125 0.05