0 0.00859375 0.22109375 0.0171875 0.0328125
0 0.02370587580913126 0.16583512002052547 0.033357970779006776 0.03144089754067192
0 0.7421444099013884 0.07623733059652227 0.044568206168510115 0.047129530054229284
0 0.7303262483751469 0.11522710772388534 0.044540932629559826 0.04556703005422928
0 0.7769557865245938 0.10143731849627384 0.044540932629559826 0.04556703005422928
0 0.8188080957773591 0.1719861678323439 0.044540932629559826 0.04556703005422928
0 0.8564911022701809 0.2721952460911751 0.042951159090609536 0.04399543969514967
0 0.9512308579522237 0.2399372579950318 0.04451365909060954 0.04400453005422929
0 0.8273648896088488 0.1251657099868216 0.044540932629559826 0.04556703005422928
0 0.825732025971287 0.30013843890958275 0.041361385551659066 0.04242384933607006
0 0.7624059115229462 0.34195323418731843 0.04292388555165907 0.04243293969514959
0 0.7941468352240524 0.37026004136891083 0.042951159090609536 0.04399543969514959
0 0.7901376249983524 0.14057254136891079 0.042951159090609536 0.04399543969514967
0 0.8468741891190863 0.5268009328594585 0.04292388555165907 0.04243293969514959
0 0.9327105032431156 0.4319974929679171 0.04451365909060954 0.04400453005422929
0 0.97734375 0.18359375 0.0453125 0.0453125
0 0.8605434025944925 0.32533842680933434 0.042951159090609536 0.04399543969514959
0 0.99140625 0.309375 0.0171875 0.04375
0 0.8407411915547183 0.4439611617822197 0.04448638555165907 0.042442030054229286
0 0.9649617159044475 0.57904520979043 0.04451365909060954 0.04400453005422929
0 0.7460524342511177 0.21062142095560188 0.042951159090609536 0.04399543969514967
0 0.7020569724005645 0.19630439090137258 0.044540932629559826 0.04556703005422928
0 0.8135514001588605 0.40786912567786626 0.04448638555165907 0.042442030054229286
0 0.851335592527653 0.6033816135776178 0.04451365909060954 0.04400453005422929
0 0.7686946420411858 0.5232214149054777 0.04448638555165907 0.042442030054229286
0 0.8137581314911742 0.24069980639602545 0.042951159090609536 0.04399543969514976
0 0.8952887751605081 0.1677440954272452 0.04454093262956001 0.04556703005422928
0 0.9102706672049891 0.31000431829988206 0.04451365909060954 0.04400453005422929
0 0.9723342905817838 0.2853679326630668 0.044540932629559826 0.04556703005422928
0 0.7216876339268061 0.15736006556940763 0.044540932629559826 0.04556703005422928
0 0.9328125 0.6328125 0.04375 0.034375
0 0.7187922792176978 0.3495112041330891 0.04292388555165907 0.04243293969514959
0 0.9414775771063775 0.4867304447633153 0.04130683847375849 0.039298849336070064
0 0.9229651306771001 0.5897372700952802 0.04133411201270878 0.040861349336070066
0 0.81953125 0.63125 0.0453125 0.0375
0 0.9739126071414448 0.10727020374030567 0.044568206168510115 0.047129530054229284
0 0.7677400681779238 0.46853391490547763 0.04292388555165907 0.04243293969514959
0 0.98515625 0.47578125 0.0296875 0.0421875
0 0.6575547702892441 0.331969180128984 0.04451365909060954 0.04400453005422929
0 0.6978524878218402 0.3134555294650541 0.042951159090609536 0.04399543969514976
0 0.903167279217698 0.35058386650448403 0.042951159090609536 0.04399543969514976
0 0.890625 0.634375 0.040625 0.03125
0 0.6426116087630026 0.37094077653818786 0.04451365909060954 0.04400453005422929
0 0.771875 0.6359375 0.04375 0.028125
0 0.7306218977232286 0.4901907462875668 0.042951159090609536 0.04399543969514959
0 0.7277502678536122 0.4151816559284872 0.04130683847375849 0.039298849336070064
0 0.9495513555165918 0.3227315772768725 0.04133411201270896 0.040861349336070066
0 0.7609955957773591 0.17164982454639804 0.042951159090609536 0.04399543969514976
0 0.937951382301953 0.37422135440423554 0.04292388555165925 0.04243293969514959
0 0.7112331493480817 0.27447484269677064 0.04133411201270896 0.040861349336070066
0 0.9023842548679687 0.21621795686356365 0.044540932629559826 0.04556703005422928
0 0.724773092527653 0.6026452944921689 0.042951159090609536 0.04399543969514959
0 0.6853991266199102 0.4055612162333375 0.04451365909060954 0.04400453005422929
0 0.6145490641207341 0.28484874043383435 0.04607615909060954 0.04401362041330899
0 0.5611865105500116 0.18142375858420698 0.04610343262955983 0.0455761204133089
0 0.6448832207757115 0.41157486689726747 0.04451365909060954 0.04400453005422929
0 0.6885980389569305 0.4993203065924171 0.04448638555165907 0.042442030054229286
0 0.6960208011317952 0.5665441680287356 0.04451365909060954 0.04400453005422929
0 0.8789151217486462 0.5722952400410509 0.04292388555165907 0.04243293969514959
0 0.6152581761334428 0.32547374043383437 0.04289661201270878 0.040870439695149766
0 0.9196614837646504 0.13195204117251907 0.04454093262956001 0.04556703005422928
0 0.6847366534052715 0.4571146258742579 0.04451365909060954 0.04400453005422929
0 0.6442752946389734 0.4662532765381878 0.04451365909060954 0.04400453005422929
0 0.6055479853862081 0.3957226079202771 0.04607615909060954 0.04401362041330899
0 0.7873276396055536 0.6061339088553535 0.042951159090609536 0.04399543969514959
0 0.5614513376596844 0.28610216822512735 0.04610343262955983 0.0455761204133089
0 0.9719990998345489 0.35567134230398717 0.04133411201270896 0.040861349336070066
0 0.5495865373353728 0.23291353571157006 0.04769320616851021 0.04714771077238851
0 0.8507980300284768 0.48307820393669737 0.04130683847375849 0.039298849336070064
0 0.8549444188298422 0.09407933645025475 0.044568206168510115 0.047129530054229284
0 0.7411423863591428 0.5558702884420444 0.042951159090609536 0.04399543969514959
0 0.0265625 0.67109375 0.04375 0.0421875
0 0.08679798538620816 0.6749111799325924 0.04292388555165907 0.04243293969514959
0 0.45047074756107275 0.8616112283335859 0.04766593262955983 0.04558521077238851
0 0.4429776217486462 0.9693691861791083 0.04769320616851012 0.04714771077238851
0 0.5223184740221224 0.8604668848512483 0.04766593262955983 0.04558521077238851
0 0.6774344423654972 0.975420240041051 0.04769320616851012 0.04714771077238851
0 0.59296875 0.98515625 0.0484375 0.0296875
0 0.64765625 0.99453125 0.0453125 0.0109375