0 0.253125 0.7546875 0.034375 0.0328125
0 0.2875 0.8015625 0.034375 0.034375
0 0.3796875 0.8046875 0.0328125 0.034375
0 0.1859375 0.8015625 0.034375 0.034375
0 0.153125 0.75 0.0359375 0.034375
0 0.159375 0.78125 0.034375 0.0328125
0 0.34375 0.803125 0.0328125 0.034375
0 0.21875 0.8046875 0.034375 0.0328125
0 0.15625 0.715625 0.034375 0.0328125
0 0.325 0.7640625 0.0328125 0.0328125
0 0.2234375 0.7703125 0.034375 0.034375
0 0.16875 0.684375 0.034375 0.0328125
0 0.253125 0.803125 0.034375 0.034375
0 0.190625 0.765625 0.034375 0.0328125
0 0.471875 0.7984375 0.0328125 0.034375