0 0.36171875 0.4296875 0.0453125 0.040625
0 0.34828400565734075 0.1284010040579064 0.04402271077238851 0.0473840773392725
0 0.1279987767345796 0.1305249360279987 0.0455761204133089 0.045839758672817865
0 0.40703125 0.4328125 0.0453125 0.034375
0 0.332541872751 0.37663850938890653 0.04400453005422929 0.044259077339272326
0 0.17357489714788849 0.17636469470081662 0.04557612041330898 0.045839758672817865
0 0.33324987899751585 0.22978169072245197 0.04557612041330898 0.045839758672817865
0 0.41497257766965606 0.31197712006681505 0.04400453005422929 0.044259077339272326
0 0.22675443930236625 0.1863578600413617 0.04557612041330898 0.045839758672817865
0 0.3570964451560988 0.30036691072563365 0.04399543969514959 0.0426965773392725
0 0.3118930294650541 0.3185896520528157 0.04399543969514976 0.042696577339272325
0 0.47121452907227057 0.34099191072563356 0.01885908430895533 0.018968176002545432
0 0.536830438713191 0.34019302673454244 0.01885908430895533 0.018968176002545432
0 0.46171875 0.3234375 0.0046875 0.01875
0 0.4740031857863247 0.28321577339272447 0.01885908430895533 0.018968176002545432
0 0.48192477009528023 0.3020566800604517 0.01729658430895533 0.01894999466899989
0 0.270160047419035 0.7135930693825432 0.01728749394987581 0.017387494668999894
0 0.30579756556940757 0.6624487400540884 0.01728749394987581 0.017387494668999894
0 0.2529089149054776 0.7024555747135433 0.01728749394987581 0.017387494668999894
0 0.27937142095560186 0.6855771573838159 0.01729658430895542 0.01894999466899989
0 0.29053617993259234 0.724766926718634 0.01728749394987581 0.017387494668999894
0 0.32661003531878663 0.7486225973901792 0.01729658430895533 0.01894999466899989
0 0.2921986738824681 0.7419726080521795 0.01728749394987581 0.017387494668999894
0 0.23572141490547766 0.7022555800445434 0.01572499394987581 0.01736931333545453
0 0.28150661357761775 0.7840328387173613 0.01729658430895533 0.01894999466899989
0 0.3386191559284872 0.6643930480585427 0.01728749394987581 0.017387494668999894
0 0.2216134631100796 0.6942794480426344 0.01728749394987581 0.017387494668999894
0 0.25300890885535343 0.7196430747135433 0.01572499394987581 0.01736931333545453
0 0.2750929871141847 0.7558351133831795 0.01729658430895542 0.01894999466899989
0 0.27338504136891084 0.730816932049634 0.01728749394987581 0.017387494668999894
0 0.3277725595192834 0.6798907787237246 0.01572499394987581 0.01736931333545435
0 0.35578847521032797 0.6614680427275427 0.01728749394987581 0.017387494668999894
0 0.2950327823919204 0.6920089707192704 0.01728749394987581 0.017387494668999894
0 0.31213846916020377 0.6781464653882703 0.01572499394987581 0.01736931333545435
0 0.2217134570599554 0.7114669480426344 0.01729658430895533 0.01894999466899989
0 0.23582140885535346 0.7194430800445434 0.01728749394987581 0.017387494668999894
0 0.7749384510098312 0.8461328493793616 0.029851126463433176 0.028470445337363516
0 0.7265827642415477 0.8596317280394526 0.0314227168225127 0.030051126670908878
0 0.8759464391059744 0.7520021360598154 0.028279536104353475 0.026889764003817974
0 0.6285270593228918 0.9241113040260898 0.0314227168225127 0.030051126670908878
0 0.6862395653730159 0.9075965133672712 0.031413626463433174 0.028488626670909057
0 0.6629566014773693 0.9338862933640895 0.0314227168225127 0.030051126670908878
0 0.8478941619786114 0.7641748720559974 0.02827953610435365 0.026889764003817974
0 0.7342316377781146 0.83159763470718 0.029851126463433176 0.028470445337363516
0 0.8089043848512484 0.7762203387173614 0.028279536104353475 0.026889764003817974
0 0.6220952521412993 0.8927885786919079 0.029851126463433086 0.028470445337363516
0 0.8820419030016211 0.7255123613939972 0.028279536104353475 0.026889764003817974
0 0.6249384510098313 0.8443874413589988 0.02985112646343313 0.028470445337363516
0 0.6580509328594586 0.8963317493634533 0.0298602168225127 0.030032945337363514
0 0.6842952702916719 0.8419533320337257 0.029851126463433086 0.028470445337363516
0 0.7048168485505031 0.8781271893698165 0.029851126463433176 0.028470445337363516
0 0.6688338967551051 0.8698965186982713 0.029851126463433176 0.028470445337363516
0 0.6375748063960255 0.8679703920273625 0.029851126463433176 0.028470445337363516
0 0.7667805173648057 0.7866669427116343 0.028288626463433175 0.02845226400381797
0 0.7450055113146815 0.8035999040419981 0.028288626463433088 0.02845226400381797
0 0.7044805052645573 0.8203146893698164 0.028288626463433175 0.02845226400381797
0 0.6430521258742579 0.7352306173615442 0.029851126463433176 0.028470445337363516
0 0.8445964451560986 0.7344510093889065 0.026717036104353477 0.026871582670272433
0 0.6261373366466465 0.7819056226925443 0.028279536104353475 0.026889764003817974
0 0.7121202884420446 0.7907180960375437 0.028288626463433088 0.02845226400381797
0 0.6498384570599554 0.8274908426957259 0.028288626463433175 0.02845226400381797
0 0.8195509933607006 0.7263476080521795 0.026717036104353477 0.026871582670272433
0 0.7822691619786115 0.7634112560470887 0.028279536104353475 0.026889764003817974
0 0.6778634631100796 0.810630606699544 0.028288626463433175 0.02845226400381797
0 0.7008191740788599 0.7280908267027256 0.028279536104353475 0.026889764003817974
0 0.651219149878363 0.7962590240292714 0.028288626463433175 0.02845226400381797
0 0.7695691740788598 0.7288908053787251 0.026717036104353477 0.026871582670272433
0 0.7946237162333375 0.7385567067154523 0.026717036104353477 0.02687158267027261
0 0.740163475210328 0.7769828600413617 0.028288626463433175 0.02845226400381797
0 0.7320600837197803 0.7268919533736345 0.028279536104353475 0.026889764003817974
0 0.6494657523376911 0.7634283426957259 0.028288626463433175 0.02845226400381797
0 0.6994748426967707 0.7655726453691802 0.028279536104353475 0.026889764003817974
0 0.6726759933607006 0.7246385626989076 0.028279536104353475 0.026889764003817974
0 0.6247475534691592 0.8115749413589988 0.028279536104353475 0.026889764003817974
0 0.7540714391059745 0.7505839920432708 0.028279536104353475 0.026889764003817974
0 0.6759555294650541 0.7512374253659985 0.028288626463433088 0.02845226400381797
0 0.8228305294650541 0.7529464707192703 0.026717036104353477 0.026871582670272433
0 0.7243930294650541 0.7518010467059073 0.028288626463433088 0.02845226400381797
0 0.6729850655694076 0.7777635626989076 0.028288626463433175 0.02845226400381797