0 0.909375 0.3625 0.065625 0.0125
0 0.8354214330558503 0.16221723264794888 0.050354524004105096 0.06443384059717552
0 0.980979372751 0.1942434927874075 0.03787270472226432 0.06668475544788173
0 0.828125 0.36328125 0.06875 0.0109375
0 0.7582145593228917 0.3254927648310357 0.048801114363184704 0.0658870799535137
0 0.8239850050681656 0.3459038177972428 0.06892271682251269 0.034494968321116204
0 0.7609850353187866 0.26433674354371217 0.0643352107723885 0.05135468639013112
0 0.8875 0.35 0.065625 0.0375
0 0.873330499214433 0.22990747720006724 0.040979524004105095 0.063778276735205
0 0.975 0.115625 0.05 0.0625
0 0.6690884268093343 0.3207831215197546 0.06591589149054773 0.05458894703379293
0 0.7107395956236369 0.22564558414088776 0.07053975897699045 0.04397922896477802
0 0.7015625 0.35546875 0.04375 0.0265625
0 0.6546804931643089 0.2623914673127102 0.0519170240041051 0.06454310124083733
0 0.9065702460911751 0.30105050368317077 0.040979524004105095 0.063778276735205
0 0.98984375 0.01796875 0.0203125 0.0359375
0 0.92136802341493 0.15777039724655345 0.03943520472226432 0.06679401609154337
0 0.8406816256778662 0.2603269507169637 0.048782933645025395 0.06276207995351371
0 0.978125 0.24609375 0.04375 0.0421875
0 0.7001475292686623 0.2857854086465198 0.05813066256778665 0.05873014381548423
0 0.7934884631100796 0.20891727002681576 0.040988614363184704 0.065340776735205
0 0.956670240041051 0.31474166308599527 0.05657725292686635 0.06018338317182241
0 0.7578125 0.3625 0.0625 0.0125
0 0.9171895835233885 0.2455981791775387 0.047211343285945874 0.06109031930985207
0 0.6573691559284873 0.18717294602538673 0.055032933645025484 0.0631991225281606
0 0.8628828368430381 0.046188041062037666 0.06430793969514959 0.04666718639013112
0 0.6722941982793567 0.4890860992240249 0.056704517953980724 0.08205838317182242
0 0.6779180052645574 0.6496958172930396 0.07071247579950324 0.07366672896477802
0 0.6255373729473916 0.512676418533877 0.03954428903121965 0.08554401609154336
0 0.6323237041330891 0.60442687595923 0.07691702400410509 0.06629127153942509
0 0.6728123487468949 0.578148599224025 0.07225679508134383 0.07065098960843982
0 0.7805430355151783 0.5565471148113652 0.0753545240041051 0.06618201089576328
0 0.5666623426967707 0.6027658229930228 0.06606133723582168 0.07958894703379293
0 0.7489476018701529 0.4993573276845999 0.04579428903121965 0.08598105866619025
0 0.5739850050681656 0.786703780418376 0.04580337939029935 0.08754355866619043
0 0.7037896379745063 0.5290883863507901 0.05200792759490121 0.08016810124083733
0 0.5826418667008758 0.6626107165564055 0.06759656615858275 0.07501070767745457
0 0.7369667940993854 0.8581531734775556 0.08933521077238851 0.05310285668871888
0 0.8034725171684141 0.7362674658001008 0.05516019867214013 0.0850741225281606
0 0.726837294295777 0.7291212373395259 0.07383747579950324 0.07388525025210164
0 0.744923698082965 0.613747609615585 0.0830943011314682 0.05422831411407199
0 0.7342861799325924 0.6660749341212172 0.08618293969514959 0.04819683540139543
0 0.7946247579950317 0.8275480296620714 0.04111587939029935 0.08721577673520517