0 0.23863529059146024 0.053123958238305756 0.05253850180902227 0.04872839149054773
0 0.29312579601852723 0.19816374746591717 0.05262038896415202 0.050290891490547905
0 0.3222135097224801 0.3058398920797229 0.05262038896415211 0.050290891490547905
0 0.30625 0.00625 0.05 0.0125
0 0.5976008548158115 0.3798490429400446 0.10030761646291494 0.09586701190385671
0 0.52890625 0.44296875 0.1046875 0.0734375
0 0.64140625 0.4484375 0.1140625 0.0625
0 0.665625 0.46953125 0.1125 0.0203125
0 0.5522817107632768 0.4098092537124332 0.10203389077317446 0.09900110226293642
0 0.8321329850735364 0.4113070794371816 0.08254026232447184 0.11450792759490121
0 0.7015978787873868 0.1573013563681529 0.12029256784239592 0.08973518657189175
0 0.3769696087725404 0.826287705704223 0.021377033016686652 0.020430674668035033
0 0.46171875 0.78125 0.0140625 0.021875
0 0.32482725463409745 0.84534677791293 0.02137703301668683 0.020430674668035033
0 0.2648104454981288 0.7737990308397962 0.021458920171816588 0.02199317466803503
0 0.36217012437637264 0.8123070189359396 0.01981453301668683 0.020421584308955333
0 0.34259460877254033 0.8264876936039744 0.021377033016686652 0.020430674668035033
0 0.3467155427391669 0.785826332167656 0.019814533016686654 0.020421584308955333
0 0.4640625 0.8265625 0.009375 0.021875
0 0.43832318860072395 0.8040490913410384 0.021377033016686652 0.020430674668035033
0 0.26414206015202135 0.8206922115579556 0.021458920171816588 0.02199317466803503
0 0.3280540739468313 0.7578013261175318 0.019814533016686654 0.020421584308955333
0 0.3021466711878693 0.7704558622218853 0.021377033016686652 0.020430674668035033
0 0.4578125 0.709375 0.021875 0.021875
0 0.2935020115315024 0.8142694947354426 0.01981453301668683 0.020421584308955333
0 0.3093793170494264 0.7891695007855669 0.021377033016686652 0.020430674668035033
0 0.281260961101961 0.7596365368899204 0.021377033016686652 0.020430674668035033
0 0.4162224592929388 0.710399085290914 0.02137703301668683 0.020430674668035033
0 0.3232713986866321 0.8156592779129299 0.01981453301668683 0.020421584308955333
0 0.3120262822237173 0.7203831393492484 0.01981453301668683 0.020421584308955333
0 0.34277831524040414 0.7405229225267357 0.019814533016686654 0.020421584308955333
0 0.40238568860072393 0.8042581695998695 0.021377033016686652 0.020430674668035033
0 0.3714765253263123 0.7512967960633026 0.01981453301668683 0.020421584308955333
0 0.3178602023955338 0.7422308682720096 0.02137703301668683 0.020430674668035033
0 0.38289870420455613 0.7903047539088248 0.021377033016686652 0.020430674668035033
0 0.2110989473071511 0.8225637837666625 0.021458920171816588 0.02199317466803503
0 0.3826663308442363 0.7262240731906656 0.021377033016686652 0.020430674668035033
0 0.2760887822237173 0.7205922176080797 0.02137703301668683 0.020430674668035033
0 0.32189924920703045 0.7000070068356912 0.021377033016686652 0.020430674668035033
0 0.3844811363621602 0.7012058924725064 0.021377033016686652 0.020430674668035033
0 0.37574794549812884 0.7731536153451433 0.01981453301668683 0.020421584308955333
0 0.4609375 0.7578125 0.015625 0.021875
0 0.459375 0.7359375 0.01875 0.021875
0 0.4465650565339768 0.7227263684684013 0.019814533016686654 0.020421584308955333
0 0.40018137946475535 0.7323740792407898 0.021377033016686652 0.020430674668035033
0 0.4195864767057933 0.7447649949318345 0.02137703301668683 0.020430674668035033
0 0.43717676842890735 0.7821740913410382 0.01981453301668683 0.020421584308955333
0 0.44540534825709077 0.7602445491865606 0.021377033016686652 0.020430674668035033
0 0.4192456399802049 0.7979081756499937 0.019814533016686654 0.020421584308955333
0 0.4110303482570908 0.7604445370863122 0.019814533016686654 0.020421584308955333
0 0.43825458955066354 0.743093410622879 0.01981453301668683 0.020421584308955333
0 0.16973031885844864 0.8384342234618121 0.021458920171816588 0.02199317466803503
0 0.41826299411864787 0.7791581756499937 0.019896420171816587 0.02198408430895533
0 0.3980323812737776 0.7808388503180288 0.01981453301668683 0.020421584308955333
0 0.7927960888732951 0.6593365550402931 0.06742651741285463 0.034756795081343925
0 0.8996192989592032 0.669655910622879 0.06610967887824373 0.03943520472226432
0 0.9277376549066686 0.6991888745185255 0.05887038896415202 0.05032725292686626
0 0.8717952713695833 0.7948558985226306 0.05911605042954129 0.055014752926866264
0 0.7603863805964091 0.6970365429400446 0.06339411465389251 0.04722952400410509
0 0.7927828007682256 0.7187297357584523 0.06347600180902227 0.048792024004105095
0 0.7237118962002412 0.6831831211988758 0.0604328889641522 0.05033634328594587
0 0.7188406897323777 0.7691751633533535 0.06339411465389269 0.04722952400410509
0 0.8736233649925769 0.7104445370863122 0.05895227611928178 0.05188975292686617
0 0.9072215162812007 0.8743615913410382 0.06059666327441171 0.05346134328594587
0 0.8641598337849123 0.7386331695998695 0.05903416327441171 0.05345225292686617
0 0.9711202419709413 0.8708638866187739 0.041021147670579336 0.06740566861791084
0 0.7027996099041942 0.7911501573032294 0.0649566146538925 0.0472386143631847
0 0.6565111080951718 0.7429671873574586 0.06610967887824373 0.03943520472226432
0 0.8197215162812007 0.8748706514494969 0.06923467887824372 0.03945338544042354
0 0.7316416621427578 0.8941388019170351 0.06067855042954129 0.055023843285945874