0 0.284375 0.6640625 0.059375 0.05
0 0.22426822361802498 0.4773839440642698 0.063201372729036 0.04756589067472703
0 0.3122150205836075 0.5878861867440873 0.056791876063016035 0.06466248400699967
0 0.1026477993814785 0.3195703493793615 0.059024055759574166 0.053761346674090583
0 0.15143598574599654 0.2966782893857249 0.05315669303247779 0.05837612133990877
0 0.3708244881618925 0.5213168520846325 0.0638391015172088 0.05537839067472685
0 0.06865621028210542 0.544388536043907 0.06919628121376702 0.044513616008908664
0 0.22812680513135436 0.5259123507319969 0.05328423879011233 0.05993862133990877
0 0.3281909648240333 0.6412475440801781 0.07088632697140156 0.04609429734245403
0 0.11313953391952705 0.5167544320496341 0.04754442182065048 0.06611589600572695
0 0.24254024937178018 0.5792555267345423 0.06396664727484325 0.05694089067472685
0 0.3045298084653343 0.5095975547421784 0.055101830305381405 0.06308180267345413
0 0.457080723618025 0.48009296276254104 0.049362013335919566 0.0692590773392725
0 0.41400066119049106 0.5671747920909957 0.06827151000193972 0.0523079346753633
0 0.22213138089480786 0.3694441747294516 0.05615414727484343 0.05684998400699968
0 0.44453125 0.665625 0.0765625 0.046875
0 0.15401962543479614 0.5141021467218156 0.04910692182065048 0.06613407733927232
0 0.13648169694618587 0.613993058720543 0.06957891848667064 0.04920111600890866
0 0.3734375 0.6609375 0.053125 0.05625
0 0.4576225996810409 0.41597591876190465 0.06957891848667064 0.04920111600890884
0 0.16961293240231834 0.5721510040579064 0.06919628121376693 0.044513616008908664
0 0.13007168452835022 0.4434442013844522 0.05328423879011233 0.05993862133990877
0 0.06492517452641056 0.4942976293761799 0.05927914727484325 0.05688634667409058
0 0.2618643342190895 0.6107600654041786 0.061224284547746775 0.06159202800763595
0 0.031156210282105423 0.5439521840388164 0.036606921820650486 0.06598862667090906
0 0.14453125 0.6734375 0.0484375 0.03125
0 0.19285898482791267 0.5364498613939972 0.05813123545613248 0.04282384667409058
0 0.05867491665050277 0.41758967870781627 0.04585437606301594 0.0645352146721816
0 0.18680069027822607 0.6489862240610881 0.06961086939505616 0.030469297342454203
0 0.09155106059136617 0.37887262404517974 0.04547173879011233 0.0598477146721816
0 0.7997150205836074 0.41622717337681614 0.021843049091614476 0.01898635733609062
0 0.8181460272515672 0.3820339867122707 0.021843049091614476 0.01898635733609062
0 0.7695812393698406 0.45966809070654363 0.021843049091614386 0.018986357336090796
0 0.7324960854270375 0.9042555267345425 0.11479556576151388 0.10592383068109026
0 0.61484375 0.84609375 0.0921875 0.0953125
0 0.6390625 0.70625 0.125 0.034375
0 0.7869599290683384 0.7735146040738148 0.08392820303441759 0.11024770401018139
0 0.72734375 0.70703125 0.0859375 0.0359375
0 0.76015625 0.728125 0.0890625 0.078125