0 0.15517043131591732 0.24960578813517148 0.03959312101845249 0.038559755447881636
0 0.23338643657758915 0.25663132031825825 0.03628611049510884 0.03521623416055819
0 0.259674462744774 0.41408318739853733 0.03793961575678075 0.03688799480421991
0 0.45066348379146143 0.433662985925269 0.03472361049510884 0.03510697351689647
0 0.11565290500755801 0.2390617720436281 0.04115562101845249 0.038669016091543364
0 0.5016366366622937 0.18668943295906187 0.03472361049510884 0.03510697351689647
0 0.4110395416698518 0.4480097091900639 0.03628611049510884 0.0352162341605581
0 0.38441685751133703 0.39168329953513786 0.03637711575678075 0.0367787341605581
0 0.40972215244730936 0.1849305549830195 0.03637711575678075 0.03677873416055819
0 0.08024748407381015 0.11209508045771688 0.04115562101845249 0.038669016091543364
0 0.35442697867096395 0.2775443898802118 0.03463260523343692 0.03354447351689647
0 0.4826892155873715 0.20870654459145932 0.03793961575678075 0.03688799480421991
0 0.27310138396087064 0.24384709705346336 0.03637711575678067 0.0367787341605581
0 0.3387865681193853 0.30290502279993275 0.03793961575678075 0.03688799480421991
0 0.04382413666229375 0.15467606436617348 0.04124662628012441 0.040231516091543365
0 0.511602441839261 0.2776422148900471 0.03637711575678075 0.0367787341605581
0 0.2578697680629156 0.3563799480421991 0.03793961575678066 0.03688799480421991
0 0.3420040314288567 0.14440410794922662 0.034814615756780756 0.03666947351689642
0 0.3394081943995097 0.340295762156271 0.03628611049510884 0.03521623416055819
0 0.30552049985882573 0.13251611314500672 0.036468121018452496 0.038341234160558194
0 0.5503317418957308 0.2212172522689139 0.03637711575678075 0.0367787341605581
0 0.43671875 0.47109375 0.0359375 0.0171875
0 0.4625 0.46328125 0.034375 0.0328125
0 0.640625 0.42265625 0.021875 0.0296875
0 0.6390625 0.375 0.01875 0.03125
0 0.6523925837632266 0.26390749682103226 0.029763094710093262 0.030091691585911205
0 0.293016125715427 0.6979882938351547 0.07809417889684286 0.058369510895763276
0 0.23194284684681904 0.6112424106633323 0.0542772472985769 0.07693384059717552
0 0.2865547521367257 0.5870507938351547 0.0731336631118273 0.05335422896477802
0 0.3912562046405048 0.7281999537421823 0.06034523677523325 0.07424588317182242
0 0.32578125 0.50625 0.0609375 0.053125
0 0.36982227844508503 0.6006541079492266 0.04499325256024882 0.077840776735205
0 0.39140625 0.50703125 0.0609375 0.0546875
0 0.49688603640817985 0.5379570020168124 0.04977175782192056 0.07973105866619043
0 0.37188603640817985 0.5292161505238736 0.05253273677523325 0.0736995799535137
0 0.3998583889401939 0.6354332995351378 0.04030575256024882 0.07751299480421991
0 0.33886070478167907 0.5767031557196536 0.043339747298576904 0.07616901609154336
0 0.8447173206796341 0.8927437829393913 0.06372784200867017 0.10560514381548422
0 0.68671875 0.95625 0.0578125 0.0875
0 0.84296875 0.965625 0.0984375 0.06875
0 0.78046875 0.9796875 0.0671875 0.040625