0 0.3853314195151022 0.7388898380583258 0.016808991701630305 0.016626295496493172
0 0.38507131038689535 0.7559772085086764 0.016808991701630305 0.016626295496493172
0 0.34840010457803655 0.7645115993170928 0.018371491701630306 0.016726425046142523
0 0.3700383062377105 0.7627884130121831 0.016808991701630305 0.016626295496493172
0 0.35865052034493916 0.7356251357142873 0.018371491701630306 0.016726425046142523
0 0.3568279112167323 0.7526123766149887 0.018371491701630306 0.016726425046142523
0 0.32690361287640624 0.7475849151716515 0.018371491701630306 0.016726425046142523
0 0.3894987012586887 0.773364967607975 0.016808991701630305 0.016626295496493172
0 0.32879799959901473 0.7725849151716515 0.018489890871793334 0.018288925046142525
0 0.3591958946199928 0.7838623766149887 0.018489890871793334 0.018288925046142525
0 0.978125 0.37578125 0.04375 0.0828125
0 0.98515625 0.43046875 0.0296875 0.0765625
0 0.97734375 0.5140625 0.0453125 0.06875