0 0.534375 0.43828125 0.090625 0.0609375
0 0.6583723844961117 0.43610191505620916 0.11849673328249999 0.06102502471457925
0 0.6095335345723617 0.34981690517037733 0.10984908510611122 0.09189302273741298
0 0.8410381077106255 0.37017712060714736 0.09611389342673622 0.1053825197716634
0 0.803125 0.44375 0.11875 0.05
0 0.540625 0.3796875 0.103125 0.075
0 0.25604485866055615 0.8872319694282836 0.06351829255305574 0.046296679847775656
0 0.1778081430454866 0.7451134536109529 0.06497168977951392 0.04167284684397003
0 0.29997277735416705 0.6954556463103099 0.06965918977951394 0.04186384783255317
0 0.2578125 0.4734375 0.06875 0.009375
0 0.199393508736806 0.8006286245614799 0.04978310087368065 0.059786176882026074
0 0.17348301253652815 0.6934236196185641 0.04058993882958326 0.0672166749048598
0 0.17657556420763942 0.8933599526223697 0.04676720364722229 0.0643463428896375
0 0.30269904027194483 0.7455193133065042 0.04520470364722229 0.06428267589344294
0 0.24695949296923664 0.8322261344473117 0.04058993882958326 0.06721667490485964
0 0.2602933347248616 0.7344253044092557 0.03899107123840295 0.06559050790866543
0 0.2993571411456255 0.803140812317921 0.06657055737069442 0.04329901384016459
0 0.1796875 0.984375 0.065625 0.03125
0 0.17482600056868086 0.6169884536109529 0.0559603656913195 0.05691584486680377
0 0.14140178362243114 0.9247081117098986 0.05897626291777787 0.052355678859192525
0 0.234676392095556 0.773967965473951 0.06035692496187508 0.044606845855386726
0 0.09143684479284779 0.8571094348278725 0.06660692496187508 0.04486151384016459
0 0.03623627925402815 0.6316345909496521 0.04829333605604162 0.0628475098858317
0 0.14169011151034763 0.8029604457022874 0.062173998100139016 0.055608012851581276
0 0.2680006512136117 0.9314276384016444 0.06682513050895836 0.05423651384016441
0 0.22359080888930585 0.6330246304929791 0.05592399810013902 0.055353344866803766
0 0.2970685957427783 0.8389509783255322 0.06624324905006951 0.02923651384016459
0 0.21912282085715323 0.7093324625082016 0.052871733282499986 0.05835101087441501
0 0.07195949296923665 0.8250954308735399 0.06798758700597211 0.03711268083635879
0 0.07282578305375029 0.5269762658545118 0.06660692496187508 0.044861513840164416
0 0.24626589589527814 0.6682909684397005 0.05443423328249999 0.05841467787060921
0 0.02265625 0.8046875 0.0453125 0.03125
0 0.21628484232430586 0.5203336295043959 0.06210126291777769 0.05248301285158128
0 0.19605160961048665 0.8582501235728968 0.055887630508958355 0.053790844866803765
0 0.10876720231604206 0.7298121057783996 0.04513196846486114 0.06115767589344294
0 0.00625 0.66875 0.0125 0.065625
0 0.30971014684520864 0.6443388152836705 0.04524107123840295 0.06584517589344294
0 0.02421875 0.8390625 0.0484375 0.040625
0 0.03692856990722264 0.7284459239534578 0.04669446846486114 0.0612213428896375
0 0.02578125 0.9625 0.0515625 0.059375
0 0.03125 0.87578125 0.0625 0.0390625
0 0.11933971998347256 0.6475089417479548 0.04055357123840277 0.06565417490485963
0 0.09426959764263936 0.7776129358164557 0.0404808360560418 0.0625291749048598
0 0.08885866508132008 0.9475434338392894 0.04367857123840295 0.06578150889724857
0 0.06763305603951428 0.7062817638773454 0.03739220364722229 0.06396434091247087
0 0.09852329939000057 0.8933016028126503 0.06191942496187508 0.04467051285158128
0 0.2701735617390975 0.5553108073750052 0.04680357123840277 0.06590884288963732
0 0.5158913309251394 0.7115343606841344 0.047893292553055564 0.0456600098858317
0 0.51015625 0.75078125 0.0421875 0.0453125
0 0.9355115402719448 0.6318494496566202 0.043133057370694415 0.04234400889724856
0 0.9166173763279867 0.6919592787060931 0.04316942496187508 0.043906508897248564