0 0.55 0.6828125 0.053125 0.065625
0 0.4734375 0.4875 0.059375 0.046875
0 0.5703125 0.596875 0.0515625 0.0640625
0 0.3390625 0.33125 0.0546875 0.053125
0 0.3859375 0.3078125 0.0484375 0.0578125
0 0.6234375 0.5296875 0.059375 0.0546875
0 0.3234375 0.55625 0.065625 0.04375
0 0.48125 0.5359375 0.0484375 0.059375
0 0.590625 0.65 0.0671875 0.0453125
0 0.365625 0.528125 0.0421875 0.065625
0 0.5 0.5890625 0.059375 0.05625
0 0.55625 0.51875 0.05 0.0625
0 0.70625 0.4875 0.04375 0.06875
0 0.6703125 0.575 0.0640625 0.0515625
0 0.4625 0.3796875 0.0515625 0.05625
0 0.709375 0.675 0.071875 0.05
0 0.40625 0.525 0.04375 0.065625
0 0.396875 0.625 0.065625 0.0484375
0 0.6390625 0.6765625 0.046875 0.0703125
0 0.7015625 0.4234375 0.065625 0.0484375
0 0.4265625 0.5828125 0.065625 0.04375
0 0.3765625 0.4546875 0.0484375 0.059375
0 0.315625 0.50625 0.0546875 0.05625
0 0.521875 0.6203125 0.05625 0.0609375
0 0.2859375 0.55625 0.03125 0.065625
0 0.4125 0.70625 0.0421875 0.0734375
0 0.446875 0.546875 0.0546875 0.0421875
0 0.303125 0.4296875 0.040625 0.0640625
0 0.45 0.659375 0.0671875 0.0296875
0 0.5375 0.7234375 0.05 0.06875
0 0.3328125 0.390625 0.040625 0.059375
0 0.290625 0.728125 0.046875 0.0703125