0 0.06737688456714355 0.321875 0.125796967578285 0.0671875
0 0.8161338936509994 0.2515625 0.03380091515269079 0.03125
0 0.7193542306243405 0.3484375 0.03380091515269079 0.03125
0 0.8117965642637017 0.428125 0.03549096091032524 0.0328125
0 0.862115557595742 0.39375 0.03536341515269079 0.03125
0 0.7384866100213363 0.4296875 0.03549096091032524 0.0328125
0 0.6893477372923003 0.3828125 0.03549096091032524 0.0328125
0 0.496235466080473 0.7046875 0.06929187606301604 0.0640625
0 0.5109034860843522 0.8078125 0.07448955909355419 0.0703125
0 0.609375 0.6875 0.059375 0.06875
0 0.62109375 0.8296875 0.0359375 0.06875
0 0.9421875 0.49453125 0.05 0.0296875
0 0.98203125 0.490625 0.0359375 0.021875
0 0.9090864103208988 0.609375 0.04888378121376702 0.04375
0 0.9470009985021879 0.5953125 0.04888378121376702 0.04375
0 0.9796875 0.621875 0.040625 0.04375
0 0.97734375 0.6609375 0.0453125 0.04375
0 0.880834122439172 0.53125 0.04888378121376693 0.04375
0 0.9694500833494972 0.5640625 0.04888378121376693 0.04375
0 0.9173774003189591 0.5578125 0.05044628121376693 0.04375
0 0.9362227372923002 0.6546875 0.04888378121376693 0.04375
0 0.8932699627464931 0.6453125 0.04888378121376702 0.04375