0 0.22502979455764138 0.21257926728618096 0.04429544000636332 0.047893292553055744
0 0.16569115722473224 0.20807229882131964 0.044277258672817864 0.04633079255305574
0 0.146875 0.01640625 0.040625 0.0328125
0 0.5750330786123661 0.0961567931217365 0.039535214672181594 0.04153418977951393
0 0.6648035559357302 0.1717036134102088 0.03951703333863606 0.03997168977951393
0 0.5203990279280942 0.22460779502159758 0.03951703333863606 0.03997168977951393
0 0.4092433519255489 0.240775696047778 0.04264203333863605 0.04004442496187508
0 0.6592615332590943 0.24503201063666716 0.03793635200509069 0.03837282218833345
0 0.5489967426002759 0.18463741166284758 0.03951703333863606 0.03997168977951393
0 0.7061547145926397 0.24456053837208377 0.03951703333863606 0.03997168977951393
0 0.4632966946212749 0.5843828385245836 0.050618165340545127 0.054288762917777865
0 0.5907853479471843 0.6420524810013893 0.04903748400699968 0.0526898953265972
0 0.4168740385900945 0.8130520459715281 0.049019302673454224 0.0511273953265972
0 0.7133854119191855 0.8512118882958338 0.04903748400699968 0.05268989532659738
0 0.337331989258458 0.7986972988213197 0.04900112133990877 0.04956489532659738
0 0.6006137866009121 0.7376195541396532 0.045876121339908774 0.049492160144236054
0 0.43509787460218485 0.7243895894745143 0.044277258672817864 0.04633079255305557
0 0.474414913271821 0.7034237792540281 0.049019302673454314 0.05112739532659738
0 0.6308819945894582 0.8227219059632643 0.045876121339908774 0.049492160144236054
0 0.6571183252705484 0.7170537874221533 0.04743862133990877 0.049528527735416716
0 0.6798831159293669 0.7754118012898616 0.04273294000636341 0.04785692496187508
0 0.6471069785964577 0.7715230818750699 0.03964430267345413 0.05090918977951393