0 0.478125 0.35327593611184155 0.0296875 0.03193708423309758
0 0.50078125 0.3203125 0.0171875 0.03125
0 0.3953125 0.3048132800932013 0.028125 0.031818685062934546
0 0.4296875 0.3277305618367879 0.0296875 0.0319370842330974
0 0.484375 0.38499953279249366 0.0296875 0.03193708423309758
0 0.3453125 0.2338370066479846 0.0296875 0.030374584233097402
0 0.1296875 0.9340271834125492 0.0640625 0.07047936597668389
0 0.2421875 0.834739423664287 0.0640625 0.0689168659766839
0 0.403125 0.8500595381910785 0.0609375 0.06399256763635783
0 0.1265625 0.8384778850722231 0.059375 0.06387416846619498
0 0.2453125 0.96640625 0.0625 0.0671875
0 0.2296875 0.5744172303029828 0.0609375 0.06711756763635801
0 0.3015625 0.8689260921304818 0.0609375 0.06868006763635784
0 0.3984375 0.9703125 0.0625 0.059375
0 0.44921875 0.9875 0.0609375 0.025
0 0.6765625 0.7057120066479846 0.053125 0.06183807178554286
0 0.9875 0.8765625 0.025 0.05625
0 0.953125 0.9875 0.05625 0.025
0 0.83125 0.925246024494124 0.0625 0.043798466806520865
0 0.9734375 0.7735203489789592 0.0375 0.06377908008391256
0 0.84375 0.7152557178554282 0.046875 0.06136447510489074
0 0.9484375 0.8810009622563507 0.0546875 0.05726897095570571
0 0.903125 0.935379886321623 0.0609375 0.04524256763635783
0 0.828125 0.8890717261537979 0.0625 0.03129846680652086
0 0.98671875 0.9328125 0.0265625 0.05
0 0.715625 0.8977344859020601 0.04375 0.06581517676456468
0 0.9890625 0.603125 0.021875 0.053125
0 0.671875 0.7803568091374955 0.05 0.0631637734452168
0 0.9109375 0.9734718821724382 0.0578125 0.04969326929603195
0 0.765625 0.9140232593472769 0.05625 0.05269987012586874
0 0.903125 0.860379886321623 0.040625 0.06401587842423861
0 0.8453125 0.8122491170255912 0.0453125 0.05968357593472771
0 0.875 0.6098112012586887 0.0640625 0.045479365976683984
0 0.7515625 0.9551451668158097 0.0453125 0.0628085759347277
0 0.846875 0.9592425161957541 0.0640625 0.04391686597668389
0 0.9234375 0.7291065755337424 0.0375 0.06377908008391256
0 0.971875 0.6999644498087961 0.05 0.056913773445216795
0 0.803125 0.7528023394311896 0.0390625 0.06389747925407559
0 0.8765625 0.7896171004288517 0.0375 0.06221658008391273
0 0.7734375 0.800552755198092 0.0609375 0.048367567636357835
0 0.915625 0.8113270796829273 0.0421875 0.059446777594401645
0 0.7265625 0.7548132800932013 0.0671875 0.042591164317009954
0 0.7671875 0.8594541585174401 0.0453125 0.06124607593472771
0 0.97421875 0.82265625 0.0515625 0.0390625
0 0.8859375 0.9075149954498297 0.059375 0.03887416846619498
0 0.715625 0.8086719859020601 0.0546875 0.05726897095570589
0 0.9796875 0.9671875 0.040625 0.059375
0 0.6828125 0.8389981033286367 0.059375 0.052936668466194804
0 0.6875 0.4734375 0.065625 0.028125
0 0.78359375 0.978125 0.0328125 0.04375