0 0.11068963027511644 0.3970420897419711 0.11370914772027056 0.10338617328319835
0 0.3882226344243014 0.4178084698068137 0.11022895020978148 0.09855312406898661
0 0.27013825310027767 0.2586431774170276 0.10890324855010754 0.10160534946188057
0 0.13010524895109282 0.2442809627775004 0.11214664772027047 0.10331339867609231
0 0.2527587311049534 0.4052270789886041 0.1072223493799445 0.0999700748547749
0 0.40234375 0.27109375 0.0953125 0.0984375
0 0.6318542352541383 0.34965766749223004 0.04694677759440165 0.044225188998963993
0 0.5564775721865282 0.2269778387085138 0.04694677759440165 0.044225188998963993
0 0.9295114078695181 0.31177679362813127 0.04526587842423861 0.04258991439185813
0 0.4756527020606593 0.27966188296032674 0.04850927759440164 0.04429796360606986
0 0.7580615377436493 0.36023991066780453 0.04538427759440165 0.04415241439185813
0 0.5447597448019079 0.17468759263745515 0.04694677759440165 0.044225188998963993
0 0.5722675929324526 0.26691363399378404 0.04694677759440165 0.044225188998963993
0 0.8094860182471247 0.13684095202413332 0.043821777594401645 0.04407963978475227
0 0.9701597186573988 0.3340542080199894 0.04538427759440165 0.04415241439185813
0 0.6874926190769617 0.13272703266987645 0.04538427759440165 0.04415241439185813
0 0.6860699838042458 0.2549659057054058 0.04538427759440165 0.04415241439185813
0 0.7784243497809298 0.19497878370333374 0.04538427759440165 0.04415241439185813
0 0.7327081854639197 0.2602741439185815 0.04538427759440165 0.04415241439185813
0 0.6430536896131047 0.26393849131354763 0.04538427759440165 0.04415241439185813
0 0.8583020265454945 0.15479473945152078 0.04526587842423861 0.04258991439185813
0 0.5452296510210408 0.3754153387085138 0.04862767676456468 0.04586046360606986
0 0.8893115377436492 0.3663529776646965 0.04694677759440165 0.044225188998963993
0 0.6041310543403887 0.3844307737785363 0.047065176764564676 0.045787688998963995
0 0.8568113041398961 0.11238891563020328 0.04370337842423862 0.042517139784752266
0 0.7123472186573988 0.3220463978475229 0.04538427759440165 0.04415241439185813
0 0.5684788194872358 0.316913633993784 0.04694677759440165 0.044225188998963993
0 0.7182923331841902 0.1608177994190995 0.04538427759440165 0.04415241439185813
0 0.8546064962518004 0.2863358378799442 0.04526587842423861 0.04258991439185813
0 0.8702781178275618 0.3278341331652145 0.04694677759440165 0.044225188998963993
0 0.668315643972071 0.1788742865988179 0.04538427759440165 0.04415241439185813
0 0.79639217716555 0.24756012820281584 0.04526587842423879 0.04258991439185813
0 0.99140625 0.1375 0.0171875 0.04375
0 0.6217007531002776 0.19395132299274803 0.04526587842423861 0.04258991439185813
0 0.7713474008205482 0.10213631223938106 0.04538427759440165 0.04415241439185813
0 0.7195462572494625 0.20634862324041708 0.04538427759440165 0.04415241439185813
0 0.9548702958415263 0.1012759412707664 0.04526587842423861 0.04258991439185822
0 0.7962001551702257 0.3949445504525568 0.04694677759440165 0.044225188998963993
0 0.9614466468718561 0.3869608841986718 0.04694677759440165 0.044225188998963993
0 0.39596704729141885 0.6617681774170275 0.06375576929603177 0.060577935070022446
0 0.3967025983310373 0.5692895789886041 0.06219326929603177 0.06050516046291667
0 0.8989718028904962 0.9446192187733564 0.09005816016782511 0.07892982878371627
0 0.9203750514406037 0.8483991902373091 0.07658765601864026 0.08608735731976366
0 0.9734375 0.8375 0.053125 0.090625
0 0.9734375 0.95078125 0.053125 0.0921875
0 0.9014367199067987 0.7879325711307212 0.055304651869455414 0.09288101282028158
0 0.93828125 0.975 0.0546875 0.05