0 0.3640625 0.4265625 0.0484375 0.0703125
0 0.5375 0.653125 0.0546875 0.0703125
0 0.5703125 0.4359375 0.05625 0.0671875
0 0.40625 0.6265625 0.0484375 0.075
0 0.728125 0.421875 0.05 0.0703125
0 0.2640625 0.6421875 0.0515625 0.0765625
0 0.640625 0.459375 0.06875 0.053125
0 0.5984375 0.58125 0.071875 0.0453125
0 0.4 0.1765625 0.0609375 0.06875
0 0.4265625 0.4953125 0.0671875 0.0609375
0 0.715625 0.6171875 0.075 0.046875
0 0.5296875 0.5421875 0.065625 0.0609375
0 0.30625 0.39375 0.0640625 0.065625
0 0.684375 0.5109375 0.071875 0.05
0 0.3921875 0.5359375 0.0734375 0.0515625
0 0.48125 0.2734375 0.0546875 0.06875
0 0.315625 0.45 0.0671875 0.0484375
0 0.6453125 0.6125 0.053125 0.06875
0 0.50625 0.50625 0.0703125 0.0546875
0 0.4921875 0.45 0.06875 0.0546875
0 0.3421875 0.19375 0.075 0.0546875
0 0.4140625 0.428125 0.053125 0.0671875
0 0.58125 0.5234375 0.0546875 0.065625
0 0.4796875 0.39375 0.0734375 0.046875
0 0.30625 0.2625 0.0671875 0.0625
0 0.40625 0.378125 0.0734375 0.046875
0 0.7265625 0.3546875 0.0703125 0.0515625
0 0.315625 0.3265625 0.0515625 0.071875
0 0.26875 0.446875 0.034375 0.075
0 0.55625 0.6125 0.0546875 0.0671875
0 0.453125 0.5796875 0.078125 0.0296875
0 0.4609375 0.4703125 0.0671875 0.05625