0 0.34765625 0.05234375 0.0234375 0.0421875
0 0.7184900535349064 0.12803080927754804 0.04078082488222208 0.03793635200509069
0 0.9572203628657396 0.13932974657864036 0.04078082488222208 0.03793635200509051
0 0.7850308789827765 0.31651150660409383 0.042753427992499836 0.04264203333863605
0 0.9272977084831471 0.20849791725018568 0.04248002591898139 0.03951703333863606
0 0.8669084296894434 0.09032971992363983 0.03921832488222208 0.03791817067154533
0 0.7664012902925917 0.03206378126991201 0.039081623845462946 0.036355670671545146
0 0.9092326307262028 0.09140132391791286 0.039081623845462946 0.036355670671545146
0 0.7295231727622209 0.3077728532781844 0.04091752591898157 0.03949885200509051
0 0.8705419861455548 0.02459563192236729 0.03921832488222208 0.03791817067154533
0 0.8911852597554619 0.13540586258754903 0.039081623845462946 0.036355670671545326
0 0.6374164193218509 0.07735919462127479 0.04078082488222208 0.03793635200509069
0 0.7397212131012953 0.06678422660727552 0.03921832488222208 0.03791817067154533
0 0.8703450794538877 0.16536608259073074 0.03921832488222208 0.03791817067154533
0 0.10241670273370285 0.6963648279758192 0.04914012902925915 0.044277258672817864
0 0.14013131621157315 0.7162591573042741 0.04914012902925915 0.044277258672817864
0 0.1886644354388876 0.8955648492998197 0.050839330066018464 0.04585794000636341
0 0.19942840377046211 0.6968000852960017 0.04914012902925915 0.044277258672817864
0 0.17899832657916576 0.7314478052991834 0.04757762902925915 0.044259077339272326
0 0.2096838156459253 0.5637330466263655 0.04757762902925915 0.0442590773392725
0 0.2188222442040731 0.7575739532940927 0.05070262902925915 0.04429544000636341
0 0.2976307493878694 0.7644773866168204 0.044179226955740704 0.041097714672181596
0 0.3546875 0.77421875 0.009375 0.0421875
0 0.13218353223407336 0.5896602946371832 0.04914012902925915 0.044277258672817864
0 0.34453125 0.57578125 0.0296875 0.0453125
0 0.2568322177194438 0.5663126066200022 0.04757762902925915 0.0442590773392725
0 0.23745324995351721 0.9168944092934563 0.04927683006601846 0.045839758672817865
0 0.33521007888823995 0.6576819466104571 0.04744092799249984 0.0426965773392725
0 0.17298348096175845 0.6626978052991834 0.04744092799249992 0.042696577339272325
0 0.353125 0.54609375 0.0125 0.0328125
0 0.23741641932185092 0.7198194146244565 0.04914012902925915 0.044277258672817864
0 0.2968679147037025 0.8630239746180932 0.04771433006601846 0.04582157733927232
0 0.28671875 0.53671875 0.0484375 0.0140625
0 0.13120608407203624 0.6678762013049104 0.04757762902925915 0.0442590773392725
0 0.15849175400601778 0.6222000746340015 0.049003427992499925 0.04271475867281786
0 0.20700716644712885 0.6404046346276382 0.04914012902925915 0.044277258672817864
0 0.175 0.54140625 0.05 0.0234375
0 0.2741358778514807 0.6568285186187295 0.04744092799249992 0.0426965773392725
0 0.3421875 0.83046875 0.034375 0.0453125
0 0.3087651560795363 0.6235796666136388 0.04601512902925915 0.04424089600572696
0 0.33378286286573966 0.7843898972788207 0.04757762902925933 0.044259077339272326
0 0.2952657499535172 0.916221699952275 0.04927683006601846 0.045839758672817865
0 0.34921875 0.62890625 0.0203125 0.0421875
0 0.3375 0.86640625 0.04375 0.0421875
0 0.35234375 0.72890625 0.0140625 0.0421875
0 0.6930211618289804 0.76989104527373 0.04757762902925915 0.044259077339272326
0 0.607629048916758 0.9022682879535477 0.04927683006601846 0.045839758672817865
0 0.7306564458064801 0.8961444626034574 0.04757762902925915 0.0442590773392725
0 0.7388804659760175 0.7756137866009121 0.04757762902925915 0.0442590773392725
0 0.6585491255424065 0.7155489906110934 0.04757762902925933 0.044259077339272326
0 0.6711638686151838 0.9312467159452753 0.04927683006601846 0.045839758672817865
0 0.6399344095199062 0.8424569359484568 0.049003427992499834 0.04271475867281786
0 0.4828125 0.53515625 0.05 0.0109375
0 0.5157149509902765 0.9064659866327288 0.05253853110277769 0.04743862133990895
0 0.6472617280870364 0.568655809277548 0.04927683006601846 0.045839758672817865
0 0.7356201819985178 0.6489603799331849 0.04757762902925915 0.0442590773392725
0 0.53671875 0.53984375 0.0484375 0.0203125
0 0.38125 0.98046875 0.04375 0.0390625
0 0.6768507747412029 0.6386955892743663 0.04744092799249984 0.0426965773392725
0 0.828507476909258 0.9419285825907308 0.049413531102777596 0.04740225867281787
0 0.83828125 0.53671875 0.0484375 0.0140625
0 0.6832346416594431 0.8904399026098208 0.04771433006601846 0.0458215773392725
0 0.633178687182314 0.6579728479471842 0.04744092799249984 0.042696577339272325