0 0.1484375 0.56015625 0.05 0.0390625
0 0.084375 0.5578125 0.05 0.04375
0 0.4103305294650541 0.38036639434304 0.04557612041330898 0.04795165258848364
0 0.1813237646343312 0.21551712613895005 0.04871930113146816 0.05125866311182729
0 0.2926976018701528 0.29697849971765133 0.04714771077238851 0.04960515785015547
0 0.6417542880492612 0.509402905007558 0.023573855386194255 0.024802578925077867
0 0.6884111194313502 0.47463306285771356 0.023573855386194255 0.024802578925077867
0 0.7070611254814745 0.4585376259977757 0.022011355386194253 0.024711573663405772
0 0.6725406797362006 0.431535510240995 0.023582945745273955 0.026365078925077688
0 0.7947065712267484 0.4886339206513993 0.023573855386194255 0.024802578925077867
0 0.7480133784083407 0.5171537628012437 0.023573855386194255 0.024802578925077867
0 0.7089508784083407 0.5148786312594476 0.023573855386194255 0.024802578925077867
0 0.7833963665044841 0.42393438381969634 0.023573855386194255 0.02480257892507769
0 0.7338327037403056 0.4960222154461972 0.022011355386194253 0.024711573663405772
0 0.6667724687674204 0.5139839891943077 0.022011355386194253 0.024711573663405772
0 0.6986850232185382 0.36120759968941646 0.023573855386194255 0.02480257892507769
0 0.7571974808676687 0.48488729437127487 0.023573855386194255 0.024802578925077867
0 0.6801804629136878 0.40230303654935434 0.023573855386194255 0.024802578925077867
0 0.7321247579950318 0.4709312101845253 0.023573855386194255 0.02480257892507769
0 0.6697429326630668 0.48760349971765127 0.023573855386194255 0.024802578925077867
0 0.7041270230221464 0.491168115474432 0.022011355386194253 0.024711573663405772
0 0.685149764045156 0.4510135523343698 0.022011355386194253 0.02471157366340595
0 0.6586963483541114 0.46821646288594837 0.023573855386194255 0.02480257892507769
0 0.6369213423039872 0.4841298892225424 0.023573855386194255 0.024802578925077867
0 0.687021336253863 0.5042295575960416 0.023564765027114642 0.02324007892507769
0 0.389927125874258 0.6295011153332577 0.03143180718159222 0.03307010523343692
0 0.378125 0.58515625 0.03125 0.0109375
0 0.46875 0.66484375 0.021875 0.0328125
0 0.42598280054229304 0.6519067363517103 0.029869307181592218 0.03297909997176518
0 0.36662598126045226 0.6515735364081798 0.03143180718159222 0.03307010523343692
0 0.45404416802873565 0.6426073310618035 0.0298602168225127 0.03141659997176518
0 0.4553975897699044 0.6067608363234753 0.0314318071815924 0.03307010523343692
0 0.24768508371978024 0.6118446365211194 0.032994307181592394 0.033161110495108836
0 0.29795779449216875 0.6616318048946186 0.03456589754067192 0.034814615756780756
0 0.6262464209556019 0.8632698996047118 0.06769656010845856 0.09141322625188941
0 0.630524854797019 0.7932304153897274 0.08016019867214012 0.0858912683452644
0 0.864972577669656 0.8193812046405048 0.05991133118569749 0.09564569994353037
0 0.7262918727509999 0.8769067363517102 0.09252384328594587 0.06318181043863902
0 0.65234375 0.95546875 0.0671875 0.0890625
0 0.81328125 0.98359375 0.0921875 0.0328125
0 0.5704963907049809 0.9459312101845253 0.08638292759490121 0.08156778939195171
0 0.7023634933607006 0.7911666574266325 0.06301815046753809 0.09270271046687402
0 0.571875 0.98984375 0.09375 0.0203125
0 0.8563066256778662 0.9407101730704737 0.08789997579950323 0.07384629465362362
0 0.8105668788011242 0.86463352048199 0.08325792759490121 0.08138577886860805
0 0.5606577823919203 0.8656976786144941 0.06302724082661779 0.09426521046687383
0 0.50234375 0.9375 0.0453125 0.09375