0 0.3863713534610744 0.29425129056909116 0.03617651741285464 0.035775673916276673
0 0.34442287087392903 0.2580936146756482 0.034532130257724704 0.03414950692008212
0 0.246875 0.35234375 0.034375 0.0140625
0 0.39614914518418853 0.2570696255500632 0.034532130257724704 0.03414950692008212
0 0.42099201492646365 0.29096446448536784 0.034532130257724704 0.0341495069200823
0 0.45052238466873895 0.32505030440925564 0.034532130257724704 0.0341495069200823
0 0.3798491157855464 0.17967945459953608 0.034532130257724704 0.03414950692008221
0 0.33668561397652397 0.22646161269848192 0.034450243102595125 0.032587006920082116
0 0.32428743328925796 0.31364327771750994 0.03773901741285464 0.035839340912471054
0 0.2526448066495778 0.2465247619001792 0.034532130257724704 0.03414950692008212
0 0.9084367039814728 0.13320240813612685 0.03938340456798421 0.03746550790866543
0 0.9188629488930902 0.05376957612090436 0.03609463025772479 0.03421317391627667
0 0.3829121607880207 0.5278569694282836 0.05105788896415202 0.051973676882026254
0 0.4484375 0.37734375 0.053125 0.0359375
0 0.4011841259623116 0.5974983073750051 0.049413501809022264 0.0503475098858317
0 0.3851010232942067 0.7549924723940332 0.04785100180902226 0.0502838428896375
0 0.3956025113084191 0.6442459733826164 0.049413501809022264 0.0503475098858317
0 0.4174575791508149 0.5558838103407547 0.0510578889641522 0.051973676882026254
0 0.4309269369073025 0.47814081231792105 0.04924972749876275 0.047222509885831696
0 0.9033751469932108 0.6869030000743621 0.049167840343632994 0.0456600098858317
0 0.68125 0.72578125 0.025 0.0453125
0 0.7472822772509355 0.6476601334587285 0.04760534034363299 0.04559634288963732
0 0.68046875 0.6453125 0.0234375 0.04375
0 0.9715032700148463 0.8509601828878873 0.05237472749876275 0.04734984387822046
0 0.8278771800098976 0.6634708172608369 0.04924972749876275 0.047222509885831696
0 0.8834433480340074 0.9178346650933902 0.05089411465389251 0.04884867688202625
0 0.785169622344267 0.9106986443331435 0.049331614653892505 0.0487850098858317
0 0.7496149819097769 0.7824171354358949 0.04924972749876275 0.047222509885831696
0 0.8785654975136092 0.8017639961200294 0.049167840343633175 0.0456600098858317