0 0.11125983757931195 0.5867134269508123 0.01778770072563942 0.017487508928453722
0 0.20909713685367262 0.6021826939969409 0.01622520072563951 0.01746023538950343
0 0.17959317532825986 0.5527281647759477 0.01622520072563951 0.01746023538950343
0 0.09663683158886216 0.513575935879266 0.016225200725639422 0.017460235389503254
0 0.19005944937487707 0.5213145235422456 0.016170637023308565 0.015897735389503433
0 0.11498503830495137 0.5694713798729116 0.01778770072563942 0.017487508928453722
0 0.08337293975623021 0.5356691241908688 0.017787700725639333 0.017487508928453722
0 0.08079357677953873 0.5200986712687694 0.01778770072563942 0.017487508928453722
0 0.14376480273292155 0.5502304561718054 0.01622520072563951 0.01746023538950343
0 0.20782730273292155 0.5491122410748416 0.01778770072563951 0.017487508928453722
0 0.1567013123515685 0.5375122678602027 0.016170637023308565 0.015897735389503252
0 0.22830349383991422 0.544070185068487 0.01778770072563951 0.017487508928453722
0 0.10034218494690679 0.541619115262415 0.017787700725639333 0.017487508928453722
0 0.12334317532825993 0.5537100121781598 0.017787700725639333 0.017487508928453722
0 0.11387889529119302 0.5117134269508122 0.016225200725639422 0.017460235389503254
0 0.17123503830495138 0.5684895324706993 0.016170637023308565 0.015897735389503433
0 0.09974198422126737 0.558806615262415 0.01778770072563942 0.017487508928453722
0 0.2142062775051782 0.5005929204579905 0.016170637023308565 0.015897735389503433
0 0.15404753830495138 0.568789541399153 0.016170637023308565 0.015897735389503433
0 0.20691956716089194 0.5303895146137918 0.016170637023308565 0.015897735389503252
0 0.18664178349562785 0.574466797081196 0.01622520072563951 0.01746023538950343
0 0.11333325826788446 0.5273384269508122 0.016225200725639422 0.017460235389503254
0 0.2325743315888622 0.5112031379905865 0.016170637023308565 0.015897735389503252
0 0.07866559238863538 0.5810361712687694 0.01778770072563942 0.017487508928453722
0 0.13384416570961308 0.5660190974055075 0.016170637023308565 0.015897735389503252
0 0.13811500345856106 0.5331520503276068 0.01622520072563951 0.01746023538950343
0 0.19863584120750896 0.49930315584749396 0.01622520072563951 0.01746023538950343
0 0.17566956716089194 0.5309349853927987 0.016170637023308565 0.015897735389503433
0 0.6108530658949476 0.7022996964325727 0.022638891832631992 0.02225682954530477
0 0.18468744701262435 0.9752850032497061 0.03228671034428636 0.030232970779006864
0 0.15546875 0.9875 0.0296875 0.025
0 0.11001482922660948 0.9672191331193225 0.032286710344286276 0.030232970779006864
0 0.05134915735691061 0.9479430275994354 0.032286710344286186 0.030232970779006864
0 0.1265625 0.9921875 0.03125 0.015625
0 0.019880902547587186 0.9547384983784422 0.03077877404661713 0.03176819724005649
0 0.09921875 0.9890625 0.0328125 0.021875
0 0.04718744701262434 0.9776850746773361 0.030724210344286275 0.030205697240056395
0 0.0671875 0.9890625 0.03125 0.021875
0 0.017281692203300912 0.9844532719173925 0.030724210344286275 0.030205697240056485
0 0.0390625 0.9953125 0.03125 0.009375