0 0.390625 0.4390625 0.04375 0.04375
0 0.4265625 0.4578125 0.04375 0.04375
0 0.396875 0.3890625 0.04375 0.04375
0 0.4625 0.49375 0.04375 0.04375
0 0.3421875 0.3671875 0.0421875 0.04375
0 0.6921875 0.26875 0.04375 0.04375
0 0.6078125 0.21875 0.0421875 0.04375
0 0.4140625 0.2296875 0.0421875 0.04375
0 0.3390625 0.4375 0.04375 0.0421875
0 0.1953125 0.2359375 0.04375 0.04375
0 0.2296875 0.2734375 0.04375 0.0453125
0 0.3671875 0.328125 0.04375 0.04375
0 0.3515625 0.1921875 0.04375 0.0421875
0 0.6296875 0.1796875 0.0421875 0.04375
0 0.5953125 0.259375 0.0421875 0.04375
0 0.853125 0.2828125 0.0453125 0.04375
0 0.23125 0.2078125 0.0421875 0.04375
0 0.6625 0.221875 0.0421875 0.04375
0 0.40625 0.18125 0.0421875 0.04375
0 0.3515625 0.2375 0.04375 0.0453125
0 0.265625 0.3078125 0.04375 0.04375
0 0.3140625 0.1703125 0.0421875 0.0453125
0 0.3109375 0.2546875 0.04375 0.04375
0 0.7609375 0.25 0.04375 0.04375
0 0.521875 0.496875 0.0421875 0.0421875
0 0.3140625 0.328125 0.04375 0.04375
0 0.2234375 0.334375 0.04375 0.04375
0 0.259375 0.240625 0.04375 0.0453125
0 0.2625 0.171875 0.0421875 0.0453125
0 0.7171875 0.328125 0.04375 0.0421875
0 0.7765625 0.3140625 0.0453125 0.04375
0 0.846875 0.2234375 0.04375 0.04375
0 0.5796875 0.3078125 0.0421875 0.0421875
0 0.2953125 0.2109375 0.0421875 0.04375
0 0.809375 0.2484375 0.0453125 0.04375
0 0.2671875 0.35 0.0453125 0.0421875
0 0.884375 0.25 0.046875 0.0453125
0 0.88125 0.1953125 0.0453125 0.0453125
0 0.6953125 0.1921875 0.0421875 0.0421875
0 0.771875 0.20625 0.04375 0.04375
0 0.7375 0.178125 0.0421875 0.04375
0 0.7265625 0.2234375 0.04375 0.0453125
0 0.8234375 0.1859375 0.0453125 0.0453125