0 0.38828125 0.01015625 0.0390625 0.0203125
0 0.38447428092257907 0.044607806731360666 0.038231973516896466 0.03323067067154524
0 0.30625 0.01640625 0.0375 0.0328125
0 0.4473349138423 0.06254074140672392 0.038122712873234835 0.03166817067154515
0 0.2772737861183591 0.07932715738381586 0.0383412341605581 0.034793170671545234
0 0.34570671186482854 0.017572592059179114 0.036669473516896464 0.033212489337999786
0 0.23211410542821115 0.03188853604390709 0.038450494804219915 0.036355670671545236
0 0.26875 0.01171875 0.0375 0.0234375
0 0.22285980170569938 0.18659421737745258 0.04157549480421992 0.036392033338636054
0 0.44401353586625747 0.15476460407381473 0.039903734160558105 0.03481135200509069
0 0.3150908603718897 0.14231805338954287 0.039903734160558105 0.03481135200509069
0 0.2675053022099025 0.040119206715452285 0.038341234160558194 0.03479317067154515
0 0.25463468956909885 0.313629432049634 0.04179401609154336 0.03951703333863606
0 0.18938030220990248 0.03921014003818009 0.03990373416055819 0.03481135200509069
0 0.14629730170569938 0.18570333203372566 0.04157549480421992 0.036392033338636054
0 0.4410192118648285 0.018681653405451203 0.038231973516896466 0.03323067067154515
0 0.11119032818880296 0.21813402402927143 0.04168475544788164 0.037954533338636055
0 0.43410294032540353 0.09522597207190579 0.03823197351689629 0.03323067067154524
0 0.36058903067047743 0.11782713072881532 0.0383412341605581 0.034793170671545234
0 0.04964082299302288 0.18145108935390813 0.04491901609154336 0.03955339600572714
0 0.028038610623991267 0.0654806440165447 0.04324725544788164 0.03797271467218159
0 0.47801719526908204 0.20520095607890543 0.040012994804219916 0.03637385200509069
0 0.060129844784549434 0.03145108935390813 0.04324725544788164 0.03797271467218159
0 0.4986353338887861 0.11161458808081445 0.03823197351689629 0.03323067067154524
0 0.6719750088789509 0.21824639608526883 0.046809298022528624 0.044259077339272326
0 0.6174296205113483 0.2379407307447236 0.04513753737886681 0.042678396005727134
0 0.6898073650634667 0.276313434754905 0.04201253737886681 0.04264203333863605
0 0.7174846148113652 0.3501327427593594 0.04859031930985207 0.04740225867281787
0 0.6397638063972764 0.32108049474854167 0.04513753737886681 0.04267839600572696
0 0.614391737843729 0.14720664274345108 0.04513753737886681 0.042678396005727134
0 0.6604476469944519 0.27128048941754157 0.04212179802252862 0.044204533338636054
0 0.28152497150008404 0.8044544267186339 0.05004355866619026 0.04585794000636341
0 0.4256562918183423 0.4652293894016332 0.04859031930985207 0.04740225867281787
0 0.4346935301662744 0.7608873347389966 0.048481058666190256 0.045839758672817865
0 0.5328125 0.46484375 0.0125 0.0453125
0 0.3979904777042703 0.547787350731997 0.048481058666190256 0.045839758672817865
0 0.45617431830144584 0.49842369740608755 0.048481058666190256 0.045839758672817865
0 0.2645124341212172 0.8464782947167249 0.05004355866619026 0.04585794000636341
0 0.17013826533523874 0.42941696936663487 0.04859031930985207 0.04740225867281791
0 0.4310115192705111 0.8359055160725422 0.05004355866619026 0.04585794000636341
0 0.23043163710709483 0.5958783107097253 0.05004355866619035 0.04585794000636341
0 0.5484375 0.8078125 0.01875 0.075
0 0.56640625 0.878125 0.0546875 0.05625
0 0.6074433432719402 0.9438271040738148 0.07893338317182241 0.05712270401018138
0 0.5996194076381137 0.7873589280712695 0.0778079257464693 0.06335452267663584
0 0.6364745514535979 0.7299282360757238 0.07926116510280767 0.06181020401018138
0 0.55390625 0.5578125 0.0296875 0.08125
0 0.642516737843729 0.6658839174092692 0.06930701089576327 0.0757454346753633
0 0.5835566371070948 0.5698078014003606 0.06182229282674854 0.08034202800763604
0 0.6316999341212173 0.8205714174092693 0.05847877153942491 0.07718066534054521
0 0.56796875 0.69375 0.0578125 0.071875
0 0.67578125 0.96171875 0.0546875 0.0765625