0 0.5140625 0.759375 0.0359375 0.0359375
0 0.290625 0.7015625 0.034375 0.034375
0 0.1265625 0.390625 0.0375 0.0359375
0 0.2484375 0.7265625 0.0359375 0.034375
0 0.3921875 0.7640625 0.034375 0.034375
0 0.3640625 0.7328125 0.034375 0.034375
0 0.221875 0.690625 0.0359375 0.034375
0 0.3515625 0.7703125 0.0359375 0.034375
0 0.2265625 0.7671875 0.0375 0.0375
0 0.1546875 0.6234375 0.0359375 0.0328125
0 0.1296875 0.565625 0.0359375 0.0328125
0 0.171875 0.590625 0.0359375 0.0328125
0 0.140625 0.4296875 0.0375 0.034375
0 0.4 0.6578125 0.034375 0.0328125
0 0.16875 0.54375 0.0359375 0.0328125
0 0.125 0.5265625 0.0359375 0.034375
0 0.121875 0.60625 0.0375 0.034375
0 0.15 0.6625 0.0359375 0.034375
0 0.1875 0.6609375 0.0359375 0.0328125
0 0.1828125 0.7 0.0359375 0.034375
0 0.4125 0.690625 0.0328125 0.0328125
0 0.11875 0.640625 0.0359375 0.034375
0 0.1390625 0.775 0.0359375 0.0359375
0 0.1796875 0.7625 0.0359375 0.034375
0 0.153125 0.7375 0.0359375 0.034375
0 0.115625 0.678125 0.0375 0.0359375
0 0.115625 0.746875 0.0359375 0.0359375
0 0.14375 0.7 0.0359375 0.034375