0 0.5296875 0.584375 0.0546875 0.0390625
0 0.4390625 0.4140625 0.0546875 0.034375
0 0.4390625 0.4828125 0.04375 0.05
0 0.55625 0.4859375 0.05625 0.0296875
0 0.5703125 0.6640625 0.0359375 0.0546875
0 0.4875 0.41875 0.0546875 0.034375
0 0.2921875 0.5390625 0.028125 0.0578125
0 0.3828125 0.54375 0.04375 0.0515625
0 0.2703125 0.45625 0.0609375 0.0296875
0 0.475 0.4703125 0.03125 0.05625
0 0.5015625 0.475 0.0265625 0.0546875
0 0.3125 0.76875 0.0390625 0.0625
0 0.2703125 0.5953125 0.0609375 0.03125
0 0.3984375 0.6328125 0.0328125 0.0578125
0 0.4703125 0.51875 0.0515625 0.04375
0 0.5609375 0.453125 0.05625 0.03125
0 0.2671875 0.40625 0.0578125 0.0359375
0 0.3 0.3390625 0.03125 0.05625
0 0.33125 0.4234375 0.059375 0.0296875
0 0.55 0.51875 0.05625 0.028125
0 0.3953125 0.46875 0.0578125 0.0296875
0 0.5703125 0.6015625 0.0421875 0.0515625
0 0.5078125 0.53125 0.025 0.05625
0 0.4859375 0.703125 0.0390625 0.0609375
0 0.3453125 0.6078125 0.059375 0.0296875