0 0.4090219927523121 0.4591112819163885 0.028730777879787082 0.027180749050069508
0 0.434375 0.39921875 0.009375 0.0265625
0 0.7555457906359785 0.33360474848138855 0.047448826971401556 0.04633079255305574
0 0.7316625251740271 0.13691158643729134 0.04563123545613248 0.04316942496187508
0 0.8154309736665166 0.3384727800165274 0.04588632697140156 0.04629442496187508
0 0.88984375 0.01328125 0.0421875 0.0265625
0 0.7510505118381074 0.06757970497840242 0.0422511439408634 0.03997168977951393
0 0.9644747672981193 0.20820078571611056 0.04575878121376711 0.04473192496187508
0 0.6416435609297219 0.08891180395222201 0.0453761439408634 0.04004442496187508
0 0.8915160151720875 0.08153048936333285 0.04056109818322895 0.03837282218833345
0 0.7758593221396095 0.026300088337152427 0.0422511439408634 0.03997168977951393
0 0.9382634694144528 0.07887696162791621 0.0422511439408634 0.03997168977951393
0 0.98515625 0.12890625 0.0296875 0.0421875
0 0.9014009403267178 0.1642702541809718 0.03392846091032524 0.03353985182361115
0 0.9204699336587581 0.129386107904444 0.0422511439408634 0.03997168977951393
0 0.05234375 0.51484375 0.0453125 0.0296875
0 0.09492805759574204 0.6191019181249301 0.04575878121376711 0.04473192496187508
0 0.10573775396219975 0.6939928153513885 0.04588632697140156 0.04629442496187508
0 0.01875 0.6328125 0.0375 0.04375
0 0.0171875 0.578125 0.034375 0.04375
0 0.08204567819874616 0.5379973884896523 0.047448826971401556 0.04633079255305557
0 0.1292391557789708 0.6558745663013189 0.04575878121376711 0.04473192496187508
0 0.19008080305381414 0.7108153330188189 0.04588632697140156 0.04629442496187508
0 0.00859375 0.67109375 0.0171875 0.0484375
0 0.07754885214542853 0.7322201671749996 0.04588632697140156 0.04629442496187508
0 0.1703125 0.5125 0.046875 0.025
0 0.173180087601561 0.7722619792953467 0.04601387272903601 0.04785692496187508
0 0.04320580305381414 0.7142338865897913 0.04588632697140156 0.04629442496187508
0 0.18539381880562972 0.5575084950629161 0.04394118969849785 0.041570557370694414
0 0.14722362335725592 0.7227711255718745 0.044196281213767105 0.044695557370694416
0 0.13137522487446462 0.7779314042572217 0.04601387272903601 0.04785692496187508
0 0.09591673062434047 0.5736803153513884 0.04394118969849785 0.041570557370694414
0 0.23491558668347706 0.5313083645539577 0.0471937354561323 0.043205792553055566
0 0.06170045366263732 0.7873804458603468 0.044196281213767105 0.044695557370694416
0 0.17506183880950896 0.6610699061570828 0.0440687354561323 0.043133057370694415
0 0.03089699275231208 0.7552225625015968 0.04588632697140156 0.04629442496187508
0 0.21584633547552912 0.6429004811952078 0.04732128121376693 0.04476829255305574
0 0.8372750542617622 0.9600892876159717 0.04212359818322895 0.03840918977951393
0 0.8130411024352927 0.7399222579806939 0.04081618969849785 0.04149782218833344
0 0.8115739394086339 0.8370154635277773 0.04056109818322895 0.03837282218833336
0 0.7919950209219632 0.7889416394395828 0.0406886439408634 0.03993532218833336
0 0.7767529160707746 0.7172848449866661 0.042378689698497854 0.04153418977951393
0 0.878125 0.98515625 0.040625 0.0296875
0 0.8454384985021879 0.9066733468865273 0.04056109818322877 0.03837282218833345