0 0.8761969083169474 0.520531710379605 0.045502676764564674 0.04399543969514959
0 0.84453125 0.5390625 0.0453125 0.021875
0 0.91171875 0.53515625 0.0453125 0.0296875
0 0.9484375 0.54375 0.04375 0.0125
0 0.4863485452400484 0.7764282281371943 0.04694677759440165 0.042442030054229286
0 0.5041746626666248 0.7437339028052292 0.04538427759440165 0.04243293969514976
0 0.27519571245684343 0.6486930718159235 0.04862767676456468 0.04401362041330899
0 0.5675733892214081 0.6941247882456528 0.04694677759440165 0.042442030054229286
0 0.32147871660602834 0.6411532825883122 0.04862767676456468 0.0440136204133089
0 0.41589064482048543 0.588600975210328 0.04370337842423862 0.040861349336070066
0 0.506851222004613 0.82027822208707 0.04694677759440165 0.042442030054229286
0 0.3701781709649946 0.7273362222834617 0.04694677759440165 0.04244203005422946
0 0.41260062407456105 0.6276271137740095 0.047065176764564676 0.04400453005422929
0 0.26796875 0.56796875 0.0484375 0.0359375
0 0.5684040286433089 0.8081418364502546 0.04370337842423862 0.040861349336070066
0 0.5370104734545056 0.7236213907049809 0.04538427759440165 0.04243293969514959
0 0.33175244316081154 0.5912350958200286 0.047065176764564676 0.04400453005422929
0 0.2406808477295593 0.7703135417616942 0.04862767676456468 0.04401362041330899
0 0.47140693901162667 0.5998566377781146 0.04538427759440165 0.04243293969514968
0 0.4568242207552132 0.6341316438282388 0.04526587842423861 0.040870439695149675
0 0.27867775519809207 0.7564783007386847 0.04862767676456468 0.04401362041330899
0 0.3150655410908635 0.7832407886384363 0.047065176764564676 0.04400453005422929
0 0.5700383062377105 0.8503202460911752 0.04694677759440165 0.042442030054229286
0 0.42692507843352734 0.7136100655694075 0.04694677759440165 0.042442030054229286
0 0.503656289640971 0.8811702702916719 0.045502676764564674 0.04399543969514959
0 0.39030049420042995 0.683722577669656 0.04694677759440165 0.042442030054229286
0 0.4740154112167323 0.8403907341873185 0.04526587842423879 0.040870439695149585
0 0.35831863362233063 0.797548728333586 0.047065176764564676 0.04400453005422929
0 0.3552654112167323 0.8396998668972675 0.047065176764564676 0.04400453005422929
0 0.4429518975197778 0.677781649878363 0.047065176764564676 0.04400453005422929
0 0.59609375 0.6828125 0.0265625 0.040625
0 0.5546875 0.55625 0.046875 0.0125
0 0.31177552034493905 0.8222669272021179 0.04862767676456468 0.04401362041330899
0 0.2128858892214081 0.6920612767345796 0.04862767676456468 0.04401362041330899
0 0.3013097717948316 0.7253737464839587 0.04862767676456468 0.04401362041330899
0 0.5831965439906485 0.5911361436318471 0.04370337842423862 0.040861349336070066
0 0.23279472490439806 0.6250192224798534 0.04862767676456468 0.04401362041330899
0 0.371875 0.56875 0.046875 0.0375
0 0.24927367511417947 0.7188237646343312 0.05019017676456468 0.04402271077238851
0 0.46802736557569863 0.9262555113146815 0.04718357593472753 0.04556703005422946
0 0.5084155672353726 0.9233668606507516 0.04370337842423862 0.040861349336070066
0 0.43359375 0.98515625 0.0484375 0.0296875
0 0.48515625 0.97734375 0.0484375 0.0453125
0 0.37890625 0.9796875 0.0484375 0.040625
0 0.43244321785542816 0.8276543848512483 0.04370337842423862 0.040861349336070066
0 0.267551923664287 0.8157623971478886 0.04862767676456468 0.04401362041330899
0 0.5467909830022751 0.8939157099868217 0.045502676764564674 0.04399543969514959
0 0.5824450630861877 0.9316066075274936 0.047065176764564676 0.04400453005422929
0 0.22465402864330883 0.8061419574527389 0.04862767676456468 0.04401362041330899
0 0.4421875 0.5671875 0.04375 0.034375
0 0.60390625 0.8484375 0.0109375 0.04375
0 0.19375 0.571875 0.05 0.04375
0 0.58671875 0.8921875 0.0453125 0.04375
0 0.59765625 0.7671875 0.0234375 0.04375
0 0.5309003381817897 0.6017645714231401 0.04682837842423861 0.040879530054229285
0 0.984375 0.7890625 0.03125 0.04375
0 0.9875 0.9453125 0.025 0.04375
0 0.9667949070675474 0.858514541172519 0.04694677759440165 0.042442030054229286
0 0.9096928020885257 0.8675531978865731 0.047065176764564676 0.04400453005422929
0 0.978125 0.9859375 0.04375 0.028125
0 0.9403041846619491 0.9005293243500063 0.04694677759440165 0.04244203005422946
0 0.8874159830022752 0.9033452521412993 0.04538427759440165 0.04243293969514959
0 0.908392256447492 0.9534452460911751 0.047065176764564676 0.04400453005422929
0 0.8656127605966768 0.9453873063960254 0.04538427759440165 0.04243293969514959
0 0.8446616431701003 0.9780634510098313 0.043821777594401826 0.04242384933607006
0 0.896875 0.984375 0.04375 0.03125
0 0.98984375 0.746875 0.0203125 0.04375
0 0.8368939195151022 0.8343316317279903 0.043821777594401645 0.04242384933607006
0 0.8626509361118415 0.8032452581914236 0.04538427759440165 0.04243293969514959
0 0.8516416585174401 0.7610123063960254 0.04538427759440165 0.04243293969514959
0 0.8860399693053207 0.7409088846548567 0.04538427759440165 0.04243293969514959
0 0.8008147095570584 0.8528634631100795 0.04538427759440165 0.04243293969514959
0 0.7863755464894482 0.9714771077238853 0.04538427759440165 0.04243293969514959
0 0.9260496626666249 0.753636143631847 0.04358497925407558 0.039298849336070064
0 0.7668899954498298 0.8792168848512484 0.043821777594401645 0.04242384933607006
0 0.786490255198092 0.7668805113146815 0.04202247925407558 0.03928975897699054
0 0.7363252344521677 0.8056339391059744 0.04538427759440165 0.04243293969514959
0 0.711608654368255 0.7680066740788598 0.045502676764564674 0.04399543969514959
0 0.6829885921304819 0.884976005460949 0.04538427759440165 0.04243293969514959
0 0.728656289640971 0.889927125874258 0.042140878424238616 0.04085225897699054
0 0.6466940493892332 0.7769998789975159 0.04694677759440165 0.042442030054229286
0 0.6816377344521677 0.805315776538188 0.04538427759440165 0.04243293969514959
0 0.6416065755337425 0.9159714754067197 0.04538427759440165 0.04243293969514959
0 0.61953125 0.8875 0.0203125 0.04375
0 0.9093339141165174 0.6567066014773694 0.045502676764564674 0.04399543969514967
0 0.63046875 0.95859375 0.0421875 0.0421875
0 0.61484375 0.82109375 0.0109375 0.0421875
0 0.640625 0.98984375 0.046875 0.0203125
0 0.6140625 0.7609375 0.009375 0.04375
0 0.8672648132866805 0.6580236617822197 0.04370337842423879 0.040861349336070066
0 0.9560420481398333 0.5929440833269968 0.04730197510489056 0.047129530054229284
0 0.990625 0.6046875 0.01875 0.046875
0 0.7942309776036904 0.7247566438282389 0.04538427759440165 0.04243293969514959
0 0.864093191710919 0.6986123003459012 0.045502676764564674 0.04399543969514967
0 0.6991552759440165 0.7273271319243821 0.04538427759440165 0.04243293969514959
0 0.7296875 0.9796875 0.04375 0.040625
0 0.8238467000092887 0.6827600413689108 0.04538427759440165 0.04243293969514968
0 0.7426684776036904 0.7244566619786115 0.04538427759440165 0.04243293969514959
0 0.6340038726246686 0.7331953368430382 0.04694677759440165 0.042442030054229286
0 0.9006208423309745 0.6035543304001305 0.0471835759347277 0.04556703005422928
0 0.7960051199253761 0.6451145956236368 0.04562107593472771 0.04555793969514967
0 0.7833400991794518 0.6840861920328407 0.045502676764564674 0.04399543969514967
0 0.7286525991794518 0.6837680294650541 0.04538427759440165 0.04243293969514976