0 0.0171875 0.11171875 0.034375 0.0390625
0 0.0824508465947286 0.22072241396516876 0.033385244317956975 0.033385244317957155
0 0.04130410065521364 0.5197872053610265 0.033412517856907444 0.03494774431795733
0 0.059395176140033354 0.19925651704942382 0.033412517856907444 0.034947744317956976
0 0.0909179115295368 0.18308604627041705 0.034975017856907445 0.034975017856907445
0 0.08055315584749394 0.15046446104306951 0.03653751785690744 0.03500229139585791
0 0.03806564691904022 0.1683883465947286 0.034975017856907445 0.034975017856907445
0 0.03441099269969463 0.3777633465947286 0.033412517856907444 0.034947744317956976
0 0.8778609837712409 0.33502246753589127 0.1080773271096728 0.10654210064862327
0 0.673512223217934 0.1402123482162864 0.08335006249917623 0.12173072402541756
0 0.7382178311734531 0.28122708604142177 0.12351141233702041 0.09587733603812651
0 0.86640625 0.01796875 0.1078125 0.0359375
0 0.7707963263021892 0.1150838888013654 0.1202500446422686 0.08801028896022593
0 0.96015625 0.025 0.0796875 0.05
0 0.92578125 0.046875 0.0765625 0.09375
0 0.9239019610430695 0.20300880844528174 0.07690914772652384 0.1106841298696164
0 0.8584599675358913 0.10418157062014632 0.0783898271096728 0.10602390340856668
0 0.8951144878284307 0.15196450568533812 0.08283186525911965 0.09204322402541756
0 0.3971054561718055 0.7158827297107558 0.046785271103318316 0.08516593262955982
0 0.4305962459461055 0.9449156647759477 0.06230117694751698 0.07918866801906325
0 0.45234375 0.8265625 0.0328125 0.084375
0 0.3799531379905864 0.8036554651002593 0.053007997564368026 0.08371252678536116
0 0.4421875 0.715625 0.053125 0.071875
0 0.33112590016545107 0.7373407183466701 0.08527502678536117 0.053035271103318495
0 0.2884826582831259 0.853674830359379 0.06553527110331832 0.08549321509696402
0 0.3176792345820198 0.8812816331193225 0.06542617694751698 0.07924321509696383
0 0.4609375 0.96171875 0.015625 0.0765625
0 0.3961860641273246 0.8580429561718056 0.07913412094116268 0.05917617694751698
0 0.20796904383478507 0.8129055543847967 0.06550799756436802 0.08393071509696384
0 0.28218601948505584 0.94594415097623 0.060820497564368026 0.08384889448011279
0 0.27849973214638785 0.7991782451320313 0.06079322402541774 0.08228639448011296
0 0.3146747857171103 0.6954532272751238 0.08837275324641088 0.05152731818121907
0 0.34900314691904016 0.7870134358792661 0.0622739034085666 0.07762616801906326
0 0.2754680097425279 0.6149123392878326 0.08234094155801355 0.06391822402541773
0 0.40302026542457076 0.6454884090939048 0.06690685633066593 0.07458298863591431
0 0.21414513149776465 0.9065191866900448 0.07929776217486459 0.06855117694751697
0 0.35302026542457077 0.6463611623403157 0.07153980925276526 0.07153980925276526
0 0.328125 0.98828125 0.06875 0.0234375
0 0.2203125 0.97109375 0.078125 0.0578125
0 0.41328125 0.58046875 0.0859375 0.0234375
0 0.2840520771129681 0.6600611980541307 0.08228639448011296 0.06079322402541774
0 0.32578125 0.57734375 0.0890625 0.0171875
0 0.42246792045799053 0.7841690795486 0.03425799756436802 0.08338524431795716
0 0.45625 0.77265625 0.025 0.0515625
0 0.2154111712687694 0.6550112337679457 0.03902731818121907 0.08815456493480811
0 0.216899758931749 0.7487066866900449 0.07639095048646727 0.0809966298696164
0 0.2421875 0.58828125 0.078125 0.0390625
0 0.25634408847705376 0.7261498482162865 0.06846935633066593 0.07461026217486459
0 0.359375 0.59453125 0.084375 0.0515625
0 0.43671875 0.61796875 0.0640625 0.0703125
0 0.43984375 0.8984375 0.0578125 0.06875
0 0.38046875 0.98203125 0.0859375 0.0359375
0 0.453125 0.67265625 0.03125 0.0484375
0 0.3640360373419633 0.9101509269508122 0.08683752678536116 0.0530625446422686
0 0.3570769253292545 0.9508850211066135 0.08985343262955992 0.04686709172016936
0 0.6134008376662748 0.9073804829571668 0.1199227621748646 0.06926028896022593