0 0.040505575532770344 0.3621146217552368 0.019650758706427317 0.01751478246740401
0 0.08779001130841904 0.35348391558672654 0.018006371551297563 0.01592500892845372
0 0.07348849389556458 0.3880771038983292 0.019650758706427317 0.017514782467404188
0 0.02365891225835872 0.41548508360578984 0.019732645861557076 0.019077282467404012
0 0.00625 0.40859375 0.0125 0.0171875
0 0.051620137948099255 0.41811915990468373 0.01965075870642723 0.01751478246740401
0 0.058600478291732296 0.37428733928783264 0.019650758706427317 0.017514782467404188
0 0.0771933480340075 0.4067452832814783 0.018006371551297563 0.01592500892845372
0 0.026859155360953756 0.3842078100668395 0.01808825870642732 0.017487508928453722
0 0.04799717096478604 0.39788848052153475 0.019650758706427317 0.017514782467404188
0 0.2954940479431505 0.9125861801972232 0.0749048247398008 0.059067082791715644
0 0.4108733864777612 0.915255438314898 0.04619997060135787 0.07729888555165906
0 0.45437108095983725 0.8895190527632388 0.06741987336031982 0.06518071509696384
0 0.4203125 0.9921875 0.05625 0.015625
0 0.20611064337516619 0.9500509983784422 0.056973696291098365 0.07436480032431163
0 0.4413930461341281 0.9584326939969408 0.06881859905006031 0.062082988635914306
0 0.10625 0.98828125 0.08125 0.0234375
0 0.38045554613412813 0.9594963620160041 0.06750176051544958 0.06674321509696383
0 0.4875 0.98046875 0.075 0.0390625
0 0.7874624626879001 0.7901111623403156 0.05245661465389251 0.047747753246410875
0 0.8879272094085398 0.6603497500032953 0.05928646879233561 0.02913412094116268
0 0.8989532406162042 0.6882565616916926 0.058051517412854636 0.03535684740221221
0 0.8417272388071819 0.7376486355549545 0.05953213025772488 0.03382162094116268
0 0.7905387957954438 0.9399202475676633 0.0612584045679843 0.03697389448011297
0 0.9075979002725711 0.7318156469190402 0.0374048247398008 0.058412517856907445
0 0.94722032225341 0.6608758555231823 0.05533595318850324 0.04311480032431163
0 0.8831423756236273 0.9601588352306429 0.03608798620519007 0.06307274431795715
0 0.9146933480340074 0.8347224586074375 0.049413501809022264 0.04925570616851012
0 0.8304754782917323 0.8034100032497061 0.05541784034363299 0.04467730032431163
0 0.835470594754647 0.7080975032497061 0.06249335594746537 0.030751168019063257
0 0.8803869470840677 0.7744395235422455 0.040447937584671044 0.05690456493480802
0 0.8924222003634281 0.9022372410748416 0.0358423247398008 0.05838524431795715
0 0.78574947648271 0.8525838888013654 0.05846095318850324 0.04316934740221221
0 0.99140625 0.59375 0.0171875 0.046875
0 0.8434402250123719 0.6751759090939048 0.05945024310259513 0.03225912094116268
0 0.9618206535519315 0.8588769788999769 0.049331614653892505 0.04769320616851012
0 0.8924442910457454 0.6337327029253946 0.05945024310259513 0.0322591209411625
0 0.9150429873368437 0.5599679204579905 0.05369156603337366 0.041525026785361165
0 0.9365351277713339 0.6860394967568844 0.049331614653892686 0.04769320616851012
0 0.8770029975136092 0.719861117698047 0.03724105042954129 0.05528751785690744
0 0.971875 0.9 0.05625 0.0375
0 0.955258551561195 0.5670713084452818 0.057969630257724704 0.03379434740221221
0 0.8027798462249851 0.8850691063339612 0.059695904567984306 0.036946620941162675
0 0.9410854296712132 0.807723581984232 0.03592421189493056 0.05994774431795715
0 0.98984375 0.80390625 0.0203125 0.0546875
0 0.8522199242441463 0.9544543060096498 0.04349105042954129 0.05539661201270896
0 0.97890625 0.6859375 0.0421875 0.025
0 0.9859375 0.84609375 0.028125 0.0328125
0 0.9673070929456248 0.754189478899977 0.0389673247398008 0.05843979139585791
0 0.8383012663968017 0.8625940884770538 0.059532130257724705 0.03382162094116268
0 0.8836956535519315 0.860240655847494 0.03880355042954129 0.05531479139585791
0 0.9267086691557637 0.8735394967568844 0.056734678878243724 0.04001707386326192
0 0.9428537268213942 0.6250474496789837 0.0564071302577247 0.03376707386326192
0 0.97421875 0.7109375 0.0515625 0.03125
0 0.9341183774326497 0.9108758555231823 0.05393722749876275 0.04621252678536116
0 0.85859375 0.9875 0.0359375 0.025
0 0.92109375 0.9921875 0.0390625 0.015625
0 0.9706091553609537 0.8103303847441756 0.0327173247398008 0.05833069724005639
0 0.8580472003634281 0.902837258931749 0.042174211894930556 0.06005683847375849
0 0.787489038898039 0.9087520681845144 0.059450243102595036 0.03225912094116268
0 0.98125 0.6140625 0.0375 0.053125
0 0.8304201673467414 0.9236134090939048 0.03608798620519007 0.06307274431795715
0 0.975 0.928125 0.05 0.0375
0 0.7964147388071818 0.7384395681845144 0.0374048247398008 0.058412517856907445
0 0.9123805755327703 0.7894917792242885 0.03748671189493056 0.05997501785690744
0 0.9414063342391976 0.7718133555231823 0.05089411465389251 0.047720479707460586
0 0.74375 0.7765625 0.028125 0.059375
0 0.909375 0.97109375 0.034375 0.0578125
0 0.8859375 0.99375 0.034375 0.0125
0 0.8563363726829513 0.6078247678602028 0.06109463025772488 0.03384889448011297
0 0.8109375 0.9921875 0.0625 0.015625
0 0.8747234452750454 0.8229315706201463 0.0405298247398008 0.0584670649348082
0 0.9005776956137298 0.5976861087695933 0.05689845318850324 0.04314207386326192
0 0.9515625 0.9734375 0.034375 0.053125
0 0.978125 0.653125 0.04375 0.04375
0 0.9398039699239893 0.5938792702958346 0.056652791723114146 0.03845457386326192
0 0.9235969572608331 0.9329144967568844 0.056980340343633175 0.04470457386326192
0 0.73984375 0.8375 0.0203125 0.034375
0 0.8466803324301754 0.8218599943212525 0.05113977611928178 0.052407979707460584
0 0.7679621901866629 0.7451804918856204 0.034361711894930556 0.05992047077900686
0 0.7453125 0.88046875 0.03125 0.0671875
0 0.9921875 0.87109375 0.015625 0.0328125
0 0.8357848552700968 0.6425270503276068 0.05796963025772488 0.03379434740221221
0 0.8370463828597167 0.7673906826328551 0.05945024310259513 0.03225912094116268
0 0.779247170964786 0.827720256496117 0.056980340343632994 0.04470457386326192
0 0.875 0.56171875 0.053125 0.0453125
0 0.76796875 0.984375 0.0359375 0.03125
0 0.7960739020815935 0.6853691152624151 0.042092324739800804 0.05849433847375849
0 0.9359685617379604 0.7266372232179341 0.0374048247398008 0.058412517856907445
0 0.7481056343300546 0.9453441331193225 0.03024742198083885 0.07077615016215581
0 0.99140625 0.75 0.0171875 0.059375
0 0.8011553912274596 0.9756395592560606 0.06117651741285455 0.03541139448011279
0 0.9828125 0.971875 0.034375 0.05625