0 0.2898259694144528 0.21870034846390318 0.025223140606883555 0.022693455534962936
0 0.5160055742656414 0.2828818664352525 0.023660640606883377 0.022638891832631992
0 0.5992326624469306 0.26587292650938626 0.023660640606883377 0.022638891832631992
0 0.4885180451779064 0.3684572678865313 0.023788186364518182 0.02420139183263199
0 0.41744078638391463 0.20797612487277295 0.023660640606883377 0.022638891832631992
0 0.3297173879011234 0.26588288331029347 0.023660640606883554 0.022638891832631992
0 0.5337349503286575 0.3465078568166057 0.027040732122152633 0.025873019237293703
0 0.4580974794163925 0.2645336597191633 0.023660640606883377 0.022638891832631812
0 0.4112224794163925 0.26617057078908896 0.023660640606883377 0.022638891832631992
0 0.482874338809509 0.24173107677953878 0.023660640606883377 0.022638891832631992
0 0.5044942472942399 0.2378421849469067 0.022098140606883376 0.022584328130301045
0 0.3558652997198342 0.2790723640729998 0.023788186364518182 0.02420139183263199
0 0.3978613521454285 0.3136457715147284 0.023788186364518182 0.02420139183263199
0 0.3915157572961796 0.2934969626217209 0.023660640606883554 0.022638891832631992
0 0.4225106657809105 0.2892806885751038 0.023660640606883554 0.022638891832631992
0 0.7697051748647663 0.25807038331029347 0.03925368969849785 0.04187996515360961
0 0.8028688769810998 0.1268550996450295 0.03769118969849785 0.041825401451278846
0 0.675 0.25703125 0.03125 0.0328125
0 0.8188762563780957 0.20777771743104437 0.044738415152690794 0.03272321996293304
0 0.3173768845671435 0.7895932018219478 0.08883884364130097 0.13397818511654283
0 0.39113312002327605 0.8293253352170593 0.08689370636839726 0.12923612141421187
0 0.3726379536626373 0.9098858544543529 0.11830320303441759 0.11319445916315996
0 0.4700556033533765 0.7403868315888621 0.12952774545807202 0.09800596878180663
0 0.325 0.95390625 0.09375 0.0921875
0 0.17890625 0.575 0.0859375 0.071875
0 0.3054195342578828 0.6239136381196169 0.0963962521260319 0.131126003628197
0 0.21386976304605546 0.6349453965571374 0.11463606909549373 0.12553076805616747
0 0.3875 0.590625 0.109375 0.103125
0 0.43984375 0.98359375 0.1328125 0.0328125
0 0.18941138123316364 0.776825361710747 0.13341802000387934 0.10749009618646851
0 0.56796875 0.95546875 0.1171875 0.0890625
0 0.3912611815327261 0.6773263255984123 0.12130065727678296 0.11174108656782167
0 0.25854376063015944 0.8558928136175128 0.08883884364130097 0.13397818511654264
0 0.8013056033533765 0.5881745455613455 0.03536341515269079 0.0323958377489479
0 0.9204379827503724 0.6654959589935239 0.03536341515269079 0.0323958377489479
0 0.9705650127561913 0.8188739301375833 0.035618506667959696 0.035520837748947896