0 0.521875 0.8578125 0.0296875 0.03125
0 0.5875 0.76875 0.0296875 0.0296875
0 0.5625 0.8234375 0.0296875 0.0296875
0 0.70625 0.6953125 0.0296875 0.028125
0 0.584375 0.8859375 0.0296875 0.03125
0 0.6953125 0.725 0.0296875 0.028125
0 0.5640625 0.859375 0.03125 0.03125
0 0.621875 0.7375 0.0296875 0.0296875
0 0.778125 0.753125 0.0296875 0.0296875
0 0.625 0.7671875 0.0296875 0.028125
0 0.79375 0.7875 0.0296875 0.03125
0 0.7984375 0.8484375 0.0296875 0.0296875
0 0.728125 0.73125 0.0296875 0.0296875
0 0.68125 0.753125 0.028125 0.028125
0 0.6375 0.8859375 0.0296875 0.03125
0 0.6203125 0.7984375 0.0296875 0.0296875
0 0.76875 0.8875 0.0296875 0.03125
0 0.6515625 0.753125 0.028125 0.0296875
0 0.746875 0.75625 0.0296875 0.0296875
0 0.7953125 0.8796875 0.0296875 0.03125
0 0.7 0.778125 0.028125 0.0296875
0 0.6765625 0.8875 0.0296875 0.03125
0 0.7390625 0.8875 0.028125 0.03125
0 0.7890625 0.81875 0.0296875 0.03125
0 0.6359375 0.8265625 0.0296875 0.03125
0 0.6578125 0.8078125 0.028125 0.0296875
0 0.596875 0.85625 0.0296875 0.03125
0 0.6265625 0.85625 0.0296875 0.03125
0 0.7375 0.7828125 0.0296875 0.0296875
0 0.6875 0.8046875 0.0296875 0.0296875
0 0.7078125 0.8875 0.0296875 0.03125
0 0.7171875 0.803125 0.028125 0.0296875
0 0.76875 0.85625 0.0296875 0.03125
0 0.7609375 0.825 0.0296875 0.03125
0 0.73125 0.83125 0.0296875 0.0296875
0 0.721875 0.859375 0.028125 0.0296875
0 0.7015625 0.8328125 0.0296875 0.03125
0 0.690625 0.8609375 0.0296875 0.0296875
0 0.66875 0.7796875 0.028125 0.0296875
0 0.6578125 0.8625 0.028125 0.0296875
0 0.765625 0.796875 0.0296875 0.0296875
0 0.671875 0.8359375 0.028125 0.03125
0 0.603125 0.8234375 0.0296875 0.03125