0 0.2171875 0.38828723781838237 0.1203125 0.07489747532299766
0 0.99375 0.38671875 0.0125 0.0390625
0 0.9671875 0.5055424799557015 0.0375 0.04146560919158375
0 0.040625 0.6153923534883712 0.0421875 0.04489099784053181
0 0.1015625 0.7396123010520476 0.04375 0.048116127390180986
0 0.271875 0.6333856801402715 0.04375 0.046553627390180985
0 0.034375 0.5720428716869683 0.0421875 0.04489099784053163
0 0.00703125 0.56484375 0.0140625 0.0453125
0 0.1796875 0.7517933235695815 0.04375 0.048116127390180986
0 0.01953125 0.75703125 0.0390625 0.0484375
0 0.0828125 0.5798763556478395 0.0421875 0.046453497840531634
0 0.00546875 0.66015625 0.0109375 0.0453125
0 0.1703125 0.7039566008674775 0.0421875 0.048015997840531635
0 0.234375 0.7514137893318552 0.04375 0.048116127390180986
0 0.025 0.6945186489848643 0.04375 0.048116127390180986
0 0.1046875 0.626912041952749 0.0421875 0.04489099784053163
0 0.01015625 0.6171875 0.0203125 0.04375
0 0.090625 0.7825007078995928 0.04375 0.048116127390180986
0 0.4109375 0.5900991502214821 0.046875 0.046753886489479514
0 0.1640625 0.7902946190660747 0.04375 0.048116127390180986
0 0.0796875 0.698826614747138 0.0421875 0.048015997840531635
0 0.2109375 0.720103232576595 0.04375 0.046553627390180985
0 0.153125 0.6378705259136199 0.0421875 0.04489099784053163
0 0.2734375 0.7207855505906222 0.04375 0.046553627390180985
0 0.26875 0.6788984392395702 0.04375 0.046553627390180985
0 0.228125 0.6377518075304526 0.0421875 0.04489099784053163
0 0.4046875 0.55078125 0.046875 0.0234375
0 0.046875 0.8259293352897739 0.04375 0.04967862739018116
0 0.1234375 0.588210487356957 0.0421875 0.046453497840531634
0 0.2375 0.5652760302325566 0.0421875 0.04332849784053163
0 0.2265625 0.6816019370801019 0.04375 0.046553627390181165
0 0.275 0.7628729210409729 0.04375 0.046553627390180985
0 0.621875 0.9368902143779978 0.05625 0.05672966378737563
0 0.7078125 0.934508089147285 0.0484375 0.05935401603912886
0 0.8109375 0.8903995388704299 0.0515625 0.06267927513842757
0 0.671875 0.9118110687892195 0.0421875 0.062078497840531634
0 0.59453125 0.828125 0.0296875 0.040625
0 0.63359375 0.98046875 0.0671875 0.0390625
0 0.6796875 0.97421875 0.03125 0.0515625
0 0.73125 0.8158186459025453 0.03125 0.06606509099298634
0 0.60234375 0.96015625 0.0453125 0.0359375
0 0.6671875 0.8386739574381675 0.065625 0.037017941085271386
0 0.5921875 0.8609375 0.025 0.034375
0 0.790625 0.9260762230158711 0.065625 0.03858044108527139
0 0.6234375 0.7899150848283485 0.0671875 0.03243057063492074
0 0.69375 0.8729092550941291 0.0609375 0.04765505243632351
0 0.784375 0.7717892412144683 0.046875 0.05925388648947969
0 0.7796875 0.8174021298634162 0.025 0.0641020727943891
0 0.6453125 0.879138271133258 0.034375 0.06782785009228505
0 0.7578125 0.7875539435585068 0.025 0.06253957279438911
0 0.640625 0.751313659782206 0.065625 0.030767941085271477
0 0.59609375 0.75 0.0328125 0.059375
0 0.6265625 0.9053398257290498 0.053125 0.06902940468807692