0 0.48125 0.4109375 0.028125 0.015625
0 0.98046875 0.2359375 0.0390625 0.05
0 0.8798259389095827 0.15153418716106692 0.04873748184962743 0.051844301131468026
0 0.97734375 0.19453125 0.0453125 0.0484375
0 0.9729861073311017 0.31818535597536945 0.037809072208706954 0.053343168617910844
0 0.9765625 0.1546875 0.046875 0.04375
0 0.9395554629136879 0.21212625351604136 0.039398843285945874 0.05803975897699054
0 0.8867031736860763 0.2593103257247485 0.03470225292686626 0.05644998789975162
0 0.97890625 0.090625 0.0421875 0.05
0 0.9288543122497579 0.25281488602959873 0.05183521077238851 0.04717498184962743
0 0.8157634389095827 0.15190689188333123 0.03784543364502548 0.05959316861791084
0 0.9201055052645571 0.09192283782499686 0.05187157220870695 0.05342498184962743
0 0.8630384147090859 0.22038418111094274 0.04092498184962743 0.05179884933607006
0 0.8853861133812261 0.301506916083828 0.05960225897699045 0.03940793364502539
0 0.8608850413689109 0.11883077147002234 0.061155668617910844 0.03785452400410509
0 0.95560770979043 0.28547284992524524 0.057994307181592396 0.031586343285945874
0 0.8067702339909267 0.21758643403780892 0.06737839754067201 0.03320338544042354
0 0.8987850171684141 0.18736260285211143 0.03630111436318471 0.06270907825883114
0 0.16855105386194266 0.5047773618291019 0.04713862041330889 0.04558521077238851
0 0.09484188485124836 0.7270886990649237 0.04556703005422928 0.04401362041330899
0 0.1308975595192834 0.7471921208060923 0.04556703005422928 0.04401362041330899
0 0.4250202642415477 0.8095456332991242 0.039298849336070064 0.04085225897699054
0 0.16475545081343945 0.9266887232654204 0.04713862041330889 0.04558521077238851
0 0.19172597521032797 0.7280875968019872 0.04556703005422928 0.04401362041330899
0 0.1684884631100796 0.7625989521881815 0.04400453005422929 0.04400453005422929
0 0.4842407281371942 0.7826376996540988 0.042442030054229286 0.04399543969514959
0 0.64140625 0.76328125 0.0171875 0.0421875
0 0.39178051736480574 0.7362990308397961 0.042442030054229286 0.04399543969514959
0 0.500347517168414 0.8653592960633025 0.04243293969514976 0.04243293969514959
0 0.21282829468856052 0.5951478317748726 0.04400453005422929 0.04400453005422929
0 0.40649752321853827 0.8487172176080797 0.04243293969514959 0.04243293969514959
0 0.20614299921443308 0.7889432835702708 0.047129530054229284 0.04402271077238851
0 0.4969770774732643 0.8231899767814618 0.04243293969514959 0.04243293969514959
0 0.2843134510098312 0.7963012656162898 0.040861349336070066 0.040861349336070066
0 0.3593770835233885 0.8068024283804682 0.04243293969514959 0.04243293969514959
0 0.63046875 0.72734375 0.0390625 0.0421875
0 0.13328624043383436 0.6206114400879331 0.04556703005422928 0.0440136204133089
0 0.3550976079202771 0.6083831090986275 0.042451120413308986 0.04555793969514967
0 0.6040441680287356 0.6944377420049682 0.040861349336070066 0.040861349336070066
0 0.3422158128389331 0.5428308319712644 0.042442030054229286 0.04399543969514976
0 0.25972147540671975 0.5980001210024841 0.04400453005422929 0.04400453005422929
0 0.42377488504764005 0.5954831332991242 0.040870439695149585 0.04242384933607006
0 0.628125 0.60859375 0.04375 0.0421875
0 0.3660816014773694 0.8848910669441498 0.042442030054229286 0.04399543969514959
0 0.608087294295777 0.852232061286809 0.042442030054229286 0.04399543969514959
0 0.21175771584055408 0.9482910124930319 0.0455761204133089 0.04557612041330898
0 0.3733021863755 0.5145240247896721 0.042442030054229286 0.04399543969514976
0 0.6217952702916719 0.7912127480550923 0.04243293969514959 0.04243293969514959
0 0.41105671642972935 0.5580558561717612 0.039307939695149584 0.04241475897699045
0 0.2436237767345796 0.5168410245932803 0.04400453005422929 0.04400453005422929
0 0.3305703065924172 0.6897785548439013 0.04399543969514959 0.042442030054229286
0 0.5557248426967707 0.7150320431364363 0.04242384933607006 0.040870439695149585
0 0.6421875 0.81328125 0.015625 0.0421875
0 0.1680884873105764 0.6938489521881815 0.04399543969514967 0.042442030054229286
0 0.37521012002052545 0.5738899344305924 0.040870439695149585 0.04242384933607006
0 0.22779983059652226 0.7513160185431561 0.04556703005422928 0.04401362041330899
0 0.47285780054229304 0.706138832167656 0.04243293969514959 0.04243293969514959
0 0.2755111436318471 0.8947933077707676 0.0440136204133089 0.04556703005422928
0 0.40674296291368783 0.8909047176080798 0.04243293969514959 0.04243293969514959
0 0.5389918606507516 0.7932570370863121 0.04243293969514959 0.04243293969514959
0 0.2938419453524904 0.5540501331027325 0.04400453005422929 0.04400453005422929
0 0.12592825838781527 0.6987818918833313 0.04400453005422929 0.04400453005422929
0 0.5660088786047324 0.8712275009819587 0.04400453005422929 0.04400453005422946
0 0.3819520411725191 0.9269876633533535 0.04400453005422929 0.04400453005422946
0 0.15691463797450633 0.6532875847017389 0.04555793969514967 0.042451120413308986
0 0.20389872228346176 0.6717648739293504 0.04556703005422928 0.04401362041330899
0 0.18138739714788849 0.5625171389564649 0.04556703005422928 0.0440136204133089
0 0.2696237162333376 0.6885705788480064 0.04399543969514967 0.042442030054229286
0 0.33001683645025476 0.8632251452029809 0.04400453005422929 0.04400453005422929
0 0.5641827581914235 0.8259240913410382 0.04243293969514959 0.04243293969514959
0 0.3069328186926656 0.6555399102300956 0.042442030054229286 0.04399543969514976
0 0.3188066256778662 0.8164137777165383 0.04400453005422929 0.04400453005422946
0 0.2695702158405541 0.947954669207086 0.0455761204133089 0.04557612041330898
0 0.45657024609117514 0.8609263261175318 0.042442030054229286 0.04399543969514959
0 0.5134646198241337 0.702777482831586 0.039298849336070064 0.040852258976990366
0 0.36009418012898403 0.6614808380213886 0.04243293969514959 0.04243293969514968
0 0.316163414709086 0.8992444584346975 0.040861349336070066 0.040861349336070066
0 0.43234188485124836 0.7251251815037262 0.040870439695149585 0.04242384933607006
0 0.3591134631100795 0.7614899283804683 0.04243293969514959 0.04243293969514959
0 0.4599406857863248 0.9030956453993726 0.042442030054229286 0.04399543969514959
0 0.5313964875069681 0.5620433985226306 0.04243293969514959 0.04243293969514968
0 0.47856237899751586 0.6123524707313376 0.04243293969514959 0.04243293969514968
0 0.3926885115110732 0.6237899404807166 0.04243293969514959 0.04243293969514968
0 0.2839033430895541 0.4572296752572102 0.0455761204133089 0.0455761204133089
0 0.5348305597156752 0.6151502178044714 0.040861349336070066 0.040861349336070066
0 0.6288078186926656 0.6536672962596943 0.040861349336070066 0.040861349336070066
0 0.99375 0.665625 0.0125 0.03125
0 0.9134474808676687 0.744447874125742 0.03300339754067192 0.033003397540672094
0 0.99140625 0.7421875 0.0171875 0.03125
0 0.8432804266129427 0.7698569402843248 0.03300339754067192 0.03300339754067192