0 0.01875 0.325 0.0375 0.0375
0 0.02109375 0.4265625 0.0421875 0.04375
0 0.0078125 0.084375 0.015625 0.0625
0 0.01640625 0.3703125 0.0328125 0.0625
0 0.01953125 0.459375 0.0390625 0.025
0 0.0171875 0.2765625 0.034375 0.05625
0 0.978125 0.26484375 0.04375 0.0453125
0 0.8848396046687397 0.273605510741542 0.04620714206513998 0.0426965773392725
0 0.8203697680629156 0.024586208068087777 0.04960515785015538 0.047420440006363404
0 0.9069736679499762 0.14426345607890542 0.0447356473268119 0.044240896005727136
0 0.947143641641617 0.13692367075108702 0.0462981473268119 0.0442590773392725
0 0.9377224099868812 0.21644753874917805 0.0462981473268119 0.0442590773392725
0 0.9511632837067567 0.1791293520846325 0.0462981473268119 0.0442590773392725
0 0.8626776363799451 0.13437937873963302 0.04464464206513998 0.04267839600572696
0 0.6585515785015547 0.11482830537872513 0.04786064732681172 0.044277258672817864
0 0.903970494314805 0.09270095607890542 0.0462981473268119 0.044259077339272326
0 0.6306056729292993 0.4392828653723619 0.0496961631118273 0.048982940006363405
0 0.8757838521084909 0.19855096674090564 0.0447356473268119 0.044240896005727136
0 0.8221744627447741 0.08238052673454233 0.04638915258848364 0.0458215773392725
0 0.797947278445085 0.1757850813971789 0.04638915258848364 0.0458215773392725
0 0.5967194364364148 0.07194991470399828 0.049423147326811724 0.04429544000636341
0 0.8583093838196962 0.05937937873963302 0.0447356473268119 0.04424089600572696
0 0.8967179783886152 0.23626914274345107 0.0462071420651398 0.042696577339272325
0 0.8982973469879934 0.04891459341181452 0.04629814732681172 0.044259077339272326
0 0.73828125 0.02265625 0.0484375 0.0453125
0 0.83248887841685 0.20585438940163323 0.04629814732681172 0.0442590773392725
0 0.7837167204255204 0.3067805427275426 0.04804265785015538 0.04740225867281787
0 0.98125 0.15234375 0.0375 0.0453125
0 0.9455209574831022 0.08225435208463247 0.04629814732681172 0.0442590773392725
0 0.6977638098739417 0.33232488804899774 0.049605157850155554 0.047420440006363404
0 0.706925978247441 0.38239761338317957 0.0481336631118273 0.04896475867281787
0 0.647961230948864 0.30832376670908895 0.05125866311182729 0.04900112133990877
0 0.84453125 0.0078125 0.0453125 0.015625
0 0.7412716151920833 0.27505782805536116 0.0462981473268119 0.044259077339272326
0 0.7500837150226742 0.4531646467218156 0.04804265785015538 0.04740225867281787
0 0.8542868256589573 0.3388305214035422 0.04638915258848364 0.0458215773392725
0 0.5557583203972853 0.3337953866963622 0.051167657850155465 0.04743862133990877
0 0.770974525743662 0.24885895472627 0.0462981473268119 0.044259077339272326
0 0.64599139434304 0.0600317173774525 0.04629814732681172 0.0442590773392725
0 0.7351434415569124 0.22345896538827023 0.0462981473268119 0.044259077339272326
0 0.8987648677523321 0.3518395987428146 0.04638915258848364 0.04582157733927232
0 0.6844909941736308 0.23848398138127055 0.04786064732681172 0.044277258672817864
0 0.6249185730987085 0.26121240937299817 0.04629814732681181 0.0442590773392725
0 0.8408459519390817 0.37614870806808776 0.0447356473268119 0.04424089600572696
0 0.7815619572007535 0.37702031739336095 0.04638915258848364 0.04582157733927232
0 0.6230214151073787 0.362684002705271 0.04795165258848364 0.045839758672817865
0 0.8635847729010644 0.47166120273708767 0.04804265785015538 0.04740225867281787
0 0.978125 0.22421875 0.04375 0.0421875
0 0.6914088521084908 0.1964055693825432 0.04620714206513989 0.0426965773392725
0 0.7500110364081799 0.10340100405790639 0.04951415258848364 0.04585794000636341
0 0.7383609048663837 0.06422941605663376 0.044553636803468064 0.04111589600572696
0 0.778042115050909 0.4238225920591791 0.04482665258848364 0.04580339600572714
0 0.827753688714315 0.44626121339908786 0.04648015785015556 0.04738407733927232
0 0.8738096413592682 0.4327441534054513 0.04629814732681172 0.044259077339272326
0 0.6477344468185842 0.22400331070972523 0.04299113680346807 0.041097714672181596
0 0.589087488911959 0.2358124200349984 0.04629814732681172 0.0442590773392725
0 0.8145410571725187 0.4070714440642698 0.04638915258848364 0.04582157733927232
0 0.7787576626883043 0.141210086728179 0.04951415258848364 0.04585794000636341
0 0.6209143415851471 0.19246240937299816 0.04299113680346807 0.041097714672181596
0 0.8792560045558002 0.3922100600731785 0.04786064732681172 0.044277258672817864
0 0.6838370887425498 0.4149192120464524 0.04648015785015547 0.0473840773392725
0 0.6555777679217413 0.17100558004454341 0.04464464206513998 0.04267839600572696
0 0.9529987994917724 0.570063434754905 0.0462071420651398 0.042696577339272325
0 0.829499657285458 0.6748043840706331 0.0447356473268119 0.04424089600572696
0 0.8953125 0.5359375 0.046875 0.034375
0 0.8784523677523322 0.737831642743451 0.04482665258848364 0.04580339600572714
0 0.72244602048199 0.6329612347230883 0.04629814732681172 0.0442590773392725
0 0.8019515099586464 0.6307634827339059 0.04464464206513981 0.042678396005727134
0 0.7153909256307225 0.7531101027211793 0.0447356473268119 0.044240896005727136
0 0.609375 0.53515625 0.046875 0.0328125
0 0.8365378835373477 0.742028246737724 0.0431731473268119 0.0442227146721816
0 0.674144299350598 0.7151555693825432 0.04638915258848364 0.0458215773392725
0 0.6893759152485531 0.6013476080521795 0.0447356473268119 0.044240896005727136
0 0.8019067363517103 0.5495680267345423 0.0447356473268119 0.04424089600572696
0 0.6931981362387707 0.6669726080521794 0.04638915258848364 0.04582157733927232
0 0.7269823310618035 0.5768021413908155 0.0462981473268119 0.044259077339272326
0 0.8098535571725186 0.7932453014003606 0.04482665258848364 0.04580339600572714
0 0.57265625 0.52734375 0.0453125 0.0171875
0 0.91552816254713 0.6773668574156326 0.0462981473268119 0.0442590773392725
0 0.77890625 0.52734375 0.0453125 0.0171875
0 0.6921875 0.5328125 0.04375 0.028125
0 0.7661343782756758 0.739647586728179 0.04638915258848364 0.0458215773392725
0 0.6463539573419278 0.6133385307129069 0.04473564732681172 0.044240896005727136
0 0.6469601730704737 0.6773646680458161 0.04638915258848364 0.04582157733927232
0 0.6039088521084909 0.5816158160407253 0.04473564732681172 0.044240896005727136
0 0.8993123573701627 0.5866145880808145 0.042900131541796324 0.039535214672181594
0 0.798598267780567 0.7072350760661787 0.04482665258848364 0.04580339600572696
0 0.65234375 0.5296875 0.0453125 0.021875
0 0.8103408626318347 0.5871407520687242 0.042900131541796324 0.039535214672181594
0 0.740921546649175 0.789320322724361 0.04482665258848364 0.04580339600572714
0 0.8521320624341904 0.7952986974060876 0.04482665258848364 0.04580339600572696
0 0.735081799350598 0.7158646413908155 0.04638915258848364 0.04582157733927232
0 0.8724151993788329 0.6877952800763601 0.04308214206513981 0.0426602146721816
0 0.6469308100151161 0.5696248933799979 0.04629814732681172 0.0442590773392725