0 0.5007305176041527 0.3447933220539829 0.06498014381548423 0.06314384043361088
0 0.4074939698337257 0.3828195852962975 0.06687042574646931 0.0679680414703702
0 0.5579852787520174 0.4891297909512051 0.06508940445914604 0.06470634043361087
0 0.3093742720436281 0.10371713713426031 0.06385468639013112 0.06925713939685174
0 0.5076903478097681 0.4668050230907421 0.06508940445914604 0.06470634043361105
0 0.24776904459145932 0.4816848951927787 0.06519866510280767 0.06626884043361106
0 0.3615801723154001 0.49059242054611224 0.06697968639013112 0.06953054147037037
0 0.3461522782478144 0.3598892246931492 0.06676116510280768 0.06640554147037019
0 0.5805808166350873 0.6773720847306496 0.06854218639013113 0.0696672425071295
0 0.23318238468443173 0.385493400376575 0.06218292574646931 0.06755793836009243
0 0.7832045279957128 0.2236974464650936 0.04513753737886681 0.04587842799249993
0 0.7630998416055818 0.1610019568326862 0.045356058666190434 0.049003427992499925
0 0.8101162252816072 0.3612562350607417 0.04524679802252862 0.04744092799249984
0 0.7671310497872394 0.376021364090001 0.04670003737886681 0.04601512902925915
0 0.7325703794886517 0.35389208586194537 0.04513753737886681 0.04587842799249984
0 0.8720370710745629 0.36998739462713087 0.04513753737886681 0.04587842799249984
0 0.8329417200858271 0.3954166215828715 0.04357503737886681 0.045741726955740705
0 0.7489059376506388 0.2502790703105565 0.04524679802252862 0.047440927992500014
0 0.7931365388914762 0.2982873433548159 0.04346577673520517 0.044179226955740704
0 0.8833680549830195 0.3296945852962976 0.04513753737886681 0.04587842799249984
0 0.8229554428464191 0.20764321950935294 0.046809298022528624 0.04757762902925915
0 0.7203125 0.42734375 0.021875 0.0484375
0 0.8758397782478144 0.28947968840657523 0.046809298022528624 0.04757762902925915
0 0.7203125 0.3171875 0.021875 0.046875
0 0.8358703421097848 0.30240891536231584 0.04513753737886681 0.04587842799249984
0 0.72734375 0.07578125 0.0359375 0.0484375
0 0.798183943854825 0.5053575495753714 0.04524679802252862 0.04744092799249984
0 0.7736660010084062 0.10977164750185286 0.04524679802252862 0.04744092799249992
0 0.8426987683604572 0.5124674205461123 0.04524679802252862 0.04744092799249984
0 0.7642566941069268 0.5822125754943528 0.046918558666190435 0.04914012902925915
0 0.8307022408689475 0.25098311639907517 0.04524679802252862 0.04744092799249984
0 0.98125 0.50546875 0.0375 0.0484375
0 0.72890625 0.484375 0.0390625 0.046875
0 0.73046875 0.5546875 0.0421875 0.05
0 0.8075382564562877 0.14453762676666776 0.046809298022528624 0.04757762902925915
0 0.8250520824745292 0.597330436097501 0.046918558666190255 0.04914012902925915
0 0.9144430923618863 0.3694214666346308 0.04335651609154354 0.0426167269557407
0 0.7420660757661398 0.19742747238407504 0.04513753737886681 0.04587842799249993
0 0.8704531557196538 0.2349288894433345 0.046809298022528624 0.04757762902925915
0 0.72265625 0.115625 0.0265625 0.046875
0 0.7884154599463684 0.5455136578694454 0.04524679802252862 0.04744092799249984
0 0.8283520450956624 0.554596131950464 0.04524679802252862 0.04744092799249984
0 0.7296875 0.6015625 0.040625 0.05
0 0.9828125 0.4515625 0.034375 0.05
0 0.9205181297407531 0.4113355645611124 0.048371798022528625 0.04771433006601846
0 0.9732060871661062 0.40043772931129773 0.05004355866619044 0.049413531102777596
0 0.9174481240407701 0.2999879614508346 0.048371798022528625 0.04771433006601846
0 0.71796875 0.63671875 0.0171875 0.0515625
0 0.7793789495548082 0.6186189672002788 0.046918558666190435 0.04914012902925915
0 0.8247357361773705 0.43543602884018623 0.043465776735205 0.044179226955740704
0 0.8184085985660726 0.6372131423180566 0.046918558666190435 0.04914012902925915
0 0.32377526165206794 0.9445362097074081 0.12218063861970414 0.10386587672018495
0 0.47185212873234705 0.9488738122520382 0.13115144703379294 0.07669778397749978
0 0.33106360174504035 0.8464309003765749 0.11378898441265975 0.11710817049962943
0 0.37421875 0.98359375 0.1140625 0.0328125
0 0.4765625 0.98671875 0.1 0.0265625