0 0.659375 0.5984375 0.090625 0.0609375
0 0.4875 0.4484375 0.065625 0.0921875
0 0.5015625 0.375 0.0796875 0.0890625
0 0.70625 0.54375 0.0859375 0.0640625
0 0.6703125 0.4609375 0.0828125 0.0828125
0 0.53125 0.78125 0.096875 0.0640625
0 0.7765625 0.734375 0.0921875 0.0640625
0 0.5734375 0.3796875 0.0703125 0.090625
0 0.753125 0.63125 0.0828125 0.08125
0 0.5984375 0.7234375 0.0625 0.0984375
0 0.5046875 0.659375 0.0640625 0.096875
0 0.421875 0.4453125 0.0640625 0.096875
0 0.4203125 0.6046875 0.096875 0.0625
0 0.753125 0.7875 0.0890625 0.0671875
0 0.7265625 0.421875 0.0609375 0.090625
0 0.425 0.5328125 0.090625 0.075
0 0.3046875 0.6171875 0.0640625 0.1
0 0.340625 0.5171875 0.0703125 0.096875
0 0.5078125 0.5484375 0.075 0.0875
0 0.575 0.6390625 0.0625 0.0921875
0 0.5890625 0.46875 0.0921875 0.059375