0 0.40691376158659764 0.5139671205949294 0.07594555737069442 0.04499325256024882
0 0.916251087574653 0.2599012468750539 0.07957970364722229 0.06705026308359248
0 0.8457931172099309 0.24955601009982065 0.0674070119678472 0.08038472099021768
0 0.9640625 0.31328125 0.071875 0.0765625
0 0.9594192061157643 0.23744939420186562 0.07656380642076392 0.07155575256024882
0 0.8645080560395144 0.316182067978211 0.07049564437666671 0.07900423151356133
0 0.7299849728332642 0.16791262599777568 0.07521951196784729 0.0808397472985769
0 0.7540095799752089 0.4626636838761661 0.07064111474138901 0.08525423151356133
0 0.98203125 0.1875 0.0359375 0.084375
0 0.6581112792540281 0.23082287869919876 0.08873649810013902 0.05822129465362345
0 0.9890625 0.40546875 0.021875 0.0765625
0 0.6217360617390975 0.1428832629424181 0.09476829255305556 0.04921031570031094
0 0.906147429330278 0.16100872056669466 0.04102634992375016 0.08665013154179615
0 0.6801278303564585 0.03705746814762021 0.08586607123840277 0.06897678413027979
0 0.8597868012898615 0.44853954166985177 0.047385452697291795 0.09170165258848365
0 0.7310422458190282 0.347418115474432 0.050474085106111136 0.0903211631118273
0 0.6679629772016672 0.45297089448421435 0.06915134992375008 0.08828822625188941
0 0.9572007830537503 0.14213689420186565 0.059703614741388834 0.08461719468185844
0 0.35215744566652835 0.7499648047534443 0.030414851823611144 0.03297909997176518
0 0.3736324021635422 0.7340513784168501 0.030378484232430482 0.03141659997176518
0 0.38700522435187557 0.7722794205102248 0.030414851823611144 0.03297909997176518
0 0.3765625 0.58359375 0.03125 0.0078125
0 0.3888924198309727 0.6522399362952405 0.030378484232430482 0.03141659997176518
0 0.3898003031897227 0.6242059415569123 0.031904616641249994 0.02994510523343692
0 0.204813586243473 0.9223872943712749 0.03357621941479181 0.03472361049510866
0 0.34663349106937547 0.7137542889684287 0.030378484232430482 0.03141659997176518
0 0.38947430128986155 0.6772399362952404 0.02881598423243048 0.03132559471009344
0 0.24659581705743108 0.6392709574831021 0.03350348423243048 0.031598610495108835
0 0.3773042224520145 0.824767383678522 0.030414851823611144 0.03297909997176518
0 0.4117129772016671 0.6941390099586464 0.03194098423243048 0.03150760523343692
0 0.29765625 0.59140625 0.0328125 0.0234375
0 0.4140768706284034 0.7957015099586464 0.030414851823611144 0.03297909997176518
0 0.1824618882958339 0.6995112364928845 0.03353985182361115 0.033161110495108836
0 0.4515625 0.78046875 0.015625 0.0359375
0 0.16585496333395885 0.656413683876166 0.03353985182361115 0.033161110495108836
0 0.235005006836945 0.6776054153897274 0.031977351823611146 0.03307010523343692
0 0.4515625 0.73359375 0.015625 0.0328125
0 0.3193098844961117 0.8135876889966636 0.03023301386770818 0.02516659997176518
0 0.43984375 0.5921875 0.0296875 0.025
0 0.4306136732494452 0.9698670520520212 0.03201371941479163 0.03463260523343692
0 0.5321280478713891 0.8298805469315237 0.04636716014423623 0.04795165258848364
0 0.93203125 0.99140625 0.0484375 0.0171875
0 0.5334736487450698 0.8876930469315237 0.04480466014423605 0.04786064732681172
0 0.623915504368403 0.8180623573701628 0.04636716014423605 0.04795165258848364
0 0.63046875 0.98203125 0.0453125 0.0359375
0 0.71015625 0.98984375 0.0453125 0.0203125
0 0.4844542672861808 0.8598718838196963 0.04636716014423605 0.04795165258848364
0 0.789287237650903 0.883867909845707 0.04633079255305557 0.04638915258848364
0 0.47578125 0.8015625 0.0328125 0.05
0 0.6255156783803475 0.8868123573701627 0.04476829255305557 0.04629814732681172
0 0.471875 0.7421875 0.025 0.05
0 0.8514949905006948 0.8079116255742527 0.04636716014423605 0.04795165258848364
0 0.9733726033422225 0.9492030254613132 0.049455792553055745 0.046571163111827296
0 0.76328125 0.984375 0.0453125 0.03125
0 0.5744986922480558 0.9072466837349917 0.04476829255305557 0.04629814732681172
0 0.7105439886008336 0.8527551467621144 0.04633079255305574 0.04638915258848364
0 0.5426681172099309 0.9475230732398827 0.04633079255305557 0.04638915258848364
0 0.7359453385245838 0.9384952256871921 0.04629442496187508 0.04482665258848364
0 0.8358726033422226 0.9411945624341905 0.04629442496187508 0.04482665258848364
0 0.8818344943004168 0.7035727360693615 0.047966027735416715 0.04960515785015547