0 0.6125 0.7328125 0.0515625 0.03125
0 0.7234375 0.35 0.0359375 0.0421875
0 0.5328125 0.5140625 0.0453125 0.0359375
0 0.5984375 0.3984375 0.0453125 0.03125
0 0.4265625 0.4578125 0.034375 0.04375
0 0.4765625 0.6859375 0.0453125 0.0421875
0 0.575 0.8734375 0.0265625 0.05625
0 0.640625 0.4140625 0.0359375 0.04375
0 0.559375 0.625 0.028125 0.0484375
0 0.615625 0.4609375 0.05 0.028125
0 0.6390625 0.540625 0.028125 0.046875
0 0.3984375 0.28125 0.0453125 0.0359375
0 0.528125 0.41875 0.034375 0.0421875
0 0.4984375 0.4828125 0.03125 0.04375
0 0.5859375 0.58125 0.04375 0.0390625
0 0.6578125 0.434375 0.0328125 0.0453125
0 0.7140625 0.5234375 0.0484375 0.0375
0 0.503125 0.596875 0.025 0.0484375
0 0.478125 0.5484375 0.04375 0.0359375
0 0.7171875 0.775 0.046875 0.0375
0 0.7203125 0.4796875 0.034375 0.04375
0 0.7078125 0.40625 0.046875 0.0296875
0 0.6015625 0.55 0.0484375 0.028125
0 0.540625 0.5515625 0.0484375 0.028125
0 0.528125 0.35 0.0390625 0.040625
0 0.48125 0.6375 0.0484375 0.0296875
0 0.4859375 0.3703125 0.0359375 0.040625
0 0.678125 0.7015625 0.046875 0.0390625
0 0.640625 0.609375 0.0484375 0.0296875
0 0.471875 0.60625 0.034375 0.04375