0 0.13515625 0.02421875 0.2296875 0.0484375
0 0.22349642274026937 0.13270900028234864 0.1815783586887262 0.17296560509226264
0 0.2640625 0.2984375 0.13125 0.178125
0 0.3125 0.94140625 0.034375 0.0640625
0 0.2299998667249973 0.8222294426863069 0.036664753341817756 0.06459312101845249
0 0.31953125 0.540625 0.0203125 0.065625
0 0.3140625 0.84609375 0.03125 0.0640625
0 0.09204533338636126 0.7911754057134297 0.04596702800763595 0.05888915258848364
0 0.2244578440483614 0.7490649584713226 0.05063634667409058 0.05759966837349921
0 0.028125 0.88515625 0.05625 0.0453125
0 0.2671875 0.97578125 0.05625 0.0484375
0 0.2639941534054513 0.9218808321911982 0.049055665340545215 0.0559461631118273
0 0.29524305872054296 0.7855947216960893 0.050654528007635945 0.05916216837349921
0 0.31171875 0.98671875 0.0359375 0.0265625
0 0.23839416939845162 0.8717744163779478 0.06135567067154533 0.0394867052052021
0 0.13032713072881527 0.8561787794333053 0.03819089067472703 0.06155912628012441
0 0.023441878739633014 0.942145642488663 0.04286020934118149 0.06026964206513981
0 0.09936803206554252 0.8829988846667423 0.04436816534054522 0.05567314732681172
0 0.28968176002545337 0.576401732219433 0.06455339600572696 0.0459187157285458
0 0.256106738701453 0.6471538479762138 0.05526930267345413 0.0531851841585147
0 0.2730044320496341 0.7556187953594952 0.05219884667409058 0.05769067363517104
0 0.0890625 0.9875 0.0625 0.025
0 0.25 0.99375 0.05 0.0125
0 0.05345554805854276 0.8340755372552259 0.03819089067472685 0.06155912628012441
0 0.1640625 0.9859375 0.059375 0.028125
0 0.1441543680776327 0.9695132373399306 0.06291817067154533 0.03957771046687384
0 0.02734375 0.98515625 0.0546875 0.0296875
0 0.16958962539781516 0.8710911478915092 0.044404528007635946 0.0587981473268119
0 0.08463391740926926 0.9604714372834608 0.06437158267027243 0.030293715728545934
0 0.20785324140672384 0.9345320216113848 0.05530566534054522 0.056310184158514784
0 0.29489870806808777 0.8903732269577611 0.061392033338636055 0.0426117052052021
0 0.309375 0.66796875 0.040625 0.0640625
0 0.16232256540417858 0.9184211741998685 0.04127952800763594 0.05861613680346807
0 0.17489419605345216 0.7894771268448217 0.03662839067472703 0.06146812101845249
0 0.11891582137172545 0.6817248110033365 0.0629727146721816 0.04426521046687402
0 0.27387713605981545 0.8306187953594952 0.05059998400699968 0.054474668373499215
0 0.7302009560789054 0.5863506687970222 0.088518154678545 0.09259629465362344
0 0.5729157147517234 0.6408547002258789 0.062192012014635624 0.1113617052052021
0 0.7195190894334499 0.743328710890397 0.05599655601527207 0.11568518415851478
0 0.490625 0.525 0.109375 0.05
0 0.79140625 0.5265625 0.0921875 0.053125
0 0.84375 0.5109375 0.0875 0.021875
0 0.709375 0.528125 0.08125 0.05625
0 0.93359375 0.53046875 0.1015625 0.0609375
0 0.9225884507479053 0.5923445216113847 0.10376134667409058 0.060693847270341904
0 0.8504043680776328 0.5699682636482898 0.08537497334499947 0.09085178413027997
0 0.9875 0.68359375 0.025 0.1078125
0 0.9238622387809947 0.8361855268730565 0.10859429734245403 0.07346686305535784
0 0.911015698758723 0.6727600637047596 0.09011701734563574 0.09581229991529554
0 0.5963179467695408 0.770830626562473 0.08553860534690845 0.10491428413027978
0 0.496245221435359 0.7704049633094714 0.08401246801399935 0.10794827886860806
0 0.98671875 0.803125 0.0265625 0.115625
0 0.47578125 0.97265625 0.0671875 0.0546875