0 0.07403265609096624 0.519226270588056 0.051145837748947896 0.03455853847458741
0 0.0351338471979588 0.5131746780297847 0.033105165879249124 0.05421627404661713
0 0.0234375 0.36953125 0.046875 0.0421875
0 0.01875 0.4015625 0.0375 0.05
0 0.01875 0.44453125 0.0375 0.0484375
0 0.13103167895645704 0.4101439364673052 0.03606647477225664 0.049637901451278846
0 0.1594096501005165 0.44868064681159137 0.04694941106992552 0.04845734736759475
0 0.0046875 0.52578125 0.009375 0.0515625
0 0.11391361162592908 0.49715286314632745 0.05098214664195542 0.029871038474587407
0 0.08577374265878782 0.40699908909971033 0.0527083377489479 0.034613102176918174
0 0.056830287123825055 0.429454442457755 0.0527083377489479 0.034613102176918174
0 0.11678564048186964 0.45970742684865834 0.03919147477225664 0.04974702885594055
0 0.09301086770119689 0.2445536528020412 0.04840278366526398 0.04538691106992569
0 0.19600191452848675 0.43118561196520117 0.051145837748947896 0.03455853847458741
0 0.07259913086322278 0.47067964318339434 0.052872028855940556 0.03930060217691818
0 0.07507434483570616 0.3550000794810636 0.0527083377489479 0.034613102176918174
0 0.03737593739397749 0.3145734869227921 0.04823909255827132 0.040699411069925695
0 0.9417906188823231 0.2346131684111378 0.041989092558271324 0.040481156260602266
0 0.9298064517371298 0.532996104708807 0.04371528366526398 0.045223219962933214
0 0.8723758976534457 0.5200397477225653 0.04376984736759475 0.046785719962933216
0 0.8026537078123976 0.27668656260602253 0.041989092558271414 0.040481156260602266
0 0.9092310900263827 0.27102189436452073 0.041989092558271324 0.04048115626060209
0 0.8804860419331485 0.3325943114248961 0.04366071996293321 0.04366071996293321
0 0.9728074951058586 0.1527828150530932 0.04366071996293321 0.04366071996293304
0 0.18537692777533063 0.7590972693221116 0.05478175843752044 0.09398810217691818
0 0.35703125 0.984375 0.0734375 0.03125
0 0.44569437968209635 0.8307639713136954 0.08408731252120454 0.08408731252120454
0 0.12858129075202207 0.7727579760382008 0.05952382213985139 0.09571429328391083
0 0.459375 0.98515625 0.059375 0.0296875
0 0.2625 0.96328125 0.071875 0.0734375
0 0.14160210200728224 0.9374752404661711 0.0946974303072194 0.07509425843752063
0 0.4578125 0.7265625 0.0625 0.071875
0 0.5595336464723194 0.7407887573412122 0.03390377404661713 0.0323958377489479
0 0.5067360286863045 0.7295585914619631 0.03234127404661713 0.03234127404661713
0 0.571875 0.59375 0.03125 0.009375
0 0.5125148027329216 0.6984722825689555 0.033958337748947895 0.033958337748947895
0 0.5417657931142748 0.7120089929132419 0.0323958377489479 0.03390377404661713
0 0.5679116308632228 0.6800695121505356 0.0323958377489479 0.03390377404661713
0 0.50234375 0.665625 0.0265625 0.034375
0 0.5281596501005165 0.6536508558899333 0.03234127404661713 0.03234127404661713
0 0.6414036945655537 0.6810715061600858 0.03234127404661713 0.03234127404661713
0 0.5230554878494644 0.6206201010806099 0.033958337748947895 0.033958337748947895
0 0.5730703568166057 0.711537766959859 0.03234127404661713 0.03234127404661713
0 0.6084820671608918 0.6830506684111379 0.033958337748947895 0.033958337748947895
0 0.74609375 0.596875 0.0359375 0.015625
0 0.54296875 0.60078125 0.0328125 0.0234375
0 0.7204017138028472 0.6587996912766286 0.033958337748947895 0.033958337748947895
0 0.684955287123825 0.6434822261230189 0.03234127404661713 0.03234127404661713
0 0.6915673856725462 0.6781300446346732 0.035520837748947896 0.034012901451278846
0 0.7252181885751039 0.6104713186812903 0.033958337748947895 0.033958337748947895
0 0.6331199686121707 0.6494941239461006 0.03234127404661713 0.03234127404661713
0 0.754469178956457 0.6240080290255766 0.035520837748947896 0.034012901451278846
0 0.5783779049098399 0.6491468943645208 0.03234127404661713 0.03234127404661713
0 0.6606646152541261 0.6222967068857252 0.03234127404661713 0.03234127404661713
0 0.7828125 0.6046875 0.034375 0.03125
0 0.6136953568166057 0.7129564232204613 0.03234127404661713 0.03234127404661713
0 0.6184771152541261 0.6208234869227921 0.03234127404661713 0.03234127404661713