0 0.309375 0.7046875 0.034375 0.034375
0 0.1453125 0.5296875 0.0359375 0.0328125
0 0.2015625 0.703125 0.034375 0.034375
0 0.159375 0.7765625 0.0359375 0.0359375
0 0.2078125 0.665625 0.0359375 0.034375
0 0.1453125 0.3953125 0.0390625 0.0359375
0 0.196875 0.7640625 0.0359375 0.034375
0 0.1359375 0.68125 0.0359375 0.0359375
0 0.1921875 0.5953125 0.0359375 0.034375
0 0.171875 0.7390625 0.0359375 0.034375
0 0.2421875 0.69375 0.0359375 0.034375
0 0.2671875 0.7296875 0.0359375 0.034375
0 0.140625 0.609375 0.0359375 0.034375
0 0.1734375 0.6265625 0.034375 0.0328125
0 0.1703125 0.665625 0.0359375 0.034375
0 0.15 0.5703125 0.0359375 0.0328125
0 0.159375 0.434375 0.0375 0.0328125
0 0.409375 0.7671875 0.0328125 0.034375
0 0.1375 0.64375 0.0359375 0.034375
0 0.3828125 0.7359375 0.0328125 0.034375
0 0.1875 0.5484375 0.034375 0.0328125
0 0.36875 0.771875 0.034375 0.0359375
0 0.43125 0.69375 0.034375 0.0328125
0 0.134375 0.75 0.0359375 0.034375
0 0.1640625 0.7015625 0.034375 0.034375
0 0.5296875 0.7625 0.034375 0.034375
0 0.246875 0.76875 0.0359375 0.0359375
0 0.4171875 0.6625 0.0328125 0.0328125