0 0.378262164596746 0.36364092558271394 0.045787688998963995 0.045277783665263985
0 0.41507295988201626 0.38364589073632366 0.045787688998963995 0.045277783665263985
0 0.3821833771693585 0.31385918039203736 0.045787688998963995 0.045277783665263985
0 0.434375 0.41953125 0.009375 0.0453125
0 0.3264770326698765 0.29007445081045746 0.044225188998963993 0.045223219962933124
0 0.391947867244561 0.1550843811176768 0.044225188998963993 0.045223219962933124
0 0.32662688998964007 0.36027782340579567 0.04571491439185813 0.04371528366526398
0 0.17348896567298447 0.15369546279135698 0.045787688998963995 0.045277783665263985
0 0.20961055624352504 0.19239586424263583 0.04586046360606986 0.04684028366526398
0 0.34965766749223004 0.2518849700477511 0.045787688998963995 0.045277783665263985
0 0.3277012766740205 0.11540183302444254 0.04571491439185813 0.04371528366526398
0 0.20811652274507902 0.12682542794496668 0.044225188998963993 0.045223219962933124
0 0.38187935442427945 0.10637406260602252 0.044225188998963993 0.045223219962933124
0 0.3298117402800903 0.16071433302444255 0.04586046360606986 0.04684028366526398
0 0.2471490975998539 0.22802582939624552 0.045787688998963995 0.045277783665263985
0 0.2891824321745385 0.09221730416850202 0.04429796360606986 0.046785719962933126
0 0.2899872609582547 0.17648317676384032 0.045787688998963995 0.045277783665263985
0 0.29653266749223006 0.250029804168502 0.045787688998963995 0.045277783665263985
0 0.2061987659206535 0.2531151094333124 0.045787688998963995 0.045277783665263985
0 0.23776978949430205 0.1606200745869221 0.04586046360606986 0.04684028366526398
0 0.23769270678164434 0.09197920199158376 0.04429796360606986 0.046785719962933126
0 0.2723245719592907 0.13218753974053174 0.044225188998963993 0.045223219962933124
0 0.25067651199171204 0.27026789309857635 0.04727741439185813 0.04376984736759475
0 0.7073760839510028 0.4904216803920374 0.047350188998963996 0.04533234736759475
0 0.9155524569865321 0.5054911528020412 0.045787688998963995 0.045277783665263985
0 0.46852329156121664 0.35260418874473987 0.048985463606069854 0.046949411069925694
0 0.7574103172017799 0.45940978256895565 0.045787688998963995 0.045277783665263985
0 0.5256037373846063 0.27191967313564325 0.04742296360606986 0.04689484736759484
0 0.721464200990676 0.32399807222466936 0.045787688998963995 0.045277783665263985
0 0.939537920592602 0.5515675446346732 0.04742296360606986 0.04689484736759475
0 0.5685747572342011 0.5916518197775986 0.048985463606069854 0.046949411069925694
0 0.7487288300220614 0.5074653366526396 0.045787688998963995 0.045277783665263985
0 0.4515625 0.521875 0.025 0.046875
0 0.9277314334128836 0.5995139713136954 0.04742296360606986 0.04689484736759475
0 0.8601072857702483 0.5877927321134686 0.04571491439185813 0.04371528366526398
0 0.47630586641599154 0.4527133161494016 0.048985463606069854 0.046949411069925694
0 0.5023290190210254 0.5425397079820335 0.048985463606069854 0.046949411069925694
0 0.8426200711307212 0.44678578619715276 0.045787688998963995 0.045277783665263985
0 0.8653982915612166 0.36646336913677724 0.045787688998963995 0.045277783665263985
0 0.8503384875894939 0.679489158792491 0.04735018899896417 0.04533234736759475
0 0.7328598891610706 0.6691468811176768 0.04742296360606986 0.04689484736759475
0 0.9006295860179174 0.6874851972670785 0.04742296360606986 0.04689484736759475
0 0.8606552493763182 0.6330506684111379 0.04735018899896417 0.04533234736759475
0 0.9725345111631425 0.5901588186812903 0.04578768899896417 0.045277783665263985
0 0.7944909019813522 0.7196578018062493 0.04749573821317572 0.048457347367595105
0 0.8859034983428609 0.5387748787554241 0.04571491439185813 0.04371528366526398
0 0.5184847502048877 0.3200297909216581 0.047350188998963996 0.04533234736759475
0 0.6004282630251694 0.3712500397405318 0.047350188998963996 0.04533234736759475
0 0.5587159520241334 0.41347225607526783 0.047350188998963996 0.04533234736759475
0 0.5645592295267233 0.3044792019915838 0.04727741439185813 0.04376984736759475
0 0.6826243329175454 0.39439985226173624 0.045787688998963995 0.045277783665263985
0 0.9513357915612166 0.36946437276497435 0.04571491439185813 0.04371528366526398
0 0.739199664596746 0.3698562092479779 0.04578768899896417 0.045277783665263985
0 0.9360918970189533 0.6450447261230189 0.045787688998963995 0.045277783665263985
0 0.5681424176971179 0.6493551923729369 0.048985463606069854 0.046949411069925694
0 0.98984375 0.6640625 0.0203125 0.046875
0 0.9506295860179174 0.6892312357416658 0.047350188998963996 0.04533234736759475
0 0.849251176588458 0.7231300313878293 0.04742296360606986 0.04689484736759475
0 0.05390625 0.8921875 0.1078125 0.103125
0 0.20390625 0.82890625 0.0921875 0.0984375
0 0.22578125 0.8078125 0.0890625 0.05625
0 0.1370935090962279 0.8383383691367772 0.07987589867609231 0.1073065577118811
0 0.103125 0.82109375 0.08125 0.0828125
0 0.2203125 0.98046875 0.14375 0.0390625
0 0.075 0.80078125 0.0875 0.0421875
0 0.5832579954473769 0.9253174916472975 0.02609161910658786 0.024310519237293705
0 0.6882751352321291 0.9695436960011339 0.02609161910658786 0.024310519237293705
0 0.6333693114108115 0.9629464664195542 0.02609161910658786 0.024310519237293705
0 0.5997220574818701 0.9773710649682752 0.02452911910658786 0.024255955534962938
0 0.75078125 0.98984375 0.0234375 0.0203125