0 0.18037202464021726 0.1609375 0.03740184091247105 0.0359375
0 0.22265625 0.00625 0.0359375 0.0125
0 0.07382754737763024 0.053125 0.03740184091247105 0.0359375
0 0.98984375 0.26015625 0.0203125 0.0421875
0 0.9443310483662135 0.2703125 0.04553267589344294 0.04375
0 0.9171875 0.296875 0.04375 0.025
0 0.9703125 0.2953125 0.046875 0.028125
0 0.8753555552862956 0.2375 0.04234400889724856 0.0421875
0 0.9047538952101835 0.20625 0.043906508897248564 0.0421875
0 0.837091551331963 0.25625 0.043906508897248564 0.0421875
0 0.9354255750579592 0.14375 0.043906508897248564 0.0421875
0 0.9739787390884039 0.15625 0.04221667490485981 0.0390625
0 0.8986604041074321 0.1640625 0.043906508897248564 0.0421875
0 0.7499974110275143 0.13125 0.043906508897248564 0.0421875
0 0.7577170691264601 0.171875 0.043970175893442945 0.04375
0 0.7780640612177947 0.209375 0.043906508897248564 0.0421875
0 0.8454372450199031 0.128125 0.043970175893442945 0.04375
0 0.8000717123966584 0.2828125 0.04234400889724856 0.0421875
0 0.9262999258562619 0.0609375 0.04228034190105419 0.040625
0 0.7233765612177947 0.209375 0.043906508897248564 0.0421875
0 0.6104017173395742 0.259375 0.045469008897248565 0.0421875
0 0.6390625 0.28984375 0.04375 0.0390625
0 0.6439092371112377 0.165625 0.043970175893442945 0.04375
0 0.6917100671492937 0.18125 0.045469008897248565 0.0421875
0 0.759375 0.29140625 0.040625 0.0359375
0 0.6703125 0.30390625 0.04375 0.0109375
0 0.9685510928524563 0.059375 0.043970175893442945 0.04375
0 0.6014378942216003 0.2109375 0.04553267589344294 0.04375
0 0.8564967618258169 0.0484375 0.04403384288963732 0.0453125
0 0.7845925869209573 0.0875 0.043906508897248564 0.0421875
0 0.7140625 0.28828125 0.04375 0.0421875
0 0.7938747450199031 0.128125 0.043906508897248564 0.0421875
0 0.9183945839552077 0.1015625 0.043970175893442945 0.04375
0 0.96484375 0.0140625 0.0453125 0.028125
0 0.8392800869209573 0.0875 0.043970175893442945 0.04375
0 0.6383012242596564 0.2265625 0.043906508897248564 0.0421875
0 0.5612930552862957 0.2375 0.04384284190105418 0.040625
0 0.8799687539171517 0.0859375 0.043906508897248564 0.0421875
0 0.6841177430427366 0.1375 0.045469008897248565 0.0421875
0 0.8327807361226546 0.1703125 0.04065417490485963 0.0390625
0 0.55078125 0.2984375 0.0484375 0.021875
0 0.031183744031319894 0.5796875 0.045469008897248565 0.0421875
0 0.03571473513407133 0.621875 0.04553267589344294 0.04375
0 0.19964458395520773 0.5484375 0.045469008897248565 0.0421875
0 0.054053558252045164 0.6703125 0.045469008897248565 0.0421875
0 0.24154292387909554 0.5171875 0.045469008897248565 0.0421875
0 0.19257754737763025 0.721875 0.045469008897248565 0.0421875
0 0.06506004243471439 0.7453125 0.043970175893442945 0.04375
0 0.22809855330912931 0.69375 0.045469008897248565 0.0421875
0 0.015625 0.66171875 0.03125 0.0421875
0 0.2909805552862957 0.684375 0.045469008897248565 0.0421875
0 0.12355161064695341 0.421875 0.043970175893442945 0.04375
0 0.14048185368969018 0.85 0.043970175893442945 0.04375
0 0.22028073612265456 0.6171875 0.04546900889724874 0.0421875
0 0.10022822129390692 0.6875 0.043906508897248564 0.0421875
0 0.14745073117973861 0.640625 0.045469008897248565 0.0421875
0 0.24725441300468062 0.56875 0.045469008897248565 0.0421875
0 0.02211644463934226 0.41875 0.043970175893442945 0.04375
0 0.06640236654127145 0.7890625 0.043906508897248564 0.0421875
0 0.17761307505795915 0.590625 0.045469008897248565 0.0421875
0 0.03452360273828807 0.459375 0.043906508897248564 0.0421875
0 0.14814043376492733 0.4703125 0.043906508897248564 0.0421875
0 0.01953125 0.5 0.0390625 0.04375
0 0.09230692783342827 0.4984375 0.045469008897248565 0.0421875
0 0.5414076837277463 0.9 0.08529551285158128 0.0609375
0 0.8307142173395743 0.740625 0.09141817885919253 0.0578125
0 0.7902457262368228 0.6984375 0.09358817391627668 0.034375
0 0.6527218685184378 0.8140625 0.08660334486680377 0.0546875
0 0.7508250819780413 0.5921875 0.08921900889724857 0.0421875
0 0.8794010681378769 0.6578125 0.05337435079830275 0.0828125
0 0.6263556866934958 0.8859375 0.08822951186299814 0.05625
0 0.5590938853243518 0.734375 0.05331068380210837 0.08125
0 0.8465992025108265 0.8109375 0.06880834980971962 0.078125
0 0.7329717371112376 0.646875 0.08803851087441501 0.0515625
0 0.7823855108000528 0.9296875 0.03950285178688588 0.0875
0 0.7397125325488827 0.8265625 0.08067167984777565 0.0625
0 0.6247985038799706 0.9625 0.09371550790866542 0.0375
0 0.6358712440313199 0.6140625 0.08934634288963732 0.0453125
0 0.9497082509514021 0.58125 0.07024351581733086 0.075
0 0.5451082756659815 0.4640625 0.08909167490485981 0.0390625
0 0.95703125 0.790625 0.0859375 0.0375
0 0.8127388556668566 0.875 0.05024935079830275 0.0828125
0 0.6309503447924416 0.9265625 0.08759284190105418 0.040625
0 0.6927579139932638 0.5984375 0.04368101581733086 0.075
0 0.601472386312935 0.7296875 0.051684516805913995 0.0796875
0 0.7381792074537424 0.7875 0.07805601581733086 0.075
0 0.6775547252482396 0.703125 0.08354201186299796 0.05625
0 0.9140599110275144 0.6125 0.04106535178688588 0.0875
0 0.669585716350991 0.7453125 0.09052684091247087 0.0359375
0 0.6317620641835442 0.6765625 0.08583934091247106 0.0359375
0 0.7628900473776303 0.75625 0.05012201680591381 0.0796875
0 0.5207953892786844 0.715625 0.06874468281352523 0.0765625
0 0.636160404107432 0.6453125 0.08577567391627668 0.034375
0 0.7547990216744678 0.878125 0.08484984387822045 0.05
0 0.7010028596211892 0.85625 0.09059050790866544 0.0375
0 0.8007428744499367 0.7859375 0.05005834980971961 0.078125
0 0.9453444031188489 0.65 0.03950285178688588 0.0875