0 0.2578125 0.025 0.053125 0.05
0 0.2295746365221157 0.10342991066333225 0.06254846680652096 0.06654264381548422
0 0.46212887262466856 0.23936668270696035 0.06086756763635801 0.06487088317182241
0 0.4360166585174399 0.26396249112104914 0.06086756763635783 0.06487088317182241
0 0.5050967000092887 0.1910820020168124 0.07097627344521662 0.054698207677454744
0 0.4499589141165174 0.16080464013231338 0.051966164317009955 0.07046531930985207
0 0.2999589141165174 0.15031561834078683 0.05208456348717298 0.07202781930985207
0 0.3533673340326048 0.11674900151260932 0.07206517676456467 0.04855746832111638
0 0.5328916585174399 0.27073665102807665 0.05172936597668389 0.06734031930985207
0 0.4095455564382031 0.07871340597175518 0.0706210759347277 0.050010707677454566
0 0.3712437634964618 0.2501078047309179 0.07218357593472771 0.050119968321116384
0 0.3125754680559208 0.0501735067083894 0.05797936597668389 0.06777736188449897
0 0.3685475838321121 0.39912445893796233 0.07000576929603194 0.06240144703379293
0 0.24797128424238624 0.2026322351689643 0.06676237012586883 0.06062042574646931
0 0.5123693614265138 0.45114541686751847 0.07073947510489073 0.05157320767745475
0 0.5247724278134719 0.32767506587878276 0.0682064709557059 0.05916718639013112
0 0.4712885398414636 0.11411531043090113 0.062311668466194806 0.06341764381548423
0 0.41523240706754744 0.35887079953513784 0.06941377344521679 0.05458894703379293
0 0.24489475104890718 0.2645859319506556 0.05352866431701005 0.07057457995351371
0 0.5275906971095038 0.38537830523512107 0.06555506763635784 0.06519866510280767
0 0.25703125 0.49296875 0.0578125 0.0734375
0 0.44184337387406847 0.4229004485464022 0.05797936597668389 0.06777736188449897
0 0.47109375 0.49609375 0.0609375 0.0671875
0 0.3903060298927087 0.501670304730918 0.07386447510489073 0.05179172896477802
0 0.3578125 0.015625 0.059375 0.03125
0 0.5519232332027679 0.1321876032576496 0.05305506763635783 0.06432457995351379
0 0.4997435813333125 0.03839404459145932 0.042591164317009954 0.06980975544788164
0 0.0125 0.90078125 0.025 0.1171875
0 0.2612767676456468 0.9135147408689475 0.11598204274124875 0.11535148441265974
0 0.09822954813983338 0.7513539584337592 0.11250184523075957 0.11044546312533629
0 0.24283165311885524 0.7521401982943006 0.11285704274124875 0.1151329631253363
0 0.11343126349646182 0.9109474797210828 0.11754454274124866 0.11546074505632156
0 0.08650803029369403 0.5966664584337592 0.11117614357108563 0.11346120248167453
0 0.22751153859206372 0.5909841770069771 0.11453794191141178 0.11680472376899798
0 0.8735418145360804 0.7844071230323639 0.03181868506293437 0.03020095222957302