0 0.19391445211461572 0.30731722525463995 0.02225682954530477 0.022129538669636163
0 0.1580666810112973 0.3920922145926397 0.022284103084255234 0.02369203866963616
0 0.10309062906213269 0.2302649239338212 0.02225682954530477 0.022129538669636163
0 0.01015625 0.28515625 0.0203125 0.0234375
0 0.2052962370176518 0.3712342745862765 0.02543637662320535 0.025290901336727244
0 0.1380190081209701 0.28765925326227604 0.02225682954530477 0.022129538669636163
0 0.0911440081209701 0.2882046932686393 0.02225682954530477 0.022129538669636163
0 0.16496333766627486 0.26547517059200343 0.02225682954530477 0.022129538669636163
0 0.18689288474417554 0.2620956319223672 0.020694329545304768 0.0221113573360908
0 0.03470309334831771 0.29979672127627544 0.022284103084255234 0.02369203866963616
0 0.07313830195245999 0.3352796879376392 0.022284103084255234 0.02369203866963616
0 0.06880535795881437 0.31502173193827565 0.02225682954530477 0.022129538669636163
0 0.10010990503671505 0.31153310526736666 0.02225682954530477 0.022129538669636163
0 0.77421875 0.49921875 0.0453125 0.0203125
0 0.7074429383148979 0.4404206265913671 0.04448638555165907 0.0426965773392725
0 0.6272099675358912 0.47259787460218483 0.042951159090609536 0.044240896005727136
0 0.7128395503276069 0.3997410825907307 0.04448638555165907 0.042696577339272325
0 0.6864213263021892 0.4812819839274579 0.04448638555165925 0.0426965773392725
0 0.3725418327950109 0.3849546133036378 0.04607615909060954 0.044277258672817864
0 0.6688713620160041 0.41275015993000325 0.04448638555165907 0.0426965773392725
0 0.5312930900986116 0.1503421612826387 0.042978432629559825 0.04580339600572705
0 0.5979236623403157 0.3604615012730937 0.04448638555165925 0.042696577339272415
0 0.7216066241908687 0.34496267592300356 0.04292388555165925 0.04267839600572696
0 0.4250668149381035 0.4187114479630926 0.04451365909060954 0.044259077339272326
0 0.5555258823085436 0.4624967159452753 0.04451365909060954 0.044259077339272326
0 0.6389850389635211 0.33498878660091214 0.04292388555165925 0.04267839600572705
0 0.63984375 0.496875 0.0421875 0.025
0 0.5710180633132503 0.20143194661045713 0.04451365909060954 0.0442590773392725
0 0.41663848052153474 0.27508871729791073 0.04451365909060954 0.0442590773392725
0 0.4583816956184987 0.2105535026257291 0.042978432629559825 0.04580339600572696
0 0.6814725478919749 0.31731039059518507 0.04451365909060954 0.0442590773392725
0 0.5360430454563428 0.23620693594845693 0.042951159090609536 0.04424089600572696
0 0.4260213888013654 0.3640239479630926 0.04289661201270887 0.04111589600572696
0 0.41155769399694087 0.4766693986314562 0.04292388555165925 0.04267839600572696
0 0.5041930275994354 0.2709455626193658 0.042951159090609536 0.04424089600572696
0 0.6229078457806544 0.18208196260345746 0.04454093262956001 0.04582157733927241
0 0.5207611444834083 0.39572738661682044 0.04451365909060954 0.0442590773392725
0 0.7485588620160041 0.4118229119191856 0.04604888555165907 0.04271475867281786
0 0.37265625 0.4953125 0.0421875 0.028125
0 0.6018862337679456 0.22294331993954825 0.04454093262956001 0.0458215773392725
0 0.7254292792242885 0.48395245058882175 0.04133411201270896 0.041097714672181596
0 0.6857157629889388 0.25321152792809426 0.04454093262956001 0.0458215773392725
0 0.6016328636375619 0.14796150127309365 0.041361385551659066 0.0426602146721816
0 0.5832417792242884 0.48560695194145725 0.04292388555165907 0.04267839600572696
0 0.6066907362035776 0.30568309460536647 0.044540932629559826 0.0458215773392725
0 0.638540754060485 0.2709444679344576 0.044540932629559826 0.0458215773392725
0 0.49066809009861156 0.15081487595482027 0.044540932629559826 0.04582157733927246
0 0.6791736623403157 0.3595160719287306 0.042951159090609536 0.044240896005727046
0 0.44140625 0.49140625 0.0453125 0.0359375
0 0.5269214155867266 0.31129784261618415 0.042951159090609536 0.044240896005727046
0 0.6613157808458463 0.21912742926482132 0.044540932629559826 0.0458215773392725
0 0.6283554561718054 0.40697287460218484 0.04289661201270878 0.04111589600572714
0 0.4621691688331374 0.26206145862509284 0.041361385551659156 0.0426602146721816
0 0.48046875 0.5015625 0.0453125 0.015625
0 0.5022407897743 0.2037944252864567 0.039798885551659155 0.04264203333863614
0 0.516782756496117 0.3551569306174568 0.04130683847375849 0.039535214672181594
0 0.540500900165451 0.4283035292807297 0.04292388555165916 0.042678396005727134
0 0.196875 0.92265625 0.04375 0.0953125
0 0.20546875 0.8390625 0.0265625 0.09375
0 0.50443494075053 0.8305023759548202 0.04607615909060954 0.044277258672817864
0 0.4094224496789837 0.8144239373010924 0.04922843262955982 0.045876121339908774
0 0.22890625 0.7671875 0.0203125 0.046875
0 0.4250395413991531 0.7251978052991834 0.04766593262955983 0.04585794000636341
0 0.5441247321463878 0.7941103426161842 0.047638659090609534 0.04429544000636341
0 0.5456951404262185 0.8831364799490933 0.04766593262955983 0.04585794000636341
0 0.3328362248394919 0.5481818666454555 0.0492557061685102 0.04743862133990877
0 0.25325427029583475 0.8115545706556369 0.052380706168510205 0.047474984006999676
0 0.6813440884770537 0.7190910665977304 0.04607615909060954 0.044277258672817864
0 0.6880462816599204 0.8721069785964577 0.04610343262955983 0.045839758672817865
0 0.37954758360578983 0.5570114266390922 0.04922843262955987 0.045876121339908774
0 0.6618304293864442 0.7630592426002758 0.04610343262956 0.045839758672817865
0 0.6797622232179341 0.8097160665977304 0.04610343262956 0.045839758672817865
0 0.2594259983784422 0.5474738893220914 0.05084547970746054 0.049019302673454314
0 0.6387008465947286 0.835188781269912 0.04607615909060954 0.044277258672817864
0 0.7833860551988708 0.8694354172501857 0.04610343262956 0.045839758672817865
0 0.37698387094445784 0.7038864266390922 0.049201159090609535 0.04431362133990877
0 0.3597770056853381 0.7946932399745467 0.049201159090609535 0.04431362133990877
0 0.4664167435104735 0.860626227959911 0.04766593262955983 0.04585794000636341
0 0.360521299516828 0.8415500586410012 0.04922843262955982 0.045876121339908774
0 0.22421875 0.7125 0.0109375 0.046875
0 0.6410190974055074 0.702376281269912 0.04610343262956 0.045839758672817865
0 0.5324156647759477 0.7489432932845477 0.047638659090609534 0.04429544000636341
0 0.47650876380301294 0.9089364586250929 0.0492557061685102 0.04743862133990877
0 0.56015625 0.5296875 0.0453125 0.040625
0 0.47109375 0.53203125 0.0484375 0.0453125
0 0.4385680275994354 0.5766330359643652 0.04766593262955983 0.04585794000636341
0 0.6040645681845144 0.6715626332750027 0.04451365909060954 0.0442590773392725
0 0.7362849586074375 0.7934365385900944 0.04610343262955983 0.045839758672817865
0 0.7826690349063313 0.821016098583731 0.04607615909060954 0.044277258672817864
0 0.7431974318220762 0.8449081319223672 0.04610343262956 0.045839758672817865
0 0.7390633108809137 0.902756994589458 0.04766593262956 0.04585794000636341
0 0.5166112069825843 0.5804114692870931 0.04766593262955983 0.04585794000636341
0 0.2979430275994354 0.5782693559834553 0.050818206168510204 0.04745680267345422
0 0.30413493182207624 0.8500170866486372 0.05235343262955987 0.045912484006999675
0 0.7358406737044014 0.7293922199236398 0.04610343262955983 0.045839758672817865
0 0.5845781826328552 0.7139683092775481 0.04610343262955983 0.045839758672817865
0 0.4125 0.52109375 0.046875 0.0234375
0 0.7413428311734531 0.9511581319223673 0.04766593262955983 0.04585794000636341
0 0.6410349139651688 0.8804649186028211 0.04766593262955983 0.04585794000636341