0 0.3671875 0.6234375 0.021875 0.021875
0 0.5890625 0.7046875 0.0234375 0.0234375
0 0.4015625 0.675 0.021875 0.021875
0 0.6765625 0.6921875 0.021875 0.021875
0 0.496875 0.6203125 0.0203125 0.0203125
0 0.5328125 0.68125 0.021875 0.021875
0 0.484375 0.68125 0.021875 0.021875
0 0.5515625 0.7921875 0.021875 0.0234375
0 0.465625 0.7296875 0.021875 0.025
0 0.5828125 0.65625 0.021875 0.021875
0 0.425 0.690625 0.021875 0.021875
0 0.49375 0.70625 0.021875 0.021875
0 0.5609375 0.659375 0.0203125 0.021875
0 0.6 0.7703125 0.0234375 0.025
0 0.4625 0.70625 0.0203125 0.021875