0 0.26964392691920713 0.3423713907049809 0.062240014828747546 0.0706579336450254
0 0.18128176387734546 0.3590407402374426 0.07423067885919252 0.05823065651766228
0 0.28596394669087066 0.4361941135776178 0.0623036818249421 0.0722204336450254
0 0.0140625 0.36796875 0.028125 0.0515625
0 0.16473625102576417 0.2980214270057261 0.07859984387822046 0.050445427594901206
0 0.07897911764139778 0.4552975958200286 0.07716467787060921 0.05356133723582168
0 0.24488264334456034 0.5781089028052293 0.05930601581733086 0.07532725292686618
0 0.3485329308735398 0.3615759086589618 0.07585684585538673 0.05980224687674216
0 0.09295409292681836 0.33821918012898405 0.0576161818249421 0.07219316256778666
0 0.3073242935348407 0.5003656978865731 0.07697367688202608 0.048873837235821685
0 0.06293503460041108 0.061547595820028646 0.06868101581733077 0.07538179508134397
0 0.039829092926818396 0.3379101079202771 0.05461851581733077 0.07529998184962743
0 0.22904278463759215 0.4577327702916719 0.06986151384016441 0.06601588544042372
0 0.4400386344473118 0.5370667880492611 0.08484984387822045 0.05048178903121965
0 0.2618499674511174 0.5344679871141846 0.060677514828747545 0.07064884328594587
0 0.02109375 0.084375 0.0421875 0.05625
0 0.1591972223568522 0.1620839270057261 0.05780718281352506 0.07688066256778665
0 0.10011397140545002 0.5522725897699045 0.053247016805913996 0.07997839149054772
0 0.360223800454923 0.5334781797362005 0.06243101581733086 0.0753454336450254
0 0.4451877549800969 0.31839860128097774 0.05624468281352506 0.07687157220870695
0 0.39932610973273236 0.4196702097904299 0.07722834486680377 0.055123837235821684
0 0.14798910281265015 0.385403252337691 0.0711693458553869 0.059774975799503235
0 0.44363057216657165 0.24184519164005724 0.08048067885919252 0.058267017953980905
0 0.11313394174795484 0.41175667407885985 0.07136034684397004 0.06446247579950323
0 0.2025784437251211 0.42164982454639804 0.07273184585538672 0.05978406615858276
0 0.0831042490485979 0.288173728333586 0.0787271778706092 0.0535704275949012
0 0.14651412752722948 0.5025543909013725 0.08402217292769336 0.030169289031219647
0 0.5998354457022874 0.19351573418731843 0.05946784190105418 0.040961343285945875
0 0.55625 0.159375 0.053125 0.0375
0 0.7367863004549229 0.295850914709086 0.05647017589344294 0.04406816256778647
0 0.875530465473951 0.288847456667172 0.05621550790866543 0.03781816256778647
0 0.6712249674511174 0.29703161962774194 0.06246550790866543 0.03785452400410509
0 0.6036262905690911 0.24821232454639813 0.04135451186299797 0.05647725897699054
0 0.7851999427365379 0.18053498691779293 0.059276840912471054 0.03627384328594587
0 0.6057564763483659 0.33882823418731844 0.04760451186299797 0.056513620413308985
0 0.6493950939154016 0.10632480639602546 0.04910334486680377 0.05496021077238851
0 0.790322477336949 0.3445883965587133 0.058032675893442943 0.04407725292686617
0 0.54375 0.24375 0.028125 0.04375
0 0.6895584733826163 0.32525661357761776 0.061030341901054184 0.040970433645025395
0 0.8955936146756482 0.20617131205336622 0.051719008897248744 0.042478391490547905
0 0.5515625 0.2109375 0.04375 0.046875
0 0.7525969842570313 0.37717363758172284 0.046042011862998146 0.056504530054229285
0 0.8124229704168668 0.31191225194490757 0.04897601087441501 0.05183521077238851
0 0.8151076186299809 0.2244486133812261 0.05041117688202625 0.04871930113146803
0 0.6198004358164557 0.14676799921443315 0.03829317885919252 0.05802157825883114
0 0.7723524328507063 0.13359635440423556 0.03835684585538672 0.05958407825883114
0 0.8730872619001792 0.11387472774441072 0.05615184091247087 0.03625566256778647
0 0.662075460531035 0.2641736678323439 0.05908583992388792 0.031586343285945874
0 0.9192406561961416 0.40313721564416233 0.04903967787060921 0.05339771077238851
0 0.8579954555881193 0.24188155307637577 0.03985567885919252 0.05803066861791084
0 0.7506869743711995 0.33029863758172284 0.0534725098858317 0.04717498184962743
0 0.8218324625082015 0.27447588445846494 0.053217841901054184 0.04092498184962743
0 0.7603034190105419 0.0679168122497579 0.047540844866803766 0.05495112041330898
0 0.7022441571847248 0.40656115573209545 0.05809634288963732 0.04563975292686635
0 0.8460233320895846 0.44645087840834075 0.06058467292769336 0.030032933645025572
0 0.7154551285158127 0.27073274004105097 0.054716674904859805 0.03937157220870695
0 0.8858074377936221 0.1576883602579681 0.04129084486680377 0.05491475897699054
0 0.7211427599230127 0.10361796291368783 0.03829317885919252 0.05802157825883114
0 0.5632851334587285 0.2932793848512484 0.042980678859192524 0.05804884933607006
0 0.7260451186299809 0.22393046291368784 0.04285334486680377 0.054923849336070064
0 0.6893144397707884 0.1659179750139362 0.03979201186299797 0.056468168617910666
0 0.8984931215957304 0.23899290241244575 0.05258117193911005 0.02529998184962743
0 0.8372717787060932 0.19333496876742035 0.05458934091247088 0.03624657220870695
0 0.8528676038012334 0.15437246271729615 0.03810217787060921 0.053334078258831144
0 0.7288862757403436 0.17864523399092674 0.04428851087441501 0.05180793969514959
0 0.6668956117098988 0.19078161962774196 0.04897601087441501 0.05183521077238851
0 0.8379269891999472 0.4011020169720222 0.052228344866803764 0.05497839149054791
0 0.7687419545995361 0.23667590260883759 0.04741351087441501 0.05182612041330899
0 0.6119136344473117 0.2982486859827166 0.05634284190105419 0.040943162567786476
0 0.892619806386422 0.3248758602579681 0.05060217787060921 0.05340680113146821
0 0.66015625 0.01328125 0.0578125 0.0265625
0 0.8027455869953194 0.07441225194490757 0.04910334486680377 0.05496021077238851
0 0.8711772520143473 0.06699972774441072 0.044415844866803764 0.054932939695149584
0 0.82265625 0.01484375 0.0390625 0.0296875
0 0.7416541670705564 0.4536543243500063 0.04148184585538672 0.05960225897699054
0 0.6380251482874761 0.3640100413689108 0.029109179847775658 0.06265453610435348
0 0.8256392589344296 0.09953951697202221 0.045978344866803765 0.054942030054229284
0 0.8132321008354838 0.1400827037403057 0.0487850098858317 0.04714771077238851
0 0.21625362456147998 0.7154351442210223 0.03245967292769345 0.029869307181592218
0 0.4046875 0.66171875 0.034375 0.0234375
0 0.5171875 0.73984375 0.025 0.0328125
0 0.7840777945234239 0.8329498971478884 0.1121418557412186 0.10687723477649361
0 0.6342051285158126 0.8352022226762452 0.1248965237259962 0.11319995764913067
0 0.62578125 0.68828125 0.1203125 0.0765625
0 0.9234375 0.684375 0.1125 0.06875
0 0.77578125 0.6875 0.1140625 0.075
0 0.9354492935348407 0.8291441619786115 0.11383168973360736 0.1100113251355733
0 0.7921875 0.9703125 0.1125 0.059375
0 0.94453125 0.97109375 0.1109375 0.0578125