0 0.5796875 0.04921875 0.01875 0.0484375
0 0.475 0.13510682258297252 0.046875 0.04905823821317572
0 0.484375 0.23154517494033736 0.046875 0.04905823821317572
0 0.5515625 0.07841586683478549 0.0453125 0.048985463606069854
0 0.478125 0.1849612733687608 0.046875 0.05062073821317572
0 0.584375 0.1453125 0.009375 0.046875
0 0.5484375 0.2941864160489972 0.046875 0.050620738213175545
0 0.540625 0.25080028908452645 0.04375 0.047350188998963996
0 0.5296875 0.2013097113342675 0.0453125 0.04742296360606986
0 0.5046875 0.27903660504796124 0.046875 0.05218323821317554
0 0.5796875 0.23515625 0.01875 0.0484375
0 0.5703125 0.1796875 0.0375 0.046875
0 0.57734375 0.09921875 0.0234375 0.0484375
0 0.5515625 0.1440408668347855 0.0453125 0.04742296360606986
0 0.734375 0.42109375 0.040625 0.0359375
0 0.62890625 0.42890625 0.0703125 0.0203125
0 0.728125 0.2315322506236817 0.046875 0.07874573821317572
0 0.81875 0.22887382341154208 0.0828125 0.04291955417661057
0 0.3421875 0.47994413358400845 0.0421875 0.04571491439185813
0 0.1796875 0.5765751927230177 0.04375 0.045787688998963995
0 0.1765625 0.7314082419372293 0.0453125 0.04586046360606986
0 0.4359375 0.667765157157657 0.0421875 0.04258991439185813
0 0.365625 0.5819775144774206 0.0421875 0.04415241439185813
0 0.396875 0.6242720223353035 0.040625 0.042517139784752266
0 0.3 0.5881590479758667 0.0421875 0.04415241439185813
0 0.2890625 0.5464809702256076 0.04375 0.044225188998963993
0 0.2734375 0.6612712162966663 0.0453125 0.04586046360606986
0 0.3546875 0.6309244367271616 0.0421875 0.04415241439185813
0 0.9078125 0.6175339090196839 0.046875 0.04593323821317572
0 0.9890625 0.7890625 0.021875 0.05
0 0.9859375 0.7078125 0.028125 0.046875
0 0.975 0.755029600914132 0.046875 0.04905823821317572
0 0.9015625 0.7334500074481073 0.046875 0.04749573821317572
0 0.9734375 0.6160398755212378 0.0484375 0.05069351282028158
0 0.94375 0.6580475930562492 0.046875 0.05062073821317572
0 0.8546875 0.740320745661283 0.0484375 0.05069351282028158
0 0.8984375 0.661720556662319 0.0484375 0.05069351282028158
0 0.9421875 0.7096828676633551 0.046875 0.04749573821317572
0 0.8703125 0.7864679995902245 0.0484375 0.05225601282028158
0 0.821875 0.777786512410506 0.046875 0.05062073821317572
0 0.990625 0.5359375 0.01875 0.053125
0 0.9578125 0.7964551215922964 0.046875 0.04905823821317572
0 0.9625 0.5477992977709788 0.046875 0.04905823821317572
0 0.9171875 0.7889722613770488 0.0453125 0.048985463606069854
0 0.98203125 0.66640625 0.0359375 0.0484375
0 0.871875 0.6942077249831187 0.0453125 0.04742296360606986