0 0.0359375 0.40546875 0.071875 0.0640625
0 0.028125 0.471875 0.05625 0.034375
0 0.0453125 0.32734375 0.090625 0.0640625
0 0.6433094499873647 0.26493082527054834 0.04663095909205772 0.045839758672817865
0 0.9697977421489483 0.31736274522600494 0.048193459092057724 0.04585794000636341
0 0.6374566035900038 0.3587171879376392 0.048193459092057724 0.04585794000636341
0 0.629490990895307 0.3103887759389119 0.048193459092057724 0.04585794000636341
0 0.46649088572245745 0.3294671346276381 0.04663095909205772 0.045839758672817865
0 0.7468603473217976 0.30277517592300357 0.04502299498543501 0.0442590773392725
0 0.8779452112701358 0.3606047625716407 0.048238923198680436 0.047420440006363404
0 0.43515625 0.23671875 0.0328125 0.0453125
0 0.8332023272635378 0.1268297465786404 0.04663095909205772 0.045839758672817865
0 0.5377988990502927 0.13339101861872948 0.048193459092057724 0.04585794000636332
0 0.7727576060972863 0.3790104119191856 0.04667642319868044 0.04740225867281787
0 0.7993488498290802 0.32403201058245845 0.04663095909205772 0.045839758672817865
0 0.5442474758516122 0.18017511195100228 0.04663095909205772 0.045839758672817865
0 0.9293258548436452 0.366254778564641 0.048238923198680436 0.047420440006363404
0 0.49624057020390905 0.3806660079567292 0.048238923198680436 0.047420440006363404
0 0.9796875 0.25546875 0.040625 0.0453125
0 0.6920939424655174 0.19876038526418505 0.04663095909205772 0.045839758672817865
0 0.47862247585161216 0.18093872795991092 0.048193459092057724 0.04585794000636341
0 0.5790603965430102 0.11104330394654793 0.04663095909205772 0.045839758672817865
0 0.8945369808661772 0.21983431190327724 0.048193459092057724 0.04585794000636341
0 0.5100877730277606 0.28053873862191114 0.048193459092057724 0.04585794000636341
0 0.5149404090794224 0.22112737595482024 0.048193459092057724 0.04585794000636341
0 0.42421875 0.29453125 0.0109375 0.0453125
0 0.98359375 0.36015625 0.0328125 0.0453125
0 0.7035195242814017 0.28922175326227595 0.046585494985435 0.044277258672817864
0 0.7311276987337235 0.2529751705920035 0.04663095909205772 0.045839758672817865
0 0.9557018013992906 0.21131273989500485 0.048193459092057724 0.04585794000636341
0 0.7748609783588947 0.1993592745862764 0.04663095909205772 0.045839758672817865
0 0.9104467888628782 0.10250136123491363 0.04663095909205772 0.045839758672817865
0 0.833616201241006 0.2736502025780041 0.04663095909205772 0.045839758672817865
0 0.7887249015575751 0.15233882391791287 0.046585494985435 0.044277258672817864
0 0.7843890910535916 0.2476695052514583 0.04663095909205772 0.045839758672817865
0 0.6379807554767833 0.125977413271821 0.04663095909205772 0.045839758672817865
0 0.8898782245979711 0.1652195372374589 0.048193459092057724 0.04585794000636332
0 0.43046875 0.08125 0.0234375 0.046875
0 0.8305199449727997 0.21901724657864036 0.048193459092057724 0.04585794000636341
0 0.8179791778840411 0.38160815324636765 0.04663095909205772 0.045839758672817865
0 0.631314252178078 0.40877173193827565 0.048238923198680436 0.047420440006363404
0 0.7115306010827214 0.3359876652610033 0.046585494985435 0.044277258672817864
0 0.7429577604913483 0.16849108259073078 0.046585494985435 0.044277258672817954
0 0.36614389324430496 0.9293933146085482 0.07428459765100222 0.08364884134309047
0 0.37265625 0.69609375 0.0921875 0.0421875
0 0.1201901987337235 0.7932398279758193 0.07745506175762476 0.08524770401018138
0 0.040625 0.9703125 0.08125 0.059375
0 0.3026724266303997 0.9098262492839113 0.06656302586424748 0.0866829346753633
0 0.23757627553504307 0.8387330466263656 0.09810253087881238 0.04331474267981754
0 0.28738239575158736 0.9521773812858203 0.07410274122451135 0.07739884134309047
0 0.16688334230723276 0.798944387969456 0.07897209765100213 0.08370338534372675
0 0.23321904763836682 0.7200739532940927 0.09221624373179385 0.05574201734563573
0 0.24363972209068846 0.68402736529282 0.09409699247815259 0.06669769867918127
0 0.190625 0.5046875 0.090625 0.03125
0 0.39375 0.96328125 0.05 0.0734375
0 0.378125 0.8234375 0.08125 0.053125
0 0.22132680139929053 0.7530137226289109 0.0923071719450392 0.05886701734563573
0 0.3385597655059132 0.7500876226130024 0.0963581744523216 0.037046561346272176
0 0.2890625 0.99453125 0.096875 0.0109375
0 0.39375 0.878125 0.05 0.071875
0 0.2607242705204781 0.7947285079567292 0.09520485141192588 0.05109088001272681
0 0.19789399841715438 0.9141693986314561 0.09961956677218975 0.04177042401336308
0 0.07739494497279979 0.7609364053150918 0.08968227711788868 0.076018154678545
0 0.23522886236549248 0.97308986529282 0.09975595909205773 0.046457924013363086
0 0.1390625 0.98359375 0.1 0.0328125
0 0.31225332977082043 0.6879148866168204 0.06812552586424747 0.08670111600890866
0 0.339564672869476 0.8765955786123663 0.038574418184115535 0.09104317067154533
0 0.6737123523363626 0.5829001226130025 0.0900459899708701 0.088518154678545
0 0.5145813932443049 0.6300489373010925 0.06407452335696498 0.10852157200827221
0 0.6566659416740945 0.739295573281366 0.057960915676833126 0.11313634667409059
0 0.45625 0.5109375 0.075 0.04375
0 0.7375 0.51953125 0.09375 0.0609375
0 0.79140625 0.50546875 0.0890625 0.0328125
0 0.65625 0.51953125 0.08125 0.0609375
0 0.8797637755350431 0.5336433679185493 0.10186402837152997 0.06522610534690845
0 0.8653997471635131 0.5978513185869128 0.10471624373179385 0.05588746801399935
0 0.7942976369760987 0.5721251599300032 0.08687552586424747 0.08691929201145392
0 0.9469559725529069 0.6937445265754587 0.06710859514371954 0.1054329346753633
0 0.8567448465303749 0.8416194999204581 0.10976745658477541 0.06844201201463562
0 0.8505810777257563 0.6776842692552763 0.09169941818411545 0.09166133601209037
0 0.5326374082879997 0.7610443986314561 0.08728470282385156 0.1009817920114541
0 0.446875 0.75546875 0.05625 0.1046875
0 0.9325632004495832 0.8126217959102767 0.05171091567683313 0.11306362133990859
0 0.428125 0.965625 0.01875 0.06875