0 0.4082291511885513 0.16837887262466858 0.07863492515463033 0.08825886182749905
0 0.365625 0.1421875 0.03125 0.090625
0 0.35859375 0.18359375 0.0171875 0.0828125
0 0.450608098762957 0.20774994855939627 0.08580969636645772 0.0810383576783142
0 0.4323997169500652 0.06487536432629878 0.09639651000193972 0.058548051039618444
0 0.36328125 0.24375 0.0265625 0.05
0 0.6080374457382378 0.0703235713845575 0.051147653942803115 0.09394017676456468
0 0.4560606154328564 0.12169404938923326 0.08698955909355419 0.07646925684847723
0 0.536927720284045 0.055502209557058355 0.043335153942803115 0.0933481809137497
0 0.6359375 0.0265625 0.065625 0.053125
0 0.5748428242171497 0.22659688217243817 0.09690669303247787 0.06479805103961844
0 0.36015625 0.31484375 0.0203125 0.0984375
0 0.5875 0.0328125 0.05625 0.065625
0 0.39069122269994105 0.2676684776036904 0.046587699700437565 0.09514747925407577
0 0.38444070694812554 0.11312268756173412 0.04333515394280303 0.09334818091374952
0 0.6237266054309167 0.1862804581071659 0.07133260818516848 0.09391686597668389
0 0.1859375 0.98203125 0.046875 0.0359375
0 0.07930666785845078 0.8076027029090739 0.04888378121376698 0.0471835759347277
0 0.02265625 0.78515625 0.0453125 0.0484375
0 0.2697721711924307 0.8047415024987998 0.04563123545613248 0.04538427759440165
0 0.13747011209887655 0.8654636697155947 0.04732128121376702 0.047065176764564495
0 0.1123420505894265 0.7110595896316821 0.047321281213766976 0.047065176764564676
0 0.05060784088704926 0.8510208161864654 0.04901132697140156 0.048746075934727705
0 0.18137909301308114 0.7320125522890183 0.04732128121376702 0.047065176764564676
0 0.3194212269520048 0.7550500784335273 0.04719373545613248 0.0455026767645645
0 0.06939004967134259 0.9483461020792369 0.049011326971401516 0.048746075934727705
0 0.09359256634124202 0.8637109929510303 0.04732128121376702 0.047065176764564676
0 0.21977217119243067 0.8009527290535828 0.04719373545613248 0.045502676764564674
0 0.15593255392340638 0.6970688672260839 0.04732128121376702 0.047065176764564676
0 0.1791466554406151 0.6438021572680401 0.04732128121376693 0.047065176764564676
0 0.1421875 0.99140625 0.046875 0.0171875
0 0.12554393907027808 0.8189671780139645 0.04875623545613248 0.04562107593472771
0 0.09453125 0.98359375 0.0484375 0.0328125
0 0.03828125 0.984375 0.0484375 0.03125
0 0.777393223618025 0.9292715962796668 0.023788186364518005 0.025095088382282426
0 0.7411367302859848 0.8919366170255912 0.025350686364518003 0.02521348755244528
0 0.6641274333204021 0.7760496626666249 0.02547823212215263 0.02677598755244537
0 0.7500654490722177 0.9366338103868953 0.023788186364518005 0.025095088382282426
0 0.8509258027154584 0.7603332647458616 0.022098140606883376 0.023414189212119307
0 0.5829730281696512 0.7494620066479846 0.027168277879787085 0.028456886722608397
0 0.7561871296868599 0.7075616170255912 0.023915732122152634 0.026657588382282337
0 0.6624376454386753 0.8545298601771139 0.027040732122152633 0.026894386722608486
0 0.7417742011982497 0.8070880203449391 0.023788186364518005 0.025095088382282426
0 0.6541788642249085 0.897924662666625 0.027040732122152633 0.02689438672260831
0 0.6102052078662095 0.762530691710919 0.027040732122152633 0.0268943867226084
0 0.7923160772612656 0.7464590962796668 0.025350686364518003 0.02521348755244528
0 0.579018593931165 0.6438273132866804 0.030420823637421622 0.03025618506293446
0 0.5437827245361089 0.6710284307132569 0.030420823637421622 0.03025618506293446
0 0.6926350705933058 0.7734933477295594 0.025350686364518003 0.02521348755244528
0 0.7733117593737198 0.9792715962796669 0.025223140606883375 0.023650987552445456
0 0.7208878742268482 0.8510981294731458 0.025350686364518184 0.025213487552445457
0 0.7352049499903016 0.6949665286433089 0.02547823212215263 0.02677598755244537
0 0.8357153908967476 0.7733301722143945 0.023788186364518005 0.02509508838228234
0 0.8737575248356713 0.7887901514684701 0.023788186364518182 0.02509508838228234
0 0.7263086978642698 0.8232099278134719 0.025350686364518003 0.025213487552445457
0 0.66953125 0.99453125 0.0265625 0.0109375
0 0.7606522627076997 0.9610185037481995 0.023788186364518005 0.025095088382282426
0 0.49765625 0.98984375 0.0328125 0.0203125
0 0.7817300372535069 0.9531826929603188 0.023788186364518182 0.025095088382282426
0 0.8424438808948078 0.8257214664055356 0.023788186364518182 0.025095088382282426