0 0.39161394480112915 0.22233959672656525 0.031795470779006865 0.03215928213245363
0 0.4703125 0.25234375 0.01875 0.0328125
0 0.26366840259449253 0.04995246819675074 0.030205697240056395 0.030551318025830908
0 0.3247616355483639 0.15011760424841264 0.030205697240056395 0.030551318025830908
0 0.30401275892515844 0.12452657086231778 0.030205697240056395 0.030551318025830908
0 0.4217378214243347 0.24820341475239624 0.031768197240056396 0.030596782132453627
0 0.384873021100023 0.19403274030007456 0.031768197240056396 0.030596782132453627
0 0.29061273213979727 0.0726003580093364 0.030178423701106283 0.02898881802583091
0 0.46953125 0.22109375 0.0203125 0.0296875
0 0.3532411915547183 0.17124845816762094 0.030205697240056395 0.030551318025830908
0 0.46875 0.18984375 0.021875 0.0296875
0 0.4593354586008469 0.0759479815245859 0.030178423701106107 0.02898881802583091
0 0.4211923506453278 0.21695341475239616 0.030205697240056395 0.030551318025830908
0 0.4496173595737815 0.23495926867160452 0.030205697240056395 0.030551318025830908
0 0.44750938879477486 0.20366380456498182 0.030205697240056395 0.030551318025830908
0 0.465625 0.159375 0.028125 0.03125
0 0.2948093084386911 0.04461175032920437 0.028615923701106105 0.028943353919208194
0 0.38279232385996664 0.16429977619345185 0.030205697240056395 0.030551318025830908
0 0.33367298538620815 0.12382788888814877 0.030178423701106283 0.02898881802583091
0 0.4107809561652148 0.15730563011266013 0.030205697240056395 0.030551318025830908
0 0.4645138823019531 0.10420937384445397 0.030205697240056395 0.030551318025830908
0 0.3541570348997408 0.04477688638086637 0.028615923701106105 0.028943353919208194
0 0.3244968084386911 0.04547556835503528 0.028615923701106105 0.028943353919208194
0 0.4370786290555421 0.0534364840318684 0.028615923701106105 0.028943353919208194
0 0.316076382301953 0.09989028371529933 0.028643197240056394 0.03050585391920819
0 0.35743776785361214 0.143259850487489 0.030178423701106107 0.02898881802583091
0 0.3234252321397973 0.07355510424841274 0.028615923701106282 0.028943353919208194
0 0.38542640015886054 0.13626570440669727 0.030205697240056395 0.030551318025830908
0 0.40667410876300264 0.10096470189941478 0.030178423701106283 0.02898881802583091
0 0.4103797613607904 0.04485109421928275 0.028615923701106105 0.028943353919208194
0 0.44230369155471827 0.17383991224511375 0.028643197240056394 0.03050585391920819
0 0.4397320706135558 0.11598194813849112 0.030178423701106107 0.02898881802583091
0 0.4134150324641087 0.12927155832590548 0.030205697240056395 0.030551318025830908
0 0.3457366087630026 0.09919160174113024 0.028615923701106282 0.028943353919208194
0 0.44025026785361215 0.14566944813849111 0.030205697240056395 0.030551318025830908
0 0.3530854586008469 0.07285642227424365 0.028615923701106105 0.028943353919208194
0 0.3824456761334428 0.05497024030007456 0.028615923701106105 0.028943353919208194
0 0.37558774999670475 0.10943041976696115 0.028615923701106105 0.028943353919208194
0 0.38134682629559863 0.08148727619345184 0.028615923701106105 0.028943353919208194
0 0.4345536469124497 0.08772055581862297 0.028615923701106282 0.028943353919208194
0 0.4077456850618965 0.07288516600603749 0.028615923701106105 0.028943353919208194
0 0.4159866534052714 0.18712952243252817 0.030205697240056395 0.030551318025830908
0 0.465625 0.13125 0.028125 0.03125
0 0.9154957297041653 0.0691905500126353 0.04769320616851012 0.048238923198680436
0 0.6339571777550006 0.22341608260730722 0.050818206168510204 0.048329851411925875
0 0.97734375 0.153125 0.0453125 0.046875
0 0.5583377946389734 0.09627926959604131 0.050818206168510204 0.048329851411925875
0 0.97578125 0.0859375 0.0484375 0.046875
0 0.8954753303527884 0.1748040525199178 0.04928297970746058 0.04984688730530316
0 0.98203125 0.0171875 0.0359375 0.034375
0 0.7052242516182625 0.28014946740532787 0.050900026785361166 0.05301735141192587
0 0.4400399878218401 0.6177644423325034 0.047638659090609534 0.04511392319868044
0 0.4373707297041653 0.7332530500126353 0.04769320616851012 0.048238923198680436
0 0.1558321777550006 0.8874785826073073 0.050818206168510204 0.048329851411925875
0 0.05194787824476323 0.4830973079967011 0.050818206168510204 0.048329851411925785
0 0.3190183758091313 0.5736387061225569 0.04766593262955983 0.04667642319868044
0 0.08021279463897342 0.7603417695960413 0.050818206168510204 0.048329851411925875
0 0.4173503303527884 0.8388665525199178 0.04928297970746058 0.04984688730530316
0 0.16529335795222377 0.5348082236735341 0.04766593262955983 0.04667642319868044
0 0.22709925161826253 0.9442119674053279 0.050900026785361166 0.05301735141192587
0 0.50234375 0.7625 0.0453125 0.0625
0 0.5361161469124497 0.630173514119258 0.058712526785361166 0.0532446719450391
0 0.5818025681779238 0.742384009104693 0.06474433847375849 0.04092652837152997
0 0.49296875 0.6859375 0.0265625 0.040625
0 0.5 0.71484375 0.040625 0.0421875
0 0.5362718798663211 0.7285655500126353 0.026145488635914305 0.06635242570596293
0 0.6236161469124497 0.6327195040901281 0.03242276217486477 0.06809678213245363
0 0.6972876517837137 0.46932224531463945 0.06781479139585792 0.037892456584775226
0 0.49296875 0.596875 0.0265625 0.065625
0 0.6062025503210162 0.708736434810656 0.06776024431795716 0.034767456584775404
0 0.6206978782447632 0.4655320040901281 0.037082988635914305 0.0666706744523216