0 0.5546875 0.3265625 0.0421875 0.04375
0 0.79375 0.553125 0.04375 0.04375
0 0.4234375 0.378125 0.04375 0.04375
0 0.3734375 0.3296875 0.04375 0.04375
0 0.603125 0.3328125 0.04375 0.04375
0 0.3109375 0.2828125 0.0421875 0.0453125
0 0.396875 0.2546875 0.04375 0.0453125
0 0.478125 0.415625 0.04375 0.04375
0 0.35625 0.284375 0.04375 0.0453125
0 0.3359375 0.4921875 0.04375 0.04375
0 0.4921875 0.3453125 0.04375 0.04375
0 0.7515625 0.54375 0.0453125 0.04375
0 0.265625 0.2390625 0.0453125 0.0453125
0 0.9625 0.4421875 0.046875 0.0453125
0 0.3734375 0.5359375 0.04375 0.04375
0 0.6671875 0.2515625 0.04375 0.04375
0 0.903125 0.5109375 0.046875 0.04375
0 0.815625 0.596875 0.0453125 0.04375
0 0.6296875 0.38125 0.04375 0.04375
0 0.409375 0.3 0.04375 0.04375
0 0.525 0.2953125 0.0421875 0.04375
0 0.48125 0.3046875 0.0421875 0.0421875
0 0.865625 0.484375 0.0453125 0.04375
0 0.9171875 0.4453125 0.0453125 0.04375
0 0.7515625 0.4890625 0.04375 0.0421875
0 0.740625 0.278125 0.04375 0.0421875
0 0.69375 0.3625 0.04375 0.04375
0 0.4921875 0.2546875 0.04375 0.04375
0 0.9625 0.3859375 0.0484375 0.0421875
0 0.8 0.39375 0.0453125 0.04375
0 0.9390625 0.340625 0.046875 0.04375
0 0.79375 0.2734375 0.0453125 0.04375
0 0.959375 0.5171875 0.0484375 0.04375
0 0.8265625 0.35625 0.04375 0.04375
0 0.8421875 0.4125 0.0453125 0.04375
0 0.8921875 0.20625 0.046875 0.0453125
0 0.740625 0.3234375 0.04375 0.04375
0 0.784375 0.440625 0.04375 0.0421875
0 0.853125 0.321875 0.04375 0.04375
0 0.8953125 0.2859375 0.0453125 0.0453125
0 0.8421875 0.2796875 0.04375 0.04375
0 0.7734375 0.353125 0.0453125 0.04375
0 0.8015625 0.3171875 0.04375 0.0421875