0 0.4359375 0.609375 0.0609375 0.0640625
0 0.4859375 0.5875 0.0546875 0.065625
0 0.4125 0.578125 0.065625 0.0578125
0 0.371875 0.3484375 0.05 0.0703125
0 0.471875 0.5015625 0.05625 0.0640625
0 0.3140625 0.5109375 0.0515625 0.06875
0 0.590625 0.5625 0.06875 0.053125
0 0.465625 0.6796875 0.0546875 0.065625
0 0.6328125 0.46875 0.0484375 0.0703125
0 0.4515625 0.721875 0.0546875 0.06875
0 0.54375 0.5140625 0.065625 0.0578125
0 0.5578125 0.671875 0.0515625 0.071875
0 0.3203125 0.7046875 0.046875 0.0734375
0 0.6328125 0.6703125 0.075 0.05
0 0.3765625 0.4703125 0.0734375 0.0453125
0 0.5078125 0.64375 0.0703125 0.0453125
0 0.628125 0.396875 0.0703125 0.0515625
0 0.2171875 0.425 0.0484375 0.06875
0 0.2859375 0.2703125 0.0609375 0.0625
0 0.303125 0.465625 0.0671875 0.053125
0 0.19375 0.728125 0.05 0.071875
0 0.2671875 0.515625 0.0453125 0.0671875
0 0.3921875 0.5234375 0.06875 0.0515625
0 0.2125 0.4921875 0.059375 0.0609375
0 0.3625 0.5484375 0.0625 0.0546875
0 0.3609375 0.65625 0.0734375 0.0296875
0 0.3015625 0.6171875 0.06875 0.0484375
0 0.2234375 0.546875 0.0734375 0.046875
0 0.1828125 0.546875 0.0375 0.0703125
0 0.20625 0.3671875 0.0609375 0.0625
0 0.33125 0.5765625 0.0640625 0.0578125
0 0.234375 0.296875 0.0703125 0.0484375