0 0.4950586978642698 0.12455552391758742 0.05924719636645772 0.07933655575957417
0 0.5200267469558841 0.10389233755306937 0.06080969636645772 0.0794641015172087
0 0.4085473708928683 0.17662794907221774 0.07971919303247788 0.06393469636645772
0 0.59921875 0.0375 0.0453125 0.075
0 0.5130119881618925 0.2658821545225313 0.0391897878817268 0.08080346091032524
0 0.5014684524061976 0.21715761209887657 0.06954696757828494 0.07241687606301603
0 0.4824950539234064 0.16438329846339456 0.06068215060882309 0.07790160151720879
0 0.5647973708928682 0.16387337330876423 0.0423147878817268 0.08105855242559432
0 0.5417427660416797 0.23715137664274408 0.03775483363936125 0.08223841515269079
0 0.4794983733087642 0.39123284088704924 0.0454397878817268 0.0813136439408634
0 0.5191347002801658 0.3429867884614549 0.04244233363936125 0.08262105242559432
0 0.4498100996810409 0.16549925937371981 0.060554604851188645 0.0763391015172088
0 0.5796875 0.02421875 0.05 0.0484375
0 0.5456644757440569 0.09403910543091679 0.05988492515463033 0.08714905575957417
0 0.5004156196849202 0.05893052391758737 0.07477660151720862 0.0604270590935541
0 0.45178692998642234 0.10325435088898889 0.05130715060882309 0.07713632697140156
0 0.4454410772612656 0.047897171192430664 0.08093100666795969 0.0407522878817268
0 0.45905806967522195 0.31840111876683636 0.062244650608823095 0.07802914727484325
0 0.45201110209693685 0.3857161645244709 0.05025483363936125 0.08325878121376692
0 0.3632026621085749 0.08565200483179196 0.03788237939699588 0.0838009151526907
0 0.4265625 0.0171875 0.075 0.034375
0 0.42541639331264347 0.2932096711924307 0.08022937606301603 0.07018469636645772
0 0.49662222936790085 0.42863724603780023 0.04400483363936125 0.08274859818322895
0 0.5421875 0.01328125 0.078125 0.0265625
0 0.3828125 0.03046875 0.053125 0.0609375
0 0.3891593842287878 0.10991868119437034 0.03281224212409217 0.07873077787978708
0 0.41702929271351874 0.11074785755694867 0.034374742124092174 0.0788583236374217
0 0.22439525362384397 0.09387857726126558 0.08989141848667064 0.05545251666989941
0 0.40701707967716166 0.2714302660416796 0.07710437606301604 0.06992960485118864
0 0.5728647045322296 0.0840583275511297 0.05624974212409235 0.08064396424430509
0 0.9524893342190894 0.3964941678584507 0.03596919303247788 0.060363415152690794
0 0.8885546378526318 0.4762133608909286 0.051211555759574166 0.05695137272903601
0 0.969835815133294 0.2600464848279126 0.04939396424430509 0.05369882697140156
0 0.9233117593737198 0.31661522028404504 0.0596937354561323 0.046779147274843426
0 0.8895425372535068 0.2929862727096394 0.06230855242559432 0.04078423879011232
0 0.9388097293679009 0.46900689664662343 0.04939396424430509 0.05369882697140156
0 0.9921875 0.4703125 0.015625 0.04375
0 0.6689752036141456 0.6349197126980014 0.05057382697140156 0.04913887272903601
0 0.7159777493717802 0.6295308399689653 0.04888378121376693 0.047448826971401556
0 0.7019794090644591 0.7439759772418689 0.05057382697140156 0.04913887272903601
0 0.6412970005797283 0.7458252617896158 0.05057382697140156 0.04913887272903601
0 0.3658499457382378 0.5836112727096394 0.04732128121376711 0.04732128121376711
0 0.6845365596732822 0.672451663606387 0.05044628121376711 0.04757637272903601
0 0.45546875 0.5375 0.0484375 0.015625
0 0.534375 0.53984375 0.046875 0.0203125
0 0.68515625 0.540625 0.0484375 0.021875
0 0.63671875 0.53984375 0.0484375 0.0203125
0 0.5762460854270375 0.7821770920949972 0.04888378121376711 0.047448826971401556
0 0.5104296378526317 0.7518516054309168 0.04901132697140156 0.04901132697140156
0 0.5941349581560735 0.7341541802762863 0.04901132697140156 0.04901132697140156
0 0.75 0.58828125 0.0375 0.0484375
0 0.28644948816189253 0.6056135605913662 0.04888378121376693 0.047448826971401556
0 0.6372789224003788 0.680965536335423 0.04888378121376711 0.047448826971401556
0 0.6694859023964993 0.7807743466369251 0.05057382697140156 0.04913887272903601
0 0.5970363017973745 0.6035419090644591 0.04719373545613248 0.04575878121376711
0 0.72578125 0.546875 0.0484375 0.034375
0 0.75234375 0.8109375 0.0328125 0.05
0 0.4801366178487525 0.8567622460378003 0.047448826971401556 0.04888378121376711