0 0.24004082881213068 0.16886152167446777 0.024665807326946166 0.02439250494291585
0 0.21321273518913736 0.08575986159835551 0.027954581637205676 0.027644838935304606
0 0.1437456829505736 0.19149520844232565 0.024665807326946166 0.02439250494291585
0 0.21240715174290922 0.16063252760596675 0.026228307326946164 0.024456171939110406
0 0.17992884441596288 0.18534336752985467 0.024665807326946166 0.02439250494291585
0 0.22499568295057362 0.18818452464021726 0.024665807326946166 0.02439250494291585
0 0.23658163613907696 0.1456150226630509 0.024665807326946343 0.02439250494291585
0 0.18789847467368775 0.15227619954507707 0.026228307326946164 0.024456171939110226
0 0.17267626639680173 0.11547653650321532 0.024665807326946343 0.02439250494291585
0 0.20336634441596288 0.18438836258693875 0.0247476944820761 0.02595500494291585
0 0.73828125 0.30390625 0.0609375 0.0109375
0 0.90625 0.28984375 0.059375 0.0390625
0 0.65234375 0.2875 0.0453125 0.04375
0 0.6953125 0.2859375 0.05 0.046875
0 0.98203125 0.25625 0.0359375 0.0625
0 0.6065687460432712 0.17298392486767877 0.05730788896415202 0.052228344866803764
0 0.840625 0.28203125 0.053125 0.0546875
0 0.975 0.2015625 0.05 0.046875
0 0.6028085809598372 0.2744827578714844 0.057389776119281775 0.053790844866803765
0 0.6134871313893786 0.2194769228905124 0.04686171189493056 0.06115767589344294
0 0.765625 0.29453125 0.0625 0.0296875
0 0.56875 0.2984375 0.034375 0.021875
0 0.7568144075086604 0.16218439323301714 0.04661605042954129 0.05647017589344294
0 0.609375 0.3015625 0.0625 0.015625
0 0.6375597964728124 0.1171504189361797 0.06462906603337357 0.04317167984777566
0 0.6868980551792397 0.09798924205415353 0.05426477611928178 0.05366351087441483
0 0.7564249038906158 0.25886839224443403 0.06775406603337349 0.043299013840164415
0 0.6897287268213942 0.2522310730807928 0.06306656603337366 0.04310801285158128
0 0.015625 0.7765625 0.03125 0.065625
0 0.02578125 0.69765625 0.0515625 0.0671875
0 0.5442590965636696 0.44304707406937605 0.11346271370395282 0.11220552273741298
0 0.54609375 0.3234375 0.1109375 0.028125
0 0.5403484452750456 0.6069185730807928 0.11510710085908257 0.11383168973360736
0 0.5345477453659025 0.777103739088404 0.11214587516934209 0.1168293557412186