0 0.484375 0.4890625 0.04375 0.053125
0 0.4859375 0.7765625 0.059375 0.0375
0 0.5890625 0.3828125 0.0453125 0.046875
0 0.575 0.85625 0.0546875 0.04375
0 0.6984375 0.4296875 0.0546875 0.04375
0 0.6453125 0.4015625 0.053125 0.034375
0 0.4875 0.378125 0.053125 0.0375
0 0.56875 0.3640625 0.0421875 0.053125
0 0.5296875 0.828125 0.040625 0.0625
0 0.6046875 0.440625 0.0546875 0.03125
0 0.5984375 0.4140625 0.0546875 0.0328125
0 0.678125 0.4625 0.0515625 0.046875
0 0.5265625 0.428125 0.0265625 0.059375
0 0.5625 0.7359375 0.028125 0.0640625
0 0.5484375 0.4765625 0.05 0.04375
0 0.553125 0.4234375 0.0265625 0.0578125
0 0.6546875 0.5796875 0.028125 0.0609375
0 0.6265625 0.56875 0.0296875 0.0640625
0 0.740625 0.4609375 0.034375 0.0578125
0 0.534375 0.7265625 0.0296875 0.0640625
0 0.60625 0.5390625 0.0421875 0.05625
0 0.5796875 0.809375 0.0359375 0.0625
0 0.6125 0.796875 0.028125 0.0625
0 0.6375 0.7375 0.034375 0.0640625