0 0.3800614565767024 0.37984675326227607 0.038229511862997965 0.05666817067154532
0 0.30018295558811925 0.37608650127309373 0.047540844866803766 0.05521475867281787
0 0.372307306386422 0.4580990225970941 0.04278967787060921 0.05359771467218159
0 0.13800129056909122 0.3857898599618199 0.052228344866803764 0.05526930267345413
0 0.22890625 0.503125 0.0453125 0.03125
0 0.3288571008354838 0.2741421932686393 0.06402800790866543 0.03822725334181776
0 0.3053744743711995 0.46513081993954825 0.045978344866803765 0.0551965773392725
0 0.1361151384016444 0.45459440396245626 0.04923067885919252 0.05835794000636341
0 0.3625 0.496875 0.040625 0.04375
0 0.33410696942828366 0.44134787460218483 0.03829317885919252 0.058230670671545325
0 0.146875 0.5015625 0.059375 0.034375
0 0.26121329748917343 0.4171842159452753 0.038229511862998146 0.05666817067154532
0 0.23343580737500513 0.46440466128263863 0.058032675893442943 0.044404528007635946
0 0.1881577994663398 0.4274137386219111 0.06565417490485981 0.039807934675363296
0 0.17619631034075472 0.47913987062382013 0.05372717787060939 0.053724984006999675
0 0.39375 0.50703125 0.03125 0.0234375
0 0.13632740813612684 0.15288645329409273 0.06479201186299814 0.05697725334181776
0 0.16015625 0.5421875 0.0734375 0.046875
0 0.19737629056909115 0.6589695372374589 0.07528384288963749 0.04616702267663584
0 0.15585995262236968 0.6375672519096405 0.07620967292769336 0.03056020401018138
0 0.1023237757403436 0.5897297359166401 0.06947951186299814 0.057031797342454026
0 0.13306443977078847 0.5768661092457312 0.0664818458553869 0.0601204346753633
0 0.05859375 0.5390625 0.0734375 0.040625
0 0.19546628068325944 0.612094537237459 0.07939833992388792 0.03215906667727229
0 0.10257312653864634 0.672578598583731 0.0652376808363588 0.06791475334181776
0 0.2116351087441492 0.5868945425684591 0.07939833992388792 0.03215906667727229
0 0.24010230144350606 0.7100593225652774 0.05748884783255317 0.06938634667409058
0 0.5663624180219586 0.6973080679503659 0.04715884288963732 0.045839758672817865
0 0.5988857579458464 0.728194441279457 0.04553267589344294 0.0442590773392725
0 0.6298757727745941 0.798179677275639 0.04553267589344294 0.044259077339272326
0 0.5907442885919248 0.8736705732813661 0.04709517589344294 0.044277258672817864
0 0.6321784190105417 0.7012319519414573 0.04553267589344294 0.0442590773392725
0 0.5797484387822053 0.7956364799490933 0.04715884288963732 0.045839758672817865
0 0.6623407628887623 0.7509046879376392 0.04553267589344294 0.044259077339272326
0 0.6143436146756482 0.8390046719446389 0.047158842889637495 0.045839758672817865
0 0.6986841225843137 0.8755410612667303 0.04559634288963732 0.04582157733927232
0 0.9057273014435061 0.930971806572277 0.045469008897248565 0.0426965773392725
0 0.7124680968811511 0.753447885264185 0.043906508897248564 0.042678396005727134
0 0.6671449625082014 0.9071728692711847 0.04553267589344294 0.044259077339272326
0 0.7335737757403435 0.8110422092616396 0.04384284190105418 0.04111589600572714
0 0.6905586047898165 0.7912206052673667 0.043970175893442945 0.04424089600572696