0 0.204839518777813 0.5200670718070837 0.04589430267345414 0.051054660144236055
0 0.2768054254455404 0.5295524810013894 0.04589430267345414 0.05105466014423641
0 0.13988503874917804 0.30767486815986145 0.045839758672817865 0.04636716014423605
0 0.3700259774029059 0.21774477165458386 0.044259077339272326 0.04476829255305557
0 0.31713733473899663 0.23682077355444492 0.04267839600572696 0.04316942496187508
0 0.3925736867440873 0.27606641793111164 0.03955339600572696 0.04309668977951393
0 0.4262407094207232 0.3502676373459034 0.04585794000636341 0.04792966014423605
0 0.06315890674726905 0.29183035619201414 0.04267839600572696 0.04316942496187508
0 0.1826157893857248 0.08685452830409757 0.044277258672817864 0.04633079255305557
0 0.3462259454169052 0.32028789019569504 0.042678396005727134 0.04316942496187508
0 0.30670781739336095 0.14597756800736156 0.042678396005727134 0.04316942496187508
0 0.15605438407063313 0.22057491166284757 0.04106135200509069 0.03844555737069442
0 0.3628316427434511 0.27068793369868105 0.03957157733927232 0.04465918977951393
0 0.19488052673454231 0.2011716014423614 0.045876121339908774 0.049492160144236054
0 0.7355589760502704 0.0580762180836115 0.06008407200827222 0.06231946846486114
0 0.7983691534054512 0.22043205413965322 0.055323846674090585 0.0559603656913195
0 0.8677555000795418 0.2767197281515978 0.058467028007635945 0.05759560087368065
0 0.634375 0.021875 0.03125 0.04375
0 0.7229146200668151 0.1796239097629865 0.05534202800763595 0.0575228656913195
0 0.8672453280553611 0.09863109574277829 0.058467028007635945 0.05759560087368065
0 0.8530566534054513 0.2217049198309727 0.05690452800763594 0.05755923328249999
0 0.48045658943345 0.9858024810013892 0.025290901336727244 0.025581881458888844
0 0.3908122867599957 0.9337295283040976 0.025290901336727244 0.025581881458888844
0 0.22148048408654147 0.8798018284565975 0.025290901336727067 0.025581881458888844
0 0.42687705609481374 0.9455034829012504 0.025290901336727244 0.025581881458888844
0 0.357890698758723 0.9235908088893059 0.025290901336727244 0.025581881458888844
0 0.16543047875554134 0.8956800951740973 0.025290901336727067 0.025581881458888844
0 0.1964077587523597 0.8729699469977085 0.025290901336727158 0.025581881458888844
0 0.284375 0.98828125 0.025 0.0234375
0 0.2749145667568141 0.9076008265567364 0.023728401336727066 0.02554551386770836
0 0.24700774275935938 0.9256962099154864 0.025290901336727158 0.025581881458888844
0 0.30147706675681407 0.9082190756068058 0.025272720003181703 0.024019381458888843
0 0.32351569875872305 0.9227907218833338 0.023710220003181702 0.023983013867708357
0 0.171875 0.99140625 0.025 0.0171875
0 0.26171875 0.99375 0.0265625 0.0125
0 0.4515625 0.9890625 0.025 0.021875
0 0.43343613876508635 0.9722114532659726 0.025290901336727067 0.025581881458888844
0 0.23022023209735915 0.9596711664125003 0.025290901336727158 0.025581881458888844
0 0.28468955609481383 0.9421940321038196 0.023728401336727066 0.02554551386770836
0 0.22344297342454125 0.914213196047778 0.025290901336727067 0.025581881458888844
0 0.2 0.98984375 0.025 0.0203125
0 0.19531797342454124 0.913558579406528 0.025290901336727067 0.025581881458888844
0 0.3410122814289956 0.9497532653863198 0.025290901336727244 0.025581881458888844
0 0.24301113343408626 0.9849621071419448 0.025290901336727067 0.025581881458888844
0 0.26464977609799545 0.9651587534184725 0.025290901336727067 0.025581881458888844
0 0.3958452320973592 0.9635261310776393 0.025290901336727244 0.025581881458888844
0 0.20345773742835926 0.9418654173624308 0.02530908267027252 0.027144381458888846
0 0.221875 0.9953125 0.025 0.009375
0 0.3097622814289956 0.9490259135627086 0.023728401336727066 0.02554551386770836
0 0.4117247707669954 0.9857648069894449 0.025290901336727244 0.025581881458888844
0 0.18970432009863183 0.9681006090418057 0.02685340133672707 0.025618249050069507
0 0.17059069342772296 0.936414197947639 0.02530908267027261 0.027144381458888846
0 0.3288759080999045 0.9807123246568754 0.025290901336727158 0.025581881458888844
0 0.36926455076381365 0.9613453820275698 0.025290901336727244 0.025581881458888844
0 0.38361795210054084 0.9866726903481948 0.025290901336727067 0.025581881458888844
0 0.3554929521005408 0.9860180737069448 0.025290901336727067 0.025581881458888844
0 0.16464977609799547 0.9628312275829168 0.025290901336727067 0.025581881458888844
0 0.33961231874599634 0.8294407653863198 0.025290901336727067 0.025581881458888844
0 0.8502770987428147 0.7154172458190282 0.03475680800445424 0.03361258700597229
0 0.6852520827498143 0.7631247811538892 0.03477498933799979 0.03517508700597212
0 0.6484429734245413 0.8216269589655558 0.03477498933799979 0.03517508700597212
0 0.7720248294079965 0.7026613662600004 0.033212489337999786 0.03513871941479181
0 0.7173191480744511 0.6998260005686809 0.03319430800445442 0.03357621941479181
0 0.7574179840865415 0.7897976903481949 0.03477498933799979 0.03517508700597212
0 0.8871952960693605 0.6662900680073616 0.03477498933799979 0.03517508700597229
0 0.8996782094207234 0.7993571411456255 0.03477498933799979 0.03517508700597212
0 0.6842702907383604 0.6787497811538892 0.033212489337999786 0.03513871941479181
0 0.7224986387650864 0.876461235751042 0.034793170671545325 0.036737587005972294
0 0.6446816267504507 0.7668667237831948 0.03477498933799979 0.03517508700597229
0 0.63515625 0.725 0.0328125 0.034375
0 0.9127236494270866 0.84652308187507 0.036355670671545326 0.03677395459715278
0 0.8801111440960865 0.8629468624602783 0.036355670671545326 0.03677395459715278
0 0.782289620066815 0.6451034393982643 0.03475680800445424 0.03361258700597229
0 0.7679554947485416 0.7556772634864587 0.03477498933799979 0.03517508700597229
0 0.6234375 0.64375 0.009375 0.034375
0 0.8165384454169052 0.769304658813056 0.033212489337999786 0.03513871941479181
0 0.7549838747612684 0.8490999551658337 0.03477498933799979 0.03517508700597212
0 0.7173747867599957 0.8388521329775003 0.033212489337999786 0.03513871941479181
0 0.8572543520846324 0.7780627161837504 0.033212489337999786 0.03513871941479181
0 0.8052020507638137 0.8690137180836114 0.034793170671545325 0.036737587005972294
0 0.8702088854232686 0.8174161569131948 0.034793170671545325 0.036737587005972114
0 0.8328725174251776 0.8306058347248616 0.033212489337999786 0.03513871941479181
0 0.6496952960693605 0.660762194147917 0.03319430800445433 0.03357621941479181
0 0.7434452960693605 0.6629442496187503 0.03319430800445424 0.03357621941479163
0 0.6796875 0.6234375 0.034375 0.009375
0 0.6932271200668151 0.6430304867009726 0.03477498933799979 0.03517508700597212
0 0.7421875 0.63125 0.034375 0.025