0 0.5875 0.39375 0.06875 0.03125
0 0.5087599965414389 0.29161599391176835 0.05939484736759475 0.05003169303247788
0 0.265625 0.3859375 0.04375 0.046875
0 0.35285224772256535 0.22442797815995288 0.05341766587924912 0.05733401000193972
0 0.4201687224948218 0.2675085563393024 0.060739092558271326 0.043909238790112326
0 0.3995635566155727 0.21591410543091688 0.0426438569862416 0.06112868969849785
0 0.5044693114248961 0.2136185396694029 0.0410813569862416 0.0610011439408634
0 0.3313641720393349 0.37190875603973994 0.05928571996293304 0.046906693032477874
0 0.5543105987183573 0.3396072126980014 0.06430060217691817 0.056664330305381407
0 0.4347619905509892 0.37130323603586063 0.04124504809323426 0.0656886439408634
0 0.3251488883740709 0.3285413933126435 0.05643353847458741 0.05446410151720862
0 0.35443459509016007 0.2697404781599529 0.0457688569862416 0.06138378121376711
0 0.4851786528020412 0.334281726033921 0.06235615626060227 0.045599284547746775
0 0.4640625 0.3984375 0.04375 0.021875
0 0.47274808547151326 0.24754700057972814 0.05794147477225664 0.053029147274843244
0 0.31397328619715276 0.27774416785845074 0.04269842068857237 0.06269118969849785
0 0.3798909520764018 0.3256397917954349 0.04426092068857255 0.0628187354561323
0 0.2735863883740709 0.3327504033145832 0.0457688569862416 0.06138378121376711
0 0.38984375 0.3859375 0.0390625 0.046875
0 0.9278720950901601 0.27213215452253126 0.03077877404661713 0.03367336939505616
0 0.8657540410064761 0.28817148482791255 0.03234127404661713 0.03380091515269079
0 0.9825595950901601 0.26766805300532254 0.029161710344286364 0.03198332363742153
0 0.8205308210435429 0.24955526604167969 0.029107146641955416 0.030420823637421535
0 0.948983203257528 0.2484715139156477 0.03066964664195524 0.030548369395056164
0 0.9379167284852716 0.20079928846145495 0.029107146641955416 0.030420823637421712
0 0.996875 0.25390625 0.00625 0.0296875
0 0.653125 0.4234375 0.053125 0.028125
0 0.53359375 0.42265625 0.0484375 0.0265625
0 0.48046875 0.42578125 0.0609375 0.0328125
0 0.6172421299365505 0.43967085663886485 0.06440972958158006 0.05978933030538158
0 0.6550347958157996 0.4898623042132705 0.06586310217691818 0.056791876063016035
0 0.7 0.54453125 0.059375 0.0640625
0 0.43664689436452075 0.4732161645244709 0.04760417549789579 0.06932382697140156
0 0.3901736876484316 0.5334200830111415 0.052237111795565026 0.06814396424430527
0 0.5568502669598591 0.4602701411866116 0.06871528366526398 0.04923446757828494
0 0.570372108337004 0.5782548666408045 0.046150802902557686 0.07232128121376694
0 0.4817957032575281 0.46482983755306934 0.050674611795565025 0.06801641848667046
0 0.5090328150530932 0.5268516054309168 0.050729175497895976 0.06957891848667064
0 0.3816369905509892 0.6030629033145832 0.046150802902557686 0.0723212812137671
0 0.715625 0.615625 0.028125 0.053125
0 0.6036955290255765 0.6350789514881138 0.04938493030721922 0.07570137272903601
0 0.44798618764843157 0.5287008899786636 0.0613938569862416 0.06265923879011233
0 0.6269842068857253 0.5391606736083266 0.07189484736759474 0.05105205909355419
0 0.521136000169636 0.6042113308851096 0.046205366604888456 0.07388378121376711
0 0.4559822261230189 0.5781907069481255 0.0672619110699257 0.052231921820650486
0 0.7109375 0.65859375 0.0375 0.0546875
0 0.5584574400955022 0.6857803242171497 0.07194941106992551 0.05261455909355419
0 0.756919699629331 0.6671254033145833 0.032286710344286186 0.0322384151526907
0 0.894226270588056 0.8298490596732823 0.03546627404661713 0.034056006667959694
0 0.7728919292109111 0.7206649914958725 0.03390377404661713 0.03392846091032524
0 0.8921875 0.990625 0.0375 0.01875
0 0.8057788402808367 0.7649890763431817 0.035520837748947896 0.035618506667959696
0 0.8183482729503087 0.6762136187668364 0.03384921034428636 0.032365960910325245
0 0.98125 0.9546875 0.0375 0.0375
0 0.7683829892850448 0.6364175372535069 0.032232146641955416 0.030675915152690702
0 0.7575347693221117 0.5949953117993141 0.03390377404661713 0.03392846091032524