0 0.13515625 0.01953125 0.1140625 0.0390625
0 0.14059309688115107 0.14019496260359965 0.10857118676785796 0.101409852532014
0 0.02578125 0.13125 0.0515625 0.103125
0 0.14845862950439592 0.29497346786527157 0.10700868676785795 0.10131884727034209
0 0.02734375 0.284375 0.0546875 0.1
0 0.7993791423559772 0.3446402679217413 0.0732411818249421 0.07597023677523325
0 0.696161300454923 0.2980999259130711 0.08373301285158127 0.06566977360693613
0 0.6452116126984818 0.19536976806291567 0.053247016805913996 0.08259966837349922
0 0.8426357579458464 0.10554694681858416 0.06561968281352507 0.08020271046687402
0 0.9494242688202614 0.16320679935059806 0.051620849809719614 0.08094616311182748
0 0.8387175790866539 0.04764344155691234 0.08622134288963731 0.05022678413027979
0 0.8251192885919248 0.24949436789350637 0.05474584980971962 0.08112817363517096
0 0.7969014466908707 0.20732227844508505 0.05780718281352524 0.07974768415851478
0 0.8140942638773454 0.13194284684681906 0.05461851581733086 0.07800317363517095
0 0.7704424229648745 0.09354820478167909 0.07161501482874755 0.07431673151356133
0 0.734375 0.03203125 0.078125 0.0640625
0 0.769256607755566 0.1792126889966635 0.05305601581733086 0.07791216837349921
0 0.7100726087441492 0.18044198905313333 0.08197951186299797 0.06089126834526439
0 0.0498301285158127 0.9019529680064459 0.06354784684397004 0.0676117052052021
0 0.09893879056909123 0.8829901363799451 0.05736151384016441 0.06881018415851478
0 0.02890625 0.86875 0.0578125 0.0625
0 0.08137460577839964 0.7962335890248984 0.058860346843970034 0.06733868942018653
0 0.20260761862998092 0.8640874889119591 0.0709146778706092 0.05712923151356133
0 0.08203125 0.96953125 0.0578125 0.0609375
0 0.24097509885831753 0.7727946309770989 0.05130251482874755 0.0731336631118273
0 0.06953125 0.9890625 0.0578125 0.021875
0 0.15375894174795485 0.8129198310618035 0.06798067885919253 0.061634720990217676
0 0.1734375 0.96640625 0.053125 0.0671875
0 0.2484375 0.9734375 0.078125 0.053125
0 0.0109375 0.75859375 0.021875 0.0484375
0 0.12310580243208928 0.940514210043351 0.07215884288963732 0.049407736775233246
0 0.2333589170333754 0.7006466151920833 0.07241351087441501 0.055657736775233245
0 0.01875 0.8125 0.0375 0.05625
0 0.5651474279077904 0.48737379949177234 0.04059050790866543 0.03977513154179633
0 0.5192327500371811 0.4317006521649606 0.03740184091247105 0.03803062101845249
0 0.42962642197629125 0.45142234698799333 0.03902800790866543 0.03968412628012441
0 0.43054693482787254 0.5122688417263215 0.03902800790866543 0.03968412628012441
0 0.48745746250820143 0.6465220153614926 0.037338173916276675 0.036468121018452496
0 0.6383541176413978 0.6007530310053337 0.03414950692008212 0.03472361049510884
0 0.6145770139145265 0.8970974099868811 0.03421317391627667 0.03628611049510866
0 0.6140252796946764 0.577512952080256 0.03421317391627667 0.03628611049510884
0 0.6446386097327323 0.5637080573136929 0.035775673916276673 0.03637711575678075
0 0.6323641028126501 0.5302585204819901 0.037338173916276675 0.036468121018452496
0 0.5908769397707884 0.5449888784168501 0.035775673916276673 0.03637711575678075
0 0.5994083172608369 0.7543638784168502 0.03421317391627667 0.03628611049510884