0 0.39186969791147436 0.34279358048489794 0.03686138257342364 0.03541728174358649
0 0.22233752529609463 0.4069063925221784 0.036979781743586494 0.036979781743586494
0 0.18033835682989968 0.469122972606091 0.036979781743586494 0.036979781743586494
0 0.13483568006533503 0.5160697502004926 0.03709818091374952 0.038542281743586496
0 0.3145734921026156 0.3377760389930491 0.03541728174358649 0.03686138257342346
0 0.12233752529609462 0.41448393941261197 0.036979781743586494 0.03697978174358667
0 0.26000439127277863 0.3403575099487549 0.035298882573423465 0.03529888257342364
0 0.0109375 0.39140625 0.021875 0.0390625
0 0.2923181385734862 0.4264600306946793 0.036979781743586494 0.03697978174358667
0 0.4265625 0.2890625 0.025 0.0375
0 0.08125 0.55234375 0.0375 0.0328125
0 0.05605059708163742 0.36668690206994803 0.03854228174358654 0.03709818091374952
0 0.4265625 0.42109375 0.025 0.0359375
0 0.0962952435525081 0.4506349269650573 0.038542281743586496 0.03709818091374952
0 0.22873108048489793 0.32253139252217844 0.03541728174358649 0.03686138257342346
0 0.12681338297440883 0.334914838582775 0.03686138257342346 0.03541728174358649
0 0.24975028504435687 0.5166832116084289 0.03709818091374952 0.038542281743586496
0 0.2733350306946793 0.22593981243826589 0.035298882573423465 0.035298882573423465
0 0.14139610123082233 0.36798744771098174 0.036979781743586494 0.036979781743586494
0 0.36696663152451625 0.2203983622284844 0.03686138257342364 0.03541728174358649
0 0.18135732778560554 0.41467227094641707 0.036979781743586494 0.036979781743586494
0 0.17506070620984415 0.3747576659673951 0.036979781743586494 0.03697978174358667
0 0.43125 0.4671875 0.015625 0.0375
0 0.4088651759161501 0.48753739542196345 0.03866068091374952 0.03866068091374952
0 0.32989176139864745 0.279134744801908 0.03686138257342346 0.03541728174358667
0 0.3058604203170727 0.3912562365035382 0.036979781743586494 0.036979781743586494
0 0.09437939127277858 0.3529078219860355 0.036979781743586536 0.036979781743586494
0 0.1593424630583214 0.29516525434967755 0.036979781743586494 0.03697978174358667
0 0.3533507269557686 0.4000858622284844 0.03541728174358649 0.03686138257342346
0 0.28469397010729136 0.48607182903500534 0.036979781743586494 0.036979781743586494
0 0.24790436512826944 0.47953840911891793 0.03541728174358649 0.03686138257342364
0 0.3933837311049534 0.4048199838042458 0.03541728174358649 0.03686138257342346
0 0.3332731800653351 0.5010330555897886 0.0370981809137497 0.03854228174358667
0 0.4029237518508778 0.44293529044294166 0.03709818091374952 0.03854228174358667
0 0.3643581593194106 0.4598393705268542 0.03541728174358649 0.03686138257342346
0 0.19565847135669118 0.307948674265765 0.035298882573423465 0.03529888257342364
0 0.19210834148256 0.2522906701165801 0.036979781743586494 0.036979781743586494
0 0.2894084713566912 0.30084472405598356 0.035298882573423465 0.035298882573423465
0 0.23069724480190795 0.2555806908625045 0.035298882573423465 0.035298882573423465
0 0.24082926139864744 0.28588349750120035 0.036979781743586494 0.03697978174358667
0 0.2921316522704407 0.26490722405598355 0.035298882573423465 0.035298882573423465
0 0.26400849750120026 0.8889367199067987 0.06773287427505377 0.053291865976683984
0 0.13359375 0.98203125 0.0578125 0.0359375
0 0.2015625 0.9796875 0.059375 0.040625
0 0.85390625 0.9703125 0.0609375 0.059375
0 0.8591541315245163 0.8990920472914189 0.05894987012586874 0.06039397095570589
0 0.9734375 0.86796875 0.053125 0.0609375
0 0.9085388248858205 0.8829216730163651 0.05894987012586892 0.06039397095570589
0 0.7701615638881584 0.9664231024802221 0.06051237012586892 0.06051237012586892
0 0.6851712572494626 0.9604350568391885 0.05871307178554286 0.05726897095570589