0 0.5439226619416744 0.3518086086045688 0.062378886489479514 0.04860263605166182
0 0.5070630120339594 0.31857021127013585 0.06354086829088246 0.04239810015828453
0 0.55390625 0.37109375 0.0515625 0.0359375
0 0.57265625 0.27890625 0.0140625 0.0546875
0 0.44790685996677604 0.24387173964166572 0.054966904688076926 0.05462531551854841
0 0.461010032392025 0.35578070625557084 0.0634407387412331 0.04083560015828454
0 0.4796875 0.37890625 0.05625 0.0203125
0 0.4770541394241404 0.2757749575092121 0.039942681985972686 0.0635456744523216
0 0.5404553053709842 0.25989389324430484 0.03369268198597286 0.06336381802583091
0 0.5101670280730882 0.27013271127013583 0.035155052436323685 0.06184678213245363
0 0.4302396961794005 0.3005309166012699 0.053804922886674156 0.06082985141192587
0 0.38246353023255664 0.31595733979995033 0.05536742288667416 0.06087531551854859
0 0.6686198781653733 0.12196799590987188 0.08247014342931003 0.09441524122451135
0 0.11433289636397062 0.844702116917839 0.03315246144333717 0.030596782132453627
0 0.44428121221852945 0.8553762263138307 0.033152461443336986 0.030596782132453627
0 0.12338891888150458 0.9224179399582348 0.03325259099298643 0.03215928213245363
0 0.20299727329272627 0.9700083423072329 0.03169009099298634 0.03211381802583091
0 0.4421365237541517 0.7914955827403214 0.033152461443336986 0.030596782132453627
0 0.05742395743816746 0.9539694683297647 0.03325259099298643 0.03215928213245363
0 0.45742156231081454 0.8206829775674718 0.03481509099298634 0.03220474623907634
0 0.3536562122185295 0.8580131444979461 0.03169009099298634 0.03211381802583091
0 0.5288774552786991 0.8981427363429605 0.03481509099298634 0.03220474623907634
0 0.28196288248431 0.9302806010827215 0.033252590992986344 0.03215928213245363
0 0.41449118754152714 0.7361548648727749 0.03158996144333699 0.030551318025830908
0 0.23651068014027157 0.9581160960681565 0.03169009099298634 0.03211381802583091
0 0.18825245527869913 0.9080539115867049 0.033252590992986344 0.03215928213245363
0 0.2864267442967874 0.7632749575092121 0.03158996144333699 0.030551318025830908
0 0.37388956662975126 0.9073311828986059 0.033252590992986344 0.03215928213245363
0 0.287567742137319 0.7211329216158349 0.03158996144333699 0.030551318025830908
0 0.39814669186046386 0.8208481136191338 0.033152461443336986 0.030596782132453627
0 0.21026476249538462 0.7592526987337236 0.03158996144333699 0.030551318025830908
0 0.13384196483942312 0.7349634040648576 0.031589961443337075 0.030551318025830998
0 0.3935383374492421 0.7710754341522471 0.03158996144333699 0.030551318025830908
0 0.32785278069398194 0.7495928907370224 0.031589961443337165 0.030551318025830908
0 0.18264280537098418 0.8739062321198183 0.03169009099298634 0.03211381802583091
0 0.1631103578073077 0.8136506937191585 0.03158996144333699 0.030551318025830908
0 0.30371676897378974 0.8828600318032492 0.03169009099298634 0.03211381802583091
0 0.4382734392395703 0.9491262263138307 0.03481509099298634 0.03220474623907634
0 0.2496510302325566 0.9234228473217977 0.03169009099298634 0.03211381802583091
0 0.22651152375415168 0.7977696294542513 0.03158996144333699 0.030551318025830908
0 0.18961230105204763 0.7894857680131956 0.03158996144333699 0.030551318025830908
0 0.34808613510520364 0.7989109291376822 0.03158996144333699 0.030551318025830908
0 0.34676586212624444 0.8925245368178143 0.03158996144333699 0.030551318025830908
0 0.14969060302694573 0.9013780142522719 0.031589961443337165 0.030551318025830908
0 0.17517026681432135 0.8444915167595545 0.03158996144333699 0.030551318025830908
0 0.19644209438907242 0.7315823397999502 0.031589961443337165 0.030551318025830908
0 0.32340750771502264 0.8432974266303997 0.03158996144333699 0.030551318025830908
0 0.23652926897378973 0.8848149883880245 0.03169009099298634 0.03211381802583091
0 0.26583483960871046 0.8169000626820615 0.031589961443337165 0.030551318025830908
0 0.21513393276116516 0.8292924140939875 0.03158996144333699 0.030551318025830908
0 0.242257637264672 0.8440990601747792 0.031589961443337165 0.030551318025830908
0 0.27130478717238693 0.8775647780423256 0.03158996144333699 0.030551318025830908
0 0.31916009870800915 0.8122292830568905 0.03169009099298634 0.03211381802583091
0 0.29275828501291856 0.8348317087628534 0.03158996144333699 0.030551318025830908
0 0.3258501897009955 0.7808428907370224 0.031589961443337165 0.030551318025830908
0 0.7379892442967874 0.714866201241006 0.10142040252860855 0.0980858105039836
0 0.59921875 0.7921875 0.0390625 0.0875
0 0.6613080259136199 0.7919575501456493 0.10454540252860856 0.09817673871722903
0 0.7734075077150226 0.7949341344688163 0.11488212523071262 0.0891199874635877
0 0.7926791394241404 0.8349226369760988 0.11458173658176456 0.0844324874635877
0 0.609375 0.9515625 0.059375 0.096875
0 0.6892117828534502 0.7459176244396863 0.10318316162790726 0.10125627461060631
0 0.79140625 0.96796875 0.0796875 0.0640625
0 0.6441624938353621 0.8891507988920081 0.10873225478036197 0.09050063103709682
0 0.94758788248431 0.8756432622072079 0.07127182757475108 0.11436402837152997
0 0.60546875 0.86171875 0.0515625 0.0609375
0 0.8902760302325566 0.8695129341522471 0.07585919802510173 0.11293792069139794
0 0.96328125 0.73984375 0.0734375 0.1171875
0 0.7821235687892195 0.9022919934025895 0.10570738433001133 0.09197220282385174
0 0.92734375 0.97578125 0.1109375 0.0484375
0 0.867832640346991 0.4896268573509276 0.12133238433001133 0.09242684389007838