0 0.0859375 0.171875 0.05 0.05
0 0.2171875 0.4515625 0.046875 0.0453125
0 0.43125 0.196875 0.0453125 0.046875
0 0.84375 0.4046875 0.0484375 0.046875
0 0.7875 0.240625 0.0484375 0.046875
0 0.190625 0.3515625 0.0453125 0.046875
0 0.125 0.2578125 0.05 0.0484375
0 0.9390625 0.225 0.05 0.05
0 0.3328125 0.203125 0.0453125 0.046875
0 0.728125 0.50625 0.046875 0.0453125
0 0.9765625 0.2484375 0.0453125 0.0484375
0 0.4265625 0.25 0.0453125 0.046875
0 0.9046875 0.1984375 0.05 0.0484375
0 0.93125 0.384375 0.05 0.046875
0 0.240625 0.5015625 0.0484375 0.0453125
0 0.9140625 0.2984375 0.05 0.0484375
0 0.371875 0.50625 0.0453125 0.0453125
0 0.290625 0.184375 0.0453125 0.046875
0 0.2015625 0.2328125 0.046875 0.0484375
0 0.675 0.253125 0.046875 0.046875
0 0.3984375 0.165625 0.0453125 0.0484375
0 0.73125 0.240625 0.046875 0.046875
0 0.375 0.39375 0.04375 0.0453125
0 0.1796875 0.2796875 0.0484375 0.046875
0 0.25 0.2359375 0.046875 0.0484375
0 0.3671875 0.5515625 0.046875 0.046875
0 0.8953125 0.4140625 0.05 0.046875
0 0.94375 0.334375 0.0515625 0.0484375
0 0.540625 0.4 0.0453125 0.04375
0 0.6203125 0.3328125 0.0453125 0.046875
0 0.2375 0.3625 0.0453125 0.046875
0 0.8828125 0.36875 0.0484375 0.0484375
0 0.4109375 0.428125 0.0453125 0.04375
0 0.3328125 0.38125 0.04375 0.0453125
0 0.321875 0.496875 0.0453125 0.0453125
0 0.284375 0.3796875 0.0453125 0.0453125
0 0.41875 0.578125 0.046875 0.046875
0 0.8515625 0.325 0.046875 0.0453125
0 0.40625 0.475 0.0453125 0.04375
0 0.796875 0.38125 0.0484375 0.0453125
0 0.8078125 0.3109375 0.046875 0.0453125
0 0.346875 0.4578125 0.0453125 0.0453125
0 0.31875 0.2484375 0.0453125 0.046875