0 0.98671875 0.4015625 0.0265625 0.025
0 0.99453125 0.37890625 0.0109375 0.0265625
0 0.99609375 0.35546875 0.0078125 0.0265625
0 0.28198329425987556 0.8685367705204781 0.05556768198597286 0.0640003155185485
0 0.1993500693983031 0.9225997963847256 0.05390505243632351 0.062392351411925874
0 0.370242362735328 0.9755476369760988 0.0717538864894797 0.04887542069139794
0 0.3015625 0.98828125 0.059375 0.0234375
0 0.41953125 0.95859375 0.0390625 0.0703125
0 0.40141321714654976 0.9245474266303997 0.06348031153562203 0.06579013605166181
0 0.4025961829088235 0.8697235343105316 0.060355311535622215 0.06569920783841657
0 0.36934598704319 0.7172804959098719 0.06141716378737563 0.05793217194503919
0 0.428125 0.8859375 0.021875 0.05
0 0.4234375 0.75234375 0.03125 0.0484375
0 0.3832663895717986 0.8123656753767584 0.06328005243632351 0.06266513605166182
0 0.26627914867109725 0.8189004833734597 0.07175388648947952 0.04887542069139794
0 0.23314527606127822 0.8636961578257812 0.05566781153562204 0.06556281551854841
0 0.184375 0.96796875 0.046875 0.0640625
0 0.4109375 0.70625 0.05625 0.053125
0 0.22734375 0.975 0.0515625 0.05
0 0.36341256939830313 0.9178260651893441 0.0374184592838688 0.07282974623907634
0 0.3267136057954977 0.9314172037482884 0.045130829734219446 0.07149456677218957
0 0.357143980564785 0.8444340292959668 0.052542811535622215 0.06547188730530315
0 0.32667642812846154 0.7842694191085523 0.05869268198597286 0.06409124373179384
0 0.425 0.803125 0.028125 0.06875
0 0.23987493984865385 0.9198552296125359 0.03888082973421945 0.07131271034569905
0 0.2945018830933936 0.9417469499873647 0.0387807001845701 0.06975021034569906
0 0.3227084238095248 0.8689172037482884 0.05546755243632369 0.06243781551854841
0 0.3297222825396832 0.7340875626820615 0.05859255243632351 0.06252874373179385
0 0.26713834669619907 0.9300198397999504 0.04044332973421945 0.07135817445232177
0 0.3883753917312669 0.7699508548436451 0.06882914558877821 0.051909492478152595
0 0.8894324537283144 0.6615473214575502 0.04821625693983034 0.04663095909205772
0 0.8821787631044682 0.7682064984171543 0.046653756939830336 0.046585494985435
0 0.8976244879660407 0.7160984291376822 0.04821625693983016 0.04663095909205772
0 0.8370083605758596 0.6740306010827213 0.04645349784053181 0.04346049498543501
0 0.815625 0.6 0.046875 0.021875
0 0.7382914558877828 0.623678911586705 0.044991127390180984 0.04497753087881229
0 0.6935143861757126 0.9020599758516121 0.046653756939830336 0.046585494985435
0 0.7982672331856786 0.6313262755350431 0.04645349784053181 0.04346049498543501
0 0.6813567427464027 0.8100543322781029 0.045091256939830335 0.04654003087881229
0 0.7195576495939479 0.8199006937191585 0.044991127390180984 0.04497753087881229
0 0.6335014312107805 0.747264827263538 0.044991127390180984 0.04497753087881229
0 0.5959618584163914 0.7233105017158596 0.046553627390180985 0.04502299498543501
0 0.6129862769841289 0.8668331811827462 0.045091256939830335 0.04654003087881246
0 0.6657155490402376 0.6148327604913483 0.046553627390180985 0.04502299498543501
0 0.5822764975267647 0.9006004274218226 0.04675388648947969 0.048147994985435004
0 0.7545568059800678 0.6576447346271008 0.044991127390180984 0.04497753087881229
0 0.48189935841639137 0.7266293814993153 0.046653756939830336 0.046585494985435
0 0.522766585437432 0.6315154583006348 0.04489099784053163 0.04341503087881229
0 0.4868686582318212 0.6576065968595792 0.04322836829088237 0.04180706677218975
0 0.5195366656330769 0.8742485275801071 0.04675388648947969 0.048147994985435004
0 0.7398725447213008 0.6972073397999503 0.04479086829088228 0.041852530878812286
0 0.8375299922849774 0.6333146728694761 0.04322836829088246 0.04180706677218957
0 0.6609627020302714 0.8826567579840658 0.04665375693983016 0.046585494985435
0 0.4987654858065723 0.7699702045397112 0.0483163864894796 0.048193459092057724
0 0.6953424922849774 0.63745190657214 0.04489099784053163 0.04341503087881247
0 0.45625 0.70625 0.034375 0.046875
0 0.7006283744555203 0.7687928347853854 0.045091256939830335 0.04654003087881229
0 0.7402916517534163 0.7770312321198183 0.044991127390180984 0.04497753087881229
0 0.5482834268918438 0.8342767454476535 0.04675388648947969 0.048147994985435004
0 0.46528925662606324 0.9071352354185237 0.04997901603912895 0.04980142319868044
0 0.5453796699520135 0.7889642454476535 0.046653756939830336 0.046585494985435
0 0.5552181400332239 0.6493561761681812 0.046453497840531634 0.04346049498543501
0 0.6522094632890384 0.8437761144105564 0.045091256939830335 0.04654003087881229
0 0.623944760945 0.8179865042231421 0.046653756939830336 0.046585494985435
0 0.7081986474344796 0.8624973706787626 0.046653756939830336 0.046585494985435
0 0.507420990125509 0.6851860275801072 0.04489099784053163 0.04341503087881229
0 0.5956824537283144 0.6700945735026143 0.046553627390180985 0.04502299498543501
0 0.545521767423405 0.6934698890211628 0.046553627390180985 0.04502299498543501
0 0.6283342674234049 0.6910602913701606 0.044991127390180984 0.04497753087881229
0 0.4666329086932466 0.8303908789920328 0.0483163864894796 0.048193459092057724
0 0.64765625 0.5953125 0.0453125 0.0125