0 0.1390625 0.5140625 0.05625 0.03125
0 0.08468727678865653 0.3829612559056318 0.05448867694751698 0.07998016587924912
0 0.2078125 0.5046875 0.075 0.05
0 0.24272587338008983 0.4539582582678845 0.07606366801906325 0.06355655771188111
0 0.10994064691904022 0.4570336729660072 0.06062958279171564 0.07394842068857255
0 0.13632368912567686 0.28746521743104436 0.05610572402541756 0.08315972958157988
0 0.040625 0.3015625 0.08125 0.059375
0 0.24540658847705377 0.38984119456555366 0.0653716298696164 0.07723711179556503
0 0.01953125 0.35390625 0.0390625 0.0703125
0 0.18144527435302446 0.2968203700634495 0.057640950486467446 0.08165179328391084
0 0.24140625 0.5171875 0.0546875 0.025
0 0.034375 0.5109375 0.06875 0.0375
0 0.16676339123699738 0.42225687968209635 0.06841480925276536 0.07265873920022692
0 0.0265625 0.43125 0.053125 0.06875
0 0.30149294724335174 0.8867459324998361 0.08647506249917622 0.12325893992586608
0 0.0203125 0.8578125 0.040625 0.11875
0 0.08501455925606063 0.8537052871238251 0.09431483603812651 0.12509425843752053
0 0.21953125 0.94765625 0.1109375 0.1046875
0 0.10546875 0.9640625 0.1265625 0.071875
0 0.7884553847441756 0.5923064517371298 0.03979888555165907 0.043551592558271325