0 0.23325432542963193 0.33405429451244917 0.02212953866963625 0.023149073663405774
0 0.2915395401018135 0.3780464891943076 0.020567038669636252 0.023058068401734032
0 0.3432656721037225 0.39511216282947864 0.020567038669636162 0.023058068401734032
0 0.4189554680935411 0.3245714206513992 0.020548857336090798 0.021495568401734035
0 0.421875 0.28984375 0.015625 0.0203125
0 0.31857475477399505 0.42021857864272916 0.020567038669636162 0.023058068401734032
0 0.26277819342772296 0.32172089448421437 0.020548857336090798 0.021495568401734035
0 0.41019863343408625 0.37715038908136816 0.020548857336090798 0.021495568401734035
0 0.3662668200986318 0.35897724175455636 0.020548857336090798 0.021495568401734035
0 0.38614296809354115 0.3226603101562905 0.020548857336090798 0.021495568401734035
0 0.3232611600890868 0.28620759968941645 0.020548857336090798 0.021495568401734035
0 0.3884498080839961 0.25252982067963414 0.020548857336090798 0.021495568401734035
0 0.28759747477717673 0.44183597340929204 0.022147720003181704 0.024711573663405772
0 0.4074918041056315 0.4129058785580245 0.020567038669636162 0.023058068401734032
0 0.3063463800922685 0.30864404181102606 0.020548857336090798 0.021495568401734035
0 0.3873974801081769 0.43047281015629046 0.020567038669636162 0.023058068401734032
0 0.38556226010499517 0.4069443048946185 0.020567038669636252 0.023058068401734032
0 0.30534750143217726 0.35699053654935425 0.020567038669636162 0.023058068401734032
0 0.33634296276254105 0.33693564178279123 0.020548857336090798 0.021495568401734035
0 0.34132136409926817 0.36220865756780685 0.022129538669636163 0.023149073663405774
0 0.4162122760979955 0.3572019101280556 0.020548857336090798 0.021495568401734035
0 0.31595773742835925 0.3295025733810572 0.020548857336090798 0.021495568401734035
0 0.36566683609163214 0.30741474175455635 0.020548857336090798 0.021495568401734035
0 0.2861429680935411 0.31683597340929204 0.020548857336090798 0.021495568401734035
0 0.3417202587523597 0.26229966282947864 0.020548857336090798 0.021495568401734035
0 0.40305774809035955 0.30022386803468076 0.02054885733609062 0.021495568401734035
0 0.3452452480903595 0.2968566733528223 0.020548857336090798 0.021495568401734035
0 0.3716622974219959 0.28590376280124374 0.018986357336090796 0.021404563140062293
0 0.365212302752996 0.26835224175455635 0.020548857336090798 0.021495568401734035
0 0.4012407094207232 0.2782578627730089 0.020530676002545434 0.019933068401734033
0 0.6294758921069041 0.49024119425833523 0.049073846674090406 0.05750866311182747
0 0.5559656667727223 0.47971394695975855 0.04749316534054522 0.05585515785015538
0 0.5242033053787252 0.0312918575113371 0.05061816534054522 0.056037168373499216
0 0.6529646520528157 0.0934417889684287 0.04903748400699968 0.054383663111827296
0 0.48312596140990555 0.2584312101845253 0.049019302673454224 0.052821163111827295
0 0.7803645880808145 0.30697220990217666 0.04903748400699968 0.054383663111827296
0 0.6650112133990879 0.18939132580013157 0.045876121339908774 0.05107665258848364
0 0.49927712539781527 0.17036976806291565 0.044277258672817864 0.0478606473268119
0 0.538085086728179 0.15076989960471182 0.04901930267345413 0.052821163111827475
0 0.6972430054105418 0.2755864310335686 0.045876121339908774 0.05107665258848364
0 0.7210066747294517 0.1707925152203182 0.04743862133990877 0.051167657850155555
0 0.7451168840706331 0.229970094145396 0.04273294000636341 0.049332142065139806
0 0.7122680214035423 0.22493398365028713 0.03964430267345413 0.052275131541796326
0 0.41015625 0.86015625 0.0390625 0.0484375
0 0.41953125 0.8140625 0.0203125 0.05
0 0.3783817280394527 0.6964295520520212 0.044277258672817864 0.04786064732681172
0 0.9407544587046346 0.7438659941736308 0.044786336012090366 0.09161064732681172
0 0.9399566693984515 0.9436839836502872 0.07896134134309048 0.07642526308359229
0 0.8295987827020893 0.7186546205949295 0.07739884134309047 0.07633425782192056
0 0.8696248933799978 0.8037422521367258 0.08651930267345413 0.055005289391951706
0 0.791427168045816 0.7929419890531333 0.07276588534372692 0.08074874203690507
0 0.6869022053628168 0.6666231417827913 0.08962612133990877 0.05362479991529536
0 0.98125 0.775 0.0375 0.06875
0 0.7463157573997241 0.9417743312029778 0.07122156667727211 0.08222023677523324
0 0.834305558720543 0.8547741311182733 0.07432838534372674 0.0808397472985769
0 0.91640625 0.9859375 0.0828125 0.028125
0 0.7359407840547247 0.8552907996329466 0.07278406667727219 0.08231124203690499
0 0.9188260093889065 0.8721884152485531 0.08488407733927232 0.04866428413027997
0 0.9541271627148159 0.8195940362670056 0.08646475867281786 0.05031778939195171
0 0.97890625 0.8546875 0.0421875 0.06875
0 0.6149192120464524 0.7873458944842143 0.06813292934436319 0.0851632262518894
0 0.9796875 0.72421875 0.040625 0.0578125
0 0.990625 0.9578125 0.01875 0.084375