0 0.04212859334172716 0.12349820620984416 0.05882162094116268 0.06219326929603186
0 0.1873865462638265 0.10936208338468294 0.05564207386326192 0.058831470955705886
0 0.09884224350388297 0.14579833608397533 0.05723184740221221 0.06051237012586892
0 0.25555944236549716 0.4296261165781619 0.06200116801906326 0.06555506763635784
0 0.053685476457754434 0.24778781118886606 0.060384120941162675 0.062311668466194806
0 0.2382786647693571 0.24631670910962916 0.05723184740221221 0.06051237012586892
0 0.19255706168510206 0.22631278504435687 0.05879434740221221 0.06063076929603195
0 0.8744616266199102 0.18886125185087793 0.022229556006354477 0.021970088382282427
0 0.8026957207757114 0.20055761367837696 0.023819329545304767 0.023650987552445456
0 0.839350241068251 0.1492785335944644 0.0222295560063543 0.021970088382282427
0 0.8372343620094135 0.20732783193479049 0.02225682954530477 0.023532588382282428
0 0.8709820706135558 0.1687855501912038 0.020667056006354302 0.021851689212119395
0 0.8259423060030592 0.18784412612593152 0.02225682954530477 0.023532588382282428
0 0.8365797970746055 0.16982783193479048 0.022229556006354477 0.021970088382282427
0 0.8508604853862082 0.1812622394033232 0.02225682954530477 0.023532588382282428
0 0.8721900146072012 0.14835465102104087 0.020639782467404187 0.020289189212119217
0 0.8006150235356551 0.17098851284854 0.02225682954530477 0.023532588382282428
0 0.29453125 0.68203125 0.0703125 0.0734375
0 0.24921875 0.64453125 0.0765625 0.0515625
0 0.28984375 0.63203125 0.0734375 0.0265625
0 0.09725601866439107 0.8446198800746239 0.07008640340856669 0.08177206348717299
0 0.18359375 0.646875 0.0671875 0.05625
0 0.19383100973593734 0.8200916315245163 0.046785271103318316 0.08780857593472753
0 0.20105140015886053 0.6959437365035381 0.06841480925276536 0.07540366431700996
0 0.028125 0.64375 0.05625 0.05
0 0.07667869155471826 0.7413531701165801 0.04834777110331832 0.08792697510489074
0 0.31875 0.7609375 0.021875 0.075
0 0.0234375 0.846875 0.046875 0.084375
0 0.31953125 0.69765625 0.0203125 0.0484375
0 0.84921875 0.62890625 0.0453125 0.0203125
0 0.568686733761355 0.7222246618182103 0.04451365909060954 0.047065176764564676
0 0.81171875 0.640625 0.0453125 0.04375
0 0.98046875 0.63203125 0.0390625 0.0265625
0 0.8059412719108019 0.6901654879534307 0.04451365909060954 0.047065176764564676
0 0.50625 0.625 0.04375 0.0125
0 0.7440685633066597 0.7308389547599516 0.04451365909060954 0.047065176764564495
0 0.41875 0.62421875 0.046875 0.0109375
0 0.8317322045403618 0.7335836012308223 0.042951159090609536 0.04694677759440165
0 0.6067322045403618 0.7506330817342978 0.04610343262955983 0.048746075934727705
0 0.6631731193130143 0.7573082116084289 0.04610343262955983 0.048746075934727705
0 0.99453125 0.73828125 0.0109375 0.0484375
0 0.6798890608710279 0.8186242199067987 0.044568206168510115 0.05019017676456468
0 0.99453125 0.6625 0.0109375 0.046875
0 0.4478287629823482 0.7000913979207632 0.04610343262955987 0.048746075934727705
0 0.7346583814878788 0.8191677489510928 0.046130706168510116 0.050308575934727526
0 0.4625 0.62734375 0.04375 0.0171875
0 0.9303606193130143 0.7370619535105518 0.04451365909060954 0.047065176764564676
0 0.8284083814878788 0.8120637987413113 0.046130706168510116 0.05030857593472789
0 0.4923072402541768 0.8281446203263616 0.046130706168510206 0.050308575934727706
0 0.8979378571381496 0.6722424369138122 0.04448638555165907 0.045502676764564674
0 0.9673969691508585 0.7076578734266392 0.04451365909060954 0.047065176764564676
0 0.875264016228759 0.7177684244662577 0.04451365909060954 0.047065176764564676
0 0.8981481371699218 0.7739233360839753 0.04451365909060954 0.047065176764564676
0 0.5268810633066597 0.7472964394126119 0.044540932629559826 0.04862767676456468
0 0.4782526485340074 0.7400293136876657 0.04610343262955983 0.048746075934727705
0 0.4220844691508584 0.7489791838135346 0.04610343262955983 0.048746075934727705
0 0.9396617069759937 0.6424831593194107 0.04448638555165907 0.045502676764564674
0 0.9705686079489284 0.7997269742564762 0.04610343262956 0.048746075934727705
0 0.5392367873320774 0.8277176452214707 0.046130706168510206 0.050308575934727706
0 0.44787540178041835 0.7923972970909262 0.04610343262955983 0.048746075934727705