0 0.4614311499338869 0.6029943614265137 0.027954581637205857 0.02857528589277152
0 0.5433495352799943 0.6562629166153171 0.027954581637205676 0.02857528589277152
0 0.5491635232942067 0.5453254166153171 0.027954581637205857 0.02857528589277152
0 0.890642773632891 0.300698155617655 0.07531426051544958 0.07107136182749904
0 0.7172252057904951 0.3769735452400484 0.07539614767057934 0.07263386182749905
0 0.8326598552700968 0.26963648715146 0.07210737336031983 0.06927206348717299
0 0.7145715965636695 0.2779440493892332 0.07046298620519006 0.06759116431700996
0 0.82265625 0.01796875 0.0796875 0.0359375
0 0.8333481727738082 0.40616598300227513 0.07202548620519007 0.06770956348717298
0 0.97578125 0.27734375 0.0484375 0.0671875
0 0.971875 0.40234375 0.05625 0.0671875
0 0.82890625 0.97578125 0.1765625 0.0484375