0 0.8241888745185255 0.4853699891695145 0.042442030054229286 0.04473192496187508
0 0.6763593868151657 0.6460139355985423 0.042451120413308986 0.04629442496187508
0 0.6107889289696434 0.6351114967689586 0.04402271077238851 0.047893292553055744
0 0.4901683985226306 0.4166498246568753 0.039289758976990455 0.03997168977951393
0 0.7237353983262389 0.29238109574277826 0.04085225897699054 0.04000805737069442
0 0.5603899949318345 0.43391136626000043 0.040870439695149585 0.043133057370694415
0 0.6146967416121847 0.23202286436013927 0.040861349336070066 0.041570557370694414
0 0.7683661213952676 0.41062325588701454 0.03773634933607006 0.04149782218833344
0 0.7524775009819586 0.45557207997520893 0.040861349336070066 0.041570557370694414
0 0.6187660971947707 0.338381967133681 0.039289758976990365 0.03997168977951393
0 0.7795854225267357 0.3624403290252783 0.040861349336070066 0.041570557370694414
0 0.7279320189359396 0.37686519851631994 0.03928975897699054 0.03997168977951375
0 0.798017259958949 0.417564240119445 0.03458407825883114 0.036737587005972114
0 0.582728603244895 0.3547330125365281 0.03925339754067192 0.03372168977951393
0 0.0109375 0.83046875 0.021875 0.0484375
0 0.15115135031802876 0.7397613227570142 0.04244203005422946 0.04473192496187508
0 0.10245932026379938 0.782383927430417 0.042442030054229286 0.04473192496187508
0 0.31796875 0.71875 0.0421875 0.0375
0 0.10683774805509239 0.8356180302039586 0.0440136204133089 0.04633079255305557
0 0.1446650009819587 0.7802408523922921 0.040870439695149585 0.043133057370694415
0 0.2854354467272325 0.7585139355985422 0.04399543969514959 0.043205792553055566
0 0.21490477810932163 0.7943773939954171 0.04401362041330899 0.04633079255305557
0 0.13046875 0.70859375 0.0421875 0.0171875
0 0.05053320590061468 0.8436837969214587 0.04401362041330899 0.04633079255305574
0 0.22265625 0.71796875 0.0421875 0.0359375
0 0.18855135636815296 0.7578216449453476 0.042442030054229286 0.04473192496187508
0 0.275 0.71875 0.04375 0.0375
0 0.23075703708631218 0.7556785699072226 0.042442030054229286 0.04473192496187508
0 0.5703376875538504 0.9640326645126391 0.0298602168225127 0.030378484232430482
0 0.57734375 0.99609375 0.0296875 0.0078125
0 0.589214952580965 0.9425940756068059 0.0298602168225127 0.030378484232430482
0 0.6222819826351943 0.8996077950215975 0.029851126463433176 0.02881598423243048
0 0.7006160608940255 0.8654886745806254 0.028297716822512697 0.030342116641250173
0 0.6537228801758663 0.8675226468452086 0.028288626463433175 0.028779616641250172
0 0.7328125 0.99140625 0.028125 0.0171875
0 0.8647967355620605 0.8489947716545838 0.0298602168225127 0.03037848423243066
0 0.7913319644848217 0.8519729948690976 0.029851126463433176 0.02881598423243048
0 0.9535956151487517 0.8963802243518757 0.0298602168225127 0.030378484232430482
0 0.6899512716664141 0.8183591014423616 0.0298602168225127 0.030378484232430482
0 0.8303581030485032 0.8591321846486115 0.028288626463433175 0.028779616641250172