0 0.3265625 0.55625 0.0546875 0.071875
0 0.3625 0.4546875 0.075 0.0453125
0 0.3515625 0.5828125 0.05625 0.0671875
0 0.3859375 0.1546875 0.06875 0.0515625
0 0.2625 0.4625 0.065625 0.0703125
0 0.5359375 0.6515625 0.040625 0.078125
0 0.615625 0.6953125 0.0421875 0.075
0 0.446875 0.7125 0.0703125 0.05
0 0.5734375 0.715625 0.053125 0.0703125
0 0.2953125 0.44375 0.0609375 0.0640625
0 0.4203125 0.4375 0.0390625 0.0734375
0 0.3828125 0.1953125 0.0765625 0.0375
0 0.3828125 0.378125 0.0625 0.0625
0 0.5546875 0.2015625 0.071875 0.0515625
0 0.6421875 0.3796875 0.065625 0.0546875
0 0.4265625 0.3765625 0.0609375 0.0640625
0 0.41875 0.5640625 0.0671875 0.0515625
0 0.553125 0.4359375 0.046875 0.0671875
0 0.4515625 0.6421875 0.053125 0.0703125
0 0.46875 0.15625 0.071875 0.0484375
0 0.671875 0.5015625 0.0546875 0.0671875
0 0.5859375 0.3609375 0.053125 0.0671875
0 0.2609375 0.603125 0.06875 0.0578125
0 0.640625 0.484375 0.065625 0.0640625
0 0.5125 0.58125 0.0421875 0.0703125
0 0.31875 0.5078125 0.053125 0.0703125
0 0.5296875 0.7171875 0.0484375 0.071875
0 0.515625 0.4453125 0.059375 0.0625
0 0.465625 0.4375 0.0578125 0.0640625
0 0.453125 0.1953125 0.0671875 0.053125
0 0.4078125 0.68125 0.071875 0.0453125
0 0.60625 0.534375 0.0703125 0.040625
0 0.4734375 0.7421875 0.0640625 0.059375
0 0.2546875 0.5203125 0.05625 0.071875
0 0.4234375 0.7640625 0.0625 0.0734375
0 0.6296875 0.63125 0.0515625 0.071875
0 0.44375 0.496875 0.028125 0.0734375
0 0.571875 0.78125 0.0484375 0.075
0 0.3625 0.7046875 0.05625 0.0734375
0 0.628125 0.75625 0.0625 0.065625
0 0.6453125 0.31875 0.0421875 0.071875
0 0.4953125 0.4046875 0.0765625 0.0421875
0 0.4734375 0.24375 0.0734375 0.0484375
0 0.3296875 0.1671875 0.0546875 0.06875
0 0.6875 0.678125 0.071875 0.0546875
0 0.63125 0.5671875 0.065625 0.0640625
0 0.71875 0.575 0.0359375 0.075
0 0.5546875 0.29375 0.040625 0.0703125
0 0.38125 0.79375 0.04375 0.08125
0 0.3875 0.33125 0.071875 0.04375
0 0.6828125 0.20625 0.0640625 0.0625
0 0.3796875 0.5015625 0.0546875 0.06875
0 0.5828125 0.4140625 0.0609375 0.059375
0 0.5953125 0.2546875 0.0515625 0.071875
0 0.40625 0.515625 0.0453125 0.0734375
0 0.309375 0.7109375 0.0734375 0.046875
0 0.6296875 0.271875 0.053125 0.071875
0 0.490625 0.7984375 0.05625 0.06875
0 0.5015625 0.315625 0.06875 0.05625
0 0.6375 0.41875 0.0640625 0.05625
0 0.434375 0.3046875 0.0734375 0.0453125
0 0.3203125 0.3875 0.071875 0.05
0 0.334375 0.2234375 0.0765625 0.0421875
0 0.26875 0.6703125 0.0671875 0.065625
0 0.628125 0.8203125 0.0578125 0.06875
0 0.7078125 0.759375 0.0484375 0.0765625
0 0.40625 0.2296875 0.075 0.0453125
0 0.7109375 0.6359375 0.05 0.0734375
0 0.321875 0.6375 0.0515625 0.071875
0 0.6265625 0.2125 0.071875 0.05
0 0.5421875 0.1703125 0.0734375 0.046875
0 0.5671875 0.496875 0.06875 0.046875
0 0.284375 0.309375 0.0671875 0.0609375
0 0.69375 0.825 0.0640625 0.0625
0 0.3359375 0.79375 0.03125 0.0796875
0 0.5453125 0.353125 0.046875 0.071875
0 0.61875 0.1671875 0.0703125 0.0546875
0 0.4984375 0.4921875 0.0703125 0.04375
0 0.3875 0.6453125 0.0765625 0.0390625
0 0.3921875 0.6078125 0.0734375 0.0453125
0 0.5140625 0.371875 0.0625 0.0609375
0 0.4296875 0.26875 0.075 0.04375
0 0.2609375 0.3796875 0.034375 0.0765625
0 0.6640625 0.784375 0.0421875 0.0765625
0 0.56875 0.6015625 0.0734375 0.0328125
0 0.715625 0.1859375 0.0578125 0.0671875
0 0.6015625 0.3203125 0.05 0.071875
0 0.5046875 0.2140625 0.046875 0.0734375
0 0.70625 0.3046875 0.075 0.0390625
0 0.528125 0.7828125 0.05625 0.0734375
0 0.7140625 0.503125 0.04375 0.0703125
0 0.2484375 0.7453125 0.071875 0.065625
0 0.4953125 0.6625 0.0390625 0.075
0 0.675 0.259375 0.040625 0.075
0 0.684375 0.5640625 0.040625 0.0734375
0 0.5640625 0.565625 0.06875 0.04375
0 0.3484375 0.26875 0.071875 0.05
0 0.4359375 0.821875 0.078125 0.0453125
0 0.4578125 0.353125 0.0609375 0.0609375
0 0.5328125 0.5296875 0.0671875 0.040625
0 0.7 0.409375 0.075 0.040625
0 0.703125 0.3390625 0.0734375 0.0296875
0 0.2796875 0.190625 0.046875 0.0765625
0 0.4671875 0.5984375 0.0609375 0.0609375
0 0.7203125 0.2515625 0.05 0.06875
0 0.7015625 0.3671875 0.075 0.0328125
0 0.315625 0.3453125 0.071875 0.053125
0 0.665625 0.6203125 0.0546875 0.0703125
0 0.3578125 0.3046875 0.0765625 0.0390625
0 0.284375 0.2578125 0.0703125 0.0546875
0 0.6078125 0.4625 0.0671875 0.0484375
0 0.5765625 0.653125 0.04375 0.0734375
0 0.671875 0.7125 0.078125 0.0359375
0 0.6984375 0.4484375 0.071875 0.04375
0 0.5 0.28125 0.071875 0.0515625
0 0.475 0.5359375 0.0375 0.075
0 0.5609375 0.8328125 0.0765625 0.034375
0 0.5578125 0.2359375 0.0609375 0.059375
0 0.3484375 0.41875 0.0765625 0.04375