0 0.6453125 0.4765625 0.0421875 0.040625
0 0.690625 0.478125 0.0421875 0.040625
0 0.7 0.6015625 0.04375 0.04375
0 0.64375 0.5546875 0.040625 0.040625
0 0.54375 0.4140625 0.040625 0.0390625
0 0.6546875 0.4078125 0.040625 0.040625
0 0.66875 0.5234375 0.040625 0.040625
0 0.5421875 0.7125 0.0421875 0.04375
0 0.484375 0.7015625 0.0421875 0.0453125
0 0.7375 0.5296875 0.04375 0.040625
0 0.40625 0.4609375 0.040625 0.0390625
0 0.5125 0.4515625 0.040625 0.0390625
0 0.4859375 0.5140625 0.0421875 0.0421875
0 0.571875 0.33125 0.0421875 0.0421875