0 0.2875 0.4453125 0.021875 0.0234375
0 0.440625 0.390625 0.021875 0.021875
0 0.2625 0.4453125 0.021875 0.021875
0 0.4125 0.3953125 0.0203125 0.021875
0 0.246875 0.4296875 0.021875 0.021875
0 0.3890625 0.4015625 0.0203125 0.021875
0 0.25625 0.4953125 0.021875 0.0234375
0 0.365625 0.3984375 0.021875 0.021875
0 0.303125 0.4765625 0.021875 0.0234375
0 0.26875 0.3953125 0.021875 0.021875
0 0.278125 0.3765625 0.0203125 0.021875
0 0.25 0.40625 0.021875 0.021875
0 0.2890625 0.4046875 0.021875 0.021875
0 0.4984375 0.3984375 0.021875 0.021875
0 0.2375 0.3859375 0.021875 0.021875
0 0.2296875 0.415625 0.021875 0.021875
0 0.28125 0.46875 0.021875 0.0234375
0 0.25625 0.3734375 0.021875 0.021875
0 0.346875 0.3875 0.0203125 0.021875
0 0.2984375 0.3859375 0.0203125 0.021875
0 0.2375 0.48125 0.021875 0.0234375
0 0.23125 0.44375 0.021875 0.0234375
0 0.2578125 0.46875 0.021875 0.021875
0 0.325 0.3890625 0.021875 0.021875
0 0.3109375 0.4078125 0.021875 0.021875
0 0.25 0.521875 0.0234375 0.0234375
0 0.428125 0.421875 0.021875 0.021875
0 0.2796875 0.425 0.021875 0.0234375