0 0.402710828693006 0.2980903366526396 0.09350933540139543 0.08899306733052796
0 0.39040793462542034 0.4292312092479779 0.09507183540139544 0.08904763103285873
0 0.26707969526908204 0.42335817676384035 0.10143109604505715 0.09082838584218215
0 0.27960111062399123 0.28909230416850196 0.09663433540139543 0.08910219473518968
0 0.8477948276846 0.3323165807470079 0.03834123416055828 0.03562996515360961
0 0.8493351843733187 0.2430903896400153 0.04157549480421992 0.037301592558271326
0 0.7946369766958641 0.3085318511654279 0.03823197351689629 0.03406746515360979
0 0.7383434180296738 0.3519891852861788 0.0383412341605581 0.03562996515360979
0 0.8018810301662743 0.22733641486775885 0.038231973516896466 0.03406746515360979
0 0.3845185675451413 0.8327381551642941 0.04012225544788173 0.03880952885594056
0 0.34321658832826163 0.9753968811176769 0.04168475544788173 0.03886409255827132
0 0.23307676382262948 0.982514921954517 0.05018567029858776 0.02669147477225664
0 0.39725923214374587 0.9193304195922641 0.047169930942249395 0.02814484736759475
0 0.8855676153155683 0.6280159388295579 0.07795003737886681 0.04480655771188111
0 0.8085680727409214 0.6315923174153459 0.0826375373788669 0.04497024881887359
0 0.96171875 0.628125 0.0765625 0.040625
0 0.7518481791775387 0.6139484604291042 0.05535377153942509 0.07830853847458741