0 0.278125 0.546875 0.0203125 0.0203125
0 0.2890625 0.496875 0.0203125 0.0203125
0 0.2203125 0.534375 0.0203125 0.0203125
0 0.3015625 0.4765625 0.021875 0.0203125
0 0.278125 0.478125 0.0203125 0.0203125
0 0.2234375 0.5640625 0.0203125 0.0203125
0 0.25625 0.5375 0.0203125 0.0203125
0 0.2890625 0.5640625 0.021875 0.0203125
0 0.2625 0.5171875 0.0203125 0.0203125
0 0.221875 0.5 0.0203125 0.0203125
0 0.2421875 0.4703125 0.0203125 0.0203125
0 0.2265625 0.48125 0.021875 0.0203125
0 0.240625 0.528125 0.0203125 0.0203125
0 0.246875 0.5046875 0.0203125 0.0203125
0 0.2703125 0.4984375 0.0203125 0.0203125