0 0.43203125 0.48671875 0.0328125 0.0265625
0 0.53515625 0.4328125 0.0078125 0.03125
0 0.51171875 0.4859375 0.0328125 0.028125
0 0.5171875 0.4488975067631774 0.0328125 0.03163180800445424
0 0.403125 0.44757026941435996 0.0328125 0.03163180800445424
0 0.459375 0.4029122974219959 0.034375 0.033212489337999786
0 0.53203125 0.4734375 0.0140625 0.03125
0 0.665625 0.49375 0.034375 0.0125
0 0.1484375 0.6835986760820871 0.0234375 0.023710220003181702
0 0.1953125 0.6497691160884504 0.0234375 0.023710220003181702
0 0.2015625 0.6264043414226322 0.0234375 0.023710220003181702
0 0.1328125 0.6490418627466327 0.0234375 0.023710220003181702
0 0.084375 0.6969157414067239 0.021875 0.02369203866963616
0 0.190625 0.604402072087814 0.0234375 0.023710220003181702
0 0.128125 0.6724248187459964 0.021875 0.02369203866963616
0 0.1609375 0.6243691267504506 0.0234375 0.023710220003181702
0 0.25625 0.6832906880967229 0.0234375 0.023710220003181702
0 0.0171875 0.6789464440642698 0.021875 0.02369203866963616
0 0.0625 0.6919737027370877 0.0234375 0.023710220003181702
0 0.0125 0.6538919000636334 0.0234375 0.023710220003181702
0 0.053125 0.716864614735815 0.0234375 0.023710220003181702
0 0.0296875 0.7228418947326334 0.0234375 0.023710220003181702
0 0.109375 0.570644142743451 0.0234375 0.023710220003181702
0 0.0796875 0.5796736974060875 0.021875 0.022129538669636163
0 0.096875 0.6642486920750874 0.021875 0.02369203866963616
0 0.05 0.663703252068724 0.021875 0.02369203866963616
0 0.125 0.6067634560789055 0.021875 0.02369203866963616
0 0.15625 0.5883770827498143 0.021875 0.022129538669636163
0 0.034375 0.6228964387332697 0.0234375 0.023710220003181702
0 0.00390625 0.60859375 0.0078125 0.0234375
0 0.16875 0.565085033418178 0.021875 0.02369203866963616
0 0.1953125 0.7169566160884504 0.0234375 0.025272720003181703
0 0.053125 0.6340521147358149 0.021875 0.022129538669636163
0 0.0796875 0.5499861974060876 0.0234375 0.023710220003181702
0 0.0265625 0.5728055320655424 0.021875 0.022129538669636163
0 0.109375 0.637831642743451 0.021875 0.022129538669636163
0 0.040625 0.6010941640674515 0.021875 0.022129538669636163
0 0.06875 0.6170464280712695 0.021875 0.02369203866963616
0 0.0140625 0.5945350813971789 0.021875 0.022129538669636163
0 0.075 0.6593066534054512 0.021875 0.02369203866963616
0 0.0171875 0.5523839440642698 0.021875 0.022129538669636163
0 0.1046875 0.6143395987428146 0.021875 0.02369203866963616
0 0.109375 0.5925191427434511 0.021875 0.022129538669636163
0 0.00859375 0.63125 0.0171875 0.025
0 0.0890625 0.6297827854073603 0.021875 0.022129538669636163
0 0.81171875 0.9921875 0.0390625 0.015625
0 0.8421875 0.9729691640674514 0.0375 0.04418635200509069
0 0.94375 0.9679009507479053 0.0390625 0.044204533338636054
0 0.8671875 0.8966975654041786 0.0375 0.04574885200509069