0 0.8754384984873906 0.16037783966693633 0.058948665102807496 0.06252874373179385
0 0.9531264559127438 0.1689010449980703 0.06599634059717552 0.05181856426490725
0 0.9251542752225959 0.12111676286561668 0.0631991225281606 0.05641513605166182
0 0.725 0.015625 0.075 0.03125
0 0.97109375 0.240625 0.0578125 0.059375
0 0.960294099728228 0.11117947321131574 0.058620883171822416 0.05784124373179385
0 0.8008205467620207 0.0407807420159342 0.055932925746469395 0.0640003155185485
0 0.96171875 0.340625 0.0765625 0.0375
0 0.9890625 0.153125 0.021875 0.04375
0 0.97890625 0.19296875 0.0421875 0.0359375
0 0.9859375 0.07890625 0.028125 0.0640625
0 0.769767652694435 0.1713942445232167 0.049901447033792935 0.06694345909205772
0 0.975 0.0421875 0.05 0.05625
0 0.738495509383154 0.0812406059642723 0.07595049480421992 0.03807431301126609
0 0.7036949024423336 0.24305864436493207 0.06498014381548423 0.059585600158284534
0 0.7685550779367014 0.25590563684308465 0.0663241225281607 0.05650606426490725
0 0.8483518385803631 0.25666180628084145 0.03907320767745457 0.06818771034569907
0 0.8742473390845662 0.11024144734706827 0.0526986651028075 0.062346887305303154
0 0.9348677648310357 0.04937815518548479 0.03896394703379293 0.06662521034569897
0 0.4953125 0.39765625 0.046875 0.0515625
0 0.4767824772000672 0.5855429757185981 0.057604686390131124 0.06560827962517113
0 0.49140625 0.36875 0.0546875 0.01875
0 0.50546875 0.471875 0.0265625 0.05625
0 0.4063714242338601 0.5177356986007094 0.06207366510280767 0.06261967194503919
0 0.496875 0.853125 0.04375 0.071875
0 0.50625 0.5984375 0.025 0.0625
0 0.48988450267476463 0.9131511501709199 0.056479228964778014 0.0718128155185486
0 0.41735248290005045 0.47265051913382294 0.07471577673520517 0.042716348904643375
0 0.44765625 0.37890625 0.0734375 0.0390625
0 0.31567074253530597 0.7624738855894435 0.05502598960843983 0.07332985141192587
0 0.34521540294653663 0.5190875984424249 0.07359031930985208 0.04892088479802066
0 0.4984375 0.7234375 0.040625 0.06875
0 0.4348134984873907 0.5811904448397858 0.04565098960843983 0.07305706677218975
0 0.44563175812264627 0.8742872269722394 0.06955838317182242 0.058159492478152684
0 0.37104592942964026 0.5527184523616332 0.07951253737886681 0.04441524122451135
0 0.4499029029465366 0.5221336935861445 0.06072968639013112 0.06569920783841657
0 0.2663805727409213 0.6389167136444043 0.057932468321116384 0.0702957796251713
0 0.5125 0.91640625 0.0125 0.0734375
0 0.50625 0.67734375 0.025 0.0421875
0 0.39588313039870543 0.8916278396669363 0.06127598960843983 0.07351170783841657
0 0.4733518385803631 0.6793839039318434 0.040854228964778014 0.07135817445232177
0 0.4680516054282112 0.4193269423325033 0.07649679802252862 0.045886813011266
0 0.3777986739817586 0.5904912370013692 0.07627827673520508 0.042761813011265914
0 0.46553861062399127 0.4552644423325033 0.07391810124083734 0.05360838479802066
0 0.509375 0.52578125 0.01875 0.0640625
0 0.2809236739817586 0.5876724623907631 0.06429172896477801 0.07204013605166182
0 0.3871301153155683 0.6361674498543507 0.05916718639013112 0.06565374373179385
0 0.38046875 0.37109375 0.0765625 0.0234375
0 0.39208042322545394 0.8116675550272003 0.07326253737886682 0.04423338479802066
0 0.50546875 0.79375 0.0265625 0.075
0 0.32764585467190654 0.6360023138026889 0.057932468321116384 0.07029577962517113
0 0.4953125 0.5546875 0.046875 0.046875
0 0.4527451355944855 0.929292975718598 0.056151447033792934 0.06712531551854824
0 0.3211001957732852 0.438536280416594 0.07257412252816078 0.05668792069139794
0 0.352198104419805 0.7103036318285199 0.06240144703379293 0.0673071719450391
0 0.34493117968174175 0.47837167022917954 0.0736995799535138 0.050483384798020656
0 0.49140625 0.640625 0.0546875 0.046875
0 0.2621522586268494 0.721774677751027 0.07257412252816078 0.05668792069139794
0 0.2591258115930565 0.7874451418576497 0.0715579257464694 0.0644549565847754
0 0.29680077421418966 0.8308147086298394 0.07526207995351379 0.050528848904643375
0 0.4400151786733356 0.775486014119258 0.05469820767745457 0.06864235141192587
0 0.47576700837474784 0.8015771526782023 0.04565098960843983 0.07305706677218957
0 0.3520567207437794 0.9138378087881239 0.049103771539425 0.077835494985435
0 0.5046875 0.4359375 0.028125 0.05
0 0.4194734497085575 0.8453438730530312 0.07213707995351389 0.050437920691398117
0 0.3470192955015131 0.8291445600417651 0.05502598960843983 0.07332985141192587
0 0.3165005410620377 0.571485172736462 0.0606204257464694 0.06413670783841656
0 0.4126000088789509 0.6525653396669362 0.05335422896477802 0.07172188730530316
0 0.39431917448596165 0.44379809342786 0.07751299480421991 0.03811977711788872
0 0.41869718956909885 0.6997131243066723 0.07046531930985207 0.0488299565847754
0 0.38616891283389376 0.7394743062808414 0.073153276735205 0.042670884798020656
0 0.3875664299338434 0.40602530878812393 0.07348105866619044 0.04735838479802066
0 0.23222482198461672 0.8586836443649322 0.07333894703379293 0.06762542069139794
0 0.33050877471839274 0.6846216702291796 0.06272922896477802 0.0719946719450391
0 0.3774059180296739 0.7752299498543508 0.07416947351689647 0.034903848904643195
0 0.49765625 0.96484375 0.0421875 0.0359375
0 0.44919307274092135 0.644236014119258 0.034604228964778015 0.07117631802583091
0 0.399762247226883 0.9481051602000499 0.07482503737886681 0.04427884890464355
0 0.45826243412121725 0.7384406551854849 0.06207366510280767 0.0626196719450391
0 0.3293932970141224 0.38711017273646203 0.0736995799535138 0.050483384798020656
0 0.4809015306704774 0.5042475116119756 0.06040190445914604 0.061011707838416473
0 0.3083067207437794 0.9125648138026887 0.03827553218308673 0.07907974623907635
0 0.2897302274521688 0.5065133906040085 0.03805701089576328 0.07595474623907635
0 0.7996308432719401 0.7739475608331879 0.03343521287323466 0.03215928213245363
0 0.8863767264437626 0.72010715848419 0.03656021287323483 0.03225021034569906
0 0.8970407108564225 0.6123855866974355 0.036669473516896464 0.03381271034569906
0 0.8428016890648958 0.7611125917120003 0.03499771287323465 0.03220474623907634
0 0.8998272212479825 0.6844879072305489 0.03499771287323483 0.03220474623907634
0 0.7566021091113819 0.8071404940609982 0.03343521287323466 0.03215928213245363
0 0.8254499341212173 0.6510101660060374 0.03499771287323465 0.03220474623907634
0 0.766490561340955 0.7776803145941116 0.03499771287323483 0.03220474623907634
0 0.7956753167888365 0.7409532044066973 0.03499771287323483 0.03220474623907634
0 0.8301267264437626 0.7184704506457735 0.03499771287323483 0.03220474623907634
0 0.8052581303987054 0.8054248813663014 0.03499771287323483 0.03220474623907634
0 0.8758869766958641 0.6462150174179632 0.03499771287323483 0.03220474623907634
0 0.8731776039156018 0.7745218738444539 0.03499771287323465 0.03220474623907634
0 0.8569513063972763 0.6707149122451137 0.03488845222957302 0.030642246239076344
0 0.7669168962381473 0.8387542069139797 0.03354447351689629 0.03372178213245362
0 0.8527444076381137 0.6189250917120004 0.03499771287323483 0.03220474623907634
0 0.7325418962381474 0.8377539965682808 0.03510697351689629 0.03376724623907634
0 0.7982761568818091 0.8381009890464334 0.03354447351689647 0.03372178213245362
0 0.8295261568818091 0.839010271178887 0.03354447351689647 0.03372178213245362
0 0.8608854175254708 0.8383570533113405 0.03510697351689647 0.03376724623907634