0 0.323665356256923 0.3383219634506457 0.024939443244739755 0.024802578925077867
0 0.2637897085086764 0.33396766339417605 0.024939443244739755 0.024802578925077867
0 0.24770363355481892 0.3521562212725663 0.024939443244739755 0.02480257892507769
0 0.37265625 0.309375 0.0140625 0.025
0 0.24541924274640267 0.38992923705758187 0.026501943244739756 0.024893584186749605
0 0.3265505243632353 0.3099239476656302 0.024939443244739755 0.02480257892507769
0 0.3671875 0.203125 0.025 0.025
0 0.2983253948135859 0.3099995423757235 0.024939443244739755 0.024802578925077867
0 0.24952934453673073 0.20933168444086334 0.024939443244739845 0.024802578925077867
0 0.36304922886674207 0.2921148213855059 0.024939443244739845 0.024802578925077867
0 0.24299754472130086 0.2787187212725663 0.024939443244739755 0.02480257892507769
0 0.3005911967884841 0.1985160108056924 0.024939443244739755 0.02480257892507769
0 0.25505745372831445 0.24664967391751969 0.024939443244739845 0.02480257892507769
0 0.3221658081395361 0.19255443714228643 0.024939443244739755 0.024802578925077867
0 0.24283685841639135 0.30068472653423817 0.024939443244739845 0.024802578925077867
0 0.28306134021779406 0.2920685897307701 0.024939443244739755 0.024802578925077867
0 0.3110862106681448 0.28886799502067684 0.024939443244739755 0.02480257892507769
0 0.2427763016611312 0.32421323179591005 0.024939443244739755 0.024802578925077867
0 0.33951159931709274 0.29191740031058355 0.024939443244739755 0.02480257892507769
0 0.3536346560723529 0.2675698476938651 0.024939443244739845 0.024802578925077867
0 0.3633706014765611 0.24818281086216212 0.024939443244739845 0.02480257892507769
0 0.2745083605758597 0.25649511077745757 0.024939443244739845 0.024802578925077867
0 0.26643504472130086 0.27735364234748855 0.024939443244739755 0.024802578925077867
0 0.2960224151716515 0.2740620423757235 0.024939443244739755 0.024802578925077867
0 0.37578125 0.22734375 0.0078125 0.0234375
0 0.3619687877814705 0.22630781086216212 0.024939443244739755 0.02480257892507769
0 0.33680810147656104 0.24972990031058356 0.024939443244739755 0.02480257892507769
0 0.3335224151716515 0.27187791609559914 0.023376943244739757 0.024711573663405772
0 0.29714482417866506 0.2426300318523798 0.024939443244739755 0.02480257892507769
0 0.34009378778147054 0.227581884525568 0.023276813695090492 0.023149073663405774
0 0.3219049922849773 0.21295794240395835 0.024839313695090494 0.02324007892507769
0 0.2745689173311199 0.23296660551578566 0.023276813695090492 0.02314907366340595
0 0.3019930104835746 0.2203910108056924 0.023376943244739757 0.024711573663405772
0 0.3186193059800678 0.23510595818897392 0.024939443244739755 0.024802578925077867
0 0.3153336196751583 0.2572539739739894 0.024939443244739755 0.02480257892507769
0 0.9671875 0.13671875 0.065625 0.0421875
0 0.8153126357142872 0.47186396359182015 0.048656347932816854 0.0791106473268119
0 0.98046875 0.378125 0.0390625 0.075
0 0.9576632171465498 0.31928645320965077 0.07644138648947951 0.051152247298576904
0 0.9300202760612782 0.2550265321347284 0.036056218383167506 0.07682010523343692
0 0.8834852375046154 0.2875351952465558 0.059193329734219445 0.0734976841585147
0 0.9796875 0.18984375 0.040625 0.0796875
0 0.99375 0.296875 0.0125 0.078125
0 0.99375 0.93046875 0.0125 0.0359375
0 0.9537929472499094 0.8813006057981344 0.03637759099298634 0.033252115756780755