0 0.1171875 0.559375 0.046875 0.01875
0 0.6375 0.55625 0.090625 0.025
0 0.276580275095602 0.7696404994202718 0.07421967261537965 0.057302059093554104
0 0.24104274895109282 0.9066622672981193 0.07578217261537983 0.05742960485118864
0 0.16017494771098173 0.7082569760824127 0.07556868506293438 0.03411965060882318
0 0.27350374190212284 0.7065027706320992 0.06207487012586874 0.06096919303247787
0 0.2234375 0.9921875 0.078125 0.015625
0 0.17643487467603905 0.9501254827503723 0.07144987012586874 0.061734467578284935
0 0.21756047260609107 0.7601062606301594 0.06868006763635784 0.06616687606301594
0 0.0109375 0.66015625 0.021875 0.0359375
0 0.2086320680373433 0.9401763979030632 0.0685616684661948 0.06460437606301603
0 0.11950148090446078 0.7678234236568182 0.07000576929603194 0.06316942182065048
0 0.1398354464615819 0.8936842930518745 0.07386447510489073 0.05261455909355419
0 0.1954738302844053 0.6781229369927378 0.07713118506293455 0.03424719636645772
0 0.26684638712359376 0.98108818245081 0.08049298340326061 0.0376272878817268
0 0.11675683443359013 0.6795581491110111 0.07206517676456467 0.049362013335919566
0 0.28592827384620206 0.9574911857847898 0.08049298340326043 0.0376272878817268
0 0.04817185517951454 0.7132637272903606 0.07024256763635783 0.06629442182065048
0 0.044171439412611944 0.6830660442598224 0.07085787427505377 0.053921967578285025
0 0.18671229169234146 0.7937479369927379 0.07168666846619498 0.06485946757828494
0 0.1747325099487549 0.8273576624469307 0.07109467261537965 0.05704696757828494
0 0.13318362737533143 0.8569815185060673 0.07362767676456468 0.049489559093554195
0 0.060695165967395145 0.7347241391090714 0.06988737012586874 0.06160692182065049
0 0.14866691741728771 0.839379430324778 0.07578217261537983 0.05742960485118864
0 0.4453125 0.9171875 0.03125 0.1375
0 0.48359375 0.94921875 0.0859375 0.1015625
0 0.5768133829744089 0.8865734236568183 0.12897895020978148 0.10369856909549391
0 0.45390625 0.7515625 0.0484375 0.134375
0 0.5202584975012003 0.7200239103208987 0.10755423610255281 0.12834788273097572
0 0.5609375 0.62265625 0.084375 0.1078125
0 0.5083486481212558 0.8149537730479951 0.12066954274124857 0.11699579454968649