0 0.9875 0.2984375 0.025 0.03125
0 0.9764160124930319 0.249831989258458 0.03299430718159222 0.03163180800445433
0 0.2891331393492484 0.5711979119191856 0.03299430718159222 0.03163180800445424
0 0.29477408529091403 0.6758126865850038 0.033003397540672094 0.03319430800445424
0 0.25508539227611465 0.5153479012571853 0.0314318071815924 0.031613626670909056
0 0.16729450078556685 0.5663660559357302 0.033003397540672094 0.03319430800445424
0 0.2877888079671592 0.533716093252731 0.03143180718159222 0.031613626670908876
0 0.2344274586310892 0.5749592585932761 0.03143180718159222 0.031613626670908876
0 0.1235081393492484 0.5731251332750027 0.03299430718159222 0.03163180800445424
0 0.10771951288581531 0.6014319466104572 0.032994307181592394 0.03163180800445442
0 0.07993085617176118 0.5439467106142752 0.03300339754067192 0.03319430800445424
0 0.33954220550783126 0.5003036092457313 0.032994307181592394 0.03163180800445424
0 0.2201922418085765 0.6048103905951852 0.0314318071815924 0.031613626670909056
0 0.22842289832623894 0.5328444839274579 0.03143180718159222 0.031613626670908876
0 0.15499448868531845 0.5321365066040938 0.03143180718159222 0.031613626670908876
0 0.19086835617176118 0.5426558359325486 0.0314318071815924 0.031613626670908876
0 0.07817745863108919 0.5767773919478205 0.032994307181592394 0.03163180800445424
0 0.3298035911446465 0.562912697247004 0.032994307181592394 0.03163180800445424
0 0.30219674161218474 0.47417746125082194 0.0314227168225127 0.030051126670908878
0 0.1842638321676561 0.6036660612667303 0.0314318071815924 0.031613626670908876
0 0.09971611534514331 0.6343353532781844 0.033003397540672094 0.03319430800445424
0 0.04405698868531847 0.5334273812858203 0.03300339754067192 0.03319430800445424
0 0.26940242233034406 0.4714342692552763 0.03143180718159222 0.031613626670908876
0 0.14523769360397454 0.5978705946053664 0.0314318071815924 0.031613626670908876
0 0.10664789227611467 0.5170751279440026 0.032994307181592394 0.03163180800445424
0 0.0341729285768599 0.6210364692870931 0.03300339754067192 0.03319430800445424
0 0.07087401873954784 0.4893682986155478 0.03144089754067192 0.03317612667090888
0 0.2482354285768599 0.6185456265913671 0.0314318071815924 0.031613626670908876
0 0.10370469945770706 0.4858614906110935 0.03300339754067192 0.03319430800445424
0 0.03956947658507008 0.4991069252864567 0.03300339754067192 0.03319430800445442
0 0.544919531036188 0.9228705946053666 0.023573855386194255 0.023710220003181702
0 0.5029229285768599 0.8905489906110935 0.023573855386194255 0.023710220003181702
0 0.5182024949318345 0.9497421772756389 0.023582945745273774 0.025272720003181703
0 0.5026683985226306 0.9342989906110934 0.023573855386194255 0.023710220003181702
0 0.5095183622218854 0.8311012652769116 0.023573855386194255 0.023710220003181702
0 0.4761877117543472 0.9205455732813661 0.023573855386194255 0.023710220003181702
0 0.4573740792407898 0.9317012492839114 0.022011355386194253 0.02369203866963616
0 0.4548672236582039 0.8254876119510023 0.023573855386194255 0.023710220003181702
0 0.4891331393492485 0.8438376226130024 0.023573855386194255 0.023710220003181702
0 0.446875 0.91171875 0.015625 0.0234375
0 0.5820650070320829 0.9833717426002757 0.023582945745273774 0.025272720003181703
0 0.44296875 0.8875 0.0078125 0.025
0 0.4484375 0.86796875 0.01875 0.0234375
0 0.46878427791293 0.8503239799490933 0.022002265027114644 0.022129538669636163
0 0.4484375 0.84609375 0.01875 0.0234375