0 0.0109375 0.35859375 0.021875 0.0359375
0 0.0125 0.27265625 0.025 0.0359375
0 0.01484375 0.22578125 0.0296875 0.0609375
0 0.009375 0.38984375 0.01875 0.0390625
0 0.0109375 0.434375 0.021875 0.05625
0 0.009375 0.48515625 0.01875 0.0484375
0 0.01171875 0.30078125 0.0234375 0.0296875
0 0.01328125 0.16640625 0.0265625 0.0640625
0 0.0109375 0.32421875 0.021875 0.0296875
0 0.9204417200858271 0.3256854172501857 0.03332595222957302 0.030051126670909055
0 0.88246111884499 0.27452290658818546 0.03176345222957302 0.030032945337363514
0 0.7849962569604909 0.22248878660091212 0.03332595222957302 0.030051126670908878
0 0.8702781930985205 0.21211381325591266 0.03176345222957302 0.030032945337363514
0 0.8923931297407531 0.3494683625875491 0.03332595222957302 0.030051126670908878
0 0.9689227787520174 0.3704706585773677 0.03343521287323483 0.031613626670908876
0 0.9411584116717384 0.35359224124764027 0.03332595222957302 0.030051126670909055
0 0.5796860440872562 0.1936023599618199 0.03343521287323466 0.031613626670908876
0 0.796086576270343 0.26927287993318494 0.03332595222957302 0.030051126670909055
0 0.8873121458322967 0.3886217692552763 0.03343521287323466 0.031613626670908876
0 0.21845361314500672 0.6250672519096405 0.03332595222957302 0.030051126670908878
0 0.29375 0.7125 0.0125 0.03125
0 0.2953125 0.63203125 0.009375 0.0296875
0 0.28062583121402157 0.6196524985678227 0.03332595222957302 0.030051126670908878
0 0.5730539958126262 0.7737967479312758 0.026638909654926123 0.023728401336727066
0 0.43076794284641895 0.8411307932845478 0.02831067029858776 0.02530908267027261
0 0.7030035757661398 0.8207615599140949 0.026638909654926123 0.023728401336727066
0 0.6487859693295226 0.80575472525464 0.025076409654926125 0.023710220003181702
0 0.7160827299731842 0.8065354279121859 0.02496714901126431 0.022147720003181704
0 0.37661603838727303 0.7823375959580019 0.02831067029858776 0.02530908267027261
0 0.598491038387273 0.7797558465945488 0.025076409654926125 0.023710220003181702
0 0.6091878737886685 0.8656388025939125 0.026638909654925946 0.023728401336727066
0 0.7279378737886685 0.8642570212444586 0.026638909654925946 0.023728401336727066
0 0.6581166827069603 0.9839160879217308 0.02831067029858776 0.02530908267027243
0 0.7519873789844486 0.8280104385741861 0.026638909654926123 0.023728401336727066
0 0.45932998542106585 0.8470535292807296 0.02831067029858776 0.02530908267027261
0 0.5482832247774041 0.8444546932686393 0.026638909654926123 0.023728401336727066
0 0.6349634059717552 0.9435274452578216 0.02831067029858776 0.02530908267027261
0 0.5190327673520511 0.8510501386060028 0.026638909654926123 0.023728401336727066
0 0.5363402356731675 0.9196546879376392 0.02831067029858776 0.02530908267027243
0 0.6887111188449899 0.9741774612508219 0.02831067029858776 0.02530908267027261
0 0.407789628732347 0.7585182879535476 0.026638909654925946 0.023728401336727066
0 0.5978897408689475 0.8829717532622761 0.026638909654926123 0.023728401336727246
0 0.5376185124083726 0.9602978692711848 0.029982430942249394 0.026889764003817974
0 0.5980754111675353 0.9079899345958214 0.028201409654926124 0.02374658267027261
0 0.7 0.99140625 0.028125 0.0171875