0 0.4625 0.4984375 0.0453125 0.0453125
0 0.790625 0.5546875 0.046875 0.0453125
0 0.459375 0.5921875 0.046875 0.0453125
0 0.45 0.54375 0.046875 0.0453125
0 0.2875 0.5609375 0.0453125 0.0453125
0 0.5671875 0.5375 0.04375 0.04375
0 0.7 0.596875 0.046875 0.046875
0 0.246875 0.46875 0.046875 0.0453125
0 0.6484375 0.3625 0.0453125 0.0453125
0 0.353125 0.365625 0.046875 0.0453125
0 0.5953125 0.6140625 0.0453125 0.046875
0 0.6203125 0.559375 0.0453125 0.0453125
0 0.3609375 0.4125 0.0453125 0.0453125
0 0.7515625 0.603125 0.046875 0.046875
0 0.31875 0.6125 0.046875 0.046875
0 0.803125 0.49375 0.046875 0.0453125
0 0.509375 0.4328125 0.0453125 0.0453125
0 0.2953125 0.4125 0.046875 0.0453125
0 0.39375 0.34375 0.0453125 0.0453125
0 0.7125 0.45625 0.046875 0.0453125
0 0.2140625 0.5984375 0.0484375 0.046875
0 0.3296875 0.5125 0.046875 0.0453125
0 0.3328125 0.453125 0.046875 0.0453125
0 0.2265625 0.5265625 0.046875 0.0453125
0 0.815625 0.5984375 0.0484375 0.0453125
0 0.5234375 0.5234375 0.0453125 0.04375
0 0.55 0.4875 0.0453125 0.0453125
0 0.7734375 0.4484375 0.046875 0.0453125
0 0.5921875 0.434375 0.0453125 0.0453125
0 0.725 0.3390625 0.0453125 0.0453125
0 0.653125 0.509375 0.0453125 0.0453125
0 0.6046875 0.3875 0.0453125 0.04375
0 0.603125 0.4828125 0.0453125 0.0453125
0 0.453125 0.359375 0.0453125 0.0453125
0 0.70625 0.4015625 0.046875 0.0453125
0 0.23125 0.3125 0.0484375 0.046875
0 0.6484375 0.4546875 0.046875 0.0453125
0 0.640625 0.6171875 0.0453125 0.0453125
0 0.4546875 0.6421875 0.046875 0.046875
0 0.1234375 0.3203125 0.0484375 0.046875
0 0.5328125 0.5703125 0.0453125 0.04375
0 0.21875 0.6546875 0.0484375 0.046875
0 0.559375 0.403125 0.0453125 0.04375