0 0.54375 0.646875 0.028125 0.046875
0 0.5421875 0.575 0.0296875 0.046875
0 0.559375 0.5234375 0.0484375 0.025
0 0.525 0.703125 0.040625 0.04375
0 0.5015625 0.4765625 0.0390625 0.0421875
0 0.621875 0.5921875 0.025 0.0484375
0 0.5609375 0.5609375 0.0359375 0.046875
0 0.5171875 0.5546875 0.040625 0.04375
0 0.5125 0.60625 0.0296875 0.046875
0 0.4765625 0.609375 0.0453125 0.0359375
0 0.496875 0.51875 0.04375 0.0359375
0 0.5296875 0.621875 0.03125 0.0484375
0 0.4375 0.61875 0.0265625 0.046875
0 0.4640625 0.6796875 0.046875 0.0375