0 0.53046875 0.415625 0.0390625 0.065625
0 0.9431218977232285 0.5577807361226546 0.05298072402541756 0.08335101087441502
0 0.971875 0.47265625 0.05625 0.0828125
0 0.48712526785361215 0.6986657212939069 0.04607615909060954 0.04559634288963732
0 0.6032799220729578 0.8463285829666246 0.02543637662320535 0.026018671939110404
0 0.5609375 0.79765625 0.021875 0.0265625
0 0.6329128749950571 0.8419939100389311 0.02384660308425506 0.02439250494291585
0 0.6137537719108019 0.8193204139932639 0.023873876623205347 0.02595500494291585
0 0.6476105746707456 0.7882322400769872 0.023846603084255236 0.02439250494291585
0 0.6378264715864904 0.7651767420541535 0.025409103084255057 0.024456171939110226
0 0.7219208279171564 0.8352398912558507 0.02543637662320535 0.026018671939110227