0 0.534375 0.4921875 0.0515625 0.0703125
0 0.46875 0.4796875 0.0609375 0.0640625
0 0.628125 0.54375 0.0375 0.071875
0 0.38125 0.675 0.071875 0.0578125
0 0.5046875 0.5171875 0.04375 0.071875
0 0.5375 0.4359375 0.075 0.0390625
0 0.440625 0.421875 0.0671875 0.0578125
0 0.4046875 0.5640625 0.0703125 0.05625
0 0.4609375 0.5609375 0.046875 0.06875
0 0.50625 0.6265625 0.0453125 0.0734375
0 0.484375 0.5875 0.05 0.071875
0 0.4515625 0.359375 0.0640625 0.065625
0 0.340625 0.5796875 0.04375 0.0734375
0 0.471875 0.7140625 0.0625 0.065625