0 0.09105868498267926 0.2178682351692771 0.05245661465389255 0.04716589149054791
0 0.02699618498267926 0.21824093989154142 0.05253850180902231 0.04872839149054773
0 0.01328125 0.29375 0.0265625 0.05
0 0.171875 0.38125 0.05 0.015625
0 0.740625 0.35234375 0.071875 0.0734375
0 0.7419307089542545 0.2897421934075828 0.08394563206674714 0.0817136083130606
0 0.971875 0.3 0.05625 0.09375
0 0.83984375 0.36328125 0.0953125 0.0515625
0 0.8134781603337355 0.2830740368899204 0.06716756784239593 0.08942611436318479
0 0.9248118080043148 0.3496343021134267 0.08682497060135788 0.07704428903121965
0 0.67421875 0.3546875 0.0671875 0.06875
0 0.18581790705437512 0.7608455546475096 0.04752345318850324 0.042451120413308986
0 0.1604151153312611 0.7234819100337038 0.04596095318850333 0.042442030054229286
0 0.19347992084918503 0.6982819221339522 0.046042840343633 0.04400453005422929
0 0.21105692446722965 0.7950841992613153 0.04596095318850324 0.042442030054229286
0 0.27734375 0.69765625 0.0453125 0.0421875
0 0.09659163274411564 0.7582387051150479 0.049167840343633085 0.04402271077238851
0 0.2953125 0.6265625 0.009375 0.04375
0 0.2511352905914603 0.6651239884889268 0.04604284034363308 0.04400453005422929
0 0.2615548914505429 0.7744717174116879 0.04439845318850324 0.04243293969514959
0 0.13489721619034373 0.8330387172152962 0.04596095318850324 0.042442030054229286
0 0.0830138116223594 0.797392108705844 0.04760534034363299 0.04401362041330899
0 0.24867867593756773 0.6182489884889268 0.046042840343633 0.04400453005422929
0 0.15779472636710903 0.6734819100337038 0.046042840343633 0.04400453005422929
0 0.20591132179912472 0.637253518543156 0.044480340343633 0.04399543969514959
0 0.1149454850735363 0.6909239400879331 0.04587906603337357 0.040879530054229465
0 0.14206126300184044 0.7907966750608184 0.04587906603337357 0.040879530054229285
0 0.29140625 0.7875 0.0171875 0.040625
0 0.28203125 0.928125 0.0359375 0.04375
0 0.18810410334547348 0.8342921450065892 0.04431656603337357 0.040870439695149585
0 0.28125 0.87578125 0.0375 0.0421875
0 0.19039694368910656 0.8780421450065891 0.04596095318850324 0.042442030054229286
0 0.39521283921197925 0.46395237392935035 0.02310330732694634 0.023564765027114732
0 0.545471788782438 0.40837401873954776 0.023021420171816586 0.022002265027114644
0 0.3702128392119793 0.46409781967462427 0.023021420171816586 0.02200226502711473
0 0.5175924502478273 0.4132251452029809 0.021458920171816588 0.02199317466803503
0 0.3537689676606818 0.4485637232654204 0.023021420171816586 0.02200226502711473
0 0.4944824988683463 0.4196115005891752 0.021458920171816588 0.02199317466803503
0 0.3665832281761313 0.5141341811109428 0.023103307326946255 0.023564765027114732
0 0.4708812245580868 0.4166228559753694 0.0230214201718165 0.02200226502711473
0 0.4124755823145743 0.49511147033855424 0.02310330732694634 0.023564765027114732
0 0.37384245024782725 0.41406145823830576 0.023021420171816586 0.022002265027114554
0 0.38125 0.39765625 0.021875 0.0171875
0 0.3556656603337355 0.4251080425472612 0.023021420171816586 0.022002265027114554
0 0.3946462731786057 0.42331828357027074 0.023021420171816586 0.022002265027114554
0 0.6036937245580868 0.41585017545360187 0.023021420171816586 0.022002265027114644
0 0.3421011273170487 0.40486826541989807 0.0230214201718165 0.022002265027114644
0 0.335844483264514 0.4346012172152962 0.0230214201718165 0.02200226502711473
0 0.39019114653892556 0.48742623536566876 0.023103307326946255 0.023564765027114732
0 0.359375 0.39609375 0.021875 0.0140625
0 0.45155801447217847 0.4057944402843249 0.021458920171816498 0.02199317466803503
0 0.4030386273170487 0.404513741415793 0.021458920171816498 0.02199317466803503
0 0.34709624377996356 0.5001807654198981 0.023103307326946255 0.023564765027114732
0 0.33888095205684954 0.4627171268562165 0.02310330732694634 0.023564765027114732
0 0.3667536465389255 0.48756259075186303 0.023021420171816586 0.02200226502711473
0 0.42976490162730824 0.4074842053114395 0.023021420171816586 0.022002265027114644
0 0.4166850474888652 0.4263160185431561 0.023021420171816586 0.022002265027114554
0 0.36172530981333717 0.5407330425472612 0.024665807326946343 0.023573855386194255
0 0.534609531885033 0.4396967416121848 0.023021420171816586 0.02200226502711473
0 0.3863358061952925 0.4436853257247485 0.02310330732694634 0.023564765027114732