0 0.35612300171585964 0.2799946063273707 0.04346049498543501 0.04448638555165916
0 0.22265625 0.32265625 0.0453125 0.0328125
0 0.1747820735026143 0.2799558758091313 0.04502299498543501 0.04451365909060954
0 0.40437864528936895 0.2870900860348312 0.04502299498543501 0.04451365909060954
0 0.11364599670129474 0.23198993425111764 0.04350595909205772 0.046048885551659244
0 0.20040185062050303 0.20536497889338637 0.04506845909205772 0.04607615909060954
0 0.15891303259467202 0.23434336688067753 0.04506845909205772 0.04607615909060954
0 0.2930774324363874 0.2976536647693571 0.04502299498543501 0.04451365909060954
0 0.06960649168672979 0.1874490016215578 0.04663095909205772 0.04610343262955983
0 0.4708052788337483 0.20695830113179517 0.04502299498543501 0.04451365909060954
0 0.42890625 0.32578125 0.0453125 0.0265625
0 0.2115833915284453 0.25089566720498907 0.04502299498543501 0.04451365909060954
0 0.3273447838483133 0.24822640908731425 0.04346049498543501 0.04448638555165925
0 0.28332199920857715 0.2568377499967047 0.04341503087881229 0.04292388555165916
0 0.5434698890211628 0.23480265746246115 0.04497753087881229 0.042951159090609536
0 0.49296875 0.3171875 0.0453125 0.04375
0 0.295714350620503 0.2070286647693571 0.04502299498543501 0.04451365909060954
0 0.5984375 0.33359375 0.046875 0.0109375
0 0.5967312813410308 0.23104245778677274 0.046585494985435 0.044540932629559826
0 0.6271341836900287 0.31442770210472987 0.04502299498543501 0.04451365909060954
0 0.68046875 0.16484375 0.0171875 0.0453125
0 0.542151429929105 0.28011515746246113 0.04502299498543501 0.04451365909060954
0 0.6546968940357278 0.2805163522668856 0.04502299498543536 0.04451365909060954
0 0.68125 0.24453125 0.015625 0.0453125
0 0.6449869249145401 0.23813793749423323 0.04502299498543501 0.04451365909060954
0 0.574100111903274 0.3103754017804183 0.046585494985435 0.044540932629559826
0 0.6032707863555957 0.2749288254815244 0.04497753087881229 0.042951159090609536
0 0.94921875 0.01015625 0.0453125 0.0203125
0 0.78046875 0.01171875 0.0453125 0.0234375
0 0.8872580267886843 0.06016512174864621 0.04497753087881229 0.042951159090609536
0 0.90859375 0.01328125 0.0453125 0.0265625
0 0.70546875 0.059375 0.0328125 0.04375
0 0.8736883056224325 0.3116185275928448 0.04506845909205772 0.04607615909060954
0 0.8080706319615338 0.041586671262178854 0.04497753087881229 0.042951159090609536
0 0.9597240601747792 0.041107204540361854 0.046585494985435 0.044540932629559826
0 0.98515625 0.0859375 0.0296875 0.04375
0 0.7245521236482636 0.27931276785361214 0.04506845909205772 0.04607615909060954
0 0.9190295493542265 0.2576946866834543 0.04667642319868044 0.04766593262956
0 0.69375 0.30234375 0.009375 0.0484375
0 0.950774957509212 0.08003333684561013 0.046585494985435 0.044540932629559826
0 0.7269617212992656 0.19650026785361216 0.04502299498543501 0.04451365909060954
0 0.9890625 0.12734375 0.021875 0.0453125
0 0.8105925752184738 0.1698207654179802 0.04502299498543501 0.04451365909060954
0 0.9127293882297399 0.09812877191080194 0.04497753087881247 0.042951159090609536
0 0.8179216904204534 0.2402969066516823 0.04350595909205772 0.04604888555165907
0 0.8772966904204533 0.24133330113179516 0.04502299498543501 0.04451365909060954
0 0.7888372471635131 0.11159916233372513 0.04346049498543501 0.04448638555165907
0 0.7443023339939625 0.24526505032101625 0.04506845909205772 0.04607615909060954
0 0.8447977421489481 0.06880373619698706 0.04497753087881229 0.042951159090609536
0 0.7630188932443049 0.1392877857105197 0.04497753087881229 0.042951159090609536
0 0.884728757192643 0.2008173952875965 0.04506845909205772 0.04607615909060954
0 0.9178474825820369 0.2983196866834543 0.04663095909205772 0.04610343262956
0 0.8529499082879998 0.2721741980475401 0.04511392319868044 0.047638659090609534
0 0.748939672869476 0.08589005032101626 0.04502299498543501 0.04451365909060954
0 0.8196827672217729 0.2872264537295829 0.04511392319868044 0.047638659090609534
0 0.79765625 0.315625 0.0453125 0.046875
0 0.86484375 0.00703125 0.0421875 0.0140625
0 0.70625 0.1015625 0.034375 0.04375
0 0.9311945802330388 0.2156981014561067 0.04667642319868044 0.04766593262955983
0 0.91328125 0.3265625 0.0453125 0.025
0 0.98359375 0.01796875 0.0328125 0.0359375
0 0.9069052855641729 0.13710945129395088 0.04336956677218975 0.041361385551659066
0 0.3305774324363875 0.664759344152506 0.06390938730530316 0.049528441558013545
0 0.43815528556417294 0.9433400860348312 0.05641513605166182 0.06032957386326192
0 0.4607195735026142 0.6513980478853842 0.05775031551854859 0.05254434740221221
0 0.2692809166012699 0.8372149967502939 0.03315949247815268 0.06617047077900687
0 0.21191103431053165 0.9284479228870319 0.04869356426490725 0.06331820616851011
0 0.4372245860390266 0.7604184918790299 0.04713106426490725 0.06329093262956001
0 0.5315248523363627 0.9043242248329013 0.054761707838416385 0.05717730032431163
0 0.4927759040648576 0.7316855657422918 0.06814224623907635 0.03398526217486477
0 0.4772752730277606 0.8345923774306889 0.06814224623907635 0.0339852621748646
0 0.3535937321198183 0.7870979943146619 0.06988660266556704 0.040262535713814884
0 0.21539505014564927 0.7549831493480816 0.06092077962517113 0.05416139448011279
0 0.35607021127013583 0.9168945884704632 0.06390938730530316 0.049528441558013545
0 0.3996624015575751 0.7081741534052713 0.05627874373179385 0.05564207386326192
0 0.42791177052047813 0.8118446241842783 0.062210494985435 0.04481366801906326
0 0.2548045426238019 0.6900127142828898 0.045523100158284535 0.06170115909060954
0 0.4514569191085524 0.8622810008074836 0.06818771034569907 0.03554776217486459
0 0.4511794374509524 0.7106366801906325 0.05775031551854841 0.05254434740221221
0 0.4257080760098967 0.6726730300284769 0.03936402837152997 0.0647170649348082
0 0.39485522961253583 0.7659321063273706 0.056324207838416386 0.05720457386326174
0 0.1724179399582349 0.7276569902574721 0.06827863855894431 0.038672762174864594
0 0.4805654090794224 0.7752446509696395 0.03315949247815268 0.06617047077900687
0 0.36642870124100596 0.829530956165215 0.06809678213245363 0.032422762174864596
0 0.26696224716351313 0.9169024967502939 0.045523100158284535 0.06170115909060954
0 0.51171875 0.9671875 0.0296875 0.065625
0 0.70546875 0.4578125 0.0328125 0.096875
0 0.70859375 0.60859375 0.0390625 0.0984375
0 0.7109375 0.75859375 0.04375 0.1015625
0 0.71484375 0.91015625 0.0515625 0.1046875