0 0.396875 0.5078125 0.03125 0.0296875
0 0.728125 0.528125 0.03125 0.0296875
0 0.4109375 0.5859375 0.03125 0.03125
0 0.49375 0.6359375 0.0296875 0.03125
0 0.721875 0.4640625 0.03125 0.0296875
0 0.346875 0.615625 0.03125 0.03125
0 0.7390625 0.49375 0.0328125 0.03125
0 0.6375 0.528125 0.0296875 0.03125
0 0.815625 0.5734375 0.0328125 0.03125
0 0.5703125 0.5984375 0.03125 0.03125
0 0.690625 0.4078125 0.0296875 0.0296875
0 0.5265625 0.625 0.0296875 0.03125
0 0.475 0.5734375 0.03125 0.03125
0 0.5640625 0.43125 0.0296875 0.0296875
0 0.6609375 0.578125 0.03125 0.03125
0 0.5625 0.3890625 0.0296875 0.0296875
0 0.6796875 0.4921875 0.03125 0.0296875
0 0.4875 0.425 0.0296875 0.0296875
0 0.409375 0.3984375 0.0296875 0.0296875
0 0.671875 0.4421875 0.0296875 0.0296875
0 0.6046875 0.41875 0.0296875 0.0296875
0 0.4671875 0.5390625 0.0296875 0.03125
0 0.44375 0.478125 0.0296875 0.0296875
0 0.5890625 0.5515625 0.0296875 0.03125
0 0.728125 0.621875 0.0328125 0.03125
0 0.5375 0.590625 0.0296875 0.03125
0 0.50625 0.4640625 0.0296875 0.0296875
0 0.46875 0.4546875 0.0296875 0.0296875
0 0.628125 0.46875 0.0296875 0.0296875
0 0.6328125 0.5625 0.0296875 0.0296875
0 0.2921875 0.6734375 0.0328125 0.0328125
0 0.4359375 0.565625 0.0296875 0.0296875
0 0.4578125 0.509375 0.0296875 0.0296875
0 0.471875 0.396875 0.0296875 0.0296875
0 0.60625 0.5125 0.0296875 0.0296875
0 0.521875 0.5515625 0.0296875 0.03125
0 0.546875 0.484375 0.0296875 0.0296875
0 0.496875 0.4953125 0.0296875 0.0296875
0 0.525 0.5109375 0.0296875 0.0296875
0 0.55625 0.5453125 0.0296875 0.0296875
0 0.6 0.48125 0.0296875 0.03125
0 0.575 0.503125 0.0296875 0.0296875
0 0.6046875 0.45 0.0296875 0.0296875