0 0.07490004217180601 0.2224524239338212 0.060720600873680655 0.05850339067472685
0 0.38936650493708386 0.43760251989182314 0.060756968464860964 0.060065890674726855
0 0.3251182477188893 0.22891841056655 0.060684233282499986 0.05694089067472703
0 0.06650435429215307 0.130337649268003 0.059158100873680654 0.05848520934118149
0 0.22929529502159757 0.14094679057927678 0.06075696846486114 0.06006589067472694
0 0.3208281783803475 0.11174909190009555 0.05912173328249999 0.05692270934118149
0 0.1863103208571532 0.24147404925209467 0.06231946846486132 0.06008407200827222
0 0.17242704597152808 0.11503881858691276 0.059194468464861136 0.06004770934118149
0 0.37257512917777824 0.25337297056018676 0.0590853656913195 0.055360209341181486
0 0.691909623478195 0.3397512013049104 0.03353985182361115 0.03163180800445424
0 0.7301369753018061 0.3705648492998197 0.03353985182361115 0.03163180800445424
0 0.6848244753018061 0.3710921079726376 0.03037848423243057 0.030032945337363514
0 0.6840256947165978 0.4039227893061831 0.030414851823611144 0.03159544533736351
0 0.7107336650813201 0.4098637066359105 0.03037848423243066 0.030032945337363514