0 0.0328125 0.5265625 0.065625 0.08125
0 0.0375 0.28046875 0.075 0.0953125
0 0.8880877499967047 0.24492805759574204 0.06359094155801355 0.0676018303053814
0 0.7635786736978109 0.2628493969849792 0.06364548863591431 0.0707268303053814
0 0.7070480300284767 0.33156770395250135 0.043442082791715644 0.0753187354561323
0 0.7808400860348312 0.3578748545613245 0.04336026217486459 0.07063123545613248
0 0.8572195795420094 0.26425214244305134 0.05432503571381488 0.07308655575957416
0 0.633984451293951 0.43638300758604365 0.05577844155801355 0.06696410151720862
0 0.6132707564895264 0.32235245849442923 0.05120003571381497 0.07283146424430509
0 0.6311673685022353 0.36438046182840916 0.05435230925276535 0.07464905575957417
0 0.8168400413925625 0.27499845274455337 0.05887616801906326 0.06565669303247787
0 0.879589051942574 0.5625301457770313 0.04785684740221221 0.06007637272903636
0 0.9390889626580368 0.39575697608241267 0.06509889448011297 0.06460437606301603
0 0.7600208457740638 0.5059616681968064 0.07110343262955983 0.05105205909355419
0 0.8019514269442217 0.315910495168208 0.07261138555165925 0.04805460485118864
0 0.8447547613607904 0.17585932213960956 0.05136367694751698 0.08220646424430508
0 0.6302515251572128 0.4906878703131401 0.0726932061685102 0.052742104851188645
0 0.5859560543782061 0.45586658909937317 0.06512616801906326 0.06616687606301604
0 0.8450583189887027 0.46141418486670593 0.0433329886359143 0.06906873545613249
0 0.6755525681779238 0.31495428879981074 0.054297762174864594 0.07152405575957417
0 0.8902309025944926 0.1889331491110111 0.057450035713814886 0.07334164727484324
0 0.7220571956119081 0.47633807001357764 0.07570911201270887 0.04674719636645772
0 0.9530581850618965 0.21278497941639252 0.07288412094116267 0.06367960485118865
0 0.9734375 0.3328125 0.053125 0.06875
0 0.806104913144504 0.46447554092584264 0.043305715096963834 0.0675062354561323
0 0.9639640519425742 0.5694176166892962 0.04163412094116268 0.06112868969849785
0 0.8803333457740639 0.5157826915346657 0.05254434740221221 0.06045901000193972
0 0.67734375 0.028125 0.0859375 0.05625
0 0.8755173863591429 0.41865260001939664 0.07562729139585792 0.04205969636645772
0 0.99453125 0.45546875 0.0109375 0.0703125
0 0.728125 0.0109375 0.084375 0.021875
0 0.7426855211000231 0.31731375637809567 0.02935230925276535 0.07260832363742153
0 0.9285447491826305 0.5961715642637018 0.05399775324641087 0.05433655575957417
0 0.7063151931762761 0.5577475666795978 0.04174321509696392 0.06737868969849785
0 0.9190412897677096 0.49865883547552914 0.0417977621748646 0.07050368969849785
0 0.98359375 0.3921875 0.0328125 0.071875
0 0.7249991891190863 0.3767207072864812 0.07121252678536125 0.057302059093554195
0 0.7582796988616143 0.04865935122734468 0.08689207386326192 0.06170251666989941
0 0.905092243503883 0.1464586066873564 0.05448867694751698 0.08246155575957417
0 0.8384889448011291 0.3532190475938023 0.07409206493480802 0.04349465060882309
0 0.91354349187903 0.36246624396026006 0.07568183847375849 0.04518469636645772
0 0.7740094334370434 0.41348712577315183 0.06498980032431163 0.058354376063016036
0 0.8719014626580368 0.39027250850412754 0.07568183847375849 0.04518469636645754
0 0.65811169804754 0.38842373970819627 0.05583298863591431 0.07008910151720879
0 0.8693061168773821 0.5991373254735894 0.0709397913958579 0.041677059093554195
0 0.9201559561652151 0.2943539727484327 0.07587275324641088 0.056122196366457724
0 0.6996912719108019 0.4464274294066942 0.07570911201270877 0.04674719636645772
0 0.6991458011317951 0.4151774294066942 0.07576365909060953 0.04987219636645772
0 0.6678649788933864 0.14269665152690703 0.08522047970746058 0.05532497091226496
0 0.8048617873320774 0.5720329494105736 0.05865797970746058 0.05315669303247787
0 0.7495513555165918 0.1743290309239029 0.07145798863591431 0.07136455909355402
0 0.838964051942574 0.5592139560785334 0.05564207386326192 0.059151601517208975
0 0.8189401038917387 0.3953109527445534 0.04484094155801373 0.06607128121376693
0 0.7167036736978109 0.25902302425594315 0.04505912986961631 0.07857128121376693
0 0.8397083457740638 0.5124665018361678 0.05106366801906326 0.06501896424430509
0 0.935383310060249 0.451624338809509 0.04799321509696384 0.06788887272903601
0 0.9307969959362197 0.546426655778971 0.06183752678536116 0.05653678454774678
0 0.8561365462638264 0.11281718820068587 0.05147277110331831 0.08845646424430509
0 0.8826128660666033 0.4676002830499348 0.044868215096963836 0.06763378121376692
0 0.5709662540538945 0.4015936772806623 0.06975912094116259 0.06342451333591956
0 0.790035628241468 0.5271350375918626 0.06652502678536117 0.05691942182065048
0 0.5493718977232286 0.3264980824314133 0.06372730925276526 0.0754143303053814
0 0.5429819813290184 0.049808036673778755 0.08080571509696392 0.07056733363936125
0 0.97578125 0.49296875 0.0484375 0.0515625
0 0.5792072223972693 0.5161663603112003 0.07285684740221221 0.06211710485118864
0 0.7605196777550006 0.4451517139544411 0.055723894480112966 0.06383910151720862
0 0.9597251964259822 0.14779770820456523 0.05147277110331849 0.08845646424430509
0 0.79296875 0.03125 0.0578125 0.0625
0 0.98046875 0.60078125 0.0390625 0.0515625
0 0.7403629107088721 0.5418035733475575 0.05882162094116259 0.06253169303247788
0 0.5986434204514 0.19945709243335302 0.07759889448011288 0.06562474212409235
0 0.8738809740221225 0.32490260001939664 0.07261138555165907 0.04805460485118864
0 0.8122695438281944 0.19193086122928432 0.07143071509696401 0.06980205909355419
0 0.9710753482096959 0.4404953912351033 0.05418866801906326 0.06527405575957416
0 0.6656400056787476 0.19400406001163795 0.0730204886359143 0.07149210485118865
0 0.98671875 0.2484375 0.0265625 0.053125
0 0.98984375 0.5515625 0.0203125 0.065625
0 0.7987876964259822 0.134660495168208 0.07765344155801372 0.06874974212409235
0 0.9475172970746055 0.25289979638585436 0.06978639448011296 0.06498701333591957
0 0.5471706493480817 0.11100062818904784 0.07622730925276526 0.07643469636645772
0 0.6801969780793121 0.49164433455744516 0.058930715096964015 0.06878169303247787
0 0.990625 0.13828125 0.01875 0.0515625
0 0.903728566556366 0.06833360668735641 0.060820497564368026 0.08765923879011232
0 0.6134853961016706 0.06648509576733286 0.08228639448011296 0.06600737939699589
0 0.6545036826262646 0.2711086939505617 0.07899775324641087 0.0563772878817268
0 0.9859375 0.28671875 0.028125 0.0515625
0 0.7567242962605312 0.5852665309239029 0.07403751785690744 0.040369650608823096
0 0.5809025413925626 0.2557390433417385 0.06997730925276527 0.07592451333591957
0 0.7155581850618965 0.19339802425594313 0.07151253571381497 0.07448955909355401
0 0.98515625 0.08125 0.0296875 0.09375
0 0.8596240105500115 0.044449825473589444 0.07625458279171564 0.07799719636645772
0 0.7925843352240524 0.22621026638003539 0.08042388555165925 0.04869233363936125
0 0.7103603961016707 0.07439293274067404 0.08837275324641088 0.05714256242753404
0 0.98359375 0.02890625 0.0328125 0.0578125
0 0.5344990998345489 0.18954021637033708 0.037382997564368026 0.08574605242559433
0 0.9455105121715693 0.3167072048705853 0.07140344155801355 0.0682395590935542
0 0.85078125 0.0171875 0.0890625 0.034375
0 0.7204717816533298 0.11734570728648128 0.08530230032431155 0.060012470912264956
0 0.6282570081143796 0.10825800758604368 0.08837275324641088 0.05714256242753395
0 0.9415285754848197 0.08858220487058528 0.06391822402541755 0.0863518303053814
0 0.550007097398917 0.2735006281890479 0.07466480925276535 0.0763071506088231
0 0.6642095137931271 0.5589913312234653 0.029270488635914305 0.06792082363742154
0 0.96796875 0.51484375 0.0640625 0.0453125
0 0.98828125 0.2046875 0.0234375 0.04375
0 0.93984375 0.02578125 0.0859375 0.0515625
0 0.58828125 0.0171875 0.0859375 0.034375
0 0.9875 0.1765625 0.025 0.04375
0 0.7902115373353727 0.09027276638003538 0.08077844155801354 0.06900483363936125
0 0.6366888912304067 0.23376819061658177 0.08365797970746058 0.05519742515463051
0 0.5869149878218402 0.15325177212991123 0.07918866801906325 0.0673147878817268
0 0.2375968262955986 0.8061850666795978 0.11356366801906326 0.07012079454968649
0 0.4234375 0.8046875 0.071875 0.10625
0 0.4390625 0.84765625 0.040625 0.1078125
0 0.31953125 0.965625 0.0703125 0.06875
0 0.28575368262626455 0.8834489394086338 0.0907261858759707 0.10258260818516848
0 0.13671875 0.975 0.0890625 0.05
0 0.40674802110002306 0.9323324627464931 0.0921250446422686 0.09333515394280312