0 0.94609375 0.315625 0.0546875 0.028125
0 0.9286653288075695 0.2517305913596859 0.0519768303053814 0.06495661465389269
0 0.878125 0.30703125 0.0625 0.0453125
0 0.7897623254735895 0.2273370217082677 0.048851830305381407 0.064792840343633
0 0.8467139560785333 0.20076123360319825 0.06788887272903601 0.050232373360319826
0 0.8059292015366054 0.291972731794176 0.06109673879011233 0.06232293758467122
0 0.9796875 0.2796875 0.040625 0.05
0 0.77734375 0.3140625 0.0671875 0.03125
0 0.7455021424430514 0.21879418136463472 0.047799513335919565 0.07096095318850323
0 0.862115557595742 0.2560219436891066 0.06527405575957416 0.056318599050060314
0 0.8370836066873565 0.2733798620519007 0.062404147274843245 0.0592798247398008
0 0.8420906157712121 0.08694439506858753 0.051849284547746954 0.06339411465389251
0 0.7843734527445534 0.18038013455313795 0.06425368969849785 0.04381859905006032
0 0.7029642139544411 0.11699266395178007 0.044419421820650486 0.06767217887824373
0 0.7171875 0.01171875 0.065625 0.0234375
0 0.76640625 0.01015625 0.0578125 0.0203125
0 0.701943590017457 0.18072761533126105 0.04547173879011233 0.06150406603337366
0 0.7011149294066941 0.05621893826203959 0.04027405575957417 0.05500840456798421
0 0.7080977372923003 0.2370595024863908 0.055261326971401556 0.048014776119281774
0 0.32216023729230026 0.6224304364530173 0.030293277879787084 0.028036468792335612
0 0.49375 0.9671875 0.0125 0.034375
0 0.37263821153854504 0.7262038896415206 0.03211086939505616 0.03124335594746519
0 0.33134430546971017 0.5062255823145744 0.026913186364518005 0.0247476944820761
0 0.4740409569966172 0.8248671189493058 0.03380091515269079 0.032887743102595124
0 0.17678357759962132 0.7283861080951718 0.03198332363742162 0.02968085594746519
0 0.4191947339583203 0.6104018272261916 0.027040732122152633 0.0263101944820761
0 0.16074502092196324 0.4366080438708206 0.028475686364518006 0.024829581637205854
0 0.47174564911101113 0.6442722161903438 0.026913186364518005 0.0247476944820761
0 0.24409939698497923 0.5047649016273082 0.027040732122152633 0.0263101944820761
0 0.21390171395444102 0.49695904567984284 0.027040732122152543 0.0263101944820761
0 0.18995428879981063 0.41324578697341574 0.028475686364518006 0.024829581637205767
0 0.32027900183616786 0.5803248236081471 0.028603232122152634 0.02639208163720568
0 0.4861588354755291 0.6683648134313817 0.027040732122152633 0.0263101944820761
0 0.39263249183422816 0.5327747942095049 0.025223140606883555 0.023103307326946165
0 0.4429509694144528 0.6536538602428784 0.027040732122152633 0.0263101944820761
0 0.3022945342578828 0.512482226367109 0.02691318636451818 0.0247476944820761
0 0.38309799516820797 0.5493890841235967 0.02691318636451818 0.0247476944820761
0 0.43153575304411584 0.4756926345531379 0.025223140606883375 0.02310330732694634
0 0.49296875 0.48046875 0.0140625 0.0234375
0 0.38092997516432875 0.4465916327441157 0.023660640606883377 0.0230214201718165
0 0.3554197921337906 0.4390314382620396 0.025350686364518003 0.024665807326946343
0 0.3834486815327261 0.5727446969684669 0.026913186364518005 0.0247476944820761
0 0.484375 0.6953125 0.03125 0.028125
0 0.4636141557789708 0.6780740061044355 0.027040732122152633 0.0263101944820761
0 0.4859362106204612 0.4941017978275495 0.025223140606883375 0.023103307326946165
0 0.6307697048705853 0.6117851062861496 0.04563123545613248 0.04439845318850324
0 0.5894750251740271 0.6205116530976463 0.04563123545613248 0.04439845318850324
0 0.5735312897178946 0.5776690558566082 0.04719373545613248 0.04448034034363317
0 0.6536336357750916 0.4916297365438743 0.04719373545613248 0.044480340343633
0 0.5140625 0.625 0.028125 0.046875
0 0.5450558612292843 0.47660452283992144 0.04719373545613248 0.04448034034363317
0 0.6650810609297219 0.5746878980092636 0.04563123545613248 0.04439845318850324
0 0.5728618678972441 0.5122897173219976 0.04563123545613248 0.04439845318850324
0 0.5078125 0.659375 0.015625 0.046875
0 0.6041755118381075 0.552826186114333 0.04719373545613248 0.04448034034363317
0 0.5203125 0.57265625 0.040625 0.0453125
0 0.5171875 0.42734375 0.034375 0.0421875
0 0.6040482239563807 0.47502873473485197 0.04550368969849785 0.04283595318850324
0 0.5623711648628266 0.4028328301668678 0.04706618969849794 0.042917840343632996
0 0.6215544594125132 0.5179532191310198 0.04563123545613248 0.04439845318850324
0 0.5316952497101359 0.3701088613745322 0.04706618969849785 0.042917840343633086
0 0.5449597506282198 0.6088438127540131 0.04706618969849794 0.042917840343633176
0 0.51796875 0.50234375 0.0359375 0.0421875
0 0.6281556615288467 0.38916647783744707 0.04706618969849794 0.042917840343633086
0 0.5703125 0.33828125 0.046875 0.0171875
0 0.5607759403267177 0.6501239099950512 0.04875623545613248 0.04456222749876275
0 0.5440352372923003 0.5403394742194024 0.04706618969849794 0.042917840343633176
0 0.5078125 0.4671875 0.015625 0.04375
0 0.5843100666795978 0.36664302464894377 0.04550368969849794 0.04283595318850324
0 0.6293672172884209 0.4421277035271876 0.04706618969849785 0.042917840343633176
0 0.56243480880369 0.4417315558566083 0.04719373545613248 0.04448034034363317
0 0.5078125 0.53515625 0.015625 0.0453125