0 0.3899157381039185 0.148367362735328 0.05265377404661713 0.03455427513842757
0 0.4053919159640671 0.05581891733111988 0.05265377404661713 0.03455427513842757
0 0.3227282381039185 0.14406179210040726 0.05265377404661713 0.03455427513842757
0 0.4312699136018144 0.21649560147656102 0.05265377404661713 0.03455427513842757
0 0.4015328282999372 0.34710525138427595 0.055887901451278844 0.037879534237726276
0 0.3723115758528664 0.17997830813953614 0.04834821996293322 0.04519138648947951
0 0.4498313967267734 0.033722674270950215 0.03606647477225664 0.05064035009228505
0 0.2587054328391081 0.23038122146548642 0.05432540145127884 0.037779404688076924
0 0.24656753138782922 0.19530531461794115 0.04080853847458741 0.0525032387412331
0 0.2821776491738442 0.18823329425987553 0.026800602176918174 0.05316457279438911
0 0.43125 0.01640625 0.040625 0.0328125
0 0.2538145469969259 0.13496859191583707 0.04834821996293304 0.04519138648947969
0 0.3134970818433162 0.10293614435216059 0.04818452885594056 0.04050388648947969
0 0.5141865626060225 0.09085285625692299 0.03762897477225646 0.0507404796419344
0 0.38515625 0.00390625 0.0484375 0.0078125
0 0.34420642322046124 0.22338834669619906 0.03154266587924912 0.055027461443337165
0 0.27792168039203735 0.06635829425987554 0.03299603847458741 0.05200259099298634
0 0.5094643462712865 0.13420233805832565 0.04991071996293321 0.045291516039128864
0 0.2511855987183572 0.2829054441675904 0.04840278366526398 0.046753886489479514
0 0.19558040634542023 0.029901557678110847 0.04080853847458741 0.05250323874123301
0 0.503125 0.0140625 0.05 0.028125
0 0.30859375 0.0125 0.0390625 0.025
0 0.4287054195922642 0.14305810147656112 0.03143353847458741 0.05190246144333699
0 0.3599505074260302 0.4956638648947962 0.031815484390903315 0.06283996144333699
0 0.4706994905509892 0.3187985811184954 0.048293656260602266 0.04362888648947969
0 0.5141072393698629 0.4010894494093778 0.053090283665263985 0.04705427513842757
0 0.67578125 0.18671875 0.0328125 0.0453125
0 0.7749553930985764 0.06430894509044113 0.045277783665263985 0.046553627390180985
0 0.8431796034428626 0.09830201572536193 0.045223219962933214 0.044991127390180984
0 0.9109325878337661 0.16344495681063337 0.048348219962932856 0.04519138648947951
0 0.67265625 0.3 0.0265625 0.04375
0 0.8540278234057957 0.14109029302325782 0.04360615626060227 0.04332849784053163
0 0.8878621647829409 0.261742754466595 0.04678571996293286 0.045091256939830335
0 0.6734375 0.34140625 0.028125 0.0453125
0 0.7889484604291044 0.15250985193798633 0.04366071996293321 0.04489099784053163
0 0.8031250662342195 0.29061062923588227 0.045223219962933214 0.044991127390180984
0 0.7072272344757213 0.17845298580657235 0.040481156260602266 0.0431282387412331
0 0.67265625 0.0328125 0.0265625 0.046875
0 0.7394990758528663 0.29900531770026006 0.04366071996293321 0.04489099784053181
0 0.864350253713015 0.2134659407715045 0.04684028366526398 0.04665375693983016
0 0.7363046431833944 0.3861047995016628 0.045223219962933214 0.044991127390180984
0 0.7510317981780522 0.1828191131967533 0.04360615626060227 0.04332849784053163
0 0.6899454760382009 0.08536431985972844 0.042043656260602094 0.04322836829088228
0 0.8436756551642939 0.246439127076414 0.045223219962933214 0.044991127390180984
0 0.8258135433687288 0.18137533157992075 0.045223219962933214 0.044991127390180984
0 0.7597222958157996 0.34239437229605196 0.045223219962933214 0.044991127390180984
0 0.8567411395551974 0.3080775339239592 0.04684028366526398 0.046653756939830336
0 0.678125 0.4234375 0.0375 0.046875
0 0.8234574136018145 0.33712468383167415 0.045223219962933214 0.044991127390180984
0 0.9063343678708329 0.12105719771133475 0.04840278366526398 0.04675388648947969
0 0.717698486922792 0.34437837445552033 0.04371528366526398 0.046453497840531634
0 0.681726270588056 0.3857252652639366 0.04371528366526398 0.04645349784053181
0 0.7951786130615094 0.10769799968623292 0.04360615626060209 0.04332849784053163
0 0.7663145469969258 0.26330764959394787 0.04366071996293321 0.04489099784053163
0 0.7101736744015876 0.26282798580657235 0.045277783665263985 0.046553627390180985
0 0.9181300181409853 0.23562034545958133 0.04522321996293286 0.044991127390180984
0 0.04453125 0.70234375 0.0890625 0.1265625
0 0.06224709509016009 0.807146375692138 0.10420140507947587 0.12672079117755644
0 0.03671875 0.6234375 0.0734375 0.046875
0 0.05852687276497433 0.9238332279438914 0.09181053248413758 0.12904475478036198
0 0.8859375 0.98671875 0.05 0.0265625
0 0.9288691106992568 0.961212114433371 0.04927580290255769 0.07175388648947952
0 0.82109375 0.971875 0.0609375 0.05625
0 0.8096180805773718 0.6713905459579186 0.0446974303072194 0.07457849784053164
0 0.9796875 0.82109375 0.040625 0.0640625
0 0.8524950613400781 0.6491941733480996 0.04922123920022674 0.0701913864894796
0 0.9642411263083535 0.9026777236249547 0.041572430307219396 0.0743782387412331
0 0.98828125 0.9015625 0.0234375 0.065625
0 0.87578125 0.965625 0.0515625 0.06875
0 0.8216915277596322 0.9278408050572171 0.06791667549789597 0.0698304410852714
0 0.8507242633316618 0.9109932665005542 0.06155754809323426 0.06630492288667415
0 0.8096429063454202 0.8506775277593214 0.03381449400955021 0.07544009099298635
0 0.865947470047751 0.8558446915466968 0.07060516587924912 0.05753070018457009
0 0.9118254544386545 0.9195858189368777 0.0703869110699257 0.051280700184570094
0 0.9232688967267734 0.8454869848837216 0.06295635698624161 0.06171755243632351
0 0.9637302056197807 0.8434028531746041 0.06301092068857254 0.06328005243632351
0 0.96640625 0.67265625 0.0671875 0.0546875
0 0.9017510168750409 0.6757356893872284 0.06978671034428627 0.03409320018457018
0 0.97734375 0.71953125 0.0453125 0.0484375
0 0.9216865493591786 0.8001744848837216 0.07184028366526399 0.04825582973421945
0 0.8791518197775986 0.7428836165928393 0.0720585384745874 0.05450582973421945
0 0.9309127272193273 0.7072255212809162 0.07189484736759484 0.049818329734219444
0 0.821230192372937 0.7360538232558145 0.06742560217691818 0.05576794108527148
0 0.8605456635169965 0.7011571915466968 0.07145833774894798 0.037318329734219446
0 0.9034027969121079 0.6337484484865271 0.06430060217691817 0.05556768198597286
0 0.98671875 0.9578125 0.0265625 0.071875
0 0.8552083774894796 0.8161814142488009 0.06586310217691826 0.05566781153562221
0 0.95625 0.96796875 0.040625 0.0640625
0 0.8912897212288774 0.7779595234403847 0.07323909255827141 0.043668459283868796
0 0.96328125 0.7765625 0.0734375 0.04375
0 0.8244296034428625 0.7830289528054638 0.06764385698624169 0.06201794108527148
0 0.97109375 0.63515625 0.0578125 0.0484375
0 0.9586756286706061 0.7433027236249548 0.07641865626060226 0.04543121838316742
0 0.8965625529873756 0.884309652990034 0.07814484736759483 0.050218847932816855