0 0.21676790581814762 0.5287357473980082 0.048746075934727705 0.04768722749876275
0 0.38521117511417946 0.5951463986866321 0.050308575934727706 0.04776911465389251
0 0.4581321473192851 0.8386374491161736 0.05187107593472788 0.04785100180902226
0 0.47778271910482817 0.8925813206674709 0.05187107593472788 0.04785100180902226
0 0.33303705893700286 0.810293363860923 0.05019017676456468 0.04620661465389251
0 0.05779657013515767 0.5873250961093842 0.048746075934727705 0.04768722749876275
0 0.41677159627966665 0.7446484317033188 0.05030857593472789 0.047769114653892684
0 0.2547936597668398 0.8046365061044355 0.048746075934727705 0.04768722749876275
0 0.42605519835890354 0.9287777702379296 0.05187107593472788 0.04785100180902226
0 0.37250137802325334 0.7765668170494264 0.050308575934727706 0.047769114653892684
0 0.4171875 0.97890625 0.053125 0.0421875
0 0.10820392491368684 0.8623184520568495 0.050426975104890734 0.049331614653892505
0 0.45990998010249023 0.9647905133405246 0.053670374275053945 0.0510578889641522
0 0.3756693091374955 0.5308382372212429 0.050308575934727706 0.04776911465389251
0 0.41937822325401297 0.8817389959276701 0.051989475104890916 0.049413501809022264
0 0.25027302574352384 0.8682076831736569 0.053670374275053764 0.0510578889641522
0 0.17815753694167863 0.6558847455889859 0.050308575934727706 0.047769114653892684
0 0.6436678282330347 0.9344590456798428 0.025213487552445457 0.024665807326946166
0 0.53046875 0.9171875 0.0234375 0.025
0 0.6722431141258062 0.9624136273170487 0.02533188672260831 0.026228307326946344
0 0.6150459207645019 0.9469656897323777 0.025213487552445367 0.024665807326946166
0 0.6213425423402633 0.9068320126631562 0.025213487552445367 0.024665807326946166
0 0.6186212066572734 0.9736100768875074 0.02521348755244528 0.024665807326946166
0 0.6635300423402632 0.9090429658516594 0.025213487552445457 0.024665807326946343
0 0.61171875 0.9921875 0.0265625 0.015625
0 0.5551255464894482 0.8955802521477066 0.02521348755244528 0.024665807326946166
0 0.5924838365314045 0.9162136567156909 0.025213487552445367 0.024665807326946166
0 0.5951585506386331 0.8898968181810801 0.025213487552445367 0.024665807326946166
0 0.5361872149556431 0.9537269448207603 0.02677598755244537 0.0247476944820761
0 0.5680292108064583 0.9631771879233554 0.025213487552445367 0.024665807326946166
0 0.56796875 0.990625 0.0265625 0.01875
0 0.6671875 0.996875 0.025 0.00625
0 0.5899275215943389 0.9440929952503015 0.025213487552445367 0.024665807326946166
0 0.5772373448297742 0.899851672319523 0.02365098755244537 0.024583920171816587
0 0.5317113572773289 0.87412133197589 0.02521348755244528 0.024665807326946166
0 0.5935028074871104 0.9707373824054313 0.02365098755244537 0.024583920171816587
0 0.5504632025080884 0.9778195420617983 0.025213487552445367 0.024665807326946166
0 0.546875 0.99296875 0.025 0.0140625