0 0.42265625 0.23984375 0.0328125 0.0734375
0 0.41875 0.1796875 0.040625 0.0625
0 0.225 0.48203125 0.05 0.0546875
0 0.3768131538759721 0.1661714170333754 0.046949041603125075 0.07215884288963732
0 0.27033972264583295 0.4402217292769343 0.0484751740119445 0.0706600098858317
0 0.42578125 0.4921875 0.0265625 0.034375
0 0.16194534118694404 0.46082870653952135 0.05933993882958335 0.06798067885919253
0 0.38080836322277756 0.263301085018153 0.06856946846486114 0.06211268083635879
0 0.39367073271381914 0.3154365879839025 0.06384560087368066 0.060359179847775654
0 0.16754725664951373 0.15295253954332697 0.0438604091943056 0.07359400889724857
0 0.39921875 0.49140625 0.0421875 0.0359375
0 0.3424355410344442 0.2992730771094876 0.06548083605604171 0.06354784684397004
0 0.3650339735957635 0.4706679160447923 0.039136541603125075 0.07184050790866543
0 0.4234375 0.37265625 0.03125 0.0640625
0 0.21187913810840264 0.12973521543676994 0.048438806420763925 0.06909750988583174
0 0.3982478235195135 0.3875662559686801 0.05759560087368065 0.060104511862998145
0 0.3092580587018746 0.38081223718559976 0.04073540919430556 0.07346667490485981
0 0.3753220826375692 0.23023391703337542 0.0668978656913195 0.05736151384016441
0 0.25234375 0.49609375 0.0546875 0.0265625
0 0.3530807938842358 0.3794699130790427 0.060793336056041716 0.0633568458553869
0 0.41640625 0.29375 0.0453125 0.071875
0 0.2169601495075691 0.4489945514063251 0.05011040919430556 0.07384867688202626
0 0.42734375 0.428125 0.0234375 0.04375
0 0.41171875 0.15 0.0546875 0.053125
0 0.1647079716959024 0.4093298735357157 0.0671524388295834 0.0682990138401646
0 0.19483188279006908 0.3917895464634092 0.06082970364722229 0.0649193458553869
0 0.4109375 0.46015625 0.05625 0.0421875
0 0.1571149836637497 0.3323853715585494 0.03295927678548618 0.07471083992388783
0 0.21332861607256914 0.33623988342154754 0.06998649810013893 0.05592634783255317
0 0.38480226614881907 0.42768191999912497 0.07122168977951393 0.04192751482874755
0 0.2556602800165274 0.39896005931499046 0.06984102773541671 0.04967634783255317
0 0.27146842439319413 0.32453306228073997 0.06228310087368065 0.06029551285158128
0 0.4046875 0.12109375 0.06875 0.0484375
0 0.3122025271667358 0.32150090418179417 0.06231946846486114 0.06185801285158128
0 0.3271040946054165 0.15163407315515492 0.06991376291777787 0.05280134783255326
0 0.315625 0.48984375 0.06875 0.0390625
0 0.25977112424069426 0.15514639231879607 0.06944098423243057 0.03248884783255326
0 0.34636193446118035 0.197774244105682 0.06980466014423614 0.04811384783255326
0 0.2725230845374303 0.27922056228074 0.07133079255305556 0.046615014828747636
0 0.23317095022874978 0.2228777203796858 0.07147626291777787 0.052865014828747635
0 0.2872051400082637 0.18597989825029515 0.07136716014423614 0.04817751482874755
0 0.1754311854111109 0.21739704152049333 0.0668251305089584 0.05423651384016441
0 0.21692900759944425 0.1815523834215475 0.07107621941479172 0.03567751482874763
0 0.2638780492025693 0.11308622631118485 0.06370013050895836 0.054109179847775656
0 0.33142269301055516 0.4364547421285156 0.029761541603125073 0.07145850593149916
0 0.20486280585208308 0.29679538144438117 0.06526263050895835 0.054172846843970036
0 0.2982465170987496 0.4507427352084335 0.039136541603125075 0.07184050790866543
0 0.37422974848138857 0.34436008402956986 0.06951371941479163 0.03561384783255326
0 0.24330836322277755 0.25769838935304656 0.07278418977951392 0.04199118182494201
0 0.31685496599631924 0.2560032381741829 0.07278418977951392 0.04199118182494201
0 0.17590265767569419 0.2643357085166877 0.0669706008736806 0.060486513840164416
0 0.3389507843849304 0.11301724212851565 0.07133079255305556 0.046615014828747636
0 0.31296755300229145 0.22143723718559977 0.0759455573706945 0.04368101581733086
0 0.24239786702249969 0.36401205634924094 0.07761716014423614 0.04843218281352506
0 0.5540977800165274 0.33765378068325946 0.05766833605604162 0.06322951186299815
0 0.5253545309664579 0.36307027475176046 0.05766833605604162 0.06322951186299797
0 0.6021729105254858 0.28800129056909124 0.06835126291777786 0.05273768083635879
0 0.5496661595755553 0.25927411269848194 0.048438806420763925 0.0690975098858317
0 0.46484375 0.2171875 0.0515625 0.046875
0 0.6222295309664579 0.3670176285158127 0.048366071238402954 0.0659725098858317
0 0.5171459067257637 0.17818593878220526 0.06824216014423605 0.04805018083635879
0 0.4671875 0.35078125 0.05625 0.0484375
0 0.4578125 0.4890625 0.0375 0.040625
0 0.6083839300927774 0.4243207925462576 0.06533536569131951 0.05729784684397003
0 0.5757935549021524 0.21185528463759215 0.059194468464861136 0.06173067885919252
0 0.49497474031326344 0.4587992688202614 0.06678876291777787 0.052674013840164416
0 0.6046875 0.4796875 0.0625 0.059375
0 0.51484375 0.49921875 0.0546875 0.0203125
0 0.4736154186936109 0.09977709589256793 0.05614220364722229 0.06472834486680368
0 0.6551901141727081 0.22760230144350616 0.049855836056041804 0.06291117688202608
0 0.6119869344611804 0.13513095855386875 0.03906380642076392 0.06871550790866543
0 0.0296875 0.8953125 0.059375 0.05625
0 0.03046875 0.78515625 0.0609375 0.0515625
0 0.11913697929534664 0.9238512658545119 0.0578865416031249 0.07260451186299796
0 0.13040701329902743 0.6412297668430951 0.07307513050895835 0.05449118182494193
0 0.034375 0.64375 0.06875 0.05625
0 0.072884147607708 0.6936252549800969 0.05788654160312508 0.07260451186299796
0 0.03476851139916639 0.5841574130790427 0.05788654160312508 0.07260451186299806
0 0.10802025418097179 0.7967157628887623 0.04237064437666671 0.07665534190105419
0 0.13854551519888858 0.6947367688202614 0.05937630642076393 0.06954317885919252
0 0.24094316337527744 0.7301887905690913 0.0470945119678472 0.07840884288963731
0 0.11594316337527744 0.7250954308735398 0.0500740416031249 0.07228617688202625
0 0.13538153476618006 0.8306742688202613 0.03768314437666671 0.07646434091247087
0 0.07884190045749957 0.7736310899610689 0.04077177678548623 0.0750291749048598
0 0.8347334502287499 0.6454715978697343 0.041752395326597205 0.05009284190105419
0 0.99609375 0.72109375 0.0078125 0.0515625
0 0.9511935984051387 0.6814966225843136 0.04927395459715278 0.037911176882026075
0 0.8271716041047219 0.8359692638773455 0.04625805737069442 0.0424713428896375
0 0.9357828846899302 0.8732384536109528 0.044695557370694416 0.042407675893442943
0 0.8459956457078469 0.7663571008354838 0.03397626291777769 0.05133700692008229
0 0.8827319262930551 0.8006976087441492 0.04465918977951393 0.04084517589344294
0 0.8211021356398607 0.8951532628887623 0.03553876291777769 0.051400673916276673
0 0.8911977365135414 0.8401421107213155 0.04912848423243048 0.03166117688202626
0 0.9537704716959023 0.8395637905690911 0.04920121941479181 0.03478617688202625
0 0.8788094521286108 0.7004429407593716 0.03553876291777787 0.051400673916276673
0 0.9668536595755552 0.747821959542452 0.04916485182361115 0.03322367688202608
0 0.8774300965052776 0.6253156067669828 0.040153527735416715 0.048466674904859806
0 0.8265625 0.97890625 0.046875 0.0421875
0 0.8328384162250689 0.9284750988583175 0.05072735182361114 0.03328734387822045
0 0.98671875 0.82890625 0.0265625 0.0515625
0 0.7716138947579163 0.736738585018153 0.03557513050895835 0.052963173916276675
0 0.98203125 0.9 0.0359375 0.034375
0 0.9097645921368744 0.9159697816718426 0.029325130508958352 0.05270850593149916
0 0.7401859760643055 0.541524244105682 0.049455792553055565 0.045723676882026165
0 0.9875 0.6984375 0.025 0.05
0 0.852570341186944 0.8870516028126503 0.026200130508958353 0.05258117193911023