0 0.403125 0.5670388644450455 0.109375 0.051909147726523844
0 0.5328125 0.3640625 0.053125 0.10625
0 0.4125 0.3687650056787476 0.1109375 0.04724892126547413
0 0.4109375 0.4484252321397973 0.1140625 0.05199096834337489
0 0.4203125 0.5282763733734993 0.1109375 0.05193642126547413
0 0.4921875 0.4654684561652149 0.071875 0.10750458279171564
0 0.3765625 0.6009502142828896 0.1109375 0.04881142126547431
0 0.484375 0.3872070884704632 0.0703125 0.10122730925276535
0 0.403125 0.48422636444504547 0.1125 0.05352619480442442
0 0.496875 0.3061752767820659 0.1 0.07205800649282175
0 0.3984375 0.4060195438281945 0.1109375 0.05037392126547413
0 0.26875 0.5568808400953162 0.1078125 0.08000687418757338
0 0.8265625 0.5720421899331605 0.05625 0.06504434740221221
0 0.7578125 0.25677965421934557 0.0546875 0.06501707386326191
0 0.6859375 0.46802507142762995 0.0453125 0.06797843262956
0 0.7890625 0.3604501249983524 0.0546875 0.06657957386326192
0 0.7546875 0.31453760714144485 0.0671875 0.05117276217486477
0 0.83125 0.3893115105500115 0.0453125 0.06797843262955983
0 0.8453125 0.4864319724005647 0.0359375 0.06937729139585791
0 0.734375 0.5485580511350905 0.0703125 0.049664809252765355
0 0.846875 0.31302174593951493 0.0671875 0.04336026217486459
0 0.8203125 0.45630809577735915 0.040625 0.06945911201270896
0 0.946875 0.3960172524323367 0.0390625 0.06786933847375849
0 0.853125 0.3615683400953163 0.0546875 0.06345457386326192
0 0.79375 0.4355319456152033 0.040625 0.06789661201270895
0 0.740625 0.44397964529089184 0.0703125 0.04653980925276535
0 0.3015625 0.8396423417168741 0.0546875 0.05095457386326192
0 0.428125 0.9262264983718517 0.0546875 0.052517073863261744
0 0.33828125 0.67890625 0.0609375 0.0203125
0 0.45 0.7187958279171565 0.0578125 0.038509120941162676
0 0.128125 0.6991149788933864 0.04375 0.057013659090609535
0 0.3578125 0.7171866891190863 0.046875 0.05863070616851011
0 0.253125 0.8622343620094135 0.040625 0.061646612012708955
0 0.1078125 0.7925104228870319 0.0421875 0.06323638555165925
0 0.4015625 0.7460753482096958 0.0359375 0.06156479139585791
0 0.25625 0.7747889090873142 0.0609375 0.040126168019063255
0 0.3359375 0.8074298595737815 0.0453125 0.06172843262956
0 0.3546875 0.7749446420411857 0.0515625 0.050900026785361166
0 0.45078125 0.68203125 0.0390625 0.0265625
0 0.221875 0.9351263912304066 0.0359375 0.06468979139585755
0 0.3375 0.905894633112732 0.0578125 0.052571620941162675
0 0.4078125 0.7993094423654972 0.059375 0.04166139448011279
0 0.41328125 0.67734375 0.0359375 0.0171875
0 0.3015625 0.7224548417168741 0.053125 0.05248980032431163
0 0.1984375 0.7987797881461517 0.0625 0.03702844155801355
0 0.1921875 0.8799206939903502 0.0546875 0.05564207386326174
0 0.2609375 0.8108082297041653 0.0546875 0.04001707386326174
0 0.1859375 0.7626240998345489 0.0609375 0.03856366801906326
0 0.134375 0.8257865730491878 0.034375 0.06622501785690744
0 0.184375 0.7282218262955986 0.0609375 0.02918866801906326
0 0.20703125 0.678125 0.0421875 0.01875
0 0.334375 0.9527150860348312 0.0625 0.033903441558013725
0 0.240625 0.7463911736978108 0.0609375 0.03543866801906326
0 0.2609375 0.7014332297041653 0.0359375 0.06000229139585791
0 0.275 0.678125 0.040625 0.01875
0 0.390625 0.6943219334370434 0.0578125 0.04007162094116268
0 0.125 0.7537479318154856 0.053125 0.05092730032431163
0 0.04921875 0.68828125 0.0546875 0.0390625
0 0.4171875 0.8400980835991992 0.0578125 0.04944662094116268
0 0.075 0.7388126785690747 0.0375 0.0631545649348082
0 0.4453125 0.7515265073003053 0.059375 0.029161394480112967
0 0.0828125 0.67578125 0.05 0.0140625
0 0.9875 0.9515625 0.025 0.084375
0 0.73125 0.9461148896088488 0.0890625 0.043742091720169365
0 0.83125 0.96328125 0.071875 0.0734375
0 0.7890625 0.8455615105500115 0.0828125 0.06238299756436803