0 0.14382434483570608 0.3176773530055481 0.08797620435383653 0.10902507475773363
0 0.2807885983790852 0.5669010928660894 0.14900298439090348 0.0712080005042031
0 0.2765624337657805 0.37394876836045726 0.09181053248413776 0.12955609604505725
0 0.30125489891939006 0.3396501780153834 0.09137402286549072 0.11705609604505725
0 0.0171875 0.5015625 0.034375 0.134375
0 0.10626480273292165 0.45132037948865167 0.11621033175849824 0.11411676634364483
0 0.17198406117044218 0.36350330523512103 0.0835615228654909 0.11650979282674853
0 0.20381441452848675 0.3939227787520174 0.08205358656782166 0.11796303218308672
0 0.128125 0.6234375 0.125 0.090625
0 0.6018005359426987 0.29651291116753525 0.056815484390903316 0.0647616225281606
0 0.5062053268643567 0.07367670868586078 0.07178571996293312 0.04710422896477802
0 0.6797072811333752 0.308225943350622 0.0642460384745874 0.05437042574646931
0 0.6500941922033009 0.25916573047738733 0.06128472958157989 0.05883940445914604
0 0.4473908328548065 0.14318082551403832 0.07463790145127884 0.03951025025210155
0 0.7037598508261558 0.38195837429287155 0.059831356986241604 0.06185514381548422
0 0.684851138119617 0.2506319646379455 0.05665179328391083 0.06007412252816078
0 0.5230803136175128 0.17353459705346336 0.05374504809323426 0.06610560124083734
0 0.7738590744172861 0.25842232132666443 0.06871528366526398 0.04844820767745457
0 0.6954165827699885 0.4863180923618863 0.07496528366526398 0.04888525025210164
0 0.7396824818590146 0.29519034780976805 0.06866071996293303 0.046885707677454744
0 0.7226388255984124 0.3347227413731506 0.0730208377489479 0.03783848960843983
0 0.7203719758685649 0.22022319879850372 0.04749504809323426 0.06566855866619026
0 0.4966219626217209 0.30325494804219905 0.04760417549789597 0.06879355866619026
0 0.7584176128918735 0.2072204542463853 0.042916675497895795 0.06846577673520508
0 0.7013144410221746 0.18286531043090112 0.055034729581580066 0.05840236188449897
0 0.7687300863981855 0.4052973213266645 0.053690484390903494 0.06454310124083733
0 0.46223209365457973 0.21157019259431742 0.07469246515360961 0.04107275025210146
0 0.43671875 0.371875 0.0546875 0.0625
0 0.49836302269585475 0.38795772997318423 0.06440972958157998 0.05905792574646931
0 0.5781050863981856 0.39196752279993274 0.03672123920022692 0.0695912341605581
0 0.598859074417286 0.2461851292365501 0.05056548439090332 0.06432457995351389
0 0.6572916225105203 0.18761851240837255 0.0366666754978958 0.06802873416055819
0 0.7474701560909662 0.4758611936027236 0.04129961179556503 0.06679401609154337
0 0.13501980762706306 0.6985781557196536 0.046949411069925694 0.05004355866619026
0 0.07138386044480272 0.951004033191493 0.04689484736759484 0.048481058666190256
0 0.38334818022240136 0.7190755980618695 0.048511911069925695 0.05015281930985207
0 0.07843744701262434 0.8387225544788164 0.04533234736759484 0.048371798022528625
0 0.06484375 0.98515625 0.0484375 0.0296875
0 0.24384419220330092 0.8565541827069604 0.04684028366526398 0.046918558666190435
0 0.32587793140352767 0.7949389755337088 0.04694941106992552 0.05004355866619026
0 0.1131745455613455 0.8756105492830363 0.04684028366526398 0.046918558666190255
0 0.036686456631271194 0.8232725170999495 0.04533234736759475 0.048371798022528625
0 0.021875 0.93671875 0.04375 0.0484375
0 0.00546875 0.81796875 0.0109375 0.0484375
0 0.10685013449141981 0.922157767352051 0.04684028366526398 0.046918558666190435
0 0.04807533521705922 0.9008183628929052 0.04689484736759475 0.048481058666190256
0 0.0265625 0.69140625 0.046875 0.0453125
0 0.46875 0.6734375 0.04375 0.009375
0 0.5493749072720926 0.7463050975576664 0.04371528366526398 0.04670003737886681
0 0.4375 0.6875 0.04375 0.0375
0 0.5927429613557765 0.760301895580195 0.04371528366526398 0.04670003737886681
0 0.5077479132625424 0.817011081466123 0.04533234736759475 0.048371798022528625
0 0.7362747065464532 0.7766038747970747 0.04689484736759475 0.04848105866619044
0 0.4799899902117171 0.7148258685928883 0.045277783665263985 0.046809298022528624
0 0.47597212360682856 0.7850291079492266 0.04376984736759475 0.04826253737886681
0 0.5664135851322412 0.8414754859252689 0.04533234736759475 0.048371798022528625
0 0.5355108147138212 0.7844935124083726 0.04371528366526398 0.04670003737886681
0 0.5741368050951744 0.799725028499916 0.04371528366526398 0.04670003737886681
0 0.46964771253690296 0.8315763260182415 0.04538691106992569 0.04993429802252862
0 0.7459423724257024 0.7240251780153832 0.04845734736759475 0.04859031930985207
0 0.6796875 0.68203125 0.046875 0.0265625
0 0.73359375 0.68125 0.0484375 0.025
0 0.415625 0.78828125 0.0125 0.0484375
0 0.441939374787955 0.8625313950759919 0.04538691106992569 0.04993429802252862
0 0.5189383844066018 0.855385166615417 0.04533234736759475 0.048371798022528625
0 0.58203125 0.68515625 0.0421875 0.0328125
0 0.5556744925739698 0.8798824220632986 0.04533234736759475 0.048371798022528625