0 0.0578125 0.6734375 0.05 0.0484375
0 0.0515625 0.73125 0.05 0.0484375
0 0.4390625 0.5453125 0.04375 0.04375
0 0.0515625 0.775 0.0515625 0.046875
0 0.3421875 0.6765625 0.0453125 0.0453125
0 0.4265625 0.2421875 0.04375 0.046875
0 0.465625 0.671875 0.04375 0.04375
0 0.20625 0.246875 0.0453125 0.0453125
0 0.484375 0.5515625 0.04375 0.04375
0 0.409375 0.490625 0.04375 0.04375
0 0.403125 0.70625 0.0453125 0.0453125
0 0.3796875 0.6171875 0.0453125 0.0421875
0 0.2515625 0.2921875 0.0453125 0.0453125
0 0.25 0.6796875 0.0484375 0.046875
0 0.4109375 0.34375 0.0453125 0.0453125
0 0.4921875 0.425 0.04375 0.04375
0 0.3046875 0.3015625 0.0453125 0.0453125
0 0.1046875 0.7578125 0.0484375 0.0484375
0 0.434375 0.4140625 0.04375 0.0421875
0 0.559375 0.71875 0.0453125 0.046875
0 0.60625 0.3 0.04375 0.04375
0 0.41875 0.665625 0.04375 0.0453125
0 0.3890625 0.4328125 0.04375 0.0421875