0 0.3314517952183209 0.49792175938379585 0.041610647326811724 0.04579717887824373
0 0.44621297425633805 0.5995395703287867 0.039957142065139804 0.04415279172311415
0 0.36314141097510155 0.46510261533126107 0.04004814732681172 0.04571529172311415
0 0.45205272155491494 0.5261839574839164 0.0383946420651398 0.044070904567984216
0 0.49296875 0.63046875 0.0390625 0.0171875
0 0.30299359527479064 0.5559865649017197 0.041610647326811724 0.04579717887824373
0 0.2340307636482898 0.5022197557657512 0.0430821420651399 0.04431656603337366
0 0.49258671629324324 0.52987552351729 0.0383946420651398 0.044070904567984216
0 0.46981707422810326 0.5709984905006033 0.038303636803468065 0.042508404567984215
0 0.5319530531814158 0.5805239767057933 0.039957142065139985 0.04415279172311397
0 0.465067932021789 0.464175280414695 0.041610647326811724 0.04579717887824373
0 0.3926006687970222 0.3898503098133371 0.04013915258848364 0.04727779172311397
0 0.7697583481173881 0.51230516395178 0.05162268415851479 0.057226001809022264
0 0.6966848691640755 0.5022064676606817 0.04996917889684287 0.055581614653892684
0 0.6961498740022243 0.05393938602347594 0.05309417889684287 0.05574538896415202
0 0.8210896898437096 0.11534163274411569 0.05144067363517095 0.05410100180902226
0 0.6390221005364625 0.28133404567984294 0.05134966837349921 0.05253850180902227
0 0.9340769953030256 0.32814260515449584 0.05144067363517095 0.05410100180902226
0 0.8264758688817266 0.2112273428300239 0.0481336631118273 0.050812227498762755
0 0.6613969004517578 0.19317230438627017 0.04638915258848364 0.04760534034363317
0 0.7017334741151637 0.173344483264514 0.05134966837349921 0.05253850180902227
0 0.8528115847514469 0.2972400859326189 0.04813366311182747 0.050812227498762755
0 0.8839999425451326 0.19230028041469502 0.04969616311182747 0.05089411465389269
0 0.9040702478632742 0.2513410877416412 0.044917657850155376 0.04908595318850324
0 0.871439758386618 0.2464964574839165 0.04197466837349921 0.05204717887824373
0 0.36009200568519484 0.9627345318850329 0.04464464206513998 0.04439845318850324
0 0.36953125 0.990625 0.0453125 0.01875
0 0.315625 0.9828125 0.04375 0.034375
0 0.3609866477503348 0.9204651447299032 0.04464464206513989 0.04439845318850324
0 0.2948310267318822 0.9530452713695834 0.04629814732681172 0.046042840343633
0 0.43046875 0.9796875 0.0421875 0.040625
0 0.1953125 0.99140625 0.046875 0.0171875
0 0.25115662144197554 0.9225455438708206 0.04473564732681181 0.04596095318850324
0 0.4576642266754125 0.9020227611928181 0.04308214206513998 0.044316566033373486
0 0.4028101267036474 0.9289260979184066 0.0447356473268119 0.04596095318850324
0 0.199063500423523 0.9558626549066686 0.04620714206513989 0.044480340343633
0 0.4953125 0.984375 0.04375 0.03125
0 0.15431244254513268 0.9707573145630356 0.044553636803468064 0.04283595318850324
0 0.40535827403045915 0.8851760979184066 0.04464464206513981 0.04439845318850333
0 0.23125 0.9796875 0.046875 0.040625
0 0.4846663424321932 0.8689579556748942 0.0447356473268119 0.04596095318850324
0 0.56796875 0.99296875 0.0453125 0.0140625
0 0.29756118458203773 0.9061702713695834 0.04629814732681172 0.046042840343633
0 0.5875 0.85859375 0.025 0.0484375
0 0.5306621109186318 0.9403283446390462 0.04629814732681172 0.04604284034363317
0 0.53671875 0.98046875 0.0453125 0.0390625
0 0.49774319510538145 0.9135268272261918 0.0447356473268119 0.04596095318850324
0 0.58203125 0.9109375 0.0359375 0.046875
0 0.5485622424604281 0.9020847161903436 0.04299113680346807 0.042754066033373485
0 0.4520820846102726 0.9440464868825587 0.04308214206513981 0.044316566033373486
0 0.6539498795462448 0.8019895409301446 0.10500528939195171 0.09117827792830405