0 0.23828125 0.346875 0.0421875 0.025
0 0.8891182608372338 0.10526338997866369 0.03408583992388792 0.03392846091032524
0 0.9708245641835443 0.2403083275511296 0.03571200692008212 0.035618506667959696
0 0.9859375 0.0796875 0.028125 0.034375
0 0.9378740958182059 0.09349697149199306 0.032523339923887916 0.0338009151526907
0 0.98828125 0.13828125 0.0234375 0.0328125
0 0.96191909087529 0.11489373936984051 0.03408583992388792 0.03392846091032524
0 0.9798122450199032 0.17261064452059155 0.03408583992388792 0.03392846091032524
0 0.9179144228905123 0.12471502058360748 0.032523339923887916 0.0338009151526907
0 0.8755306047154544 0.05653884755500904 0.03408583992388792 0.03392846091032524
0 0.9510505750579592 0.19053146815801317 0.03408583992388792 0.03392846091032524
0 0.9605820839552077 0.1477062393698405 0.03414950692008212 0.03549096091032524
0 0.9123939347535105 0.06910274937178018 0.032523339923887916 0.0338009151526907
0 0.02421875 0.67265625 0.0484375 0.0359375
0 0.5253608724727705 0.6600142760436193 0.02439250494291585 0.025350686364518003
0 0.48451037939285274 0.6306455114997517 0.02439250494291585 0.025350686364518184
0 0.3802738655526883 0.7045609857459965 0.02439250494291585 0.025350686364518184
0 0.49771603353746585 0.6887450539234063 0.024456171939110226 0.026913186364518005
0 0.4827277034994097 0.6743955114997517 0.02439250494291585 0.025350686364518184
0 0.4931797252482396 0.5707603284692137 0.02439250494291585 0.025350686364518003
0 0.4567382064651593 0.6625012893795389 0.02439250494291585 0.025350686364518003
0 0.43754253749179856 0.6749693384711533 0.02283000494291585 0.025223140606883555
0 0.3861073714841873 0.676053348473093 0.02439250494291585 0.025350686364518184
0 0.43874689323301713 0.5689744299864223 0.02439250494291585 0.025350686364518003
0 0.47235788927868444 0.5849184233184626 0.02439250494291585 0.025350686364518003
0 0.3580460384803817 0.6767866721105146 0.02439250494291585 0.025350686364518003
0 0.42424404144613126 0.6573672502898641 0.02439250494291585 0.025350686364518003
0 0.5603778596211892 0.7178906778603904 0.024456171939110226 0.026913186364518005
0 0.3719413952101835 0.5650838975647073 0.02439250494291585 0.025350686364518003
0 0.3940073961987667 0.5586107569578239 0.02439250494291585 0.025350686364518184
0 0.34765625 0.6578125 0.0171875 0.025
0 0.37293620943090877 0.6553262602918037 0.02439250494291585 0.025350686364518003
0 0.4008702084423256 0.6577179366543822 0.02439250494291585 0.025350686364518003
0 0.41745021338524146 0.6330049790780368 0.02439250494291585 0.025350686364518184
0 0.4291517173395742 0.613362158774595 0.02439250494291585 0.025350686364518003
0 0.3453125 0.6234375 0.0125 0.025
0 0.35951037939285274 0.6408491721105146 0.02439250494291585 0.025350686364518003
0 0.4517907212939069 0.5928265181677116 0.02276633794672147 0.023660640606883377
0 0.43004305528629566 0.591487158774595 0.02439250494291585 0.025350686364518003
0 0.4025892173395742 0.6155304366543821 0.02439250494291585 0.025350686364518003
0 0.3970103793928527 0.6377880739272858 0.02283000494291585 0.025223140606883375
0 0.36390871931674057 0.6093440805952455 0.02439250494291585 0.025350686364518003
0 0.4081680552862957 0.5932727993814785 0.02276633794672147 0.023660640606883554
0 0.3916172252482396 0.5790508027154584 0.02432883794672147 0.023788186364518182
0 0.34609375 0.59921875 0.0140625 0.0234375
0 0.371050057263462 0.5869588975647073 0.02283000494291585 0.025223140606883555
0 0.3860383873015181 0.601308439988362 0.02439250494291585 0.025350686364518184
0 0.3804595493547966 0.6235660772612656 0.02439250494291585 0.025350686364518003