0 0.06015625 0.56328125 0.0984375 0.0328125
0 0.46540690777232036 0.38228368290882353 0.07195208271265781 0.0731557001845701
0 0.5844393899896401 0.26216904688076925 0.07351458271265762 0.07325582973421944
0 0.7684505169541108 0.26617183373938913 0.07344180810555194 0.07169332973421945
0 0.4525001852749103 0.27240803516057693 0.07038958271265763 0.07305557063492074
0 0.7735832808078497 0.40982170418973973 0.07344180810555194 0.07169332973421945
0 0.6024360268789083 0.41443245372831444 0.0686815334984459 0.06983044108527156
0 0.6561346075246514 0.29636237661498865 0.07187930810555195 0.07159320018457009
0 0.8312159983428611 0.44311386797711527 0.07507708271265781 0.0733559592838688
0 0.2755010376322752 0.9570858189368778 0.032705492142117085 0.033252590992986344
0 0.36169540280992163 0.6170454025286085 0.048985463606069854 0.048316386489479515
0 0.7736859805601807 0.6325421036360294 0.045787688998963995 0.046553627390180985
0 0.450034464844415 0.6741150277593213 0.04891268899896399 0.04675388648947969
0 0.398981387094156 0.6817482526208936 0.047350188998963996 0.04665375693983016
0 0.7854668507002258 0.7516926218346266 0.045787688998963995 0.046553627390180985
0 0.6519608378799442 0.6948442396640837 0.04571491439185813 0.044991127390180984
0 0.7341525996667685 0.653376235345147 0.045787688998963995 0.046553627390180985
0 0.44145567741702757 0.6237145095607239 0.047350188998963996 0.046653756939830336
0 0.48633152977439237 0.6172432665005543 0.047350188998963996 0.046653756939830336
0 0.5305610268789083 0.7306840052417873 0.047350188998963996 0.046653756939830336
0 0.7686089904849781 0.7911160672388349 0.045787688998963995 0.046553627390180985
0 0.9363829954473768 0.8813171699520135 0.04586046360606986 0.048116127390180986
0 0.7269737621965998 0.9006121807493551 0.04586046360606986 0.048116127390180986
0 0.6735533556626245 0.823970535160577 0.045787688998963995 0.046553627390180985
0 0.7432793507002258 0.748989123994095 0.045787688998963995 0.046553627390180985
0 0.7428041617012618 0.7053392535437443 0.044225188998963993 0.04645349784053181
0 0.46010728577024834 0.7900404164082693 0.048985463606069854 0.048316386489479515
0 0.8316184127347193 0.8060587492248077 0.044225188998963993 0.04645349784053181
0 0.5582579954473769 0.8570858189368777 0.04742296360606986 0.04821625693983034
0 0.6619951174494488 0.776494757862681 0.04571491439185813 0.044991127390180984
0 0.6931294933804623 0.6756727375046154 0.045787688998963995 0.046553627390180985
0 0.9718795396991897 0.8072579086932465 0.047350188998963996 0.04665375693983016
0 0.8088016509478948 0.8513316764304186 0.045787688998963995 0.046553627390180985
0 0.7676329954473768 0.8705031785898868 0.04586046360606986 0.048116127390180986
0 0.7892425140586267 0.6989681400332239 0.04571491439185813 0.044991127390180984
0 0.9171192650920841 0.8021908744555203 0.045787688998963995 0.046553627390180985
0 0.8809292080199894 0.8279127652639365 0.045787688998963995 0.046553627390181165
0 0.8608007985905299 0.8640109515688461 0.045787688998963995 0.046553627390180985
0 0.7031252315936379 0.723048385252862 0.045787688998963995 0.046553627390180985
0 0.34921875 0.73828125 0.0390625 0.0484375
0 0.9049788300220614 0.7422150971576243 0.047350188998963996 0.046653756939830336
0 0.8376929383752824 0.9030338787744568 0.04586046360606986 0.048116127390180986
0 0.7053084698068137 0.769923385252862 0.044225188998963993 0.046453497840531634
0 0.7339086588057777 0.8153755875969004 0.04571491439185813 0.044991127390180984
0 0.6437631559102935 0.9202051850682917 0.04593323821317572 0.04967862739018099
0 0.9184720574818701 0.9315779858065725 0.04586046360606986 0.04811612739018116