0 0.13587521618375042 0.3040482410655704 0.02074891109416672 0.019577670950527093
0 0.2198138050895837 0.2818602232710733 0.019186411094166543 0.019514003954332716
0 0.05669947530180615 0.46367259186387316 0.020785278685347207 0.021140170950527094
0 0.2017184217308338 0.310749227225406 0.019186411094166723 0.01951400395433254
0 0.02014111341020879 0.30407209878395536 0.019186411094166723 0.019514003954332716
0 0.07511955413965321 0.3143437539171517 0.019186411094166723 0.019514003954332716
0 0.016003046540208964 0.5294541007611218 0.02074891109416672 0.019577670950527093
0 0.1584788744281255 0.4016580701150433 0.019186411094166543 0.019514003954332716
0 0.009375 0.46640625 0.01875 0.0203125
0 0.02232186246027821 0.330570931787761 0.019186411094166723 0.019514003954332716
0 0.016584927999097852 0.5544541007611217 0.01922277868534721 0.021076503954332713
0 0.03642203647222271 0.39881159581820586 0.019186411094166723 0.01951400395433254
0 0.23057338639597286 0.4753555552862957 0.020748911094166544 0.019577670950527093
0 0.2300278725282645 0.4519180552862957 0.019186411094166543 0.019514003954332716
0 0.057025477201667216 0.41048392486767876 0.019186411094166723 0.019514003954332716
0 0.09565025968673657 0.3228910829666246 0.01758754350298606 0.017887836958138337
0 0.9890625 0.18828125 0.021875 0.0296875
0 0.8912121071419448 0.20262370943090882 0.030378484232430482 0.03089717292769345
0 0.99140625 0.30546875 0.0171875 0.0328125
0 0.8675226468452089 0.32714354836621345 0.031977351823611146 0.03252333992388774
0 0.893574694147917 0.2369350424347144 0.030378484232430482 0.03089717292769345
0 0.9297303996950003 0.2448457015222434 0.031977351823611146 0.032523339923887826
0 0.7675226468452088 0.3312182361226545 0.031977351823611146 0.032523339923887826
0 0.8269340144363891 0.33036139026726763 0.031977351823611146 0.03252333992388774
0 0.99296875 0.21953125 0.0140625 0.0328125
0 0.876462542171806 0.3752627133852416 0.03357621941479181 0.03414950692008212
0 0.9627961664125003 0.1871950276059668 0.030414851823611144 0.03245967292769345
0 0.7179239967689588 0.41769424699706936 0.031977351823611146 0.032523339923887916
0 0.7134196411456255 0.49294891498184706 0.03357621941479163 0.03414950692008212
0 0.8480439886008335 0.22940638532435176 0.030378484232430482 0.03089717292769345
0 0.5353634570656947 0.3015784515594245 0.031940984232430567 0.030960839923887828
0 0.6705372376509031 0.2632269228905124 0.03037848423243057 0.03089717292769336
0 0.9653769589655559 0.23088136060977243 0.031977351823611146 0.032523339923887826
0 0.1404172458190282 0.7774618833471855 0.043133057370694415 0.04234400889724856
0 0.20760343939826428 0.7074730355146321 0.04309668977951393 0.04078150889724856