0 0.06266570998682167 0.3318819646379455 0.03155907220870695 0.055310212873234656
0 0.029880481064060403 0.3342749911210491 0.03937157220870695 0.055856516091543365
0 0.08584867993259238 0.28977087429287157 0.03157725292686635 0.05843521287323465
0 0.024902089573512677 0.2839472091900639 0.03779998184962743 0.054184755447881726
0 0.01953125 0.35703125 0.0390625 0.0453125
0 0.051528222087070044 0.29674214013231337 0.04093407220870695 0.055965776735205176
0 0.1079236678323439 0.32567552330413585 0.05797612646343318 0.032167643815484225
0 0.00390625 0.35078125 0.0078125 0.0546875
0 0.059375 0.365625 0.05 0.028125
0 0.11522710772388534 0.23872182652244459 0.04560339149054773 0.053168558666190434
0 0.10338161357761777 0.3503477413731506 0.054823855386194255 0.0272616225281606
0 0.11550890885535345 0.2871593265224446 0.037809072208706954 0.05574725544788173
0 0.10390625 0.3671875 0.0546875 0.025
0 0.09031801131468153 0.25259865622385674 0.050272710772388506 0.05037134059717552
0 0.00703125 0.3125 0.0140625 0.05625
0 0.04173506556940758 0.22421157627034294 0.0548783975406721 0.0366366225281606
0 0.046595282391920366 0.2542268582013282 0.05644998789975162 0.03830838317182241
0 0.009375 0.24375 0.01875 0.04375
0 0.01015625 0.265625 0.0203125 0.05
0 0.5683975595192834 0.17394949631682916 0.03928975897699054 0.04179401609154336
0 0.4621475595192834 0.1665197725478312 0.050172716822512696 0.03318384059717552
0 0.6128282946885605 0.02555555498301949 0.039307939695149584 0.04491901609154336
0 0.6258737162333375 0.12017964013231346 0.04861930718159222 0.03463707995351371
0 0.3360395774732643 0.9247036131450066 0.02199317466803503 0.02184214901126431
0 0.24851230639602545 0.9138975170999496 0.02200226502711473 0.023404649011264312
0 0.3626020774732643 0.9265610440872563 0.02200226502711473 0.023404649011264312
0 0.4805339451560987 0.782406852501345 0.032994307181592394 0.03354447351689647
0 0.5187157220870701 0.9022166079492265 0.0314227168225127 0.031872712873234656
0 0.609375 0.99453125 0.03125 0.0109375
0 0.41484375 0.6328125 0.0109375 0.034375
0 0.4849305536655509 0.7327346344323302 0.03143180718159222 0.03343521287323466
0 0.6340396984757484 0.5900986562238567 0.0314318071815924 0.03343521287323466
0 0.5775806202169171 0.5502277730520343 0.0314408975406721 0.03499771287323465
0 0.5077953610435351 0.6359360440872562 0.0298693071815924 0.03332595222957302
0 0.4719124031980127 0.6427980492830363 0.0298693071815924 0.03332595222957302
0 0.5751464875069681 0.6687592517647107 0.0298602168225127 0.03176345222957293
0 0.627736198082965 0.8489273530055481 0.0298602168225127 0.03176345222957302
0 0.5913532704880636 0.7698518582013282 0.0314227168225127 0.03187271287323483
0 0.7142089875069682 0.6784834490506053 0.03299430718159222 0.03354447351689647
0 0.5478385780624395 0.5387768208224613 0.03144089754067192 0.0349977128732347
0 0.6481577823919202 0.8690977413731507 0.031413626463433174 0.03031021287323483
0 0.654225975210328 0.8382847839477975 0.0298602168225127 0.03176345222957302
0 0.715298788834828 0.597342709694267 0.028297716822512697 0.03165419158591121
0 0.5596487525340829 0.6895416453280935 0.0314227168225127 0.031872712873234656
0 0.5567146500747547 0.72213562404077 0.0298602168225127 0.03176345222957302
0 0.6966669635028631 0.6163440819703261 0.029869307181592218 0.03332595222957302
0 0.7529715056573407 0.6296524651421487 0.0314227168225127 0.031872712873234656
0 0.6446964391059745 0.8110667200858271 0.029851126463433176 0.03020095222957302
0 0.6103850716195318 0.819600485925269 0.029851126463433176 0.03020095222957302