0 0.03342764806201366 0.19936626310446828 0.02005168414544123 0.021514054595791875
0 0.7670969509597625 0.08104016039128954 0.047154404688076926 0.055928627390180986
0 0.74921875 0.3578125 0.0609375 0.021875
0 0.97734375 0.034375 0.0453125 0.046875
0 0.9328125 0.0109375 0.05625 0.021875
0 0.8905134669988914 0.040312635714287295 0.056690090992986344 0.03475453423772627
0 0.88515625 0.015625 0.0578125 0.03125
0 0.9625491533038009 0.06689372454780536 0.05456638648947969 0.05017927513842757
0 0.8125 0.0265625 0.03125 0.053125
0 0.8294014821151698 0.33292163787375567 0.03223031153562221 0.06586483189368782
0 0.831960487356957 0.07264547192691176 0.052803627390180984 0.046954145588778216
0 0.8390625 0.02421875 0.03125 0.0484375
0 0.9316019370801019 0.1825792813030656 0.03203005243632369 0.06273983189368763
0 0.904177843927647 0.16983944940937779 0.03379281153562221 0.065964961443337
0 0.8018772594130656 0.32174430598006776 0.03379281153562221 0.065964961443337
0 0.8857678053709842 0.13885026526393657 0.04579216378737563 0.05895349784053181
0 0.90390625 0.33671875 0.0390625 0.0640625
0 0.02421875 0.47421875 0.0484375 0.0640625
0 0.06751845311923077 0.6394324537283145 0.05819203423772627 0.05819203423772627
0 0.13276391888150457 0.6985256539128846 0.06141716378737563 0.059954793337024984
0 0.01171875 0.5953125 0.0234375 0.059375
0 0.14574118754152715 0.5205007834625339 0.06141716378737563 0.0599547933370248
0 0.12220595311923077 0.6429369879660406 0.059854663787375625 0.059854663787375625
0 0.49962765114433266 0.6889575801956448 0.0778432001845701 0.07345608883351815
0 0.6912377529346607 0.8816619216500566 0.08076794108527156 0.07053134793281668
0 0.505700771133258 0.8634965052417873 0.08641716378737563 0.06155686613141391
0 0.5450192967331109 0.6416610780361764 0.08485466378737554 0.06145673658176474
0 0.5055586736618666 0.76778348704319 0.0764809592838688 0.0764809592838688
0 0.5629940345514932 0.9487516872277603 0.08545544108527148 0.07083173658176474
0 0.4126492828534502 0.7241755845145814 0.08631703423772623 0.059994366131413915
0 0.7344055644702829 0.8201026603912895 0.08213018198597286 0.06750647748246603
0 0.7263346437430769 0.9215650308416402 0.060094495681063266 0.08787953423772628
0 0.64375 0.97265625 0.084375 0.0546875
0 0.6378075740310069 0.6381937214654864 0.061556866131414 0.08641716378737554
0 0.6572213032115158 0.7759335533591741 0.07355621838316742 0.07940570018457009
0 0.5771123010520476 0.7284391872277601 0.058331736581764736 0.08465440468807692
0 0.6179609392395702 0.8989309623661879 0.06301923658176474 0.08495479333702498
0 0.5971058235695815 0.8081662600221493 0.06448160703211539 0.08349242288667433
0 0.7418361351052036 0.7531154194905882 0.07063147748246604 0.08233044108527139
0 0.6839816671834615 0.652135107954966 0.066244366131414 0.08671755243632351
0 0.40654138032484166 0.8194880845145814 0.07794332973421944 0.07501858883351815