0 0.01460130456498181 0.38625311942512147 0.024119461599340218 0.024119461599340218
0 0.9828125 0.16328125 0.034375 0.0578125
0 0.9662019423325032 0.12187237067876264 0.04359688730530316 0.049665030878812286
0 0.9174007294795219 0.1107817579840658 0.058812710345699015 0.0360571719450391
0 0.99140625 0.096875 0.0171875 0.053125
0 0.9359855934278599 0.05081572459797101 0.03748327962517113 0.05417067445232178
0 0.9734354323033735 0.20923597835889468 0.05274456677218975 0.04212531551854859
0 0.9828125 0.059375 0.034375 0.046875
0 0.97578125 0.0265625 0.0484375 0.034375
0 0.4604520475053528 0.7819507496707956 0.11821645407749273 0.09242684389007856
0 0.14769598324044556 0.7284981068887092 0.07965405925034226 0.10847774122451134
0 0.03203125 0.68203125 0.0640625 0.0984375
0 0.27594065518548483 0.7826280142522719 0.07800063103709683 0.10530727711788863
0 0.35078125 0.5515625 0.1046875 0.04375
0 0.6638618555020539 0.772377172869476 0.019341033386094785 0.020858069279472247
0 0.5743781551854849 0.6530026987337235 0.019295569279472246 0.019295569279472246
0 0.7170657603583342 0.6660529650310595 0.019295569279472246 0.019295569279472246
0 0.6767135449980703 0.6766100318032493 0.019295569279472246 0.019295569279472246
0 0.7011632787007344 0.8182064984171543 0.020903533386094787 0.020903533386094963
0 0.6195997269722394 0.6485592396416657 0.01768760517284953 0.01768760517284953
0 0.6876918120868292 0.8389281753767586 0.019295569279472246 0.019295569279472246
0 0.5520438171013942 0.799088088546309 0.019295569279472246 0.019295569279472246
0 0.5585833221159591 0.7551107680131957 0.019295569279472246 0.019295569279472246
0 0.54453125 0.7453125 0.0109375 0.01875
0 0.5995145475053528 0.6569627730277606 0.01768760517284953 0.01768760517284953