0 0.715625 0.5328125 0.0328125 0.0484375
0 0.6765625 0.5453125 0.0375 0.0484375
0 0.7375 0.5703125 0.0515625 0.0296875
0 0.9078125 0.4125 0.053125 0.0265625
0 0.740625 0.53125 0.03125 0.0484375
0 0.875 0.546875 0.0296875 0.05
0 0.7453125 0.7796875 0.0484375 0.05
0 0.690625 0.503125 0.04375 0.0390625
0 0.7671875 0.5265625 0.0265625 0.05
0 0.8078125 0.5515625 0.0421875 0.040625
0 0.6375 0.553125 0.0390625 0.0484375
0 0.7015625 0.59375 0.0515625 0.028125
0 0.7671875 0.6015625 0.05 0.0328125
0 0.6609375 0.6640625 0.0546875 0.021875
0 0.715625 0.63125 0.0421875 0.0484375
0 0.7296875 0.696875 0.0453125 0.05
0 0.821875 0.63125 0.0265625 0.0515625
0 0.859375 0.6375 0.0484375 0.034375
0 0.8515625 0.4140625 0.0265625 0.0484375
0 0.7609375 0.6625 0.0484375 0.04375
0 0.78125 0.625 0.05 0.034375
0 0.8 0.6625 0.0453125 0.046875
0 0.8734375 0.6078125 0.0546875 0.021875
0 0.6890625 0.6359375 0.0375 0.05