0 0.13405407604654235 0.036308539192082635 0.03408583992388783 0.03220474623907634
0 0.08893789422160032 0.10695600831327016 0.03564833992388783 0.03225021034569906
0 0.827300057263462 0.2512301602000496 0.11494852076024671 0.10166545157021041
0 0.6525785829666246 0.12412678793844138 0.1305443458553869 0.06310305674305976
0 0.97109375 0.175 0.0578125 0.11875
0 0.984375 0.13984375 0.03125 0.1046875
0 0.9187182361226546 0.19600911427754256 0.07926568874502422 0.10686977711788863
0 0.84765625 0.415625 0.1203125 0.0875
0 0.8885505750579592 0.16853733214508893 0.08076452174882984 0.10535274122451135
0 0.7108818784042695 0.305723780416594 0.10321252471457942 0.12005173871722885
0 0.95859375 0.34765625 0.0828125 0.0578125
0 0.6901475671492937 0.20030885471063103 0.11807352076024671 0.10175637978345584
0 0.8635160829666246 0.13026444233250328 0.08675985376405215 0.09928459765100221
0 0.4882428744499368 0.31801787727617326 0.10471135771838495 0.11853470282385156
0 0.7110675622063779 0.5928794172596786 0.04709517589344294 0.04506845909205772
0 0.8753157460084863 0.5163122202418149 0.047158842889637495 0.04663095909205772
0 0.7659222054765762 0.7055445533113406 0.048721342889637496 0.04667642319868044
0 0.8654022351340714 0.5676473997087015 0.0502838428896375 0.046721887305303154
0 0.4764962440313199 0.5140938730530312 0.04553267589344294 0.04502299498543501
0 0.780841551331963 0.646533266164322 0.04709517589344294 0.04506845909205772
0 0.7721270790122918 0.5148740892047179 0.04709517589344294 0.04506845909205772
0 0.7890625 0.47109375 0.046875 0.0234375
0 0.9009630503433798 0.6547215023742685 0.048721342889637496 0.04667642319868044
0 0.527838568137877 0.5593896526782023 0.04553267589344294 0.04502299498543501
0 0.9381102232710731 0.6260796768265902 0.0502838428896375 0.046721887305303154
0 0.83118374403132 0.5244142252563797 0.04709517589344294 0.04506845909205772
0 0.9630757311797385 0.5892616384259304 0.0518463428896375 0.046767351411925874
0 0.843561727225406 0.6045563663226066 0.048721342889637496 0.04667642319868044
0 0.6472066975679107 0.7396347453146395 0.04715884288963732 0.04663095909205772
0 0.8654420444118808 0.6818462920285695 0.048721342889637496 0.04667642319868044
0 0.9116697400769873 0.5455283588007591 0.050220175893442943 0.04515938730530315
0 0.9065710631949611 0.5938749305875138 0.0487850098858317 0.048238923198680436
0 0.7560617272254059 0.6020103763517364 0.04703150889724857 0.04350595909205772
0 0.809481204487993 0.7115050482967756 0.04709517589344294 0.04506845909205772
0 0.9513503695070209 0.7234547819994397 0.0534088428896375 0.04681281551854859
0 0.8257083823586022 0.6587892252563797 0.048721342889637496 0.04667642319868044
0 0.8557832015222434 0.7269314714954561 0.0502838428896375 0.046721887305303154
0 0.7020215315602994 0.7381009890464333 0.04709517589344294 0.04506845909205772
0 0.5745809169590134 0.48722514766363734 0.04553267589344294 0.04502299498543501
0 0.604671687682079 0.7853276785424498 0.047158842889637495 0.04663095909205772