0 0.07571347159308103 0.20350005745486732 0.0765000446422686 0.09030575256024873
0 0.10231906169169261 0.38179165742663246 0.08856366801906326 0.06603379465362362
0 0.01953125 0.4796875 0.0390625 0.08125
0 0.8544076672115797 0.25829105717251866 0.04448638555165907 0.04473564732681172
0 0.7164440170494238 0.276845094145396 0.04289661201270896 0.04308214206513981
0 0.5482746696472116 0.3233575311465081 0.04292388555165907 0.04464464206513981
0 0.5865770592560606 0.10035964690328872 0.041361385551659066 0.044553636803468064
0 0.8084678758157218 0.291589404584035 0.04451365909060954 0.0462981473268119
0 0.7582769610430695 0.29961473621053586 0.04292388555165907 0.04464464206513998
0 0.5589781647759476 0.15818755745486737 0.04292388555165925 0.04464464206513981
0 0.940617902601083 0.24767134656447035 0.04761138555165907 0.044917657850155376
0 0.5234375 0.22265625 0.028125 0.0453125
0 0.9289440170494239 0.28922180973276745 0.046048885551659424 0.04482665258848364
0 0.6363043238665572 0.11889681527678793 0.04289661201270878 0.04308214206513998
0 0.8127929115295368 0.22302141510737875 0.04448638555165925 0.04473564732681172
0 0.6795246696472116 0.3310019731269434 0.04448638555165907 0.04473564732681172
0 0.6323532094182164 0.07643629949177236 0.04133411201270878 0.04299113680346807
0 0.8849485551988708 0.30073616240595563 0.04448638555165907 0.04473564732681172
0 0.515625 0.28359375 0.0125 0.0453125
0 0.8455860462704171 0.3156485308641594 0.04448638555165907 0.04473564732681172
0 0.6402633465947286 0.2505108363234753 0.04289661201270896 0.04308214206513998
0 0.6583042345820198 0.29222789946353755 0.04448638555165907 0.0447356473268119
0 0.5799531379905865 0.21102413111827323 0.04289661201270896 0.04308214206513998
0 0.7835884269508122 0.10401380987394174 0.04289661201270896 0.04308214206513998
0 0.5465248035740178 0.06518101009982065 0.04292388555165907 0.04464464206513981
0 0.515625 0.16796875 0.0125 0.0453125
0 0.7295009448077197 0.06645362571542704 0.04289661201270896 0.04308214206513998
0 0.918696263803013 0.3386757781627363 0.04607615909060954 0.04638915258848364
0 0.5883269253292545 0.3585361679499762 0.04448638555165907 0.0447356473268119
0 0.7526621607187579 0.3524667204255203 0.04448638555165925 0.04473564732681172
0 0.20625 0.63671875 0.04375 0.0140625
0 0.2467121696472116 0.6886941048099139 0.042951159090609536 0.0462071420651398
0 0.49921875 0.671875 0.0203125 0.04375
0 0.3027985284135096 0.7013452942301005 0.042951159090609536 0.04620714206513998
0 0.42401105519887083 0.6567901993788329 0.04133411201270896 0.04299113680346807
0 0.38720080195246 0.7046970783603804 0.041361385551659066 0.044553636803468064
0 0.27856218750411904 0.656139210043351 0.03977161201270896 0.042900131541796324
0 0.2953125 0.63515625 0.040625 0.0109375
0 0.20318035795881428 0.6736459574831022 0.04289661201270896 0.04308214206513998
0 0.42944284903036056 0.7040292204255203 0.04133411201270896 0.04299113680346807
0 0.45625 0.6390625 0.040625 0.01875
0 0.3628008198093674 0.6688659941736308 0.03977161201270896 0.04290013154179615
0 0.31915991396516874 0.6600678468468191 0.039771612012708776 0.042900131541796324
0 0.47195763149776476 0.6877363624906602 0.04133411201270896 0.04299113680346807
0 0.340625 0.6359375 0.040625 0.0125
0 0.3449860284135095 0.7038024362952404 0.041361385551659066 0.044553636803468064
0 0.253125 0.634375 0.040625 0.009375
0 0.38125 0.63984375 0.040625 0.0203125
0 0.5662997410748416 0.8394375574548674 0.04610343262955983 0.04795165258848364
0 0.8934428936726292 0.9147986624059555 0.04766593262955983 0.04804265785015538
0 0.5615383287378212 0.9330055469315237 0.04766593262955983 0.04804265785015556
0 0.5530088084452818 0.8840220153614926 0.04766593262956 0.04804265785015538
0 0.6703054026010831 0.8845974099868812 0.04451365909060954 0.0462981473268119
0 0.8020815081209701 0.9517078572289884 0.04769320616851012 0.04960515785015538
0 0.7546100389635211 0.7143296835938173 0.04610343262955983 0.04795165258848364
0 0.6970939991925164 0.9627980046969744 0.046130706168510116 0.04951415258848364
0 0.7230485730557783 0.9095665888837241 0.04610343262955983 0.04795165258848364
0 0.8535349139651688 0.9609610308641594 0.04769320616851012 0.04960515785015538
0 0.9070065616916925 0.8545892044993304 0.04766593262955983 0.04804265785015538
0 0.6143202297107558 0.7765427153050227 0.04610343262956 0.04795165258848364
0 0.515625 0.68046875 0.0125 0.0484375
0 0.8170361266265008 0.8118108993223633 0.04766593262955983 0.04804265785015538
0 0.9176792345820198 0.9600047465927052 0.04922843262955965 0.04813366311182747
0 0.6268008644516361 0.8679867626600695 0.04607615909060954 0.04638915258848364
0 0.6539906558474939 0.833596352108491 0.04610343262955983 0.04795165258848364
0 0.8781099943212525 0.8075476045275654 0.04766593262955983 0.04804265785015538
0 0.6971054561718055 0.7829284941736308 0.04610343262955983 0.04795165258848364
0 0.8315816420477763 0.695351441415738 0.04610343262956 0.04795165258848364
0 0.7567338263021892 0.8614776993788329 0.04610343262955983 0.04795165258848364
0 0.7104236623403157 0.7367815362670056 0.04607615909060954 0.04638915258848364
0 0.7071974764643449 0.8320030310053337 0.04610343262956 0.04795165258848364
0 0.5593520860414218 0.6998290258848362 0.04610343262955983 0.04795165258848364
0 0.8117407004897625 0.7567593782756757 0.04766593262955983 0.04804265785015538
0 0.7530009001654511 0.8065171835938173 0.04766593262955983 0.04804265785015538
0 0.7423519521146157 0.9685621572854581 0.04610343262955983 0.04795165258848364
0 0.55546875 0.97890625 0.0484375 0.0421875
0 0.635357658283126 0.9154077942301004 0.04607615909060954 0.04638915258848364
0 0.6648384269508123 0.7497673836785219 0.04607615909060954 0.04638915258848364