0 0.4234375 0.6453125 0.103125 0.065625
0 0.40625 0.4734375 0.10625 0.053125
0 0.7640625 0.490625 0.0640625 0.10625
0 0.6078125 0.515625 0.0953125 0.084375
0 0.625 0.603125 0.065625 0.1015625
0 0.759375 0.6046875 0.10625 0.0734375
0 0.590625 0.4125 0.1 0.0828125
0 0.240625 0.78125 0.071875 0.109375
0 0.2984375 0.69375 0.109375 0.053125
0 0.425 0.559375 0.090625 0.090625
0 0.3484375 0.5625 0.071875 0.1015625
0 0.4140625 0.725 0.10625 0.0765625
0 0.709375 0.484375 0.065625 0.1046875
0 0.475 0.5 0.0953125 0.08125
0 0.7703125 0.3625 0.06875 0.10625
0 0.6125 0.4484375 0.1015625 0.0796875
0 0.55 0.3359375 0.0890625 0.0890625
0 0.7828125 0.7109375 0.0578125 0.1078125
0 0.28125 0.915625 0.0921875 0.0984375
0 0.5078125 0.365625 0.0890625 0.0921875
0 0.390625 0.4078125 0.1 0.078125
0 0.484375 0.4078125 0.0890625 0.0890625
0 0.6515625 0.1375 0.1015625 0.078125