0 0.875105482554846 0.12812931704942637 0.03361798340326061 0.032887743102595124
0 0.9621803526807149 0.07621933627130328 0.03674298340326043 0.033051517412854635
0 0.918358575086313 0.11627777023792962 0.03518048340326043 0.0329696302577247
0 0.9758410335944644 0.0408550463572114 0.03518048340326061 0.0329696302577247
0 0.8318757008112595 0.1603752510160527 0.03361798340326061 0.032887743102595124
0 0.90078125 0.0109375 0.0359375 0.021875
0 0.8419377850443569 0.13109718679170151 0.03518048340326043 0.0329696302577247
0 0.8713418651282694 0.09498926842890736 0.03518048340326043 0.0329696302577247
0 0.9059303526807149 0.07327139868663206 0.03518048340326043 0.0329696302577247
0 0.8805499991515855 0.15978875282507515 0.03518048340326043 0.0329696302577247
0 0.9515625 0.00859375 0.034375 0.0171875
0 0.948661381725009 0.13041551334052476 0.03518048340326061 0.0329696302577247
0 0.9330382269557684 0.026062206013578403 0.0350620842330974 0.0314071302577247
0 0.8420077174079988 0.19228034825709095 0.033736382573423464 0.034450243102595125
0 0.8076327174079989 0.1904788308442363 0.035298882573423465 0.034532130257724704
0 0.8733761165781619 0.19235559135968588 0.033736382573423464 0.034450243102595125
0 0.9046261165781619 0.19399333446228084 0.033736382573423464 0.034450243102595125
0 0.9359945157483249 0.19406857756487597 0.03529888257342364 0.034532130257724704
0 0.23973851284854 0.6735149016273082 0.0334995842330974 0.03132524310259512
0 0.21047798795343065 0.6249202713695834 0.0334995842330974 0.03132524310259512
0 0.23027026969701722 0.5914460300760107 0.033381185062934374 0.029762743102595125
0 0.16178037882522397 0.6051123824054313 0.0334995842330974 0.03132524310259512
0 0.33320509293245254 0.9080669640426372 0.04862767676456468 0.04612472749876275
0 0.37499077384620205 0.8741766429208809 0.05019017676456468 0.04620661465389268
0 0.3713670211469097 0.9634029172311405 0.050308575934727706 0.047769114653892684
0 0.5164930348438642 0.8078633254171693 0.04862767676456468 0.04612472749876275
0 0.5142649161678878 0.9614796483479479 0.048746075934727705 0.04768722749876275
0 0.49442785807929956 0.8506306795556122 0.048746075934727705 0.04768722749876275
0 0.5096258829744088 0.8984883254171694 0.048746075934727705 0.04768722749876275
0 0.46710649625180045 0.9213592593837958 0.04862767676456468 0.04612472749876275
0 0.609695815338051 0.9649122648108627 0.048746075934727705 0.04768722749876275
0 0.2984375 0.93515625 0.0375 0.0484375
0 0.4771704257156575 0.7885467593837958 0.048746075934727705 0.04768722749876275
0 0.3659243497809298 0.8282090456798429 0.05019017676456468 0.04620661465389251
0 0.303125 0.9796875 0.046875 0.040625
0 0.4076186327739162 0.609206740161919 0.048746075934727705 0.04768722749876284
0 0.3183193344335901 0.6076641723195231 0.050426975104890734 0.049331614653892505
0 0.29296875 0.64921875 0.0265625 0.0484375
0 0.4420384091189179 0.7553314676606818 0.047065176764564676 0.046042840343633
0 0.567059874676039 0.8858112630018404 0.048746075934727705 0.04768722749876275
0 0.32331541036831785 0.5624335594746529 0.048746075934727705 0.04768722749876275
0 0.6118036896131047 0.9163928776557331 0.04862767676456468 0.04612472749876275
0 0.5709652020606593 0.9377831987774892 0.048746075934727705 0.04768722749876275
0 0.5625 0.98515625 0.05 0.0296875
0 0.35996146015853636 0.6584763998182859 0.050308575934727706 0.04776911465389251
0 0.570351740652723 0.8216668758467106 0.048746075934727705 0.04768722749876275
0 0.4200916315245163 0.7965363217991247 0.048746075934727705 0.04768722749876275
0 0.46679792031707273 0.9668355336940554 0.050308575934727706 0.047769114653892684