0 0.3640625 0.6734375 0.03125 0.03125
0 0.2296875 0.6609375 0.0328125 0.03125
0 0.5625 0.7625 0.03125 0.0328125
0 0.2421875 0.825 0.0328125 0.0328125
0 0.340625 0.8234375 0.0328125 0.0328125
0 0.484375 0.684375 0.03125 0.03125
0 0.409375 0.6203125 0.03125 0.03125
0 0.4109375 0.7203125 0.03125 0.0328125
0 0.334375 0.625 0.03125 0.03125
0 0.3953125 0.803125 0.0328125 0.0328125
0 0.3921875 0.76875 0.0328125 0.0328125
0 0.3046875 0.6421875 0.0296875 0.0296875
0 0.509375 0.70625 0.03125 0.03125
0 0.178125 0.6578125 0.0328125 0.03125
0 0.246875 0.60625 0.0328125 0.03125
0 0.4578125 0.7375 0.03125 0.0328125
0 0.5609375 0.5703125 0.0296875 0.03125
0 0.3328125 0.665625 0.03125 0.0328125
0 0.1953125 0.8203125 0.0328125 0.0328125
0 0.3203125 0.7953125 0.0328125 0.0328125
0 0.4828125 0.7765625 0.0328125 0.0328125
0 0.371875 0.740625 0.03125 0.0328125
0 0.1734375 0.7296875 0.0328125 0.0328125
0 0.3 0.703125 0.03125 0.0328125
0 0.5296875 0.771875 0.03125 0.0328125
0 0.3265625 0.7625 0.03125 0.03125
0 0.5390625 0.7375 0.03125 0.0328125
0 0.259375 0.6953125 0.0328125 0.03125
0 0.465625 0.809375 0.03125 0.034375
0 0.1859375 0.6890625 0.0328125 0.0328125
0 0.209375 0.7125 0.0328125 0.03125
0 0.296875 0.7515625 0.03125 0.0328125
0 0.2390625 0.7265625 0.03125 0.0328125
0 0.5078125 0.746875 0.03125 0.0328125
0 0.2828125 0.6703125 0.03125 0.03125
0 0.1875 0.7875 0.0328125 0.034375
0 0.2109375 0.75625 0.0328125 0.0328125
0 0.271875 0.728125 0.03125 0.0328125
0 0.221875 0.796875 0.0328125 0.034375
0 0.2734375 0.775 0.03125 0.0328125
0 0.596875 0.55 0.03125 0.03125
0 0.24375 0.7625 0.0328125 0.0328125
0 0.7328125 0.765625 0.0328125 0.034375