0 0.40647276486592865 0.014007870063449524 0.02758117193911023 0.025927582939624473
0 0.3587833172608369 0.2644642270496913 0.027644838935304606 0.02749008293962447
0 0.4609586295043959 0.16075389529119305 0.027644838935304606 0.02749008293962447
0 0.3965379852456145 0.2694046981937507 0.026082338935304605 0.027435519237293704
0 0.38995110973273234 0.0693501344914198 0.026018671939110227 0.025873019237293703
0 0.4631976087441492 0.06209814048186964 0.026018671939110227 0.025873019237293703
0 0.4588576186299809 0.10919139529119307 0.026018671939110227 0.025873019237293703
0 0.4885451186299809 0.10815468494690679 0.026018671939110227 0.025873019237293703
0 0.4981058024320893 0.18918643013758327 0.027644838935304606 0.02749008293962447
0 0.30066311665281464 0.10532732922660948 0.026018671939110404 0.025873019237293703
0 0.3706572816718426 0.09505946262172094 0.026018671939110404 0.025873019237293703
0 0.3552524575652856 0.13940966334736035 0.026082338935304605 0.027435519237293704
0 0.5211957925462576 0.14143841090028966 0.026018671939110404 0.025873019237293703
0 0.47569229155767434 0.1383332582678845 0.026018671939110227 0.025873019237293703
0 0.8909459239534577 0.06257434483570608 0.0487850098858317 0.048511911069925695
0 0.8532204308735398 0.09675093739397748 0.0503475098858317 0.048566474772256465
0 0.7232092787060931 0.1701388520921002 0.0503475098858317 0.04856647477225664
0 0.68828125 0.24765625 0.0171875 0.0484375
0 0.6890625 0.16484375 0.01875 0.0484375
0 0.8260796107213156 0.16028764773826368 0.0503475098858317 0.04856647477225664
0 0.8450604209877082 0.050094192203300913 0.0503475098858317 0.048566474772256465
0 0.11853241307904275 0.5801735949205241 0.05197367688202612 0.05018353847458741
0 0.10158362950439585 0.8170386778601486 0.05034750988583174 0.04856647477225664
0 0.44563342395345773 0.620386844835706 0.0487850098858317 0.048511911069925695
0 0.14845862950439587 0.8154017667902229 0.050283842889637366 0.04700397477225664
0 0.11386345361095289 0.772797604539171 0.050283842889637366 0.04700397477225664
0 0.12399714037881078 0.8678918497298476 0.05034750988583174 0.04856647477225664
0 0.14569709094965205 0.6324255756832304 0.051973676882026164 0.05018353847458741
0 0.03605678859192485 0.7833382896557138 0.053599843878220546 0.051800602176918176
0 0.03064509391540158 0.6505257896557138 0.05359984387822052 0.051800602176918176
0 0.40790793087353994 0.6545634373939775 0.0503475098858317 0.048566474772256465
0 0.2778967787060931 0.7279513520921002 0.0503475098858317 0.04856647477225664
0 0.17687810676698285 0.706443429041275 0.05028384288963732 0.04700397477225664
0 0.03319177376317724 0.7130257896557137 0.05210101087441492 0.05330853847458741
0 0.1537244496566202 0.7526289482785687 0.050283842889637366 0.04700397477225664
0 0.29389587452429894 0.39097714174781395 0.04891234387822054 0.0516369110699257
0 0.2278914615196183 0.8063690179713493 0.0503475098858317 0.048566474772256465
0 0.0717104457022875 0.7367162607997731 0.05197367688202612 0.05018353847458741
0 0.2060456364244781 0.8462499735063123 0.051973676882026164 0.05018353847458741
0 0.22920461072131557 0.7233928268643568 0.0503475098858317 0.048566474772256465
0 0.09513472235685216 0.4667658593484944 0.05197367688202612 0.05018353847458741
0 0.3807671107213156 0.7181001477382637 0.0503475098858317 0.04856647477225664
0 0.3997479209877081 0.607906692203301 0.0503475098858317 0.048566474772256465
0 0.09713225695726327 0.6309920504554869 0.05034750988583174 0.04856647477225664
0 0.8117332678316782 0.5739483544543529 0.037401840912470875 0.03719246515360961
0 0.8399564269192072 0.5369741441100666 0.03740184091247105 0.037192465153609786
0 0.9859375 0.709375 0.028125 0.040625
0 0.8452938202265864 0.8215673989193901 0.04078150889724856 0.043551592558271325
0 0.7089266028126502 0.5853620588081894 0.039091674904859805 0.04037202885594056
0 0.9443892589344296 0.5270683760538993 0.03746550790866543 0.038754965153609613
0 0.7875901136870651 0.6342509373939775 0.03746550790866543 0.038754965153609613
0 0.8633355771094877 0.4579215611704422 0.03746550790866543 0.0387549651536097
0 0.98046875 0.5921875 0.0390625 0.0375
0 0.939250772774594 0.5929661945655536 0.037401840912470875 0.037192465153609786
0 0.9614096156642316 0.6375693664352525 0.03740184091247105 0.037192465153609786
0 0.9391817885919249 0.6680753219702154 0.03896434091247105 0.037247028855940556
0 0.7918504852456145 0.8156100647986392 0.039155341901054186 0.04193452885594055