0 0.525 0.640625 0.0546875 0.0890625
0 0.70625 0.509375 0.08125 0.0640625
0 0.5171875 0.5390625 0.0625 0.08125
0 0.590625 0.6140625 0.0546875 0.0875
0 0.4921875 0.3875 0.0734375 0.075
0 0.4296875 0.459375 0.059375 0.084375
0 0.4890625 0.4546875 0.0609375 0.0828125
0 0.5828125 0.4609375 0.084375 0.0546875
0 0.7109375 0.396875 0.05625 0.084375
0 0.3640625 0.5328125 0.065625 0.084375
0 0.565625 0.7484375 0.0875 0.0578125
0 0.8015625 0.6828125 0.0953125 0.059375
0 0.628125 0.6890625 0.059375 0.090625
0 0.440625 0.534375 0.078125 0.0703125
0 0.559375 0.38125 0.059375 0.0828125
0 0.765625 0.5859375 0.0859375 0.075
0 0.44375 0.6 0.084375 0.059375
0 0.3453125 0.621875 0.0578125 0.0875
0 0.6671875 0.5671875 0.0859375 0.05625
0 0.6625 0.4421875 0.0796875 0.071875
0 0.7859375 0.7359375 0.0921875 0.0625