0 0.4328125 0.68125 0.01875 0.0203125
0 0.4015625 0.6546875 0.01875 0.0203125
0 0.3203125 0.7078125 0.01875 0.01875
0 0.4 0.690625 0.01875 0.01875
0 0.4125 0.703125 0.01875 0.01875
0 0.3796875 0.678125 0.01875 0.01875
0 0.40625 0.609375 0.01875 0.01875
0 0.2609375 0.715625 0.0203125 0.0203125
0 0.25625 0.7453125 0.0203125 0.0203125
0 0.2734375 0.7015625 0.01875 0.0203125
0 0.3640625 0.6875 0.01875 0.01875
0 0.390625 0.61875 0.01875 0.01875
0 0.3234375 0.684375 0.01875 0.01875
0 0.303125 0.6828125 0.0203125 0.01875
0 0.271875 0.603125 0.01875 0.01875
0 0.2609375 0.6734375 0.0203125 0.0203125
0 0.2578125 0.6921875 0.01875 0.01875
0 0.3625 0.6046875 0.01875 0.01875
0 0.353125 0.671875 0.01875 0.01875
0 0.2625 0.6578125 0.0203125 0.0203125
0 0.3578125 0.6375 0.01875 0.01875
0 0.2921875 0.66875 0.01875 0.01875
0 0.328125 0.59375 0.01875 0.01875
0 0.3734375 0.6234375 0.0171875 0.0171875
0 0.3359375 0.671875 0.01875 0.01875
0 0.2734375 0.63125 0.01875 0.0203125
0 0.3109375 0.596875 0.01875 0.01875
0 0.3484375 0.653125 0.01875 0.01875
0 0.2890625 0.6234375 0.01875 0.01875
0 0.3578125 0.621875 0.01875 0.01875
0 0.3328125 0.6546875 0.0203125 0.0203125
0 0.2796875 0.6578125 0.01875 0.0203125
0 0.303125 0.6546875 0.0203125 0.0203125
0 0.3140625 0.66875 0.01875 0.01875
0 0.2875 0.640625 0.0203125 0.01875
0 0.4625 0.7296875 0.0203125 0.0203125
0 0.3390625 0.6203125 0.01875 0.01875
0 0.3359375 0.6375 0.01875 0.01875
0 0.3265625 0.609375 0.01875 0.01875
0 0.3109375 0.6125 0.01875 0.01875
0 0.3234375 0.6265625 0.0203125 0.01875
0 0.30625 0.6296875 0.01875 0.01875
0 0.3203125 0.64375 0.0203125 0.01875