0 0.6875 0.6875 0.025 0.025
0 0.659375 0.5140625 0.0234375 0.0234375
0 0.28125 0.66875 0.025 0.025
0 0.5921875 0.478125 0.0234375 0.021875
0 0.66875 0.7125 0.0234375 0.025
0 0.459375 0.4578125 0.0234375 0.021875
0 0.4671875 0.4921875 0.021875 0.021875
0 0.6421875 0.63125 0.0234375 0.0234375
0 0.7109375 0.503125 0.025 0.0234375
0 0.4203125 0.740625 0.0234375 0.0234375
0 0.5125 0.6046875 0.021875 0.021875
0 0.3671875 0.56875 0.021875 0.021875
0 0.3734375 0.6015625 0.021875 0.021875
0 0.3828125 0.5515625 0.021875 0.021875
0 0.4078125 0.51875 0.021875 0.021875
0 0.4921875 0.59375 0.021875 0.021875
0 0.39375 0.628125 0.021875 0.021875
0 0.384375 0.7109375 0.0234375 0.0234375
0 0.503125 0.659375 0.021875 0.0234375
0 0.4734375 0.615625 0.021875 0.021875
0 0.43125 0.4953125 0.021875 0.021875
0 0.45625 0.653125 0.021875 0.0234375
0 0.3984375 0.759375 0.0234375 0.0234375
0 0.5359375 0.48125 0.021875 0.021875
0 0.565625 0.4875 0.021875 0.021875