0 0.24677956912646018 0.0643096929317581 0.029207338935304604 0.02902311866166656
0 0.3428560730807928 0.05389845617407278 0.027644838935304606 0.028886417624907422
0 0.38431406121779477 0.11397608520333194 0.027644838935304606 0.028886417624907422
0 0.2759232410655704 0.04177031159342466 0.027644838935304606 0.028886417624907422
0 0.3834174060845984 0.059015183129813485 0.027644838935304606 0.028886417624907422
0 0.2880757311797387 0.08987562092425812 0.027644838935304606 0.028886417624907422
0 0.35373522327107326 0.13325376550490606 0.027644838935304606 0.028886417624907422
0 0.30162357802370876 0.02677002818157277 0.027644838935304606 0.028886417624907422
0 0.3045920691264602 0.06936763129185053 0.027644838935304606 0.028886417624907422
0 0.38552373414548813 0.08428858520333193 0.027644838935304606 0.028886417624907422
0 0.3290535582520452 0.12325404891675795 0.02770850593149916 0.030448917624907423
0 0.3573987341454881 0.08182796654166538 0.027644838935304606 0.028886417624907422
0 0.33475973019115546 0.09866415202703571 0.027644838935304606 0.028886417624907422
0 0.3295284021302658 0.07311734787999864 0.027644838935304606 0.028886417624907422
0 0.3595050622063779 0.10710136861518382 0.027644838935304606 0.028886417624907422
0 0.45746240114168246 0.8185870898214803 0.035775673916276673 0.03738242280870363
0 0.41511307505795914 0.7803844607922212 0.03414950692008212 0.035683221771944315
0 0.3200313853243518 0.8818308006601843 0.03421317391627667 0.037245721771944316
0 0.46680290905034794 0.7817705950052767 0.03414950692008212 0.035683221771944315
0 0.4920284021302658 0.816907012630184 0.03414950692008212 0.035683221771944315
0 0.5219413952101835 0.8524535333653691 0.0341495069200823 0.035683221771944315
0 0.44961009186387313 0.7034309815274064 0.03414950692008212 0.035683221771944315
0 0.40701141498184706 0.7483142545716657 0.03408583992388792 0.03412072177194432
0 0.395633563194961 0.8351307493878692 0.037338173916276675 0.037519123845462944
0 0.32324391003893105 0.7645065996234252 0.03414950692008212 0.035683221771944315