0 0.52109375 0.0203125 0.0359375 0.040625
0 0.4890625 0.03046875 0.0375 0.0609375
0 0.67734375 0.328125 0.0484375 0.021875
0 0.615625 0.3234375 0.046875 0.03125
0 0.619944104809914 0.286945341186944 0.04142863680346807 0.04153418977951393
0 0.0203125 0.415625 0.040625 0.06875
0 0.24608094155691235 0.5703721709747217 0.06935621572854593 0.06558993882958326
0 0.18174688381969623 0.40602003666604114 0.06935621572854593 0.06558993882958344
0 0.18975534684681908 0.5435200366660411 0.07100972099021767 0.06718880642076393
0 0.03125 0.5640625 0.0625 0.06875
0 0.27068464135926823 0.7778937302452772 0.07449874203690499 0.07351154160312508
0 0.07602750483814891 0.4444669004574996 0.07110072625188942 0.06875130642076392
0 0.7455194994353026 0.7127090606017358 0.018188557878390375 0.017587543502986237
0 0.6614622888272544 0.8007195132990275 0.018279563140062294 0.019150043502986235
0 0.7333372888272545 0.7990466041047218 0.018279563140062294 0.019150043502986058
0 0.6446094468185841 0.6994115864372914 0.018188557878390375 0.01758754350298606
0 0.54140625 0.68203125 0.0046875 0.0171875
0 0.6001159941736308 0.7145287465815275 0.01809755261671846 0.016025043502986235
0 0.5596730046969745 0.718599303952222 0.018188557878390375 0.01758754350298606
0 0.5581860994070678 0.7467970391345832 0.018188557878390375 0.017587543502986237
0 0.5731740625753649 0.7354958632227776 0.018188557878390375 0.017587543502986237
0 0.6188814047252094 0.6874934678961803 0.01653505261671846 0.015988675911805573
0 0.5998583889401938 0.6832423789903469 0.018188557878390375 0.017587543502986237
0 0.5673189047252094 0.6886935984051387 0.018188557878390375 0.01758754350298606
0 0.5846884152485531 0.6914185549021525 0.018188557878390375 0.017587543502986237
0 0.5822158626318346 0.6758299224933331 0.016626057878390377 0.01755117591180557
0 0.5660448310618035 0.6668185984051387 0.018188557878390375 0.01758754350298606