0 0.14130465643023832 0.4854509867040308 0.04371528366526398 0.04694677759440165
0 0.08405266242068805 0.4161574576597367 0.03891865626060227 0.04346658008391273
0 0.034757012150535616 0.3055285335944643 0.04042659255827132 0.04202247925407558
0 0.11239591723001148 0.4202762725968022 0.037247028855940556 0.040223180913749525
0 0.043898888374070924 0.3878674369138123 0.040481156260602266 0.04358497925407558
0 0.0700100097882829 0.46265394936136695 0.040481156260602266 0.04358497925407558
0 0.09179075135076235 0.3685720626387585 0.04042659255827132 0.04202247925407558
0 0.9395883558899334 0.3548162933427266 0.10549108656782166 0.12019594606059662
0 0.8049702753125615 0.17858752529609462 0.0810168762235353 0.08873245850815117
0 0.858829429210911 0.3750355501912039 0.08257937622353531 0.0888508576783142
0 0.7757887838348999 0.8248938402331601 0.035739092558271325 0.04166728174358649
0 0.6941369905509892 0.7746821979114744 0.040481156260602266 0.04358497925407558
0 0.7730953150530933 0.7029004410629971 0.037301592558271326 0.041785680913749526
0 0.6323959039831676 0.6665629672075063 0.03891865626060209 0.04346658008391273
0 0.7472718811176768 0.5466271302751164 0.04059028366526398 0.046709979254075586
0 0.7004564232204612 0.6864718028904963 0.03735615626060227 0.04334818091374952
0 0.7698463186812903 0.7893115377436493 0.03255952885594056 0.039867983403260435
0 0.737142946085952 0.7949229203170727 0.037410719962933214 0.04491068091374952