0 0.015625 0.10625 0.03125 0.040625
0 0.09304558403593291 0.10775289166299595 0.041989092558271324 0.040481156260602266
0 0.10547615136646078 0.019925509449010816 0.04037202885594056 0.03886409255827141
0 0.023983070789088946 0.20848206716089185 0.04360615626060227 0.04209821996293321
0 0.03812496025946821 0.026959248649237644 0.04042659255827132 0.04042659255827132
0 0.01640625 0.05546875 0.0328125 0.0390625
0 0.0046875 0.021875 0.009375 0.040625
0 0.04742554918954252 0.07345230273292165 0.04042659255827132 0.04042659255827132
0 0.07491563212916716 0.045962219793297086 0.04037202885594056 0.03886409255827141
0 0.9695683893007432 0.2256844361280331 0.059613102176918176 0.0535813569862416
0 0.9237697943802192 0.10711797460262051 0.05643353847458741 0.05190972958157998
0 0.99140625 0.2078125 0.0171875 0.071875
0 0.31796875 0.990625 0.0234375 0.01875
0 0.3008134109002897 0.9726536945655535 0.022638891832631992 0.022638891832631992
0 0.3519939649839737 0.9817905923886354 0.022638891832631992 0.022638891832631992