0 0.12019034780976798 0.27672096516238903 0.046918558666190345 0.04888378121376711
0 0.18408932082246135 0.16852557001357765 0.048481058666190346 0.04901132697140156
0 0.20457678344359448 0.12825125637809567 0.048371798022528625 0.047448826971401556
0 0.28790273567316743 0.16457113577509155 0.046809298022528624 0.04732128121376711
0 0.2182015129125757 0.3453112106204612 0.04848105866619044 0.04901132697140156
0 0.21803798592526907 0.23188643940863382 0.04848105866619044 0.04901132697140156
0 0.09635936390131139 0.31361518728260196 0.048371798022528625 0.047448826971401556
0 0.11991756017879958 0.16173369395056172 0.048371798022528625 0.047448826971401556
0 0.235761081466123 0.17429708001551739 0.048371798022528625 0.047448826971401556
0 0.01953125 0.18359375 0.0390625 0.0484375
0 0.1764182044984869 0.36986492940669413 0.048481058666190256 0.04901132697140156
0 0.16231214583229656 0.3236596091032524 0.048371798022528625 0.047448826971401556
0 0.43025376266047405 0.2896025709316616 0.046809298022528624 0.04732128121376711
0 0.24146405029144252 0.38915680546971015 0.048371798022528625 0.047448826971401556
0 0.3740037626604741 0.28501092365681835 0.048371798022528625 0.047448826971401556
0 0.2203767460647276 0.08759430546971014 0.046809298022528624 0.04732128121376711
0 0.3259376032576496 0.33080191365487865 0.046809298022528624 0.04732128121376693
0 0.032383981233691995 0.39850062818904786 0.048481058666190346 0.04901132697140156
0 0.3632297896477807 0.3975428745652039 0.04848105866619044 0.04901132697140156
0 0.18347658767030933 0.4263700209219632 0.04859031930985207 0.05057382697140156
0 0.1358696141534129 0.3898586939505617 0.05015281930985207 0.05070137272903601
0 0.27621039088861804 0.44170772062240077 0.04859031930985207 0.05057382697140156
0 0.14817396413374243 0.0770397006185215 0.048371798022528625 0.047448826971401556
0 0.08350943865904506 0.39645963819098745 0.05015281930985207 0.05070137272903601
0 0.01015625 0.015625 0.0203125 0.03125
0 0.08829621958162406 0.10943787031314009 0.05004355866619026 0.04913887272903601
0 0.4157649277632817 0.34900952184004713 0.046809298022528624 0.04732128121376711
0 0.09765625 0.01953125 0.0484375 0.0390625
0 0.01171875 0.0546875 0.0234375 0.05
0 0.047048506708389407 0.0749992263722767 0.05004355866619026 0.04913887272903601
0 0.03984375 0.0203125 0.0484375 0.040625
0 0.9953125 0.371875 0.009375 0.0625
0 0.8853240388914762 0.3125940475938023 0.04612088317182241 0.0596937354561323
0 0.8117986936027236 0.43864662243917196 0.04768338317182241 0.05982128121376693
0 0.7351062455605246 0.0750626124372323 0.06308986188449897 0.057971738790112325
0 0.7739930549830195 0.34234570728648117 0.06679401609154337 0.04429187606301603
0 0.8175680923618863 0.3878493969849792 0.05952781930985189 0.05146664727484342
0 0.97890625 0.45625 0.0421875 0.025
0 0.9166940072125925 0.3835123254735894 0.03852690445914604 0.06218100666795969
0 0.99140625 0.3015625 0.0171875 0.05625
0 0.8456495336956961 0.3450878121376698 0.03852690445914604 0.06218100666795969
0 0.86875 0.46171875 0.0625 0.0140625
0 0.725621256960491 0.2948968803150797 0.05382412252816078 0.05876896424430509
0 0.8885361562238568 0.40296395607853325 0.04623014381548422 0.061256235456132305
0 0.94375 0.44296875 0.040625 0.0515625
0 0.955614395580195 0.40688592365681836 0.04477690445914604 0.06269118969849785
0 0.7193819646379456 0.36119156001163794 0.05091764381548423 0.06163887272903601
0 0.9128156183407867 0.2169625542617622 0.06366901609154337 0.044036784547746774
0 0.732690347809768 0.4182068345574452 0.0580745799535138 0.052901601517208616
0 0.76015625 0.4546875 0.0421875 0.028125
0 0.9625421027534464 0.3282187897178946 0.040089404459146036 0.06230855242559432
0 0.7635361562238567 0.3927602954677704 0.05382412252816078 0.05876896424430526
0 0.7453125 0.9828125 0.04375 0.034375
0 0.6198411505238737 0.8821415309239029 0.06824725544788172 0.042856921820650484
0 0.5546875 0.97578125 0.05 0.0484375
0 0.78203125 0.9890625 0.0484375 0.021875
0 0.5706823846844318 0.9123075209219632 0.06545003737886682 0.047289330305381405
0 0.6441198846844317 0.9183021715307864 0.06980975544788173 0.04298446757828493
0 0.72109375 0.990625 0.0578125 0.01875
0 0.7064670653745797 0.8767840933514368 0.04365144703379294 0.0688136439408634
0 0.7921875 0.971875 0.046875 0.05625
0 0.6078125 0.9890625 0.05625 0.021875
0 0.7534620336956961 0.9489778288075694 0.041761165102807675 0.06399859818322877
0 0.6786369963168293 0.9009232239563808 0.065340776735205 0.045726830305381404
0 0.7869957995351379 0.9175363812331636 0.051136165102807676 0.06476387272903601
0 0.5390625 0.8984375 0.01875 0.053125
0 0.6102254859252689 0.9668035733475575 0.06668475544788173 0.042729376063016036
0 0.671875 0.98203125 0.05625 0.0359375
0 0.6582809376506389 0.8542077206224008 0.06421531930985207 0.051849284547746774
0 0.7546531930985205 0.8993604660804729 0.05996486188449897 0.05771664727484325
0 0.8841328794886516 0.9736266266912358 0.0680287341605581 0.03973192182065048
0 0.596392942846419 0.8134234818322884 0.06410605866619026 0.05028678454774678
0 0.83125 0.971875 0.040625 0.05625
0 0.64609375 0.98984375 0.0546875 0.0203125
0 0.53984375 0.9421875 0.0203125 0.05625
0 0.8578546027534465 0.9310884403267178 0.040635707677454745 0.07012105242559433
0 0.8964800601787996 0.9280270842675812 0.051136165102807676 0.06476387272903601
0 0.7077889007759751 0.9623389560785333 0.06276207995351371 0.05328423879011233
0 0.5578125 0.9921875 0.05625 0.015625
0 0.6699397034900807 0.8209806324411115 0.06846577673520518 0.04598192182065049
0 0.8176666453280934 0.9340222506282199 0.05426116510280767 0.06501896424430509
0 0.5515625 0.81953125 0.04375 0.0640625
0 0.7041504485464021 0.9325239103208988 0.0643245799535137 0.053411784547746775
0 0.6494300975576663 0.9498072630460556 0.065340776735205 0.045726830305381404
0 0.88046875 0.99140625 0.0703125 0.0171875
0 0.7349855492830363 0.8402725085041276 0.06835651609154336 0.044419421820650486
0 0.8923281557196537 0.8686520842675811 0.05437042574646931 0.06658146424430526
0 0.5820240762703429 0.9411977954677704 0.06824725544788164 0.042856921820650484
0 0.8050795279957128 0.8428870675976817 0.06421531930985207 0.051849284547746774
0 0.5942184376506388 0.8489783445593849 0.06770095222957302 0.035044421820650484
0 0.8639517834435946 0.884978714872525 0.06029264381548423 0.062404147274843426
0 0.7476712195816241 0.8661653288075695 0.06712179802252863 0.048979376063016035
0 0.559375 0.86796875 0.059375 0.0359375
0 0.8140610440872562 0.8824597506282199 0.06701253737886681 0.047416876063016034