0 0.28359375 0.5484375 0.0640625 0.021875
0 0.1390625 0.53828125 0.065625 0.0421875
0 0.22328358007523713 0.330611463956093 0.06504667984777565 0.06322725334181775
0 0.22265625 0.546875 0.0640625 0.025
0 0.5074622619001792 0.2037227946371832 0.04872134288963732 0.04585794000636341
0 0.4768250741437381 0.10403187730745574 0.047222509885831696 0.04740225867281787
0 0.40703125 0.0171875 0.0515625 0.034375
0 0.7078125 0.0109375 0.046875 0.021875
0 0.5329371057783996 0.2534500746340015 0.05028384288963732 0.045876121339908774
0 0.6643781067669828 0.2566103426161842 0.04715884288963732 0.045839758672817865
0 0.95625 0.01171875 0.05 0.0234375
0 0.6629190830409867 0.14407397994909324 0.04559634288963732 0.04582157733927241
0 0.46295889231879606 0.03228414664227386 0.0503475098858317 0.04743862133990877
0 0.53046875 0.00546875 0.0484375 0.0109375
0 0.6615369496566201 0.30197738661682044 0.0487850098858317 0.047420440006363404
0 0.8287987510257642 0.14839675859327608 0.04709517589344294 0.044277258672817864
0 0.9057485701894054 0.08028201058245843 0.047222509885831696 0.04740225867281787
0 0.5241457431170988 0.11442393730109242 0.047222509885831696 0.04740225867281787
0 0.7002572569572633 0.17803080927754805 0.04709517589344294 0.044277258672817864
0 0.6202222470714316 0.13206487595482025 0.04559634288963732 0.0458215773392725
0 0.6139961047898165 0.24781714528963833 0.04715884288963732 0.045839758672817865
0 0.5717210800752371 0.13106599729472906 0.04715884288963732 0.045839758672817865
0 0.7141817885919248 0.32793990260982075 0.0487850098858317 0.047420440006363404
0 0.697479766843095 0.2249603532781844 0.04709517589344294 0.044277258672817864
0 0.6374044298849567 0.20846374395291126 0.04715884288963732 0.045839758672817865
0 0.6 0.0109375 0.046875 0.021875
0 0.15485982121516956 0.8725604172501857 0.05283583992388792 0.031849984006999676
0 0.06625894174795484 0.6547376652610033 0.04677684091247088 0.036464758672817864
0 0.01953125 0.8265625 0.0390625 0.04375
0 0.12265625 0.9921875 0.0296875 0.015625
0 0.16875 0.5671875 0.0375 0.015625
0 0.09734179847775656 0.7653660825907307 0.030098676882026255 0.048764764003817976
0 0.14690676387734544 0.6006490545830948 0.051146005931499164 0.028706802673454136
0 0.17359128068325944 0.680063834579913 0.030035009885831698 0.047202264003817974
0 0.05703125 0.56953125 0.0359375 0.0203125
0 0.03061060182406692 0.6238876545990031 0.03303267589344294 0.04411362667090888
0 0.12212162258431362 0.7213069999204582 0.04534167490485981 0.0395715773392725
0 0.1875 0.57734375 0.034375 0.0359375
0 0.2478909437251211 0.6620036305697317 0.04996550790866543 0.038063621339908774
0 0.03994579254625759 0.7378956105983667 0.026973676882026253 0.04872840133672707
0 0.0171875 0.6890625 0.034375 0.0375
0 0.2612663301124182 0.9135297679026408 0.04840300790866543 0.03804544000636341
0 0.25235826783167814 0.61818090523555 0.036157675893442945 0.04414998933799978
0 0.1364732826604258 0.6898751865850038 0.04958350593149898 0.028688621339908772
0 0.07559944965662027 0.6921467585932761 0.04958350593149916 0.028688621339908772
0 0.021875 0.778125 0.04375 0.03125
0 0.21921148129128182 0.840546801241277 0.048466674904859806 0.039607940006363404
0 0.1779551285158126 0.7487956532463677 0.04964717292769336 0.03025112133990877
0 0.01328125 0.746875 0.0265625 0.04375
0 0.46156080737500516 0.9089546399586382 0.02276633794672147 0.022129538669636163
0 0.4409246552075584 0.9779773599618199 0.02276633794672147 0.022129538669636163
0 0.5046875 0.98984375 0.021875 0.0203125
0 0.40339548030269856 0.9393330306333653 0.02276633794672147 0.022129538669636163
0 0.41796875 0.996875 0.0234375 0.00625