0 0.2722599581560735 0.2522717618960815 0.04926641848667064 0.05001984736759475
0 0.3399254324023183 0.14863584120750897 0.054081464244305086 0.051746038474587405
0 0.05 0.48828125 0.05 0.0234375
0 0.23947889331264358 0.11942454556134549 0.047448826971401556 0.04684028366526398
0 0.3227384481541339 0.3019245323145016 0.05095646424430526 0.05163691106992552
0 0.15921730846533427 0.09106642178488089 0.04732128121376693 0.045277783665263985
0 0.21881596482403332 0.21986105517999235 0.04757637272903601 0.04840278366526398
0 0.31718982088316994 0.25537691452848676 0.05095646424430509 0.05163691106992552
0 0.9639362436219043 0.053402730677888324 0.047448826971401556 0.04684028366526398
0 0.9875 0.01875 0.025 0.0375
0 0.9754800372535068 0.17920133884525632 0.04732128121376702 0.045277783665263985
0 0.9414557236180251 0.15701880399886603 0.04732128121376693 0.045277783665263985
0 0.9921875 0.19765625 0.015625 0.0453125
0 0.8879163933126435 0.22121027877112248 0.05057382697140156 0.046949411069925694
0 0.8875334981638321 0.14955353358044593 0.04719373545613248 0.04371528366526398
0 0.9665193675588885 0.11719241216623395 0.04901132697140156 0.04689484736759475
0 0.9446448833107037 0.27064479438021916 0.04732128121376693 0.045277783665263985
0 0.8860351578565112 0.26334321506879166 0.05057382697140156 0.04694941106992552
0 0.9249695963470611 0.11085313212916717 0.047448826971401556 0.04684028366526398
0 0.99453125 0.0578125 0.0109375 0.046875
0 0.99296875 0.2859375 0.0140625 0.046875
0 0.98671875 0.246875 0.0265625 0.04375
0 0.9418386187668364 0.2286755491895426 0.04719373545613248 0.04371528366526398
0 0.22187603150363108 0.6576735684268362 0.03549096091032524 0.033958337748947985
0 0.2519786354367358 0.8233332847615722 0.0353634151526907 0.0323958377489479
0 0.28399339423072745 0.660178520333602 0.0353634151526907 0.0323958377489479
0 0.1514045505894265 0.7956844891154088 0.0353634151526907 0.0323958377489479
0 0.23169757059330584 0.6900495588081894 0.03392846091032524 0.03390377404661713
0 0.32044107726126564 0.6526735551799924 0.0353634151526907 0.032395837748947984
0 0.1838024624081373 0.7805307150687917 0.0353634151526907 0.0323958377489479
0 0.1490131321027559 0.844067425413078 0.0353634151526907 0.0323958377489479
0 0.11256519119631 0.775228145376011 0.0353634151526907 0.0323958377489479
0 0.14627051149975173 0.7631448076270632 0.03549096091032524 0.033958337748947895
0 0.07962514543867547 0.777936483124959 0.0353634151526907 0.0323958377489479
0 0.05121310301502082 0.7633481934692453 0.03705346091032524 0.034012901451278846
0 0.16648715877459502 0.7063491706037545 0.03549096091032524 0.033958337748947895
0 0.15873907634318168 0.8967013520921002 0.03549096091032524 0.033958337748947895
0 0.187118909982543 0.8162499602594682 0.03549096091032524 0.033958337748947895
0 0.26451007059330583 0.6889037210592415 0.0338009151526907 0.03234127404661713
0 0.11368115210663525 0.7424702090783419 0.0353634151526907 0.032395837748947984
0 0.08074110634900071 0.7451785468272899 0.0353634151526907 0.032395837748947984
0 0.19815174695588417 0.7192658328548065 0.0353634151526907 0.032395837748947984
0 0.052329063925346066 0.7305902571715761 0.03705346091032524 0.034012901451278846
0 0.7340585854270374 0.9566269675158624 0.05226387272903606 0.04856647477225664
0 0.97578125 0.890625 0.0484375 0.046875