0 0.309375 0.0125 0.05 0.025
0 0.29685010799773204 0.15694930972177393 0.04700397477225664 0.05213632697140156
0 0.30541163086322276 0.04639444699467745 0.04856647477225664 0.05226387272903601
0 0.6696725383049513 0.16447554092584263 0.07885417549789597 0.07187474212409235
0 0.4839532931142748 0.14304759576733286 0.08477679328391083 0.06300992515463033
0 0.48103167895645693 0.0472249127367947 0.0743849303072194 0.07774210485118864
0 0.5436159805930703 0.22939942607271427 0.08354167549789597 0.07225737939699588
0 0.39375 0.015625 0.06875 0.03125
0 0.5591467221555498 0.32311747516432865 0.08526786660488846 0.07707242515463034
0 0.7109721501005165 0.10360168486670593 0.08030754809323426 0.0688772878817268
0 0.7058630094490108 0.20503663910907138 0.057633939925866254 0.08883910151720861
0 0.6255008976534457 0.2627218512273446 0.08187004809323425 0.06900483363936125
0 0.6326487426587878 0.05803435122734468 0.07136905771188111 0.08061201333591957
0 0.55 0.02578125 0.05625 0.0515625
0 0.5970336464723194 0.18048343607465397 0.060649812521204535 0.08596919303247788
0 0.5735812775051782 0.0892526581948669 0.06215774881887359 0.08453423879011232
0 0.680585212536903 0.34556604425982246 0.08348711179556503 0.0706948793969957
0 0.715625 0.0390625 0.06875 0.078125
0 0.76015625 0.37578125 0.0546875 0.0859375
0 0.38984375 0.09609375 0.0609375 0.0765625
0 0.3203125 0.96953125 0.04375 0.0609375
0 0.33266361162592906 0.9109995966854167 0.0457688569862416 0.06138378121376711
0 0.5400792967424719 0.610521622439172 0.032286710344286276 0.03223841515269079
0 0.8706199686121707 0.6578738230576935 0.03228671034428636 0.03223841515269079
0 0.5514136116259291 0.6897945342578827 0.03234127404661713 0.03380091515269079
0 0.6324800731513417 0.7465544594125132 0.03077877404661713 0.03367336939505616
0 0.8666070804077359 0.5933011400271553 0.03228671034428636 0.03223841515269079
0 0.4863144012816428 0.7142526581948669 0.03234127404661713 0.03380091515269079
0 0.8827578700634495 0.6243916433611352 0.03390377404661713 0.03392846091032524
0 0.7799949686121707 0.6504761691148905 0.03077877404661713 0.03367336939505616
0 0.956537621244576 0.7103288854852274 0.03390377404661713 0.03392846091032524
0 0.7103521020072823 0.7153042015366055 0.03234127404661713 0.03380091515269079
0 0.8373213736916465 0.5345002248744646 0.030724210344286185 0.03211086939505616
0 0.6656745190676576 0.7382954203228385 0.03077877404661713 0.03367336939505616
0 0.6159126212445759 0.6825239103208988 0.03234127404661713 0.03380091515269079
0 0.7099404181566837 0.5476065185060672 0.03072421034428636 0.03211086939505616
0 0.8016864301375832 0.7023893554794084 0.03234127404661713 0.03380091515269079
0 0.7098511381196169 0.5052914727484328 0.03072421034428636 0.03211086939505616
0 0.8234374337657805 0.6179824045710228 0.03228671034428636 0.03223841515269079
0 0.6335961729660072 0.535106776381975 0.030724210344286185 0.03211086939505616
0 0.5563987559056318 0.5021669885002483 0.030724210344286185 0.03211086939505634
0 0.8173709722403679 0.5673446757828502 0.03072421034428636 0.03211086939505634
0 0.7510019277753306 0.5384227082045652 0.030724210344286185 0.03211086939505616
0 0.6093005226958548 0.6475111815327261 0.03077877404661713 0.03367336939505616
0 0.5879910070867581 0.584660495168208 0.03072421034428636 0.03211086939505634
0 0.7307390130772079 0.6699597506282198 0.03077877404661713 0.03367336939505616
0 0.8673461464723193 0.7516238230576935 0.03390377404661713 0.03392846091032524
0 0.6778124205189365 0.7048132406262801 0.03077877404661713 0.03367336939505616
0 0.6509820804077359 0.5756998254735894 0.03072421034428636 0.03211086939505616
0 0.613809462621721 0.5632637272903607 0.03072421034428636 0.03211086939505616
0 0.7726933893007433 0.5903358945690832 0.03072421034428636 0.03211086939505616
0 0.7741070671608918 0.6844685318419869 0.03072421034428636 0.03211086939505616
0 0.4296080442954011 0.7676010566776581 0.033958337748947895 0.03549096091032524
0 0.5771229397562301 0.6715227663800354 0.03072421034428636 0.03211086939505616
0 0.600962233040141 0.6170584069869188 0.03072421034428636 0.03211086939505616
0 0.6189533196079626 0.5057063188056297 0.03072421034428636 0.03211086939505616
0 0.7492906056354792 0.6323002539621998 0.03072421034428636 0.03211086939505634
0 0.6635515130772079 0.6644752830499348 0.03077877404661713 0.03367336939505616
0 0.6908977522774347 0.5993285151720873 0.03072421034428636 0.03211086939505616
0 0.6405158063611187 0.6061845509277822 0.03072421034428636 0.03211086939505616
0 0.6680951693378102 0.6241053745652039 0.03072421034428636 0.03211086939505616
0 0.6981447678865313 0.6610312897178946 0.03072421034428636 0.03211086939505616
0 0.7441318796820964 0.6005400709316616 0.03077877404661713 0.03367336939505616
0 0.7183679878494644 0.620374338809509 0.03072421034428636 0.03211086939505634
0 0.7499106537287135 0.5696727082045652 0.03072421034428636 0.03211086939505616