0 0.284375 0.6453125 0.021875 0.0203125
0 0.26875 0.6234375 0.021875 0.0203125
0 0.3453125 0.5859375 0.0203125 0.0203125
0 0.31875 0.61875 0.0203125 0.0203125
0 0.375 0.6 0.0203125 0.021875
0 0.2796875 0.5859375 0.0203125 0.0203125
0 0.240625 0.578125 0.0203125 0.0203125
0 0.265625 0.659375 0.021875 0.021875
0 0.3203125 0.5796875 0.0203125 0.0203125
0 0.2796875 0.5578125 0.0203125 0.0203125
0 0.3 0.5703125 0.0203125 0.0203125
0 0.3015625 0.590625 0.0203125 0.0203125
0 0.4796875 0.725 0.021875 0.021875
0 0.4984375 0.61875 0.0203125 0.021875
0 0.390625 0.7265625 0.021875 0.021875