0 0.4785571079434453 0.35012289059518514 0.027872442927905538 0.02843408267027243
0 0.4662411985139858 0.31278652259709416 0.027799668320799498 0.026871582670272433
0 0.26424635897690263 0.2573557772915474 0.03255994292790545 0.02848862667090888
0 0.5484375 0.134375 0.021875 0.03125
0 0.44040644458504447 0.2974706052673667 0.027799668320799498 0.02687158267027261
0 0.48448608436979673 0.2563547092616396 0.027799668320799498 0.026871582670272433
0 0.23889110215247705 0.13115690396245627 0.03099744292790545 0.028470445337363516
0 0.46656222208763437 0.4064819785964578 0.02943494292790554 0.02845226400381797
0 0.4825982526905964 0.22982857192873052 0.0293621683207995 0.026889764003817974
0 0.546875 0.3515625 0.025 0.028125
0 0.4853979210113959 0.20324789059518517 0.027799668320799498 0.026871582670272433
0 0.5041007634439634 0.37168880792491255 0.02943494292790554 0.02845226400381797
0 0.54765625 0.3046875 0.0234375 0.03125
0 0.50421638751295 0.2686183519255489 0.0293621683207995 0.026889764003817974
0 0.33070611290584406 0.27219897994909326 0.03099744292790545 0.028470445337363516
0 0.44498262862160975 0.33333537993318496 0.02943494292790554 0.02845226400381797
0 0.5372172861890423 0.16360358792173085 0.02943494292790554 0.02845226400381797
0 0.3579664338316775 0.15631944127945702 0.029434942927905362 0.02845226400381797
0 0.27946894458504445 0.2993432826225475 0.03263271753501122 0.030051126670908878
0 0.4091135951231637 0.3993421879376392 0.027508569892376045 0.02062158267027243
0 0.34346297808349047 0.2330092106142752 0.02943494292790545 0.02845226400381797
0 0.4894773755212379 0.6186001705920035 0.03121576674922295 0.03315794533736351
0 0.5160441836267897 0.5511399505888217 0.031142992142117087 0.03159544533736351
0 0.4737369830458892 0.15184902259709415 0.02943494292790554 0.02845226400381797
0 0.39764536393930144 0.1761592266072755 0.030997442927905537 0.028470445337363516
0 0.28766662655469516 0.5256876066200021 0.031070217535011223 0.030032945337363514
0 0.5071357564146499 0.641819494589458 0.029507717535011226 0.030014764003818327
0 0.60078125 0.35703125 0.0828125 0.0734375
0 0.57265625 0.3015625 0.0265625 0.1
0 0.629284854014504 0.45582745058882174 0.05116870181924558 0.09273294000636341
0 0.6207575322601009 0.27008994525782165 0.08994010339082212 0.08693747334499946
0 0.57421875 0.503125 0.0296875 0.0625
0 0.6542163875129499 0.3899479119191856 0.1008390620344933 0.052707924013363085
0 0.57890625 0.43359375 0.0390625 0.0921875
0 0.58984375 0.56640625 0.0609375 0.0484375
0 0.6164166728734227 0.5309365385900945 0.09749573821317573 0.047984061346272
0 0.57109375 0.6546875 0.0234375 0.05
0 0.6855604710541771 0.6222695159134586 0.08147263192686935 0.07278406667727229
0 0.64375 0.67109375 0.04375 0.0171875
0 0.9109375 0.98203125 0.0375 0.0359375
0 0.83203125 0.98125 0.0484375 0.0375
0 0.66875 0.9859375 0.053125 0.028125
0 0.9875 0.865625 0.025 0.046875
0 0.8699184702256076 0.8882046932686393 0.06424659057054054 0.03822725334181776
0 0.9633730636916322 0.9605149505888217 0.05083906203449331 0.05212612133990877
0 0.98984375 0.9703125 0.0203125 0.053125
0 0.6881676641869704 0.7669489532940927 0.0651198858558109 0.05697725334181776