0 0.04765625 0.346875 0.0953125 0.103125
0 0.1328125 0.53828125 0.115625 0.0421875
0 0.8908943352820046 0.5146020789886041 0.07807837842423862 0.044118181141081084
0 0.3046875 0.9828125 0.04375 0.034375
0 0.35682422075521314 0.8159206381276132 0.045502676764564674 0.04571491439185813
0 0.35546875 0.98359375 0.0453125 0.0328125
0 0.3148753643262988 0.919841850700226 0.045502676764564674 0.04571491439185813
0 0.18046875 0.9796875 0.0453125 0.040625
0 0.25234375 0.98671875 0.0453125 0.0265625
0 0.16395148175287533 0.8801157630251695 0.043821777594401645 0.04407963978475227
0 0.2871521834125493 0.8827399569865321 0.045502676764564674 0.04571491439185813
0 0.362293893370593 0.8675559127347192 0.04538427759440165 0.04415241439185813
0 0.16570415851744 0.9237929884180633 0.04538427759440165 0.04415241439185813
0 0.134375 0.978125 0.04375 0.04375
0 0.2032740908810821 0.8648204028099217 0.04538427759440165 0.04415241439185813
0 0.14621860747782156 0.8310232915612167 0.04538427759440165 0.04415241439185813
0 0.061748519095539224 0.8052912373846063 0.04538427759440165 0.04415241439185813
0 0.2117270535384181 0.9352784520241333 0.045502676764564674 0.04571491439185813
0 0.2740853435803744 0.9568666617012618 0.04526587842423861 0.04258991439185813
0 0.25088279668994085 0.8561389156302033 0.043821777594401645 0.04407963978475227
0 0.09728420000928875 0.8427570041338293 0.04526587842423861 0.04258991439185813
0 0.83984375 0.9890625 0.0234375 0.021875
0 0.7611117468997224 0.9391012729499668 0.023532588382282428 0.022893844499482084
0 0.8093124485593963 0.9382322857702483 0.023532588382282428 0.022893844499482084
0 0.8304537427505375 0.9501158556626246 0.023532588382282428 0.022893844499482084