0 0.35734134028083664 0.30105312172432425 0.02749008293962447 0.028109589448421346
0 0.353125 0.45546875 0.025 0.0078125
0 0.33125 0.45625 0.025 0.00625
0 0.38999014917384417 0.2944545112292154 0.02749008293962447 0.028109589448421346
0 0.32856655425332004 0.41858923221943306 0.025873019237293703 0.026456084186749607
0 0.29765625 0.44609375 0.0265625 0.0265625
0 0.3379564232204613 0.3287986901260583 0.02749008293962447 0.028109589448421346
0 0.3980953150530933 0.347215490182528 0.029052582939624472 0.028200594710093264
0 0.3912103979927178 0.37423301649088725 0.029052582939624472 0.028200594710093264
0 0.378125 0.45390625 0.025 0.0109375
0 0.38325405425332004 0.4154040480609183 0.027435519237293704 0.026547089448421345
0 0.3594891720393349 0.4073941269859961 0.025873019237293703 0.026456084186749607
0 0.3474603979927178 0.37678116381769905 0.027435519237293704 0.026547089448421345
0 0.30211318165798173 0.4232613216678545 0.025873019237293703 0.026456084186749607
0 0.33563500978828287 0.4416627111727457 0.025873019237293703 0.026456084186749607
0 0.3230060350160263 0.39386224800444863 0.025873019237293703 0.026456084186749607
0 0.36339293283910806 0.33984260593930865 0.025873019237293703 0.026456084186749607
0 0.3768006684111379 0.32027355858426204 0.02749008293962447 0.028109589448421523
0 0.596329429210911 0.3179184581889739 0.029107146641955416 0.02976309471009344
0 0.5547966936388813 0.3391256002541138 0.030669646641955418 0.02985409997176518
0 0.5844097825689556 0.2904304950206768 0.030669646641955418 0.02985409997176518
0 0.5075199003549705 0.28551475284259736 0.030669646641955418 0.02985409997176518
0 0.48046875 0.32890625 0.0234375 0.0296875
0 0.5108284388295579 0.33542374758092564 0.030669646641955418 0.02985409997176518
0 0.6012500529873757 0.23465093188061462 0.030669646641955418 0.02985409997176518
0 0.5585367633316619 0.2668865792074264 0.029107146641955416 0.029763094710093262
0 0.5266319989036916 0.24995668444086339 0.030669646641955418 0.02985409997176509
0 0.5457837921876025 0.3052056265624731 0.030669646641955418 0.02985409997176518
0 0.18386414554564706 0.6035381687970223 0.03735615626060227 0.042718121018452494
0 0.22265625 0.47578125 0.0359375 0.0328125
0 0.08219251814098535 0.6063285108056924 0.04640377404661713 0.03388915258848364
0 0.23529767077339053 0.5520064899001793 0.04327877404661713 0.033707142065139896
0 0.9160665542533201 0.6468485530402415 0.01940476442797028 0.019842063140062295
0 0.8671578282999372 0.6810107214137406 0.021021828130301047 0.021495568401734035
0 0.7542014713136955 0.629659594992442 0.021021828130301134 0.021495568401734035
0 0.9664137838349 0.6987148899284141 0.019459328130301046 0.021404563140062293
0 0.9844544557045989 0.677310326788352 0.01940476442797028 0.019842063140062295
0 0.9921875 0.69453125 0.015625 0.0203125