0 0.0140625 0.234375 0.028125 0.028125
0 0.05742211111185123 0.25504729652361535 0.030642246239076344 0.03419521753501122
0 0.01328125 0.1609375 0.0265625 0.021875
0 0.08267817537675848 0.19363891563020327 0.03643760517284953 0.018861315963434676
0 0.06659853431053175 0.20853616955914464 0.036483069279472244 0.020423815963434677
0 0.06046820625557085 0.15035979652361534 0.02439224623907634 0.03390411910658777
0 0.11274610860456882 0.23571940777232037 0.030551318025830908 0.031070217535011223
0 0.08519542161583474 0.16089919023730914 0.018233174452321775 0.03673802067816432
0 0.07474130641385539 0.09000449338046224 0.03050585391920819 0.029507717535011226
0 0.03537727804232551 0.1523204028099217 0.02898881802583091 0.030997442927905537
0 0.053354388229739945 0.1797561980951919 0.03349446159934022 0.02496576674922295
0 0.03945702428140176 0.11965345202413342 0.02898881802583091 0.030997442927905537
0 0.01875 0.18671875 0.0375 0.0203125
0 0.05411055766749673 0.09999592348808602 0.021312710345699058 0.035321069892376045
0 0.06909906017477914 0.12259866955914464 0.030414925705962936 0.026382717535011223
0 0.09061034732179767 0.13611751405862665 0.03487510517284953 0.018788541356328813
0 0.0078125 0.09296875 0.015625 0.0265625
0 0.09915497004562442 0.27263721091547344 0.015153638558944315 0.038154971463952594
0 0.92492785985821 0.1650945004097756 0.048193459092057724 0.04749573821317572
0 0.978125 0.178125 0.04375 0.046875
0 0.5109375 0.0140625 0.046875 0.028125
0 0.8650694750601893 0.23271433994685883 0.048238923198680436 0.04905823821317572
0 0.5999853473217976 0.040436832917545476 0.04502299498543501 0.045787688998963995
0 0.6496216344688163 0.05526562034493292 0.04502299498543501 0.045787688998963995
0 0.6326374082879996 0.2625686980951919 0.04663095909205772 0.04742296360606986
0 0.6520071854058884 0.18836921877335638 0.046585494985435 0.04586046360606986
0 0.47109375 0.23515625 0.0421875 0.0484375
0 0.5354896236482636 0.26743167245462873 0.04663095909205781 0.04742296360606986
0 0.8047972162847007 0.15324085566262458 0.048147994985435004 0.04593323821317572
0 0.9049503289793975 0.20640870512450524 0.048193459092057724 0.04749573821317572
0 0.9480183673800575 0.23188389412346933 0.04663095909205772 0.04742296360606986
0 0.9082739057807172 0.25350202894582285 0.048193459092057724 0.04749573821317572
0 0.98359375 0.2453125 0.0328125 0.046875
0 0.5009113498290801 0.057727032669876444 0.04663095909205772 0.04742296360606986
0 0.9498249082879997 0.277341943337681 0.048147994985435004 0.04593323821317572
0 0.5881599825820367 0.28553100909622786 0.04667642319868044 0.048985463606069854
0 0.7406317647144904 0.2613401459854961 0.04663095909205772 0.04742296360606986
0 0.49436451847541407 0.28272703266987664 0.048238923198680436 0.049058238213175544
0 0.45546875 0.27734375 0.0109375 0.0484375
0 0.03901440657214002 0.4797947394515208 0.05279003087881247 0.04458906203449331
0 0.09182115782578126 0.49320657609311996 0.05881271034569906 0.03706766046291676
0 0.1203125 0.4484375 0.05625 0.01875
0 0.01484375 0.54140625 0.0296875 0.0421875
0 0.0765625 0.4578125 0.034375 0.0375
0 0.025605124439686388 0.5104625425946739 0.048329851411925875 0.05218323821317572
0 0.13238867036219357 0.604619265092084 0.04989235141192587 0.05225601282028158
0 0.03359375 0.44765625 0.0484375 0.0171875
0 0.04531456769662654 0.6396791617012618 0.06322742570596293 0.02791098428423435
0 0.04350802678868426 0.5942211124870501 0.056142351411925875 0.052547111248705036
0 0.10492891158670492 0.5266740475570726 0.054534387305303154 0.050911836641599
0 0.7078098706787627 0.5287244292790543 0.03372178213245362 0.03277826674922295
0 0.6635310217741194 0.5986345148871962 0.035284282132453625 0.03285104135632881
0 0.7328840785171792 0.4735660483856422 0.03372178213245362 0.03277826674922295