0 0.2515625 0.1369645697120702 0.0421875 0.04489099784053163
0 0.0734375 0.17806683837209275 0.0453125 0.046653756939830336
0 0.1203125 0.09850045188261314 0.04375 0.044991127390180984
0 0.215625 0.11114254935400458 0.0421875 0.04489099784053163
0 0.203125 0.17131858575119913 0.04375 0.044991127390180984
0 0.171875 0.01171875 0.04375 0.0234375
0 0.2109375 0.025505438002952508 0.04375 0.044991127390180984
0 0.25703125 0.015625 0.0421875 0.03125
0 0.31484375 0.00703125 0.0421875 0.0140625
0 0.40234375 0.0171875 0.0421875 0.034375
0 0.109375 0.22420135873015834 0.0453125 0.04509125693983016
0 0.35 0.06034390808416292 0.0421875 0.04489099784053163
0 0.45390625 0.01328125 0.0421875 0.0265625
0 0.67265625 0.38203125 0.0453125 0.0953125
0 0.03125 0.5103391178294571 0.04375 0.044991127390180984
0 0.01171875 0.54140625 0.0234375 0.0453125
0 0.09375 0.5438339358434842 0.04375 0.04342862739018098
0 0.071875 0.47804824953857467 0.04375 0.04342862739018098
0 0.24140625 0.43515625 0.0421875 0.0109375
0 0.32109375 0.4484375 0.0421875 0.0375
0 0.04375 0.6329755814322625 0.04375 0.044991127390180984
0 0.2734375 0.5026315376338122 0.040625 0.044790868290882455
0 0.1984375 0.5980627560169797 0.0421875 0.04489099784053181
0 0.21875 0.5264485718715385 0.0421875 0.04332849784053181
0 0.1109375 0.6302325107973417 0.04375 0.044991127390180984
0 0.01640625 0.6640625 0.0328125 0.046875
0 0.01640625 0.596875 0.0328125 0.04375
0 0.24375 0.46547149907714935 0.040625 0.04479086829088228
0 0.10390625 0.434375 0.0421875 0.009375
0 0.3484375 0.48845031925064486 0.040625 0.04322836829088246
0 0.253125 0.6054957217792534 0.0421875 0.04489099784053163
0 0.15625 0.6304537538575113 0.0421875 0.04332849784053163
0 0.184375 0.6645889219638235 0.0421875 0.04489099784053181
0 0.13046875 0.45078125 0.0421875 0.0421875
0 0.05 0.44296875 0.04375 0.0265625
0 0.071875 0.6811732495385747 0.04375 0.044991127390180984
0 0.3 0.5368668352897737 0.040625 0.044790868290882455
0 0.340625 0.5373884669988914 0.040625 0.04479086829088228
0 0.1046875 0.5868830289959389 0.04375 0.04342862739018098
0 0.20625 0.4866246082687331 0.0421875 0.04332849784053181
0 0.3046875 0.6193789466408258 0.0421875 0.04489099784053163
0 0.3390625 0.5812385965485408 0.040625 0.044790868290882455
0 0.2359375 0.6534721468253959 0.0421875 0.04489099784053163
0 0.14375 0.6734422902547059 0.040625 0.044790868290882455
0 0.8265625 0.5859051125876698 0.04375 0.046553627390180985
0 0.8625 0.6023521329457353 0.04375 0.046553627390180985
0 0.8328125 0.5355045943890724 0.04375 0.046553627390180985
0 0.8984375 0.635986653303801 0.04375 0.046553627390180985
0 0.778125 0.5171341286267988 0.0421875 0.046453497840531634
0 0.775 0.5876468877260973 0.04375 0.044991127390180984
0 0.66875 0.44140625 0.0375 0.0234375
0 0.803125 0.4764695558324096 0.04375 0.046553627390180985
0 0.7015625 0.4626654765596154 0.04375 0.046553627390180985
0 0.9578125 0.6353067304171267 0.0421875 0.04489099784053181
0 0.75 0.4798739605204864 0.04375 0.046553627390180985
0 0.665625 0.490625 0.03125 0.046875
0 0.703125 0.5047528470099661 0.0453125 0.045091256939830335