0 0.06630814570784693 0.32498400803627103 0.08314111474138901 0.08219542934436311
0 0.01796875 0.3609375 0.0359375 0.09375
0 0.07578125 0.4765625 0.0703125 0.046875
0 0.07288676044923585 0.24378855203690736 0.04905705547083343 0.0942954400063634
0 0.12797038468993013 0.4288544427116342 0.08931837955902786 0.079143154678545
0 0.02578125 0.465625 0.0515625 0.06875
0 0.07099433928708296 0.39224423337045283 0.09073540919430564 0.07291133601209036
0 0.52131903476618 0.22649305872054298 0.04633079255305557 0.044277258672817864
0 0.7289496968102773 0.23672367608208714 0.04476829255305557 0.0442590773392725
0 0.30703125 0.09296875 0.0140625 0.0453125
0 0.5736452541809718 0.19428054272754264 0.04476829255305557 0.0442590773392725
0 0.353125 0.0171875 0.046875 0.034375
0 0.5470853670224998 0.05956009739017922 0.04476829255305574 0.0442590773392725
0 0.7497700366660413 0.2822907147517234 0.04636716014423605 0.045839758672817865
0 0.37509603856590223 0.3310703760343621 0.04792966014423614 0.04585794000636341
0 0.5615803588543745 0.24259077339272447 0.04476829255305557 0.044259077339272326
0 0.8351620227983328 0.30672818809672286 0.04636716014423605 0.045839758672817865
0 0.7345801413394438 0.3305645827498143 0.04636716014423605 0.045839758672817865
0 0.6676108468865272 0.32040778540736026 0.04473192496187508 0.042696577339272325
0 0.3078125 0.19296875 0.015625 0.0453125
0 0.31796875 0.2828125 0.0359375 0.046875
0 0.6599464300927773 0.1796555160725421 0.04476829255305557 0.0442590773392725
0 0.6884000448341663 0.09871459874281463 0.04476829255305557 0.044259077339272326
0 0.6514026590068743 0.4124316534054512 0.04633079255305557 0.044277258672817864
0 0.5343606293715967 0.40481805338954285 0.04636716014423614 0.045839758672817865
0 0.7012571886421523 0.4192634560789054 0.04636716014423605 0.045839758672817865
0 0.9051095404657634 0.39037702943981323 0.04792966014423623 0.04585794000636341
0 0.6649936867422911 0.36570210407381476 0.04633079255305557 0.044277258672817864
0 0.7801472144777077 0.32015434142263227 0.04476829255305557 0.0442590773392725
0 0.5926082340449994 0.4539464440642698 0.046403527735416714 0.04740225867281787
0 0.696899609804305 0.27073504941117826 0.04473192496187508 0.0426965773392725
0 0.3438876318401386 0.06032152402927142 0.04633079255305557 0.044277258672817864
0 0.4224477365135413 0.10968627204008907 0.04633079255305557 0.044277258672817864
0 0.8766221709747217 0.3384690841024499 0.04792966014423605 0.04585794000636341
0 0.3776794439604857 0.15292719470081656 0.04633079255305557 0.044277258672817864
0 0.3911626753431247 0.04367946403563474 0.04629442496187508 0.04271475867281786
0 0.8569655940367357 0.24290204543281355 0.04476829255305557 0.044259077339272326
0 0.8309096274717355 0.35512932542963194 0.04636716014423605 0.045839758672817865
0 0.5032249578281941 0.13094420138445217 0.04476829255305557 0.0442590773392725
0 0.7743375448341663 0.09971457208781409 0.04473192496187508 0.042696577339272325
0 0.5616557068782635 0.10505441072563367 0.04476829255305557 0.0442590773392725
0 0.7397754811952078 0.37594980808399614 0.04476829255305574 0.0442590773392725
0 0.3706254376922216 0.3888465133672712 0.04792966014423614 0.04585794000636341
0 0.8065629376922215 0.3939191054264503 0.04636716014423605 0.045839758672817865
0 0.7512571886421522 0.41984525875235973 0.04633079255305557 0.044277258672817864
0 0.8411548368185411 0.45214977609799545 0.047966027735416715 0.047420440006363404
0 0.6472593664538188 0.4561452907383604 0.04636716014423623 0.045839758672817865
0 0.14780749316305503 0.6949703387173614 0.07623649810013892 0.05399770401018138
0 0.09348497549562458 0.6115033107097252 0.05170927678548622 0.07401930267345413
0 0.15038959213687458 0.5840328387173613 0.0714398953265972 0.04925566000954511
0 0.24413697929534664 0.7195350813971789 0.0578865416031249 0.07096702800763595
0 0.19765625 0.5125 0.0578125 0.025
0 0.23302025418097178 0.59280894939527 0.04237064437666671 0.0754727146721816
0 0.2625 0.51171875 0.059375 0.0234375
0 0.240625 0.528125 0.05 0.05625
0 0.2603815347661801 0.6259487133990879 0.03768314437666671 0.07541817067154515
0 0.20384190045749956 0.5705885040579064 0.04077177678548623 0.07389203333863606
0 0.7521313172512494 0.8157021040738147 0.029216027735416716 0.047202264003817974
0 0.7522417264455551 0.7438089227402693 0.030778527735416717 0.04722044533736351
0 0.7706293569545135 0.6924464174092693 0.049019381458888844 0.02556362133990877
0 0.7320720839687495 0.8717339280712695 0.041643292553055565 0.0442227146721816
0 0.7139078846899302 0.6448987080680878 0.04004442496187508 0.04264203333863605
0 0.831529182942569 0.761923670751087 0.02612739532659738 0.04872840133672707
0 0.77131903476618 0.7299645987428146 0.03702852773541672 0.04729317067154533
0 0.7277145051309024 0.7232055214035422 0.041643292553055745 0.0442227146721816
0 0.721826874621944 0.7747134774029059 0.030778527735416717 0.04722044533736351
0 0.6858166394395828 0.7774203067313608 0.04614895459715278 0.036464758672817864
0 0.7082384597280551 0.6870316640674515 0.04458645459715278 0.036446577339272326
0 0.7386506987101383 0.7905384720719058 0.032377395326597204 0.04880112667090888
0 0.6465359338924995 0.7863407733927245 0.027653527735416718 0.04718408267027243
0 0.6716800978364578 0.8475873560629971 0.04774782218833344 0.03804544000636341