0 0.540625 0.24296875 0.021875 0.0140625
0 0.6309267684289074 0.2039361254814745 0.02137703301668683 0.020430674668035033
0 0.4288729454981288 0.19338846916020377 0.021458920171816588 0.02199317466803503
0 0.5262326243763726 0.2330054810640604 0.01981453301668683 0.020421584308955333
0 0.50625 0.24296875 0.021875 0.0140625
0 0.5107780427391668 0.20636116783234398 0.019814533016686654 0.020421584308955333
0 0.634375 0.24375 0.021875 0.0125
0 0.602385688600724 0.2256384086589617 0.021377033016686652 0.020430674668035033
0 0.42734375 0.2390625 0.0203125 0.021875
0 0.4921165739468313 0.1781361738824682 0.019814533016686654 0.020421584308955333
0 0.4662091711878693 0.1904816377781146 0.021377033016686652 0.020430674668035033
0 0.6224724592929387 0.13203385440423565 0.02137703301668683 0.020430674668035033
0 0.4575645115315024 0.23416800526455733 0.01981453301668683 0.020421584308955333
0 0.4734418170494264 0.20926799921443306 0.021377033016686652 0.020430674668035033
0 0.445323461101961 0.17942596311007958 0.021377033016686652 0.020430674668035033
0 0.5802849592929388 0.13178841470908598 0.02137703301668683 0.020430674668035033
0 0.4873338986866321 0.23590322208707004 0.01981453301668683 0.020421584308955333
0 0.4760887822237173 0.1405543606507516 0.01981453301668683 0.020421584308955333
0 0.5068408152404041 0.1610395774732643 0.019814533016686654 0.020421584308955333
0 0.566448188600724 0.22542933040013055 0.021377033016686652 0.020430674668035033
0 0.5355390253263124 0.17214070393669748 0.01981453301668683 0.020421584308955333
0 0.4819227023955338 0.16245663172799044 0.02137703301668683 0.020430674668035033
0 0.5469612042045562 0.21125774609117515 0.021377033016686652 0.020430674668035033
0 0.37421875 0.23984375 0.0203125 0.0203125
0 0.5467288308442363 0.14721342680933436 0.021377033016686652 0.020430674668035033
0 0.4401512822237173 0.14034528239192037 0.02137703301668683 0.020430674668035033
0 0.48596174920703045 0.12030549316430887 0.021377033016686652 0.020430674668035033
0 0.5485436363621602 0.12223160752749358 0.021377033016686652 0.020430674668035033
0 0.5398104454981288 0.1940338846548567 0.01981453301668683 0.020421584308955333
0 0.628135961101961 0.18048953512239488 0.021377033016686652 0.020430674668035033
0 0.6254270409301446 0.15860544476331526 0.021377033016686652 0.020430674668035033
0 0.6106275565339768 0.14446113153159867 0.019814533016686654 0.020421584308955333
0 0.5642438794647553 0.15356342075921017 0.021377033016686652 0.020430674668035033
0 0.5836489767057933 0.16617250506816558 0.02137703301668683 0.020430674668035033
0 0.6012392684289074 0.20376340865896178 0.01981453301668683 0.020421584308955333
0 0.6094678482570908 0.18194295081343945 0.021377033016686652 0.020430674668035033
0 0.5833081399802049 0.21927932435000627 0.019814533016686654 0.020421584308955333
0 0.5750928482570907 0.18174296291368783 0.019814533016686654 0.020421584308955333
0 0.6023170895506635 0.16471908937712101 0.01981453301668683 0.020421584308955333
0 0.3328125 0.24765625 0.021875 0.0046875
0 0.5823254941186479 0.20052932435000628 0.019896420171816587 0.02198408430895533
0 0.5620948812737776 0.20197364968197123 0.01981453301668683 0.020421584308955333
0 0.30534475576575115 0.37997138465485664 0.03641553482570892 0.06894089754067201
0 0.2727779172311404 0.3844679871141847 0.03805992198083885 0.07051248789975162
0 0.3578146585247131 0.36778045686356364 0.07063340456798421 0.03633747579950315
0 0.37187051447217845 0.39754067973620055 0.07063340456798421 0.03633747579950315
0 0.463969483264514 0.42619292056281843 0.06684666327441154 0.05349770472226432
0 0.3201641723195231 0.305080468963812 0.05475609905006031 0.06123748184962743
0 0.5419307089542545 0.4235224385167993 0.044064260515449406 0.06586134933607006
0 0.48675853007601066 0.38415086630809225 0.06964411465389268 0.04726588544042354
0 0.2195843181810801 0.3232395956236369 0.06783595318850325 0.042569295081343925
0 0.30401462912607097 0.4440066135776178 0.06520227611928178 0.0519261143631848
0 0.41933201266315623 0.34939407122674837 0.06907090456798422 0.036328385440423536
0 0.3479549796464694 0.3286725050681656 0.057553550429541286 0.05500566256778665
0 0.34119588308279986 0.7659997882456528 0.03822369629109836 0.07363748789975162
0 0.22670850067736853 0.45917709562363684 0.05936171189493056 0.05970225292686635
0 0.37998398688255863 0.5225497700952803 0.056318599050060314 0.061246572208706954
0 0.40678550429541316 0.557070215840554 0.03962242198083885 0.07052157825883114
0 0.30476706015202143 0.7564157099868216 0.041348696291098365 0.07365566861791066
0 0.44510437584671064 0.572913384458465 0.03805992198083885 0.07051248789975162
0 0.24858565920208164 0.8170077763417961 0.07244156603337366 0.04103406615858276
0 0.3679022252354553 0.8583145532727674 0.04595430913596843 0.07212043969514995
0 0.3066305325624016 0.881388438909583 0.05376680913596861 0.07216589149054756
0 0.4350277702379296 0.7681077097904299 0.04603619629109836 0.07368293969514958
0 0.40458335368415776 0.8429077218906784 0.03666119629109836 0.0736283975406721
0 0.36460016282012636 0.914528191836449 0.06997166327441154 0.05351588544042372
0 0.8238158740376884 0.6987112525340827 0.0941328595655099 0.12707156010845858
0 0.9231807089542545 0.5977578065924172 0.11543464947960161 0.1162613251355733
0 0.98671875 0.59609375 0.0265625 0.1234375
0 0.9578125 0.9484375 0.084375 0.103125
0 0.7015625 0.91875 0.084375 0.121875
0 0.9127964868825587 0.6976669030016209 0.09544969810012063 0.1223931504675381
0 0.7244510391211223 0.7996646984757485 0.10326219810012063 0.12243860226293642
0 0.8405673620519007 0.80971238504764 0.12571705223856364 0.10382495764913066
0 0.95 0.81875 0.1 0.115625
0 0.8437543170494264 0.9003282946885605 0.13090251922187682 0.08354881908544912