0 0.7036441922292325 0.22400440539463357 0.07420109016268803 0.13210452267663583
0 0.5889191377781147 0.37734648671227067 0.08669199980360824 0.13068747334499947
0 0.6761827884420446 0.33773964139081547 0.1038249576491305 0.12151246801399936
0 0.4921077702916719 0.38715674403245315 0.10853972872636941 0.1262545120146356
0 0.6720498003459012 0.43299759739017923 0.11468973477649361 0.10913973734881743
0 0.746875 0.4890625 0.11875 0.08125
0 0.46484375 0.29375 0.0703125 0.134375
0 0.590625 0.5015625 0.078125 0.05625
0 0.475 0.503125 0.090625 0.053125
0 0.4194611315315987 0.8095600973901792 0.01728749394987581 0.017387494668999894
0 0.37393955327276746 0.7730953387173612 0.01728749394987581 0.017387494668999894
0 0.4098316014773694 0.7657010093889065 0.01728749394987581 0.017387494668999894
0 0.4021281857863248 0.7843601027211793 0.01728749394987581 0.017387494668999894
0 0.7559531434354554 0.8791453440483614 0.023573855386194255 0.023710220003181702
0 0.6322792940993853 0.8370840186982713 0.023573855386194255 0.023710220003181702
0 0.7431349808676687 0.8243123933799978 0.023573855386194255 0.023710220003181702
0 0.700847486917793 0.8066339973742709 0.022002265027114644 0.022129538669636163
0 0.6886565591264999 0.8596135467059073 0.023573855386194255 0.023710220003181702
0 0.6634474808676687 0.8233851453691802 0.022011355386194253 0.02369203866963616
0 0.6543451916400572 0.8701510573679074 0.023573855386194255 0.023710220003181702
0 0.6997940470262515 0.8941158160407253 0.023573855386194255 0.023710220003181702
0 0.6710690833269968 0.7906635520369074 0.023573855386194255 0.023710220003181702
0 0.7309076916400572 0.8710419427116343 0.022011355386194253 0.02369203866963616