0 0.7484375 0.71875 0.103125 0.065625
0 0.48125 0.78125 0.1 0.065625
0 0.35 0.534375 0.0953125 0.0796875
0 0.41875 0.365625 0.0875 0.090625
0 0.2609375 0.528125 0.0765625 0.0984375
0 0.35 0.6078125 0.1 0.0671875
0 0.4421875 0.659375 0.0625 0.0984375
0 0.340625 0.4453125 0.06875 0.0984375
0 0.4390625 0.54375 0.075 0.0921875
0 0.496875 0.3609375 0.0703125 0.096875
0 0.2328125 0.6296875 0.06875 0.1015625
0 0.4109375 0.44375 0.071875 0.0953125
0 0.5203125 0.4546875 0.096875 0.0609375
0 0.6703125 0.3875 0.0640625 0.096875
0 0.6109375 0.4375 0.0890625 0.0828125
0 0.6546875 0.5203125 0.09375 0.0703125
0 0.5171875 0.6328125 0.0625 0.0984375
0 0.7265625 0.7765625 0.0984375 0.06875
0 0.715625 0.609375 0.09375 0.0828125
0 0.5515625 0.7171875 0.0625 0.1
0 0.6078125 0.58125 0.096875 0.0625