0 0.06586389608909657 0.6503977582454435 0.04480466014423614 0.0478606473268119
0 0.06263371257784671 0.4539777845538028 0.04316942496187508 0.04464464206513981
0 0.14537739665777744 0.25099002147021043 0.04000805737069442 0.04290013154179624
0 0.12509342572437437 0.6531895583019134 0.043242160144236055 0.047769642065139804
0 0.2342931198722913 0.3191492162932432 0.03997168977951393 0.04133763154179633
0 0.08923388658979121 0.38377170036705327 0.03997168977951393 0.04133763154179615
0 0.28741420060999945 0.5173445216113848 0.043205792553055566 0.0462071420651398
0 0.22789634308680515 0.3928597320782587 0.03837282218833345 0.03968412628012441
0 0.11830444396048571 0.34150860565695995 0.03997168977951393 0.04133763154179633
0 0.27480771067798565 0.3885670742281032 0.03997168977951393 0.04133763154179633
0 0.3236075801690273 0.437217405854604 0.041570557370694414 0.04299113680346807
0 0.22909386075423566 0.47549022155491494 0.03201371941479181 0.03463260523343692
0 0.25176894776020786 0.4398411478915092 0.03997168977951393 0.04133763154179633
0 0.8082774401607636 0.25620668444086336 0.04629442496187508 0.04482665258848364
0 0.8030067522811107 0.3485761949642071 0.04469555737069451 0.043173147326811726
0 0.8790276576756941 0.166264952927302 0.043133057370694415 0.04308214206513998
0 0.9953125 0.1234375 0.009375 0.040625
0 0.901083189210833 0.22427487400222432 0.043133057370694505 0.04308214206513998
0 0.7203436419081248 0.14585998961783062 0.04473192496187504 0.04473564732681172
0 0.9426173789903469 0.1828462371987562 0.04153418977951393 0.04142863680346807
0 0.9828125 0.1578125 0.034375 0.040625
0 0.6928355845374303 0.18803207906625205 0.04629442496187504 0.04482665258848364
0 0.9610777446816664 0.12715767932036587 0.04153418977951393 0.04142863680346807
0 0.89453125 0.759375 0.0453125 0.01875