0 0.01953125 0.0390625 0.0390625 0.046875
0 0.05 0.00625 0.04375 0.0125
0 0.13559974031326344 0.02728513442430138 0.04633079255305557 0.04718357593472753
0 0.055003050533749584 0.07238599210261558 0.04636716014423605 0.048746075934727705
0 0.16339481915111048 0.17335465102104086 0.047966027735416715 0.050426975104890734
0 0.45078125 0.1328125 0.0421875 0.046875
0 0.44296875 0.01875 0.0265625 0.0375
0 0.46993837272208283 0.25030119501168935 0.047966027735416715 0.050426975104890734
0 0.5169601495075691 0.17343011907696165 0.04792966014423605 0.04886447510489074
0 0.47531946979604134 0.08612029584152632 0.04792966014423623 0.04886447510489074
0 0.5331319697960414 0.08173952654549446 0.046403527735416714 0.050308575934727706
0 0.503125 0.01015625 0.046875 0.0203125
0 0.2256805328663191 0.7444977904429416 0.04473192496187508 0.045502676764564674
0 0.07277504483416627 0.6796568082890809 0.04473192496187508 0.045502676764564674
0 0.05620448746347182 0.7214657999907113 0.04476829255305557 0.047065176764564676
0 0.03164220497840242 0.6375410858834826 0.04633079255305557 0.0471835759347277
0 0.13327613373999955 0.6937892406527231 0.04316942496187508 0.04538427759440165
0 0.17720797169590244 0.6826615638881584 0.043205792553055566 0.04694677759440165
0 0.20783972264583292 0.7068560804848979 0.04316942496187508 0.04538427759440165
0 0.13956119491041621 0.758822244801908 0.03997168977951393 0.04202247925407576
0 0.11380008833715242 0.6593909298648424 0.043205792553055566 0.04694677759440165
0 0.24984407826916621 0.7785409037203332 0.04316942496187508 0.04538427759440165
0 0.09762826804868015 0.7510815223963097 0.04476829255305557 0.047065176764564676
0 0.17455183111895778 0.8637931647179954 0.04316942496187508 0.04538427759440165
0 0.1758246968102773 0.8091056647179954 0.04316942496187508 0.04538427759440165
0 0.12894708396874943 0.9467958414825599 0.043242160144236055 0.04850927759440164
0 0.09482926994854121 0.8043249215664726 0.04476829255305557 0.047065176764564495
0 0.25416659593659674 0.8608798070396813 0.04316942496187508 0.04538427759440165
0 0.34388501899861074 0.7589369535105518 0.04473192496187508 0.045502676764564674
0 0.3504246533072912 0.8130324576597368 0.04153418977951375 0.04214087842423879
0 0.18203125 0.5265625 0.0421875 0.015625
0 0.14722561170416615 0.8986184506107667 0.043205792553055566 0.04694677759440165
0 0.27608188279006907 0.6564524161678879 0.04316942496187508 0.04538427759440165
0 0.23984375 0.525 0.0453125 0.0125
0 0.24068989665777743 0.6357380970816374 0.041643292553055565 0.04682837842423861
0 0.032259147607708004 0.6780476867133196 0.043133057370694415 0.043821777594401645
0 0.31765113373999954 0.6798181385734863 0.04316942496187508 0.04538427759440165
0 0.2741570132990274 0.605126714508214 0.04320579255305575 0.04694677759440165
0 0.2598723884896523 0.8167746095291921 0.04153418977951393 0.042140878424238616
0 0.3514806198722913 0.7006508568298997 0.04316942496187508 0.04538427759440165
0 0.40227809403673565 0.7966252850443569 0.04473192496187508 0.045502676764564674
0 0.13785191812493008 0.832259744801908 0.04316942496187508 0.04538427759440165
0 0.2235322321451383 0.9708234921026155 0.043242160144236055 0.04850927759440164
0 0.09697234498666614 0.8462756232261466 0.04476829255305557 0.047065176764564676
0 0.32640919111069416 0.6386011427226711 0.04473192496187508 0.045502676764564674
0 0.33592312937159663 0.9669862518508779 0.04480466014423605 0.04862767676456468
0 0.39921875 0.52421875 0.0453125 0.0109375
0 0.389491072569583 0.6088651759161501 0.04480466014423605 0.04862767676456468
0 0.3701539654276383 0.9035623692774543 0.04476829255305574 0.047065176764564676
0 0.17265625 0.98125 0.0421875 0.0375
0 0.16620034935506922 0.5524771564196256 0.04320579255305575 0.04694677759440165
0 0.1913743487863883 0.9451848746760391 0.043205792553055566 0.04694677759440165
0 0.25550958396874945 0.9372055086993551 0.043205792553055566 0.04694677759440165
0 0.2843619357923606 0.9038243236364206 0.04316942496187508 0.04538427759440165
0 0.3223412465815276 0.5453247394033232 0.04480466014423605 0.04862767676456468
0 0.4140625 0.63125 0.03125 0.046875
0 0.23269686512263857 0.5770734921026156 0.04316942496187508 0.04538427759440165
0 0.1016585385659022 0.9129895265454945 0.04480466014423623 0.04862767676456468
0 0.37023323271381914 0.5650918651282695 0.04476829255305557 0.047065176764564676
0 0.05398606440145785 0.8167782999907113 0.04476829255305557 0.047065176764564676
0 0.12877177811666635 0.6192628373333752 0.041570557370694414 0.04370337842423862
0 0.05682143009277736 0.7619724008205482 0.04480466014423614 0.04862767676456468
0 0.36518075038124964 0.6481411634685955 0.041570557370694414 0.04370337842423862
0 0.121875 0.5421875 0.04375 0.046875
0 0.0203125 0.7484375 0.040625 0.046875
0 0.3862920309664579 0.6792960750863132 0.04153418977951393 0.042140878424238616
0 0.327748259880555 0.9161341468718561 0.04160692496187508 0.04526587842423861
0 0.29369926178041605 0.9717455294452794 0.041643292553055565 0.04682837842423861
0 0.5317513077519441 0.6138183207366357 0.043133057370694415 0.043821777594401645
0 0.6076929458603468 0.7687174630583213 0.04473192496187508 0.045502676764564674
0 0.4453125 0.57734375 0.03125 0.0421875
0 0.6615842781166663 0.5977411896131046 0.04153418977951393 0.042140878424238616
0 0.5865115429343052 0.6065493497809298 0.04309668977951393 0.042259277594401644
0 0.5733946003049997 0.5669899423123971 0.04153418977951393 0.042140878424238616
0 0.5138741299402775 0.5777391107785919 0.04153418977951393 0.042140878424238616
0 0.7443240429343052 0.5945910335944644 0.04153418977951393 0.042140878424238616
0 0.6764078846899302 0.6980012987413113 0.043133057370694415 0.043821777594401645
0 0.4848048789903469 0.5534261950116893 0.04153418977951393 0.042140878424238616
0 0.6875 0.52734375 0.040625 0.0171875
0 0.5078125 0.52890625 0.040625 0.0203125
0 0.6643469086256248 0.5460602904429417 0.03993532218833344 0.04045997925407559
0 0.5765625 0.5265625 0.040625 0.015625
0 0.6390625 0.5265625 0.040625 0.015625
0 0.6982854975314581 0.562205508699355 0.03997168977951393 0.04202247925407558
0 0.6078125 0.5375 0.040625 0.0375
0 0.45859375 0.53125 0.0421875 0.025
0 0.6153275271667358 0.5747306647179953 0.03997168977951375 0.04202247925407558
0 0.5421875 0.5390625 0.040625 0.040625
0 0.725 0.5359375 0.040625 0.034375