0 0.20525531770026015 0.6042750061646379 0.019951554595791877 0.019951554595791877
0 0.22927500616463795 0.5420148380583257 0.019951554595791877 0.019951554595791877
0 0.23031587445552032 0.5825397085086764 0.019951554595791877 0.019951554595791877
0 0.25767941085271484 0.5967419108527149 0.018288925046142525 0.018288925046142525
0 0.2532131539128845 0.5513292813030656 0.016726425046142523 0.01818879549649317
0 0.915494305980068 0.36537079734219446 0.0887807001845701 0.07415699568106326
0 0.7365472856220021 0.3896932695828733 0.0891812183831675 0.08040699568106327
0 0.7444017535437443 0.29371943552971713 0.07561936613141391 0.08731832973421945
0 0.8621666517534162 0.48021574490587093 0.08761871838316751 0.08030686613141391
0 0.8557607557032126 0.25884139265411754 0.08166910703211538 0.08459384793281685
0 0.8628909376891855 0.32154165175341626 0.0889809592838688 0.07728199568106327
0 0.8014132171465498 0.28492422886674207 0.06185725478036197 0.09110466378737563
0 0.8352827791435973 0.5220632834625338 0.06976988433001133 0.09316781153562222
0 0.8179975447213008 0.39802500616463804 0.06351988433001132 0.09276729333702498
0 0.71715933065707 0.23284249228497736 0.05424501387966067 0.09372901603912887
0 0.7835014312107805 0.4424968969730543 0.05424501387966067 0.09372901603912887
0 0.87116211751569 0.4263292813030656 0.06644462523071262 0.08984255243632369
0 0.975 0.51953125 0.05 0.0828125
0 0.97578125 0.57578125 0.0484375 0.0515625
0 0.8602294077703959 0.18287966995201352 0.05560725478036197 0.0907041455887783
0 0.9119849814876357 0.5534320018457013 0.09110466378737563 0.06185725478036197
0 0.0890625 0.9734375 0.059375 0.053125
0 0.10918614435216059 0.7693597856220021 0.060555570634920744 0.07079216378737563
0 0.26609747840531667 0.7654103701365835 0.05450582973421945 0.07351664558877821
0 0.18100058759690044 0.7973031153562216 0.07215440468807692 0.05753070018457009
0 0.14662319246954744 0.9164746175156899 0.07477875693983034 0.0499184592838688
0 0.26611367211148185 0.9599218337393891 0.07800388648947969 0.051681218383167506
0 0.07536995372831443 0.8730064173311198 0.06953005243632351 0.06514294108527138
0 0.228054862735328 0.8516692427464025 0.07507914558877822 0.0546059592838688
0 0.19550078346253388 0.9507285040051696 0.05753070018457009 0.07215440468807692
0 0.049629474086380035 0.8355669740863799 0.07381703423772627 0.059193329734219445
0 0.03359375 0.778125 0.0671875 0.059375
0 0.12573089913252264 0.8575606924695475 0.05889294108527139 0.06912953423772628
0 0.0265625 0.72109375 0.053125 0.0515625
0 0.26022940777039594 0.6981227405869344 0.07361677513842757 0.05606832973421945
0 0.10643828346253388 0.9450211196751583 0.05899307063492074 0.07069203423772627
0 0.0203125 0.9046875 0.040625 0.034375
0 0.01796875 0.79609375 0.0359375 0.0609375
0 0.9875 0.93203125 0.025 0.0328125
0 0.9543565468807692 0.8792354333702488 0.03158996144333699 0.031589961443337165
0 0.8572021421926923 0.8201026603912895 0.033152461443336986 0.03169009099298634
0 0.9425388648947963 0.8162347856220021 0.03158996144333699 0.03158996144333699
0 0.9638502652639366 0.9545358220191968 0.033152461443336986 0.03169009099298634
0 0.6520745511997058 0.7758358189368778 0.03325259099298643 0.033252590992986344
0 0.8680185286821718 0.8674783081395361 0.03315246144333717 0.03169009099298634
0 0.9578125 0.9875 0.034375 0.025