0 0.6390427188666248 0.05639069657932758 0.07416667549789598 0.0685536818249421
0 0.4734028498994835 0.15232923216832184 0.07422123920022691 0.0701161818249421
0 0.578125 0.0328125 0.071875 0.065625
0 0.4621528366526396 0.05421006714929373 0.06937004809323426 0.0652376808363588
0 0.5912996780297847 0.1678667074537424 0.07093254809323427 0.06530134783255334
0 0.8473364016209148 0.16009401673155182 0.14900298439090348 0.06692219764227278
0 0.82890625 0.015625 0.0921875 0.03125
0 0.70625 0.06328125 0.034375 0.1109375
0 0.72734375 0.01328125 0.0765625 0.0265625
0 0.7578125 0.0265625 0.08125 0.053125
0 0.7265625 0.25859375 0.075 0.1390625
0 0.09711316841113785 0.6352292568829012 0.02581845553496285 0.024456171939110226
0 0.22905264917384419 0.6048175622063778 0.024201391832631813 0.02283000494291585
0 0.20788697730414524 0.6260214001530994 0.02420139183263199 0.02283000494291585
0 0.1705506684111379 0.6322369080617648 0.024255955534962938 0.02439250494291585
0 0.26571932467174014 0.6690418882901012 0.024255955534962938 0.02439250494291585
0 0.8389385698624168 0.8584572153624078 0.022638891832631992 0.02276633794672147
0 0.8192262705880561 0.8764723863129349 0.022638891832631992 0.02276633794672147
0 0.8080853847458739 0.7814782212939069 0.024255955534962938 0.02439250494291585
0 0.8154663535276807 0.9032258873015181 0.022638891832631992 0.02276633794672165
0 0.7547619773041452 0.8227690661607105 0.022638891832631992 0.02276633794672147
0 0.8712798439090339 0.8884338754385201 0.02420139183263199 0.02283000494291585
0 0.8143006684111377 0.8250372203053237 0.022638891832631992 0.02276633794672147
0 0.853655834290387 0.8766342123966584 0.022638891832631992 0.02276633794672147
0 0.7489286395551973 0.7901475671492937 0.022638891832631812 0.02276633794672165