0 0.35625 0.35625 0.0546875 0.0453125
0 0.3046875 0.4046875 0.0375 0.05625
0 0.3484375 0.390625 0.0453125 0.0515625
0 0.5125 0.4328125 0.0515625 0.053125
0 0.2875 0.4453125 0.0484375 0.0515625
0 0.3171875 0.2875 0.0421875 0.053125
0 0.4546875 0.4890625 0.0609375 0.03125
0 0.4140625 0.3359375 0.059375 0.0375
0 0.390625 0.4171875 0.059375 0.0359375
0 0.40625 0.4625 0.05625 0.040625
0 0.375 0.29375 0.0546875 0.0453125
0 0.34375 0.4375 0.04375 0.053125
0 0.4796875 0.3921875 0.0453125 0.0578125
0 0.3609375 0.509375 0.0359375 0.0578125
0 0.246875 0.4484375 0.0375 0.0578125
0 0.2125 0.33125 0.0421875 0.0578125
0 0.4609375 0.4484375 0.0453125 0.05625
0 0.4046875 0.515625 0.059375 0.0375
0 0.2765625 0.3765625 0.0421875 0.05625
0 0.425 0.3921875 0.0578125 0.0359375
0 0.234375 0.403125 0.0453125 0.0515625
0 0.309375 0.5265625 0.05 0.0546875
0 0.259375 0.3046875 0.059375 0.034375
0 0.3015625 0.484375 0.0578125 0.028125
0 0.26875 0.3375 0.0515625 0.0484375
0 0.2859375 0.765625 0.046875 0.0640625
0 0.5578125 0.409375 0.0640625 0.0390625
0 0.4421875 0.2109375 0.0546875 0.046875
0 0.23125 0.49375 0.0546875 0.04375
0 0.184375 0.3921875 0.05625 0.034375