0 0.4320982123840283 0.20310010799773198 0.07881598423243048 0.032415685116542824
0 0.32556119091687563 0.39603663086322277 0.07285692496187508 0.04469743030721922
0 0.4596088825962507 0.3772816524627691 0.05312630642076392 0.06898810217691817
0 0.4890625 0.4 0.040625 0.065625
0 0.29453125 0.4421875 0.0734375 0.015625
0 0.459425738219584 0.30222708876043836 0.07580008700597211 0.03699405771188111
0 0.40404986682868127 0.40893344574667995 0.06544446846486114 0.06161211179556503
0 0.40648388259625073 0.37913681834201823 0.05933993882958326 0.0676438569862416
0 0.409751740119445 0.25079356353269483 0.07743532218833345 0.04017362141421188
0 0.31978005033993107 0.21484119456555356 0.07445579255305575 0.046314494009550344
0 0.41484375 0.43984375 0.0734375 0.0203125
0 0.3133131512136117 0.27292651307720794 0.07427395459715277 0.038501994009550344
0 0.24245644376666728 0.31918644338442725 0.04858427678548623 0.0750744110699257
0 0.4308292659550007 0.35013879910472456 0.039209276785486226 0.07474702885594056
0 0.20299390026368114 0.30336303594269864 0.06250130642076393 0.06931548439090349
0 0.3530302678548617 0.2996874205189365 0.0730023953265972 0.0509474303072194
0 0.46328125 0.43359375 0.0328125 0.0328125
0 0.36393401310520906 0.4322271020072822 0.07256598423243048 0.03219743030721922
0 0.23816376158659763 0.06756937968209638 0.07594555737069442 0.04324405771188111
0 0.344455354860834 0.3343898027329216 0.07572735182361115 0.03386905771188111
0 0.27843031135784785 0.31949397823081754 0.05163654160312507 0.0720585384745874
0 0.3189449021635422 0.24614575826788448 0.07583645459715278 0.038556557711881115
0 0.37592094756638944 0.20818940128164282 0.04538654160312507 0.07184028366526399
0 0.48046875 0.33828125 0.0578125 0.0484375
0 0.668724083774931 0.4112449686121707 0.035320557370694415 0.041825401451278665
0 0.5879442496187504 0.2999106537287135 0.04440461664124999 0.02965278366526398
0 0.5411419848011114 0.3046725647986392 0.03982621941479181 0.034176592558271324
0 0.6862012180836115 0.3559027041842005 0.03223192496187508 0.04327877404661713
0 0.5171875 0.3140625 0.015625 0.04375
0 0.6723192496187503 0.29696421380284727 0.04291485182361114 0.03272321996293322
0 0.5577489097629865 0.3463144277753306 0.04436824905006951 0.028090283665263983
0 0.653125 0.4421875 0.034375 0.015625
0 0.6672330125365281 0.34718246861217067 0.03066942496187508 0.04322421034428636
0 0.5769002596867365 0.4300892270496912 0.03837282218833345 0.03880952885594056
0 0.6436136745806254 0.34018842414713363 0.03677395459715278 0.037192465153609786
0 0.697756967133681 0.3820832582678845 0.026018292553055565 0.044623019237293705
0 0.5203125 0.42109375 0.021875 0.0359375
0 0.6460489967689588 0.3776338604448027 0.029179660144236053 0.04629464664195524
0 0.6121454690335421 0.3319046981937507 0.032268292553055564 0.04484127404661713
0 0.5937604513661116 0.4154265263240518 0.04149782218833344 0.03891865626060227
0 0.7125818801277087 0.3471626212445759 0.026018292553055565 0.044623019237293705
0 0.6166524374984033 0.391170570789089 0.03989895459715278 0.037301592558271326
0 0.7134170283040977 0.31585805754224505 0.04138871941479181 0.03423115626060227
0 0.5515625 0.4328125 0.040625 0.034375
0 0.5529172458190282 0.40747018258465406 0.04596711664124999 0.02970734736759475
0 0.52421875 0.34765625 0.0296875 0.0234375
0 0.6436513485925699 0.40899298784946436 0.032268292553055744 0.04484127404661713
0 0.5738830560395143 0.3676437907520221 0.04436824905006951 0.028090283665263983
0 0.7327502161837505 0.40744535681660565 0.044186411094166725 0.020277783665263983
0 0.5328125 0.446875 0.046875 0.00625
0 0.7303512615865977 0.3715624205189365 0.04425914627652787 0.023402783665263983
0 0.6984375 0.4359375 0.040625 0.028125
0 0.7287510875746531 0.30281242051893653 0.036883057370694416 0.04187996515360961
0 0.5417238662600004 0.3296725647986392 0.04578527868534721 0.02189484736759475
0 0.6145807912218754 0.3693501344914198 0.03982621941479181 0.034176592558271324
0 0.7343114097629865 0.34014872941194396 0.029070557370694416 0.04160714664195542
0 0.52421875 0.4390625 0.0296875 0.021875
0 0.6267184217308338 0.4205306885751038 0.038300087005972296 0.035684528855940555
0 0.6728660699072226 0.3876437775051782 0.03379442496187508 0.043333337748947896
0 0.66875 0.4359375 0.040625 0.028125
0 0.5953943801277087 0.3512548989193901 0.04436824905006951 0.028090283665263983
0 0.5775172023160421 0.3894096633473604 0.04589438145888884 0.02658234736759475
0 0.7307876726807644 0.3903124205189365 0.044186411094166544 0.020277783665263983
0 0.734375 0.44453125 0.04375 0.0109375
0 0.5807136310776393 0.3251834722403678 0.04138871941479181 0.03423115626060227
0 0.7348582300514588 0.4308282931142748 0.04436824905006951 0.028090283665263983
0 0.6384897634864587 0.3216021152541261 0.04135235182361115 0.03266865626060209
0 0.6807136310776393 0.32169139529119306 0.04436824905006951 0.028090283665263983
0 0.630240852392292 0.30312493376578037 0.04440461664124999 0.02965278366526398
0 0.6171875 0.4390625 0.04375 0.021875
0 0.5322410699072226 0.3925545107149552 0.04440461664124999 0.02965278366526398
0 0.52890625 0.37109375 0.0390625 0.0328125
0 0.7001195541396532 0.41640369456555365 0.04135235182361115 0.032668656260602266
0 0.4270457300514588 0.5370733147138212 0.04680357123840295 0.06564484736759475
0 0.2885638050895837 0.4996874205189365 0.03902743882958326 0.06693452885594056
0 0.3223595364722227 0.6079711464723194 0.051418336056041625 0.06268353847458741
0 0.42850043369868107 0.5995733147138212 0.06667966014423606 0.04760417549789579
0 0.42112173195131986 0.4841120058208137 0.06965918977951394 0.04146330290255769
0 0.2960503031897227 0.5525941657096131 0.06497168977951392 0.04129961179556503
0 0.38682338639597286 0.6901635983790853 0.06820579255305574 0.046096239200226916
0 0.3745766531134727 0.6342955442954011 0.039100174011944586 0.07005952885594055
0 0.30433819471659784 0.7071179746026205 0.05145470364722229 0.0642460384745874
0 0.359375 0.471875 0.05625 0.04375
0 0.2691644141313895 0.7411854397562301 0.062137630508958354 0.053690484390903494
0 0.381551392095556 0.530843162081416 0.042188806420763926 0.06860615626060226
0 0.21451197530180616 0.6774156056354792 0.06664329255305557 0.0460416754978958
0 0.14453125 0.46796875 0.0484375 0.0359375
0 0.4262482558870144 0.637182442118483 0.06940461664125 0.030525802902557686
0 0.05877112157833393 0.7047469758685649 0.045168336056041716 0.06246528366526398
0 0.03125 0.509375 0.0625 0.040625
0 0.07708209764263936 0.550858084035933 0.062028527735416714 0.04900298439090349
0 0.428125 0.45703125 0.046875 0.0140625
0 0.07217769851632001 0.6088888388452564 0.04825696846486114 0.06101191106992569
0 0.261567506836945 0.6163491308632227 0.05755923328249999 0.05821429328391083
0 0.3161861909168756 0.8130405923886354 0.06537173328249998 0.058487111795565025
0 0.4213828371934035 0.8312598243324679 0.06228310087368065 0.05994048439090349
0 0.4003780465402089 0.7350395887604384 0.06533536569131933 0.05692461179556503
0 0.23125 0.4703125 0.040625 0.040625
0 0.19350849106937557 0.6484374337657804 0.06646145459715277 0.0382291754978958
0 0.3357297458190282 0.5105505094490108 0.052871733282499986 0.058050602176918174
0 0.13217094756638942 0.6333779181566838 0.06631598423243065 0.03197917549789597
0 0.3142613214258341 0.864712219793297 0.07118532218833344 0.03995536660488845
0 0.14910256800736157 0.5545981537287135 0.04665810087368065 0.05939484736759475
0 0.32374150493708387 0.6673461464723194 0.059048998100139014 0.0551438569862416
0 0.35760605223979214 0.5770286813187097 0.06508079255305557 0.04598711179556503
0 0.07345056420763943 0.6635763388452564 0.060538762917777864 0.05207342068857255
0 0.01015625 0.5953125 0.0203125 0.05
0 0.18133318654847272 0.5284523159797655 0.03895470364722229 0.06380952885594056
0 0.22312456230777844 0.7115177871238251 0.06191942496187508 0.04431548439090349
0 0.21818379559027842 0.7679860419331485 0.04680357123840277 0.06564484736759475
0 0.08925870858430622 0.7380852655242787 0.03906380642076392 0.06849702885594056
0 0.22395709764263935 0.5457290960168324 0.0482933360560418 0.06257441106992552
0 0.10564220231604207 0.5013838736916466 0.042079703647222286 0.06391865626060227
0 0.15459407427562563 0.7905356537287135 0.0590853656913195 0.0567063569862416
0 0.21262086056041712 0.5961656056354793 0.042116071238402955 0.0654811562606021
0 0.154156356760695 0.7045435900263827 0.06649782218833344 0.03979167549789597
0 0.13769490216354222 0.6691517270496912 0.06497168977951392 0.04129961179556503
0 0.0234375 0.56640625 0.046875 0.0578125
0 0.19035104274048678 0.8487102522774347 0.04371493882958326 0.06709821996293322
0 0.02109375 0.646875 0.0421875 0.0625
0 0.8001949021635422 0.9493699951058586 0.031977351823611146 0.03234127404661713
0 0.7023379772016672 0.9105654446503717 0.03357621941479163 0.033958337748947895
0 0.6939812697547227 0.9546428268643569 0.03357621941479172 0.033958337748947895
0 0.7418732558870145 0.9295138520921002 0.03353985182361115 0.0323958377489479
0 0.6522301808488894 0.9748660468272898 0.03357621941479172 0.033958337748947895
0 0.72734375 0.99140625 0.0328125 0.0171875