0 0.24443695893796233 0.12857325794584645 0.05121257475773362 0.08622134288963731
0 0.2979982735562373 0.3597887658545118 0.06640053218308672 0.08060801285158128
0 0.31636622528160724 0.2436836047898165 0.04965007475773362 0.08615767589344295
0 0.23493055498301949 0.2154365879839025 0.057353314114071983 0.08491351087441501
0 0.3604875658787828 0.2953389466908707 0.05411905347041017 0.08322367688202607
0 0.29767121958162407 0.13230043581645576 0.07065098960843982 0.07454901384016441
0 0.18023234730556487 0.14621174410568205 0.08798060124083724 0.05500051779449713
0 0.14769263493653328 0.2601814022046279 0.06996257475773363 0.08698534684397004
0 0.1793468265224445 0.28951607513232125 0.06952553218308673 0.08073534684397003
0 0.346875 0.3796875 0.053125 0.078125
0 0.440625 0.3765625 0.059375 0.084375
0 0.25594217751118026 0.27082442494204084 0.08216764381548422 0.060995849809719616
0 0.06349259755766642 0.2146832184025195 0.06985331411407199 0.08542284684397003
0 0.1494515129125756 0.35217790121604464 0.06516581411407199 0.0852318458553869
0 0.1329310124083726 0.20504823323126703 0.06505655347041017 0.08366934585538673
0 0.35446752279993277 0.14240494767945383 0.06886996832111639 0.07136034684397004
0 0.16009480992669803 0.10332390714754372 0.09099634059717551 0.05356535178688589
0 0.20247868790274043 0.19697574806001467 0.0662912715394249 0.07904551285158128
0 0.39375 0.375 0.053125 0.0875
0 0.4282985067083894 0.10646213049297906 0.0751199683211162 0.07161501482874755
0 0.3796639007759751 0.23535645163378655 0.08129355866619044 0.04849584980971962
0 0.14375 0.4109375 0.090625 0.015625
0 0.11328125 0.0265625 0.0859375 0.053125
0 0.56875 0.4 0.0875 0.0375
0 0.24420772997318424 0.058451758934429596 0.07076025025210164 0.07611151384016442
0 0.07786073617737052 0.30875155338349136 0.08282320767745457 0.07037084980971961
0 0.4186606987985037 0.2805707925462576 0.0846370799535137 0.05174818380210837
0 0.466038443350622 0.24510813642447804 0.0846370799535137 0.05174818380210837
0 0.19420772997318422 0.0564144150562091 0.07522922896477802 0.07317751482874764
0 0.20234375 0.4015625 0.0734375 0.034375
0 0.5336194272590787 0.20891065125322567 0.06618201089576328 0.07748301285158128
0 0.49108272997318425 0.06851114433314347 0.08238616510280768 0.06412084980971962
0 0.3941091770069772 0.129997789580508 0.06171303218308673 0.08041701186299796
0 0.4875 0.4015625 0.053125 0.034375
0 0.49637079953513785 0.1886963103407547 0.08002598960843983 0.07493101581733086
0 0.08984375 0.38125 0.0828125 0.075
0 0.5400001032576496 0.3447208172608369 0.06952553218308673 0.08073534684397003
0 0.12633181512247815 0.06611306722365588 0.08540190445914594 0.06268568380210837
0 0.5545981987985037 0.28610982121516954 0.05422831411407181 0.08478617688202625
0 0.49522319879850374 0.28369047535978276 0.07857275025210164 0.07642984882113649
0 0.2758069272590786 0.19840559688115106 0.03860331411407181 0.08414950692008212
0 0.49901447033792873 0.36018930836358837 0.06360331411407198 0.08516817885919252
0 0.3376513633971083 0.19157727672892672 0.08318384059717551 0.053247016805913816
0 0.48984375 0.02109375 0.0546875 0.0421875
0 0.057144772547831214 0.057061719391102626 0.043618596045057155 0.08902800790866543
0 0.5912019703379288 0.36394566113905746 0.06371257475773362 0.08673067885919253
0 0.06682541116753526 0.1509390533834914 0.08057229282674853 0.08274351581733086
0 0.328125 0.0125 0.08125 0.025
0 0.5956602413731507 0.2940151631162237 0.049540814114072164 0.08459517589344294
0 0.104358262156271 0.1306557282883512 0.07232275025210155 0.0761751808363588
0 0.42570910224924347 0.04715079748917343 0.06618201089576328 0.07748301285158128
0 0.19609375 0.015625 0.0890625 0.03125
0 0.278125 0.034375 0.071875 0.06875
0 0.37578125 0.0390625 0.0578125 0.078125
0 0.3120172148900471 0.31517660281265014 0.07657320767745457 0.07011618182494192
0 0.25234375 0.396875 0.0890625 0.04375
0 0.3259711822027572 0.0913862757403436 0.08921531930985208 0.0503766847906915
0 0.41766664532809344 0.19951179353484072 0.08318384059717551 0.053247016805913996
0 0.5836194272590787 0.21094799513144621 0.05557229282674854 0.08172484387822046
0 0.4359375 0.02109375 0.0625 0.0421875
0 0.22829777875201743 0.321113585018153 0.08954310124083734 0.05506418479069151
0 0.42764221489004706 0.3198879605310351 0.09012225544788173 0.04106535178688588
0 0.22488855548722259 0.3614839170333754 0.09223105866619026 0.04894151878308044
0 0.5588493841802287 0.05724999216569673 0.09023151609154353 0.042627851786885884
0 0.3452239267548755 0.05477761368706506 0.0766824683211162 0.07167868182494193
0 0.46159160794922666 0.1592343034206724 0.08998014381548422 0.061314184790691686
0 0.48934526735205114 0.11050764334456034 0.07947968639013112 0.06711851581733086
0 0.5549924106633322 0.02437382516950235 0.09001299480421991 0.03950285178688588
0 0.5636240015126093 0.14781132516950227 0.08943384059717552 0.053501684790691686
0 0.5621272034900807 0.10412499216569673 0.0893245799535137 0.051939184790691505
0 0.5078110440872562 0.8342343034206724 0.07646394703379293 0.0685536818249421
0 0.34528890077597507 0.9164207678316781 0.07657320767745457 0.0701161818249421
0 0.44657861314500674 0.8052524575652857 0.07322968639013112 0.06686384783255317
0 0.3305929802252859 0.8176649328507063 0.07155792574646931 0.0652376808363588
0 0.40423902179152654 0.5339849526223697 0.08013525025210164 0.07649351581733077
0 0.46389678914357757 0.9415082925462576 0.0731204257464693 0.06530134783255334
0 0.6026100918576833 0.8084941571847247 0.07457366510280768 0.06380251482874755
0 0.6616458742928716 0.9620303340667509 0.07133940445914604 0.06211268083635879
0 0.6097884433506221 0.9334304901885304 0.07457366510280768 0.06380251482874755
0 0.9370500658787828 0.6396142342198503 0.021623627723940865 0.019577670950527093
0 0.9502713317182245 0.6058759041817942 0.021623627723940865 0.019577670950527093
0 0.9135468639013113 0.6822818952845455 0.021623627723940865 0.019577670950527093