0 0.37467361961856416 0.06405801447217847 0.0519100098858317 0.04949538896415202
0 0.4234375 0.01640625 0.059375 0.0328125
0 0.39172315125322565 0.21463122455808675 0.06083934091247105 0.039049211894930734
0 0.4890625 0.021875 0.0375 0.04375
0 0.4863644891999471 0.24141945386587177 0.03535917984777566 0.0642196302577247
0 0.5062711295043959 0.11772964834794789 0.04884867688202625 0.05089411465389251
0 0.41899662258431364 0.08041335481581147 0.05490767589344294 0.04653416327441171
0 0.46628811665281467 0.05482685662483382 0.03979201186299797 0.058215291723113974
0 0.4902588103407547 0.18393450248639082 0.035168178859192524 0.059532130257724705
0 0.3787827994663398 0.12663990162730823 0.05796900889724856 0.04513543758467105
0 0.5453125 0.14453125 0.028125 0.0484375
0 0.45703125 0.01328125 0.0359375 0.0265625
0 0.55078125 0.18671875 0.0171875 0.0390625
0 0.398869806386422 0.16043504748886522 0.059276840912471054 0.0389673247398008
0 0.5301887905690912 0.09247734283002398 0.0352318458553869 0.0610946302577247
0 0.45485982121516955 0.23353171076327683 0.04285334486680377 0.056816566033373664
0 0.5453125 0.03984375 0.028125 0.0609375
0 0.4323534684397005 0.14036156490171975 0.05914950692008212 0.0358423247398008
0 0.4776023014435061 0.1411737924004825 0.038165844866803765 0.05657090456798421
0 0.5219253044092557 0.15752913274411567 0.056279174904859806 0.041928550429541286
0 0.54453125 0.00703125 0.0296875 0.0140625
0 0.53203125 0.19453125 0.0546875 0.0484375
0 0.465625 0.26640625 0.034375 0.0265625
0 0.5296875 0.2734375 0.0375 0.0125
0 0.5515625 0.096875 0.015625 0.059375
0 0.4558838103407547 0.18213298507353634 0.041481845855386903 0.06142217887824373
0 0.38576231132933786 0.1831355630926975 0.05908583992388792 0.034279824739800804
0 0.4301489812912818 0.2010534034363305 0.03535917984777566 0.0642196302577247
0 0.378125 0.02109375 0.0375 0.0421875
0 0.4997372866147585 0.07217148688255862 0.0367943458553869 0.06117651741285464
0 0.5271619496566202 0.05645795567489413 0.0503475098858317 0.049413501809022264
0 0.3272256166528146 0.04753889981828596 0.033669345855386903 0.06101274310259512
0 0.5140625 0.2515625 0.034375 0.05625
0 0.3131524822798649 0.19959936680159912 0.05516234387822054 0.05278416327441153
0 0.41875 0.2703125 0.0625 0.01875
0 0.4651367935348407 0.10310058231457439 0.03985567885919252 0.05977779172311415
0 0.2958084733826164 0.15659299525030157 0.06571784190105419 0.04398237336031983
0 0.55 0.25546875 0.01875 0.0484375
0 0.5243446502646425 0.21690413274411569 0.05647017589344294 0.04661605042954129
0 0.31095862950439584 0.10749375395672889 0.062338173916276676 0.03756859905006031
0 0.43694812653864634 0.10006411352223879 0.05053851087441501 0.05410100180902226
0 0.35 0.0234375 0.034375 0.046875
0 0.33930380539783883 0.15263583559393473 0.03392401384016441 0.06726274310259513
0 0.4222197816718426 0.04472151628120073 0.05908583992388792 0.034279824739800804
0 0.3699516275272295 0.10123046585165944 0.05647017589344294 0.04661605042954129
0 0.3359375 0.265625 0.046875 0.028125
0 0.2602821502646425 0.2030652035271876 0.043235346843970034 0.06619156603337366
0 0.37421875 0.2609375 0.0359375 0.0375
0 0.30546875 0.25625 0.0453125 0.046875
0 0.51640625 0.01953125 0.0359375 0.0390625
0 0.3497266522418089 0.21710777136958334 0.029427514828747548 0.07170458163720568
0 0.40568749216569666 0.2512238217991247 0.060775673916276675 0.03748671189493056
0 0.83984375 0.27265625 0.0484375 0.0140625
0 0.868994033611828 0.186331320667471 0.0487850098858317 0.049331614653892505
0 0.13892180342067245 0.7273901741285455 0.017887836958138337 0.018088258706427142
0 0.15557079254625758 0.6768103199901023 0.017887836958138337 0.018088258706427142
0 0.14734179847775658 0.7044439970593239 0.017887836958138337 0.01808825870642732
0 0.09884063148156219 0.7003429952503015 0.017887836958138337 0.018088258706427142
0 0.12061747239403324 0.7373450282669884 0.017887836958138337 0.01808825870642732
0 0.09217413741306127 0.7280585594746528 0.017887836958138337 0.018088258706427142
0 0.12728396646253418 0.7096294640426372 0.017887836958138337 0.018088258706427142
0 0.11433829748917343 0.6980368668015992 0.017887836958138337 0.01808825870642732
0 0.1850327994663398 0.711096788782438 0.017887836958138337 0.01808825870642732
0 0.1904551285158127 0.691111837402957 0.019450336958138338 0.018170145861557074
0 0.9362186146756482 0.7467952713695835 0.017887836958138337 0.01808825870642732