0 0.230225742940371 0.09029983059652227 0.06556281551854859 0.051935204722264317
0 0.18723660939599157 0.1713134812604522 0.06859688730530315 0.04882838544042354
0 0.11925949920857715 0.144351005460949 0.07149456677218975 0.04103406615858276
0 0.16932168369002873 0.19621348731057645 0.07015938730530316 0.04883747579950324
0 0.26739077381918336 0.04832140885535345 0.07144910266556703 0.03947156615858276
0 0.293429121932404 0.2813248063960255 0.0714036385589445 0.03790906615858276
0 0.37814641739269267 0.05521682435000632 0.06832410266556703 0.03945338544042354
0 0.2670437813410308 0.11395549921443307 0.06560827962517131 0.05349770472226432
0 0.35182795830063496 0.10038387860473245 0.06409124373179384 0.0550511143631847
0 0.3475830760098967 0.1925622882456528 0.05954013605166182 0.05971134328594587
0 0.33998117616818135 0.13157024609117512 0.06257420783841657 0.056604524004105095
0 0.1915724198999751 0.07601007161953181 0.06413670783841638 0.056613614363184704
0 0.39765625 0.0859375 0.0421875 0.05625
0 0.4078125 0.57578125 0.021875 0.0265625
0 0.19890623211981834 0.30734188485124836 0.059585600158284534 0.06127384328594587
0 0.30546875 0.5765625 0.0484375 0.025
0 0.3475924700456245 0.5144918304001305 0.04124477711788863 0.07522725897699054
0 0.38419051425227196 0.2771645472226433 0.05954013605166182 0.05971134328594587
0 0.38697321879198315 0.503781589377121 0.04124477711788863 0.07522725897699054
0 0.9796875 0.1703125 0.040625 0.09375
0 0.8883779090794224 0.0719861678323439 0.08356866943775679 0.08016019867214012
0 0.9142631444979461 0.2565429750139362 0.0851766335443795 0.08173178903121965
0 0.8182807062555708 0.1715952823919203 0.08196070533113406 0.07858860831306061
0 0.9890625 0.2484375 0.021875 0.08125
0 0.9030648832151751 0.15802366178221972 0.08352320533113407 0.07859769867214013
0 0.7955993756933276 0.0917623366466465 0.08356866943775679 0.08016019867214012
0 0.8279619316449647 0.2685430052645573 0.0851766335443795 0.08173178903121965
0 0.3704342396416657 0.7148907644379394 0.03859113855894432 0.037718168617910844
0 0.40625 0.90390625 0.025 0.0421875
0 0.41484375 0.61953125 0.0078125 0.0359375
0 0.3605183673800574 0.8945509933607007 0.03863660266556703 0.03928066861791084
0 0.29537205516021425 0.6628828368430382 0.03859113855894432 0.037718168617910844
0 0.39876983979995034 0.654107800542293 0.03702863855894449 0.037709078258831144
0 0.59140625 0.97890625 0.0421875 0.0421875
0 0.5354013247562556 0.7828418546006274 0.04180706677218957 0.040861349336070066
0 0.43125 0.80703125 0.025 0.0390625
0 0.5771054399582349 0.8534088846548566 0.04341503087881229 0.04243293969514959
0 0.6288665167595544 0.9005929568635637 0.04180706677218975 0.040861349336070066
0 0.5553380885463091 0.9032907099868217 0.04019910266556703 0.03928975897699054
0 0.5339799140939874 0.9391100353187867 0.04024456677218975 0.04085225897699054
0 0.5300940476383669 0.8578236738824682 0.04019910266556703 0.03928975897699054
0 0.44668581723440814 0.7166896137740095 0.04024456677218975 0.04085225897699045