0 0.3640625 0.4703125 0.075 0.046875
0 0.64375 0.2734375 0.05625 0.0765625
0 0.559375 0.45 0.0484375 0.0671875
0 0.4296875 0.3875 0.0625 0.0671875
0 0.3828125 0.3890625 0.065625 0.065625
0 0.4703125 0.4515625 0.0578125 0.065625
0 0.6109375 0.3296875 0.05 0.0765625
0 0.653125 0.390625 0.0671875 0.05625
0 0.609375 0.253125 0.05625 0.0765625
0 0.5125 0.209375 0.046875 0.084375
0 0.3828125 0.515625 0.0546875 0.06875
0 0.59375 0.3703125 0.053125 0.0703125
0 0.31875 0.3984375 0.071875 0.053125
0 0.478125 0.2421875 0.075 0.0515625
0 0.3890625 0.3375 0.078125 0.0453125
0 0.45625 0.1859375 0.071875 0.0609375
0 0.6921875 0.2625 0.0453125 0.0796875
0 0.659375 0.3265625 0.0453125 0.0765625
0 0.709375 0.421875 0.075 0.0453125
0 0.425 0.453125 0.0390625 0.075
0 0.3828125 0.1375 0.075 0.059375
0 0.4046875 0.225 0.0796875 0.0484375
0 0.2953125 0.4578125 0.0625 0.065625
0 0.5203125 0.4609375 0.0546875 0.0609375
0 0.3421875 0.26875 0.075 0.053125
0 0.5515625 0.3640625 0.0453125 0.0765625
0 0.61875 0.4703125 0.071875 0.0578125
0 0.64375 0.4296875 0.0640625 0.059375
0 0.2671875 0.178125 0.0515625 0.0859375
0 0.5109375 0.3234375 0.071875 0.059375
0 0.521875 0.3828125 0.0640625 0.0625
0 0.7203125 0.3140625 0.078125 0.040625
0 0.3203125 0.525 0.05 0.0703125
0 0.3109375 0.35625 0.0734375 0.05625
0 0.2625 0.4796875 0.06875 0.06875
0 0.4328125 0.2703125 0.0796875 0.046875
0 0.4265625 0.578125 0.0671875 0.0515625
0 0.275 0.3140625 0.06875 0.0625
0 0.3578125 0.59375 0.0546875 0.0671875
0 0.7390625 0.2546875 0.05625 0.075
0 0.575 0.659375 0.0421875 0.06875
0 0.553125 0.159375 0.0796875 0.0515625
0 0.70625 0.4625 0.0734375 0.04375
0 0.6375 0.1546875 0.0734375 0.0609375
0 0.5734375 0.5109375 0.0671875 0.0453125
0 0.25625 0.3921875 0.03125 0.0796875
0 0.5375 0.54375 0.06875 0.0390625
0 0.703125 0.2046875 0.065625 0.071875
0 0.26875 0.6140625 0.06875 0.059375
0 0.4109375 0.53125 0.0453125 0.071875
0 0.396875 0.6203125 0.071875 0.0453125
0 0.503125 0.415625 0.0765625 0.0421875
0 0.715625 0.5828125 0.0328125 0.0703125
0 0.3703125 0.7078125 0.0546875 0.06875
0 0.4796875 0.7390625 0.0625 0.05625
0 0.278125 0.6765625 0.0640625 0.065625
0 0.5375 0.6578125 0.0375 0.0703125
0 0.4640625 0.3640625 0.0609375 0.0640625
0 0.4734375 0.1390625 0.078125 0.053125
0 0.5671875 0.5796875 0.06875 0.0421875
0 0.5703125 0.23125 0.06875 0.065625
0 0.503125 0.50625 0.0703125 0.04375
0 0.715625 0.5171875 0.0453125 0.06875
0 0.4375 0.3125 0.078125 0.0515625
0 0.609375 0.69375 0.0390625 0.0703125
0 0.4734375 0.6125 0.0609375 0.0578125
0 0.590625 0.4265625 0.059375 0.0625
0 0.390625 0.784375 0.040625 0.0734375
0 0.3203125 0.1515625 0.0578125 0.078125
0 0.428125 0.759375 0.059375 0.065625
0 0.4796875 0.5515625 0.0390625 0.071875
0 0.7390625 0.1796875 0.0609375 0.0734375
0 0.4484375 0.7140625 0.0671875 0.05
0 0.328125 0.646875 0.0515625 0.0703125
0 0.628125 0.6421875 0.046875 0.0671875
0 0.5140625 0.590625 0.040625 0.06875
0 0.346875 0.7859375 0.028125 0.0734375
0 0.703125 0.640625 0.04375 0.0703125
0 0.3203125 0.7140625 0.0734375 0.0484375
0 0.25625 0.534375 0.0578125 0.071875
0 0.4984375 0.6671875 0.040625 0.0703125
0 0.5671875 0.1921875 0.0765625 0.05625
0 0.446875 0.5125 0.0265625 0.071875
0 0.3296875 0.5734375 0.053125 0.071875
0 0.565625 0.3015625 0.0453125 0.0796875
0 0.5296875 0.715625 0.046875 0.065625
0 0.4921875 0.7890625 0.0546875 0.0578125
0 0.6453125 0.209375 0.078125 0.053125
0 0.45625 0.6484375 0.0515625 0.065625
0 0.61875 0.75 0.059375 0.059375
0 0.5671875 0.7703125 0.0453125 0.065625
0 0.671875 0.5171875 0.0546875 0.065625
0 0.7140625 0.3796875 0.0765625 0.034375
0 0.525 0.7703125 0.0515625 0.0640625
0 0.275 0.25625 0.0734375 0.0578125
0 0.35 0.43125 0.078125 0.0453125
0 0.6421875 0.4953125 0.065625 0.0625
0 0.609375 0.546875 0.071875 0.0421875
0 0.68125 0.5765625 0.0390625 0.0703125
0 0.63125 0.578125 0.0640625 0.0609375
0 0.4140625 0.6875 0.0734375 0.0453125
0 0.6921875 0.75 0.046875 0.06875
0 0.6796875 0.68125 0.065625 0.05
0 0.6625 0.6265625 0.0515625 0.065625
0 0.4421875 0.8109375 0.0734375 0.0390625
0 0.328125 0.2171875 0.0828125 0.040625
0 0.3546875 0.3078125 0.0828125 0.0421875
0 0.2625 0.746875 0.06875 0.059375
0 0.678125 0.8078125 0.0609375 0.053125
0 0.653125 0.7703125 0.0421875 0.06875
0 0.571875 0.715625 0.05 0.0640625
0 0.55625 0.815625 0.0703125 0.034375
0 0.7140625 0.35 0.078125 0.03125
0 0.50625 0.2828125 0.075 0.059375
0 0.6171875 0.803125 0.053125 0.0578125
0 0.39375 0.6546875 0.0734375 0.040625
0 0.3796875 0.184375 0.0796875 0.0359375
0 0.5703125 0.6125 0.071875 0.034375
0 0.6625 0.709375 0.0734375 0.0375