0 0.3850348090626435 0.39721257408692895 0.10541667549789598 0.0716313472703419
0 0.36184530180624935 0.22633863196531925 0.10810516587924912 0.05931335779368574
0 0.5648810217691824 0.25678645320965077 0.09825893992586607 0.08992632096198286
0 0.5851240890997104 0.34328539533126035 0.06917164065150558 0.10538472099021767
0 0.5440923174153459 0.15466251108804102 0.10289187622353531 0.08863683674699843
0 0.2609375 0.43046875 0.1125 0.0171875
0 0.38359630543444634 0.31118406882525707 0.09378969473518968 0.09590330517696728
0 0.3071429328391081 0.3187683266471776 0.07542164065150567 0.10574874203690499
0 0.4315228847458739 0.24889690045175783 0.09814981252120454 0.08680132096198286
0 0.5672222825689557 0.18932593742463516 0.1043452488188736 0.08560284200867016
0 0.5007936960011341 0.0804661478915091 0.09217263103285873 0.09424979991529536
0 0.45964290634542027 0.11261078995664908 0.09228175843752062 0.09737479991529537
0 0.34392862630835336 0.16162368458203774 0.10272818511654283 0.08394933674699834
0 0.43767862630835336 0.15616336888172677 0.09217263103285873 0.09424979991529536
0 0.9640625 0.015625 0.046875 0.03125
0 0.7292411660488851 0.3913405476373953 0.050074411069925696 0.04969616311182747
0 0.8354911660488851 0.3851521898437095 0.04856647477225664 0.05116765785015538
0 0.700377033750082 0.057966605515785655 0.04845734736759475 0.04804265785015547
0 0.77109375 0.0109375 0.0515625 0.021875
0 0.6421875 0.09921875 0.025 0.0484375
0 0.7796231119652012 0.39936587926389616 0.05012897477225655 0.05125866311182729
0 0.941830446085952 0.33668532678835195 0.046949411069925694 0.04951415258848364
0 0.7485417152384277 0.047332942403958356 0.04840278366526398 0.04648015785015547
0 0.7782143462712865 0.13484835295553693 0.05001984736759475 0.0481336631118273
0 0.8372074003549705 0.12045265301200665 0.04684028366526398 0.04638915258848364
0 0.6650744508104574 0.03340622127256632 0.04845734736759475 0.04804265785015556
0 0.709246091461963 0.13260258446909834 0.04845734736759475 0.04804265785015538
0 0.8290030638719669 0.3338627056287251 0.047003974772256464 0.05107665258848364
0 0.99296875 0.29453125 0.0140625 0.0484375
0 0.90546875 0.0140625 0.0453125 0.028125
0 0.8094990626060226 0.08918724246042808 0.048511911069925695 0.04960515785015538
0 0.8610069989036916 0.08462156882525704 0.04689484736759475 0.04795165258848364
0 0.9455109736759482 0.12823578995664908 0.04533234736759475 0.04786064732681172
0 0.6620982729503088 0.1275202423192537 0.04840278366526398 0.04648015785015556
0 0.8816320121505357 0.18205801094686666 0.04684028366526398 0.04638915258848364
0 0.9468601972670783 0.2565428004799927 0.046949411069925694 0.04951415258848364
0 0.64609375 0.178125 0.0328125 0.046875
0 0.8845337789407586 0.040977984638507436 0.04533234736759475 0.04786064732681172
0 0.8909722958157996 0.22535298463850745 0.04684028366526398 0.04638915258848364
0 0.654489158792491 0.2234697791509567 0.04684028366526398 0.04638915258848364
0 0.6970040410064762 0.2303876370858168 0.04684028366526398 0.04638915258848364
0 0.8541816239461006 0.24784961091863184 0.04366071996293321 0.04464464206513998
0 0.9576538535276807 0.29662176890996167 0.04533234736759475 0.0478606473268119
0 0.8546875 0.009375 0.040625 0.01875
0 0.8710814364673052 0.3282805635635852 0.04209821996293321 0.044553636803468064
0 0.6790873655085802 0.16567268970253526 0.045277783665263985 0.04629814732681172
0 0.7493105854715132 0.20385595818897392 0.04684028366526398 0.04638915258848364
0 0.7367758691367772 0.24842500554402047 0.04840278366526398 0.04648015785015538
0 0.816190550625123 0.23597123719875626 0.04209821996293313 0.044553636803468064
0 0.7112649484482046 0.19041508446909824 0.04684028366526398 0.04638915258848364
0 0.9563244773041453 0.21371826364828977 0.04366071996293321 0.04464464206513981
0 0.97890625 0.1 0.0421875 0.046875
0 0.9921875 0.17265625 0.015625 0.0484375
0 0.8436359604291042 0.035531621441975546 0.045277783665263985 0.04629814732681181
0 0.9086657381039185 0.1491699162367734 0.04371528366526398 0.0462071420651398
0 0.98828125 0.25390625 0.0234375 0.0484375
0 0.8759127802067029 0.2872915425168978 0.04533234736759475 0.04786064732681172
0 0.9155209172300115 0.30064141097510155 0.04533234736759475 0.04786064732681172
0 0.28715781505309323 0.7863829479479788 0.059776793283910834 0.05961719468185826
0 0.02578125 0.78203125 0.0515625 0.0609375
0 0.1895933342903869 0.8171162794333053 0.05659722958157989 0.057872684158514785
0 0.18601197730414523 0.7593947846949772 0.05815972958158007 0.05796368942018652
0 0.20134431142489612 0.7052687268165869 0.05648810217691817 0.05474768415851479
0 0.33837308547151324 0.728601269051136 0.059722229581580064 0.05805469468185827
0 0.24936514917384417 0.7353510689664313 0.05654266587924894 0.056310184158514784
0 0.03498024536031261 0.8730918056004903 0.06144842068857255 0.06283319994353036
0 0.1395586179556509 0.8638694530684763 0.05665179328391083 0.05943518415851479
0 0.13436019726707843 0.8046764635918201 0.05815972958158007 0.05796368942018652
0 0.7377877537130151 0.8134592003670533 0.0841418762235353 0.08754477360693613
0 0.9243998655085802 0.866783079489775 0.08866568511654283 0.0831302893919517
0 0.9734375 0.815625 0.053125 0.1
0 0.8391171299365505 0.8905383688817269 0.09894842068857237 0.0650173262236546
0 0.7325397477225654 0.8873517266754124 0.07191469473518959 0.09462923151356133
0 0.8125694989036916 0.8028409478068046 0.07191469473518967 0.09462923151356133
0 0.9625 0.94296875 0.075 0.0734375
0 0.7609375 0.96484375 0.075 0.0703125
0 0.6685863751272271 0.8942079424039584 0.06889882213985139 0.09757222099021767
0 0.9265625 0.98828125 0.096875 0.0234375
0 0.67890625 0.96796875 0.0921875 0.0640625