0 0.11582474081018594 0.05626581655966123 0.05253853110277769 0.047720479707460496
0 0.22734375 0.00546875 0.0515625 0.0109375
0 0.06447685428805626 0.03688061688397282 0.054237732139536934 0.049310253246410876
0 0.07301252422203783 0.08197492857237006 0.05253853110277769 0.047720479707460586
0 0.18021943147935265 0.06918282792374697 0.05253853110277769 0.047720479707460586
0 0.02578125 0.01953125 0.0515625 0.0390625
0 0.02578125 0.06953125 0.0515625 0.0484375
0 0.1140625 0.015625 0.053125 0.03125
0 0.00546875 0.040625 0.0109375 0.046875
0 0.1640625 0.0109375 0.053125 0.021875
0 0.0671875 0.0078125 0.053125 0.015625
0 0.8562160034868527 0.25743148133560895 0.07761644354388882 0.06687958279171564
0 0.6796740443915751 0.34943952354224567 0.07775314458064794 0.06844208279171564
0 0.7991649211117601 0.23190537581572182 0.0743547425071295 0.06526253571381506
0 0.6804737097074083 0.2511383912369974 0.07265554147037019 0.06367276217486459
0 0.7950844309137048 0.3677065081209701 0.07421804147037037 0.06370003571381488
0 0.9556883231852786 0.22605302192068777 0.07564384043361105 0.06216480925276535
0 0.9765625 0.37578125 0.046875 0.0609375
0 0.9431897402445382 0.35108029545963826 0.07564384043361087 0.06216480925276535
0 0.1482668024500935 0.5672349496789837 0.042343324882222075 0.038181838473758486
0 0.10916463769990817 0.5148736087695932 0.039081623845462946 0.03656479139585782
0 0.01796875 0.540625 0.0359375 0.0375
0 0.01484375 0.6015625 0.0296875 0.0375
0 0.11598056569240808 0.4726315616916926 0.039081623845462946 0.03656479139585782
0 0.04953819359037155 0.7327702207823021 0.03894492280870363 0.03500229139585791
0 0.20744772987694554 0.6754099139651688 0.035683221771944315 0.033385244317957155
0 0.1375 0.45078125 0.040625 0.0234375
0 0.1454003318559276 0.9744747053610265 0.03581992280870363 0.03494774431795733
0 0.18592404439157512 0.6539440170494238 0.03581992280870363 0.034947744317956976
0 0.21854105475916769 0.637773546270417 0.03738242280870363 0.034975017856907445
0 0.210474276531112 0.6051519610430696 0.03894492280870363 0.03500229139585791
0 0.1667830651267602 0.6230758465947286 0.03738242280870363 0.034975017856907445
0 0.14846512620101987 0.8324508465947286 0.03581992280870363 0.034947744317956976