0 0.1958706479153675 0.591288255894318 0.02212953866963625 0.02276633794672147
0 0.4168002185710044 0.6634975424347144 0.023710220003181702 0.02439250494291585
0 0.22964566390836785 0.6414500819780413 0.022129538669636163 0.02276633794672147
0 0.504445669239368 0.6474321906478285 0.022129538669636163 0.02276633794672147
0 0.3255945105824584 0.5828788952101835 0.020548857336090798 0.021140170950527094
0 0.3608229385741861 0.6423520542977126 0.022129538669636163 0.02276633794672147
0 0.3123854385741861 0.6443257311797386 0.022129538669636163 0.02276633794672147
0 0.4111138399109132 0.615314710419492 0.022129538669636163 0.02276633794672147
0 0.2529013505729134 0.6561200770351255 0.022129538669636163 0.02276633794672147
0 0.3203125 0.66796875 0.021875 0.0234375
0 0.3892024772438223 0.6193310483662134 0.020567038669636162 0.022702670950527092
0 0.28984375 0.66875 0.0203125 0.021875
0 0.6498683519255489 0.383059261825817 0.023710220003181702 0.02439250494291585
0 0.6337717319382755 0.2900095987839554 0.022129538669636163 0.02276633794672147
0 0.6814648919478206 0.21778708889812362 0.022129538669636163 0.02276633794672147
0 0.7098069732654577 0.3322024159704302 0.023710220003181702 0.02439250494291585
0 0.7251785292807297 0.21912941300468064 0.022129538669636163 0.02276633794672147
0 0.6451455839433662 0.2520639298105946 0.022129538669636163 0.02276633794672147
0 0.6397308306015485 0.31475493079917777 0.023710220003181702 0.02439250494291585
0 0.6617330999363665 0.3029260928524563 0.02369203866963616 0.02283000494291585
0 0.6409115225970942 0.34750376380298337 0.023710220003181702 0.02439250494291585
0 0.6905671719446389 0.2408425869209573 0.02212953866963625 0.02276633794672147
0 0.6117876439370029 0.3002759367306768 0.022129538669636163 0.02276633794672147
0 0.59375 0.27890625 0.009375 0.0234375
0 0.7124421719446389 0.23995124897423575 0.02212953866963625 0.02276633794672147
0 0.6684739959420936 0.2604839248676788 0.022129538669636163 0.02276633794672147
0 0.6645671985996394 0.32779875886006754 0.023710220003181702 0.02439250494291585
0 0.7486523919478205 0.21504940806176479 0.022129538669636163 0.02276633794672147
0 0.6104978639401846 0.2769021037268712 0.02212953866963625 0.02276633794672147
0 0.59453125 0.30234375 0.0109375 0.0234375
0 0.40135922127627544 0.7567275720922096 0.04585794000636341 0.04872134288963732
0 0.44690807861236614 0.7345687292025722 0.04585794000636341 0.048721342889637406
0 0.3894399292648213 0.8415482410655704 0.047420440006363404 0.0487850098858317
0 0.41875 0.696875 0.046875 0.034375
0 0.4882410559357302 0.8062872203053237 0.04740225867281787 0.047222509885831696
0 0.4690183412635487 0.8476762242596564 0.045839758672817865 0.04715884288963732
0 0.4951274026098208 0.7513450523205462 0.04740225867281787 0.047222509885831696