0 0.12132749493183445 0.38002966128263865 0.07530907220870704 0.05399770401018138
0 0.06555928396305415 0.29787168929027474 0.05042724687674198 0.07401930267345413
0 0.12197291042648728 0.26909216128263863 0.07059430113146811 0.04925566000954511
0 0.21806613954564016 0.4023399186028211 0.05665906615858276 0.07096702800763595
0 0.224398994539051 0.11947287460218478 0.07217498184962742 0.052398841343090474
0 0.1274785427436529 0.12841261728200237 0.07062157220870705 0.05394316000954493
0 0.16783083197126433 0.17481490260982077 0.05665906615858276 0.07096702800763595
0 0.12783306674775802 0.06747511728200237 0.05665906615858276 0.07096702800763595
0 0.20473995863108918 0.27594105060473006 0.041061337235821685 0.0754727146721816
0 0.23346492233034394 0.1724887866009121 0.05820338544042354 0.06786020934118149
0 0.33640811514875163 0.20253881858691275 0.0457579275949012 0.07708975867281787
0 0.21140811514875163 0.20399332527054836 0.04884656615858276 0.07087612133990877
0 0.23267406109041727 0.3084262866009121 0.03637383723582168 0.07541817067154515
0 0.17517972365820392 0.2544114959420936 0.03948974687674216 0.07389203333863606
0 0.519683181700118 0.6393308412635486 0.05958407825883114 0.03662839067472703
0 0.5137240731906656 0.5894035665977304 0.034729524004105096 0.06133748933799978
0 0.5963456756499936 0.6212524559198218 0.034729524004105096 0.06133748933799978
0 0.6353627238545956 0.6286104225811858 0.03940793364502539 0.059829533338636054
0 0.540625 0.675 0.046875 0.028125
0 0.43203125 0.44765625 0.0265625 0.0359375
0 0.5125797297083281 0.5175467479312759 0.048728391490547904 0.05056362133990877
0 0.5711093263139236 0.662168357256549 0.054932939695149584 0.04282384667409058
0 0.6294036153451433 0.5786831479153676 0.06115566861791066 0.03820907200827239
0 0.5822205848981306 0.3636217692552763 0.05961134933607006 0.04131589067472685
0 0.6374979164766115 0.5301547412476403 0.039398843285945874 0.05826703333863605
0 0.5558479406771083 0.5998501705920034 0.04718407220870695 0.05367044000636341
0 0.4623797418085765 0.5525035506047301 0.03627384328594587 0.058230670671545325
0 0.634375 0.67421875 0.05625 0.0296875
0 0.4421875 0.66953125 0.0375 0.0390625
0 0.42578125 0.61328125 0.0140625 0.0578125
0 0.45254113349551595 0.6323001386060028 0.040952252926866176 0.056722714672181596
0 0.6214558017206434 0.3334797359166402 0.0363011143631848 0.06291817067154523
0 0.5578285971947707 0.527956989258458 0.04872839149054773 0.05056362133990877
0 0.5474910608940255 0.4249592585932761 0.05182612041330899 0.045912484006999675
0 0.48515625 0.68046875 0.0515625 0.0171875
0 0.5795217900131784 0.5589524505888217 0.047193162567786474 0.055232940006363404
0 0.5973365247896719 0.45093995591982183 0.03940793364502539 0.059829533338636054
0 0.12219912764178353 0.8642944785964577 0.04558521077238851 0.04740225867281787
0 0.17961165184228028 0.9323717692552764 0.04557612041330898 0.045839758672817865
0 0.3092991518422803 0.9308627185710044 0.04714771077238851 0.047420440006363404
0 0.09542754938295221 0.9005410612667305 0.04401362041330899 0.0458215773392725
0 0.3609071036376784 0.9224502345640048 0.04558521077238851 0.04740225867281787
0 0.34409230835994276 0.8585877292330046 0.04401362041330899 0.04582157733927232
0 0.14540936866479298 0.9030842585932761 0.04402271077238851 0.04738407733927232
0 0.0953125 0.70390625 0.04375 0.0296875
0 0.30096954313643637 0.7512843065722771 0.04399543969514959 0.0426965773392725
0 0.38329116374613703 0.8346956958943685 0.04400453005422929 0.0442590773392725
0 0.06362407924078983 0.7274853692711847 0.04400453005422929 0.044259077339272326
0 0.31266959153742996 0.8886388559039136 0.04400453005422929 0.0442590773392725
0 0.478125 0.6984375 0.04375 0.01875
0 0.52421875 0.69921875 0.0421875 0.0203125
0 0.5523593263139237 0.724815997294729 0.04243293969514968 0.042678396005727134
0 0.43984375 0.73515625 0.0421875 0.0421875
0 0.67265625 0.69765625 0.0421875 0.0171875
0 0.6039672781093217 0.7164035132877293 0.04243293969514968 0.042678396005727134
0 0.5116979648776051 0.7315387119669106 0.040870439695149675 0.0426602146721816