0 0.22602544854640216 0.21966264773826377 0.05437042574646931 0.0642460384745874
0 0.25820380003934096 0.3438441922033009 0.06868429802252862 0.04604167549789597
0 0.2081052470731338 0.4113789217848808 0.05291718639013112 0.06575397477225664
0 0.08804411934919303 0.3967757631620259 0.050229228964778015 0.07189484736759474
0 0.17102087429287155 0.28423606842683624 0.06643338317182242 0.05843254809323426
0 0.2389731987985037 0.2928273292266095 0.05437042574646931 0.0642460384745874
0 0.07164358716610626 0.3190327090783419 0.0690120799535138 0.050729175497895976
0 0.2196547522689139 0.3749503484639032 0.051136165102807676 0.0625744110699257
0 0.3316305923618863 0.2739285070867581 0.06421531930985189 0.04900298439090349
0 0.28939953369569604 0.2299800996450295 0.06298060124083733 0.05363592068857255
0 0.3006862309815904 0.36898803594269863 0.05135468639013112 0.06569941106992569
0 0.1919560871661062 0.31483130399886594 0.06185514381548422 0.059831356986241604
0 0.15513379433935776 0.23623507804548308 0.0658870799535138 0.05062004809323426
0 0.038634709190063884 0.22777279201796646 0.04666718639013112 0.06553571996293303
0 0.12541344335062207 0.2592013520921002 0.05985560124083733 0.053526793283910835
0 0.3651207995351379 0.19287691452848676 0.04510468639013112 0.0654811562606021
0 0.015625 0.2515625 0.03125 0.046875
0 0.3609688950759919 0.13350191452848675 0.06421531930985207 0.04900298439090349
0 0.36631123098159046 0.3666963604448027 0.06723105866619025 0.04754961179556503
0 0.09725559236188634 0.28211306243638656 0.06163662252816069 0.0567063569862416
0 0.009375 0.20390625 0.01875 0.0578125
0 0.1352697725478312 0.08656246025946826 0.051136165102807676 0.0625744110699257
0 0.08227544854640216 0.22468250835270248 0.0528079257464694 0.06419147477225665
0 0.1409184750295057 0.18974202396179915 0.07024679802252862 0.046096239200226916
0 0.12415658197032613 0.3532241706037545 0.07082595222957302 0.03208830290255769
0 0.00703125 0.09453125 0.0140625 0.0546875
0 0.05546875 0.021875 0.0578125 0.04375
0 0.009375 0.1453125 0.01875 0.065625
0 0.07162217181119704 0.18433032686435674 0.06723105866619035 0.04754961179556503
0 0.02265625 0.03359375 0.0453125 0.0484375
0 0.7327453421097848 0.2516963869384906 0.048371798022528625 0.04533234736759475
0 0.9103354745253027 0.08103167895645699 0.04357503737886681 0.04360615626060227
0 0.748491038387273 0.09608130399886598 0.04670003737886681 0.04371528366526398
0 0.893650719077421 0.044022752277434705 0.041903276735205 0.041989092558271414
0 0.9362416827069604 0.29471223304014094 0.043465776735205 0.042043656260602094
0 0.8479875658787828 0.3541814914776615 0.046809298022528624 0.045277783665263985
0 0.9725619589379623 0.18693444937487708 0.04535605866619026 0.046785719962933035
0 0.8556586822027572 0.1502925996450295 0.04524679802252862 0.045223219962933214
0 0.984375 0.2625 0.03125 0.04375
0 0.6759161879027404 0.2677777439247322 0.048371798022528625 0.04533234736759475
0 0.6262332621562711 0.20686009129232702 0.046809298022528624 0.045277783665263985
0 0.8705074220632986 0.2954414085380369 0.04513753737886681 0.04366071996293321
0 0.700053538387273 0.09777277877112253 0.048371798022528625 0.04533234736759484
0 0.8843956873985374 0.11326382559841237 0.043465776735205 0.04204365626060227
0 0.721875 0.01875 0.046875 0.0375
0 0.8605868468013618 0.06397315372871351 0.043465776735205 0.04204365626060227
0 0.99453125 0.03671875 0.0109375 0.0453125
0 0.6679837195816241 0.1991368713293939 0.046809298022528624 0.045277783665263985
0 0.99375 0.30078125 0.0125 0.0421875
0 0.6990480492830363 0.172991033580446 0.048371798022528625 0.04533234736759475
0 0.8952781930985205 0.22409219819375065 0.04357503737886681 0.04360615626060227
0 0.8658856240407701 0.25174597224036777 0.04670003737886681 0.04371528366526398
0 0.8023151609154338 0.14902276552427862 0.04513753737886681 0.04366071996293312
0 0.646875 0.01640625 0.05 0.0328125
0 0.7766817403647445 0.0512400299522489 0.04670003737886681 0.04371528366526398
0 0.9349198473055649 0.20861104193314847 0.04357503737886681 0.04360615626060209
0 0.8323190072125926 0.30930550109630833 0.045028276735205 0.04209821996293304
0 0.7973755606830026 0.3919741573569106 0.046918558666190255 0.04684028366526398
0 0.6527522034900807 0.1605108809480408 0.048371798022528625 0.04533234736759484
0 0.9740037626604741 0.3419493315888622 0.04670003737886681 0.04371528366526398
0 0.6237859693295225 0.12706346388766532 0.04826253737886681 0.04376984736759484
0 0.8397815819703262 0.3936259373939775 0.04513753737886681 0.04366071996293304
0 0.9218949594421655 0.33593743376578045 0.04524679802252862 0.045223219962933214
0 0.6358703421097849 0.2550793364830036 0.048481058666190346 0.04689484736759475
0 0.6952781930985206 0.2310763520921002 0.048371798022528625 0.04533234736759475
0 0.7403714438548251 0.450352141747814 0.048481058666190346 0.04689484736759475
0 0.8241358945717888 0.03548605517999235 0.04513753737886681 0.04366071996293312
0 0.9675688203182583 0.09312988567254621 0.04513753737886681 0.04366071996293304
0 0.8426780809619199 0.09905748185901464 0.04368429802252862 0.04516865626060227
0 0.8854547148900471 0.3748015263240518 0.04524679802252862 0.045223219962933214
0 0.7950703794886517 0.291810466249918 0.04346577673520517 0.04204365626060227
0 0.9070454916252523 0.4147717618960815 0.046809298022528624 0.045277783665263985
0 0.84921875 0.01328125 0.0453125 0.0265625
0 0.597059214385844 0.23763886533894407 0.048371798022528625 0.04533234736759475
0 0.97890625 0.38359375 0.0421875 0.0453125
0 0.7688906557196538 0.1862152306778883 0.046700037378866896 0.04371528366526398
0 0.8282656557196537 0.18414180998931579 0.04513753737886681 0.04366071996293304
0 0.6666183255140383 0.06761405281773962 0.046809298022528624 0.045277783665263985
0 0.9279699968210323 0.37801580636111876 0.04524679802252862 0.045223219962933214
0 0.7167268582013282 0.29141365136646086 0.048371798022528625 0.04533234736759475
0 0.7962936619238399 0.44370034846390316 0.048371798022528625 0.04533234736759475
0 0.6905135554872226 0.43173111652007046 0.048481058666190256 0.04689484736759475
0 0.10353844335062208 0.9232787210592415 0.026638909654925946 0.024310519237293705
0 0.12090090597175518 0.8803818929289402 0.026638909654926123 0.024310519237293705
0 0.07287830523512104 0.9776041225105203 0.026638909654926036 0.024310519237293705
0 0.47337034210978485 0.7657588869384906 0.048371798022528625 0.04533234736759475
0 0.8432350918576832 0.6792260983790851 0.043465776735205 0.04204365626060227
0 0.6509604745253027 0.595094178956457 0.04357503737886681 0.04360615626060227
0 0.489116038387273 0.6101438039988659 0.04670003737886681 0.04371528366526398
0 0.63359375 0.56875 0.0421875 0.01875
0 0.6768666827069604 0.8087747330401409 0.043465776735205 0.042043656260602094
0 0.5886125658787827 0.8682439914776616 0.046809298022528624 0.045277783665263985
0 0.787837033695696 0.7829711464723194 0.04513753737886681 0.04366071996293304
0 0.7131869589379624 0.7009969493748771 0.04535605866619026 0.046785719962933035
0 0.5962836822027573 0.6643550996450295 0.04524679802252862 0.045223219962933214
0 0.9151757938351548 0.632857040667204 0.04670003737886681 0.04371528366526398
0 0.7326032304773873 0.7770683760538993 0.04513753737886681 0.04366071996293321
0 0.9622800227999327 0.701696320704271 0.04982503737886681 0.0438244110699257
0 0.6111324220632985 0.8095039085380369 0.04513753737886681 0.04366071996293321
0 0.4515625 0.61171875 0.025 0.0453125
0 0.8718842517647107 0.7753372065464532 0.04513753737886681 0.04366071996293321
0 0.6250206873985373 0.6273263255984124 0.043465776735205 0.04204365626060227
0 0.6 0.57890625 0.04375 0.0390625
0 0.9026207995351377 0.7445038687975052 0.04670003737886681 0.04371528366526398
0 0.8182565072125925 0.8148014998303641 0.04513753737886681 0.04366071996293321
0 0.7585972839477976 0.8576090479235982 0.04513753737886681 0.04366071996293321
0 0.753125 0.56640625 0.046875 0.0140625
0 0.7509597465689307 0.8155852390305908 0.04513753737886681 0.04366071996293321
0 0.45078125 0.68671875 0.0234375 0.0453125
0 0.7964365015126094 0.7043550731513417 0.04513753737886681 0.04366071996293304
0 0.6359031930985205 0.7381546981937507 0.04357503737886681 0.04360615626060227
0 0.60651062404077 0.7658084722403677 0.04670003737886681 0.04371528366526398
0 0.855975756456288 0.5926338339511149 0.04670003737886681 0.04371528366526398
0 0.8637546775111803 0.8382737161651 0.04524679802252862 0.045223219962933214
0 0.5429401609154338 0.6630852655242786 0.04513753737886681 0.04366071996293312
0 0.7534841770069771 0.6948907931142748 0.040340776735204996 0.04193452885594055
0 0.5171875 0.57265625 0.046875 0.0265625
0 0.675544847305565 0.7226735419331485 0.04357503737886681 0.04360615626060209
0 0.5729440072125925 0.8233680010963085 0.045028276735205 0.04209821996293304
0 0.5380005606830027 0.9060366573569105 0.046918558666190255 0.04684028366526398
0 0.9498999911210492 0.7710465214299104 0.046590776735204995 0.04215278366526398
0 0.714628762660474 0.8560118315888623 0.04670003737886681 0.04371528366526398
0 0.8735453047309178 0.7094939517371298 0.04670003737886681 0.04371528366526398
0 0.9108046401323134 0.7943401776905127 0.04670003737886681 0.04371528366526398
0 0.8244408052351211 0.8584423724257023 0.04524679802252862 0.045223219962933214
0 0.5804065819703261 0.9076884373939775 0.04513753737886681 0.04366071996293304
0 0.6625199594421655 0.8499999337657804 0.04524679802252862 0.045223219962933214
0 0.9703767460647276 0.660689374787955 0.04826253737886681 0.04376984736759484
0 0.44921875 0.74453125 0.0203125 0.0453125
0 0.4809964438548251 0.964414641747814 0.048481058666190346 0.04689484736759475
0 0.5640625 0.56484375 0.04375 0.0109375
0 0.7081938203182583 0.6071923856725462 0.04513753737886681 0.04366071996293304
0 0.58330308096192 0.6131199818590146 0.04368429802252862 0.04516865626060227
0 0.6260797148900471 0.8888640263240518 0.04524679802252862 0.045223219962933214
0 0.9134383312140215 0.6752082317741966 0.04335651609154336 0.040481156260602266
0 0.5356953794886516 0.805872966249918 0.04346577673520517 0.04204365626060227
0 0.6476704916252521 0.9288342618960815 0.046809298022528624 0.045277783665263985
0 0.722266300039341 0.8980356404818697 0.046809298022528624 0.045277783665263985
0 0.5095156557196537 0.7002777306778883 0.046700037378866896 0.04371528366526398
0 0.5688906557196537 0.6982043099893158 0.04513753737886681 0.04366071996293304
0 0.6685949968210323 0.8920783063611187 0.04524679802252862 0.045223219962933214
0 0.8637225544788164 0.6362201428441223 0.041903276735205 0.041989092558271414
0 0.7660063203182583 0.6051735286863045 0.0455745799535137 0.04991071996293313
0 0.46015625 0.8046875 0.0421875 0.046875
0 0.53691866192384 0.9577628484639031 0.048371798022528625 0.04533234736759475
0 0.446875 0.9453125 0.015625 0.046875