0 0.3087900917338217 0.3807012075995175 0.0597204336450254 0.06248671189493038
0 0.2590183924725064 0.07559098371879927 0.06444429508134383 0.06898237336031983
0 0.5109375 0.2375 0.0375 0.059375
0 0.509375 0.08671875 0.040625 0.0640625
0 0.22258092272312746 0.1634118882867835 0.06287270472226432 0.06733798620519024
0 0.47109375 0.0125 0.0640625 0.025
0 0.48508092272312736 0.14965484622498523 0.058157933645025396 0.0624048247398008
0 0.448916163746137 0.19060075079296954 0.06129202400410509 0.06413109905006031
0 0.23538895317014016 0.37829990389061585 0.0597204336450254 0.06248671189493038
0 0.45417635636815296 0.09191758932758028 0.0628545240041051 0.06421298620519007
0 0.30078125 0.02578125 0.0609375 0.0515625
0 0.09796271780447138 0.1043378606971637 0.06442611436318471 0.06585737336031983
0 0.5706376694034777 0.17091677182386872 0.04243293969514959 0.04439845318850324
0 0.333510374125742 0.49986064337516617 0.03143180718159222 0.032887743102594943
0 0.32289103669352864 0.4457463534610744 0.03143180718159222 0.032887743102595034
0 0.4177035669441497 0.5266887369981597 0.0314227168225127 0.03132524310259512
0 0.369329699457707 0.5182897388071819 0.029869307181592218 0.032805855947465365
0 0.4360354104264873 0.5975810911366025 0.03143180718159222 0.032887743102595124
0 0.30993651873954775 0.5245264507021125 0.03143180718159222 0.032887743102595124
0 0.39751833197126435 0.5058782700148463 0.0298602168225127 0.031243355947465367
0 0.3992899102300956 0.4698588828597166 0.0314318071815924 0.032887743102595034
0 0.19137741628021976 0.49793737449197356 0.032994307181592394 0.03296963025772479
0 0.24110470550783125 0.5421919855278216 0.03456589754067192 0.034614017412854636
0 0.7531603196746243 0.4854573066495777 0.04401362041330899 0.04760534034363299
0 0.6693478801758663 0.6616723258714546 0.047129530054229284 0.04620661465389251
0 0.6108182835702707 0.5194715377663852 0.04713862041330889 0.04776911465389251
0 0.5621171631569618 0.5673225395754075 0.04713862041330898 0.04776911465389251
0 0.5565842597625574 0.7128807010407967 0.04713862041330898 0.04776911465389251
0 0.78359375 0.43046875 0.0453125 0.0234375
0 0.6513069281840764 0.5407799717330116 0.04714771077238851 0.049331614653892505
0 0.6920945128858154 0.7791940185445083 0.04714771077238851 0.049331614653892686
0 0.54921875 0.471875 0.0390625 0.05
0 0.54453125 0.52265625 0.0296875 0.0484375
0 0.8392978075743759 0.4465785131174414 0.04558521077238851 0.04924972749876275
0 0.8030148739293503 0.5078369176854257 0.04558521077238851 0.04924972749876275
0 0.7378342597625573 0.7033817910457455 0.04713862041330898 0.04776911465389251
0 0.6946115005891752 0.6150496313893786 0.04713862041330889 0.047769114653892594
0 0.7524240005891751 0.6120198066495777 0.04558521077238851 0.04924972749876275
0 0.5359375 0.9125 0.0125 0.05
0 0.7216830606976338 0.5261575497521728 0.04714771077238851 0.049331614653892505
0 0.703214861829102 0.4787026956137298 0.04401362041330899 0.04760534034363299