0 0.13125 0.5046875 0.04375 0.0421875
0 0.1015625 0.534375 0.04375 0.0421875
0 0.19375 0.5421875 0.04375 0.040625
0 0.134375 0.36875 0.0421875 0.0421875
0 0.171875 0.475 0.04375 0.040625
0 0.3421875 0.428125 0.0421875 0.040625
0 0.421875 0.4578125 0.0421875 0.0421875
0 0.14375 0.628125 0.04375 0.0421875
0 0.3734375 0.5125 0.040625 0.0421875
0 0.2984375 0.603125 0.0421875 0.0421875
0 0.075 0.5671875 0.04375 0.0421875
0 0.31875 0.5328125 0.0421875 0.040625
0 0.2625 0.40625 0.0421875 0.040625
0 0.2109375 0.6296875 0.04375 0.0421875
0 0.071875 0.4265625 0.04375 0.0421875
0 0.175 0.3796875 0.0421875 0.040625
0 0.1109375 0.6578125 0.04375 0.04375
0 0.1109375 0.590625 0.04375 0.0421875
0 0.2921875 0.3578125 0.040625 0.040625
0 0.071875 0.609375 0.04375 0.0421875
0 0.34375 0.4734375 0.040625 0.0421875
0 0.075 0.471875 0.04375 0.0421875
0 0.2046875 0.4171875 0.0421875 0.040625
0 0.4484375 0.503125 0.040625 0.040625
0 0.2375 0.3234375 0.0421875 0.040625
0 0.353125 0.6140625 0.0421875 0.0421875
0 0.25625 0.6328125 0.0421875 0.040625
0 0.284375 0.66875 0.0421875 0.0421875
0 0.246875 0.36875 0.0421875 0.040625
0 0.23125 0.4515625 0.0421875 0.040625
0 0.15 0.43125 0.04375 0.040625
0 0.171875 0.678125 0.04375 0.0421875
0 0.109375 0.4109375 0.0421875 0.0421875
0 0.4 0.5484375 0.040625 0.0421875
0 0.3515625 0.3171875 0.0421875 0.040625
0 0.440625 0.5515625 0.040625 0.0421875
0 0.2046875 0.5859375 0.04375 0.040625
0 0.30625 0.4921875 0.0421875 0.040625
0 0.4046875 0.63125 0.0421875 0.0421875
0 0.4390625 0.5953125 0.040625 0.0421875
0 0.3359375 0.6609375 0.0421875 0.0421875
0 0.0703125 0.6515625 0.0421875 0.0421875
0 0.24375 0.675 0.040625 0.0421875