0 0.315625 0.50625 0.021875 0.01875
0 0.309375 0.484375 0.0203125 0.01875
0 0.3984375 0.6515625 0.021875 0.01875
0 0.309375 0.5578125 0.0203125 0.01875
0 0.4296875 0.6890625 0.0203125 0.01875
0 0.3125 0.5796875 0.0203125 0.01875
0 0.31875 0.690625 0.0203125 0.01875
0 0.3390625 0.684375 0.0203125 0.01875
0 0.453125 0.6859375 0.0203125 0.0203125
0 0.33125 0.5671875 0.021875 0.01875
0 0.3265625 0.6703125 0.01875 0.01875
0 0.4375 0.66875 0.0203125 0.01875
0 0.4625 0.646875 0.021875 0.01875
0 0.334375 0.5921875 0.021875 0.01875
0 0.3640625 0.6875 0.0203125 0.0203125
0 0.375 0.665625 0.021875 0.01875
0 0.3234375 0.63125 0.0203125 0.01875
0 0.3078125 0.6015625 0.0203125 0.01875
0 0.3203125 0.6515625 0.0203125 0.01875
0 0.51875 0.6828125 0.0203125 0.01875
0 0.45625 0.628125 0.021875 0.01875
0 0.340625 0.65 0.0203125 0.01875
0 0.34375 0.6296875 0.0203125 0.01875
0 0.30625 0.61875 0.0203125 0.01875
0 0.30625 0.6765625 0.01875 0.0203125
0 0.325 0.609375 0.0203125 0.01875
0 0.30625 0.6390625 0.0203125 0.01875
0 0.3609375 0.6453125 0.0203125 0.01875