0 0.5238353746926683 0.48935148519748867 0.022893844499482084 0.023276813695090583
0 0.43717012862160975 0.5104836104282013 0.024456344499482086 0.023376943244739757
0 0.5796101856937043 0.5293966918604639 0.022893844499482084 0.023276813695090583
0 0.48125 0.54140625 0.021875 0.0171875
0 0.1341308275453712 0.875670914562568 0.05283820967712849 0.06414164558877822
0 0.05703125 0.975 0.0640625 0.05
0 0.02265625 0.93515625 0.0453125 0.0453125
0 0.22155805293826542 0.8716261597822059 0.043608758891340214 0.06666586829088236
0 0.16913087386409878 0.7597059531192307 0.06929796360606985 0.04961807063492083
0 0.0140625 0.9828125 0.028125 0.034375
0 0.1683559702256076 0.9435803053709841 0.04197348428423435 0.06500323874123311
0 0.08990563854640721 0.9221244124030996 0.04197348428423435 0.06500323874123311
0 0.21123267494033734 0.9595266779808032 0.051202935070022625 0.062479016039128865
0 0.19765625 0.9890625 0.0453125 0.021875
0 0.13515625 0.971875 0.0484375 0.05625
0 0.6825340942945942 0.6871324413990385 0.05069351282028158 0.05154151603912895
0 0.6329022754356753 0.6155368460871155 0.03572348428423418 0.06460272054263569
0 0.5871531277930402 0.6278156030269457 0.05821491439185813 0.04579216378737563
0 0.5758816799027361 0.736028621225543 0.03990156203449331 0.053965609191583754
0 0.6717849929706867 0.5834462368955318 0.051057385855810725 0.05935401603912895
0 0.436789254757511 0.6452405397932806 0.06282963978475245 0.044530052436323506
0 0.57578125 0.56953125 0.0578125 0.0390625
0 0.6442721149727586 0.6724481801402715 0.0385573858558109 0.0585529796419344
0 0.74453125 0.5625 0.0484375 0.025
0 0.5226154387940762 0.6755707850129186 0.0479323858558109 0.05915375693983034
0 0.48682348800828795 0.674748764654853 0.04934933664159917 0.0561288864894796
0 0.5423158167920042 0.5870694895164255 0.0643193651776464 0.04306768198597286
0 0.49652812779304023 0.6336231169066064 0.060976041356328815 0.038179922886674156
0 0.3824955529382653 0.7406321853820589 0.051202935070022625 0.062479016039128865
0 0.5880948895798646 0.6744903439276471 0.04458906203449331 0.054265997840531634
0 0.6073500037240537 0.7293385302325566 0.035432385855810725 0.0583527205426357
0 0.5420161021524771 0.7272939713178281 0.041609611248705033 0.05719073874123311
0 0.41973868776061896 0.7771914466408258 0.04629711124870504 0.05749112739018099
0 0.46054777833115956 0.7371882078995928 0.06090326674922295 0.036617422886674154
0 0.6436856100103598 0.751935421040973 0.05323631596343468 0.03924177513842757
0 0.5483431848651348 0.6583437122185295 0.047786836641599176 0.05602875693983034
0 0.4367507134011821 0.6795154102436313 0.0627568651776464 0.04296755243632351
0 0.4741480136488511 0.5789751897009955 0.0627568651776464 0.04296755243632351
0 0.5682532704732767 0.699129398523439 0.05799659057054054 0.04110466378737563
0 0.5265625 0.55859375 0.0625 0.0171875
0 0.7305777961138398 0.5921413140088575 0.03877570967712849 0.0632404796419344
0 0.537735324649887 0.618519748615724 0.05992296360606986 0.04901729333702489
0 0.4181505707209457 0.6106047239387218 0.06155823821317572 0.05067992288667415
0 0.5570931385464072 0.7715050462716856 0.053381865177646405 0.04236677513842757
0 0.60625 0.56328125 0.034375 0.0265625
0 0.6453125 0.56875 0.05625 0.0375
0 0.5061513767595829 0.7280344509597625 0.03572348428423435 0.06460272054263569
0 0.6956548325077699 0.6395565345514933 0.04026543507002263 0.061778109191583754
0 0.4542635450803825 0.7048763556478395 0.06253854135632882 0.03828005243632351
0 0.671703602152477 0.7189832186969344 0.04593323821317572 0.04967862739018099
0 0.42421875 0.56875 0.0640625 0.0375
0 0.57907514640429 0.8012531030269457 0.05621576674922295 0.036317034237726274
0 0.40904943672716165 0.8729044648394231 0.0416823858558109 0.0587532387412331
0 0.3695931385464072 0.783520592229604 0.0432448858558109 0.05885336829088246
0 0.3665366050479612 0.8491455922296041 0.05672518899896399 0.04725453423772628
0 0.4666864623677248 0.7726250601513461 0.04771406203449331 0.054466256939830336
0 0.5948799288692788 0.8298391779808032 0.05316354135632899 0.03767927513842757
0 0.5624269937992562 0.8911166394241403 0.030672111248705038 0.056489831893687635
0 0.3642805922276796 0.8975830922296041 0.055381012820281586 0.05184190468807692
0 0.7426753817219817 0.6334276480620137 0.05934076674922295 0.0365172933370248
0 0.7279921435088059 0.6811036844592082 0.05926799214211727 0.03495479333702489
0 0.6912969722925222 0.5993320527500906 0.049422111248705033 0.05769138648947969
0 0.7619005707209456 0.5885762230158711 0.04466183664159917 0.055828497840531635
0 0.4685271364794926 0.9672366533038008 0.04629711124870504 0.05749112739018099
0 0.6811470686540311 0.7838071822997399 0.04771406203449331 0.054466256939830336
0 0.5901711199351574 0.5964654734772965 0.0580693651776464 0.04266716378737563
0 0.41120274979511223 0.7263298534883711 0.04785961124870504 0.05759125693983034
0 0.43728575269059633 0.8352647624953846 0.04927656203449331 0.054566386489479514
0 0.6151668118296054 0.6618506415836086 0.03252570967712849 0.06283996144333708
0 0.4643919081911143 0.8553374306016968 0.05926799214211727 0.03495479333702498
0 0.5206419081911143 0.8517327668143213 0.04742296360606986 0.04821625693983016
0 0.70078125 0.5609375 0.0578125 0.021875
0 0.5066821079434453 0.9507710441122172 0.053381865177646405 0.04236677513842757
0 0.5495245794073981 0.9340050462716857 0.03528683664159917 0.055227720542635694
0 0.3429834809789746 0.9534721468253959 0.05396406203449331 0.05486677513842757
0 0.434375 0.97734375 0.0375 0.0453125
0 0.5555991050479612 0.8370299167220363 0.032161836641599176 0.05502746144333699
0 0.6302737733687607 0.8057613278885182 0.056142992142117265 0.03475453423772627
0 0.53376264640429 0.8041568599667761 0.03394266046291676 0.05981509099298634
0 0.47581752150673395 0.6100249306016969 0.0606121683207995 0.030367422886674156
0 0.5037797398703148 0.8792965623108145 0.039974336641598995 0.055528109191583755
0 0.39038513565092303 0.6715817967331109 0.031108758891340217 0.06586483189368782
0 0.5375 0.975 0.0375 0.05
0 0.49233712572612565 0.8239477282576584 0.05643409057054054 0.04100453423772628
0 0.6789638304408554 0.8306821822997399 0.03223461124870504 0.056589961443336986
0 0.4888781778358215 0.9316600987080091 0.059413541356328994 0.03807979333702498
0 0.6108259524429274 0.922287493835362 0.032161836641598995 0.05502746144333699
0 0.6584672398703149 0.8693837368955318 0.03677656203449331 0.053765350092285044
0 0.6299783668347855 0.8789985687892194 0.03372433664159917 0.05512759099298634
0 0.5310314445850445 0.8962442304171268 0.035359611248705035 0.056790220542635696
0 0.5904064445850444 0.8924393075304525 0.03223461124870504 0.056589961443336986
0 0.732063213401182 0.6605909253599096 0.059195217535011224 0.03339229333702489
0 0.46660507154951514 0.908162041952749 0.059195217535011224 0.03339229333702498
0 0.42118987179718415 0.8129286875415271 0.047786836641599176 0.05602875693983016
0 0.6633302142297517 0.9656579595976359 0.039756012820281586 0.05084060919158375
0 0.4015625 0.978125 0.028125 0.04375
0 0.39251260008556244 0.926930630786267 0.0580693651776464 0.04266716378737563
0 0.592153035155585 0.8549393075304526 0.05443494292790554 0.031529404688076926
0 0.7171616513666887 0.7129544617571042 0.05777826674922295 0.036417163787375625
0 0.6453125 0.99375 0.05 0.0125
0 0.7106890194398193 0.7850297208564028 0.038411836641599174 0.0554279796419344
0 0.6477437555860804 0.9323843846437784 0.056142992142117085 0.03475453423772627
0 0.4863439909037721 0.7853858760059051 0.04168238585581072 0.0587532387412331
0 0.43001260008556247 0.9245275215946833 0.0401198858558109 0.05865310919158375
0 0.608933812658175 0.9629124938353619 0.047350188998963996 0.046653756939830336
0 0.5790665301931863 0.9352275848283484 0.03506851282028158 0.0505402205426357
0 0.6 0.9890625 0.0375 0.021875
0 0.6627523254784566 0.9111707186969344 0.0486943651776464 0.04206638648947951
0 0.6860100430134679 0.8800814050018438 0.029036836641599173 0.05482720234403846
0 0.641609379655067 0.8299602914913237 0.052037688998963993 0.046954145588778216
0 0.7020374574053261 0.836992739055 0.024422111248705036 0.056089313695090584
0 0.50859375 0.9828125 0.0390625 0.034375
0 0.56875 0.97578125 0.034375 0.0484375
0 0.46796875 0.99375 0.0546875 0.0125
0 0.63046875 0.97734375 0.0359375 0.0453125
0 0.7126539338316775 0.7428422208564027 0.056142992142117265 0.03475453423772627
0 0.4553422398703148 0.8824005783499433 0.05741439371369381 0.02860466378737563
0 0.6631975893321955 0.7678212368955317 0.05687073821317572 0.05037953423772627
0 0.6614981563290876 0.6370718846437784 0.04182793507002245 0.061878238741233015
0 0.5149056385464073 0.7742085441122172 0.029255160462916763 0.05951470234403846
0 0.6098542655108778 0.7759131415836087 0.05508991439185813 0.045591904688076924
0 0.6346402497951122 0.7120113278885182 0.04771406203449331 0.054466256939830336