0 0.08312891457296256 0.41722228253968324 0.025350686364518003 0.024939443244739755
0 0.1269428163897337 0.38272616902916284 0.025350686364518003 0.024939443244739935
0 0.1442898130557538 0.36674022362495473 0.023788186364518092 0.02483931369509058
0 0.10787408093360122 0.33953737353266966 0.02547823212215263 0.026501943244739756
0 0.2338305451779064 0.3973474784053167 0.025350686364518184 0.024939443244739935
0 0.1895064603305971 0.42559359191583707 0.025350686364518003 0.024939443244739755
0 0.1504439603305971 0.4230903531746041 0.025350686364518003 0.024939443244739935
0 0.21766366911489038 0.33258407155777137 0.025350686364518184 0.024939443244739935
0 0.17378586548134808 0.4043799259689932 0.023788186364518005 0.02483931369509058
0 0.10838400608823165 0.4219493553340724 0.023788186364518005 0.02483931369509058
0 0.1285694760824126 0.26936457587670815 0.025350686364518003 0.024939443244739755
0 0.19620299942027186 0.3933818692137329 0.025350686364518003 0.024939443244739935
0 0.11326321153854506 0.3103505212809162 0.025350686364518003 0.024939443244739935
0 0.17018263335919553 0.37927979641934384 0.025350686364518003 0.024939443244739935
0 0.10934072820844451 0.39558711443337097 0.025350686364518003 0.024939443244739935
0 0.14384327396607904 0.399352464525656 0.023788186364518092 0.02483931369509058
0 0.12190463002521565 0.3590884099298643 0.023788186364518005 0.02483931369509058
0 0.09687267911683009 0.3761362075858258 0.025350686364518003 0.024939443244739755
0 0.07640068245080997 0.3919218938907353 0.025350686364518003 0.024939443244739755
0 0.12780368578478987 0.4123135394795135 0.025223140606883465 0.023376943244739934
0 0.9209806324411115 0.38280291949058826 0.07315019970043757 0.09639294108527138
0 0.9290484818322884 0.3102665854374321 0.08695760818516866 0.09416910703211538
0 0.98046875 0.31875 0.0390625 0.09375
0 0.8551005409258426 0.37547247840531667 0.07197033697334128 0.10098031153562204
0 0.865625 0.51953125 0.103125 0.0390625
0 0.8653681033533764 0.4631727375046154 0.09674719636645772 0.08080751387966068
0 0.7515625 0.51328125 0.071875 0.0515625
0 0.7797176457770312 0.442140741823552 0.07822033697334127 0.10138082973421944
0 0.9494560609297219 0.4841046036360293 0.08214256242753386 0.09230621838316751
0 0.9875 0.409375 0.025 0.065625
0 0.29384404759380234 0.8282994848837216 0.06396664727484325 0.060054922886674154
0 0.56484375 0.78046875 0.0484375 0.0578125
0 0.45889522062240085 0.7938009762458484 0.057461555759574165 0.05652940468807692
0 0.42164979638585437 0.9468468306570701 0.05927914727484325 0.059754534237726274
0 0.466452371231224 0.8673386057954977 0.05915160151720862 0.05819203423772627
0 0.5076192472942399 0.9337040854374321 0.05758910151720862 0.05809190468807692
0 0.4765625 0.98125 0.059375 0.0375
0 0.3794945051701477 0.849331480564785 0.060714101517208796 0.05829216378737563
0 0.5063123545613245 0.7844049922849774 0.054209010001939714 0.054766645588778216
0 0.8546875 0.9703125 0.1375 0.059375