0 0.8771657996329466 0.1551472144777078 0.029763094710093262 0.028779616641249995
0 0.8786527049228535 0.12694947929534667 0.029763094710093262 0.028779616641249995
0 0.932854357511337 0.17106184878638828 0.02976309471009344 0.028779616641249995
0 0.8790769101280557 0.1879597144777078 0.03141659997176518 0.03037848423243066
0 0.976726183876166 0.11840832105097157 0.029763094710093262 0.028779616641249995
0 0.9469476786144941 0.11753680528340218 0.03132559471009344 0.02881598423243057
0 0.914863220707869 0.13080052469819387 0.03132559471009344 0.02881598423243057
0 0.9803818048946186 0.15430945345979102 0.03132559471009326 0.02881598423243057
0 0.99296875 0.134375 0.0140625 0.028125
0 0.9077479416980866 0.1966800978364578 0.029763094710093262 0.028779616641249995
0 0.9029848469879933 0.16862783301881884 0.029763094710093262 0.028779616641249995
0 0.9612523732963526 0.1750947321451383 0.029763094710093262 0.028779616641249995
0 0.8475693048946186 0.15740069871013834 0.03132559471009326 0.02881598423243057
0 0.99609375 0.1640625 0.0078125 0.03125
0 0.9186700311465081 0.22302439228937443 0.03141659997176518 0.03037848423243066
0 0.9470232733245876 0.1456981728745827 0.03132559471009326 0.028815984232430657
0 0.9375264469597585 0.19755161360402712 0.03132559471009344 0.02881598423243048
0 0.984375 0.190625 0.03125 0.03125
0 0.39869073109003833 0.7706670309664579 0.04124662628012441 0.03840918977951393
0 0.32526864164161695 0.7457774401607635 0.042900131541796324 0.04000805737069442
0 0.379075452080256 0.8368375448341663 0.039502115756780753 0.035247822188333444
0 0.4171875 0.85703125 0.025 0.0359375
0 0.24140625 0.99609375 0.0359375 0.0078125
0 0.8834143415851472 0.6446448191511105 0.07586382096198285 0.09694904160312508
0 0.5138761153332576 0.5859673354873609 0.04975634727034208 0.10414329255305574
0 0.5662407940889261 0.7865842781166663 0.11574536831702957 0.111920731382639