0 0.03828125 0.12265625 0.0765625 0.1203125
0 0.20337497851481565 0.24064756007317847 0.1419086182719372 0.14531359468490823
0 0.5535166621427579 0.3369578440483615 0.0957905348257091 0.06982269867918127
0 0.7875 0.37578125 0.08125 0.0484375
0 0.6420059520568495 0.48935668539145194 0.044480340343633 0.044240896005727136
0 0.7688207575747735 0.46584755474217837 0.044480340343633 0.04424089600572696
0 0.8075291327441156 0.5787293627466327 0.04448034034363317 0.04424089600572696
0 0.6715429658516594 0.4272384933959062 0.046042840343633 0.0442590773392725
0 0.8161472161903436 0.653783906747269 0.04456222749876275 0.04580339600572714
0 0.6896865355030777 0.5648657627307243 0.04456222749876275 0.04580339600572714
0 0.748269240161919 0.431254378739633 0.044480340343633 0.04424089600572696
0 0.6104416915413999 0.4234044213876339 0.04604284034363317 0.0442590773392725
0 0.7284967299851537 0.590302114735815 0.042917840343632996 0.0442227146721816
0 0.6842753392119792 0.4914100813971789 0.04283595318850324 0.0426602146721816
0 0.7256306795556122 0.535614614735815 0.04448034034363317 0.044240896005727136
0 0.6484375 0.4078125 0.04375 0.015625
0 0.853125 0.40546875 0.04375 0.0109375
0 0.7970210006773686 0.49740663741245095 0.04612472749876275 0.04582157733927232
0 0.71171875 0.415625 0.0421875 0.03125
0 0.8407444244672296 0.6165929894175416 0.04448034034363317 0.04424089600572696
0 0.6022817107632769 0.5060714707192704 0.04612472749876275 0.04582157733927232
0 0.5969457575747735 0.46384760805217945 0.04612472749876275 0.04582157733927232
0 0.6447082281761313 0.5409191853914519 0.04448034034363317 0.044240896005727136
0 0.51171875 0.409375 0.0484375 0.01875
0 0.6909767978275495 0.678873718730088 0.04612472749876275 0.0458215773392725
0 0.8999423620519007 0.6734975174251776 0.04456222749876275 0.04580339600572696
0 0.7054620217082677 0.6275112133990879 0.04620661465389251 0.0473840773392725
0 0.6500441813646347 0.5831430480585428 0.04604284034363317 0.0442590773392725
0 0.7868625079134578 0.6909202800763602 0.04456222749876275 0.04580339600572714
0 0.8874888704196436 0.4656668360916322 0.046042840343633 0.0442590773392725
0 0.6035033740376884 0.5591782893857248 0.044480340343633 0.044240896005727136
0 0.8812609611019611 0.7341804787555414 0.04464411465389269 0.04736589600572696
0 0.7530673620519007 0.6717884720719057 0.04456222749876275 0.04580339600572714
0 0.88828125 0.41484375 0.0453125 0.0296875
0 0.8997299208491851 0.5204634240929048 0.04275406603337366 0.041097714672181596
0 0.856765572137809 0.6839259400859051 0.042917840343632996 0.0442227146721816
0 0.5682541915413999 0.42291352538190685 0.04439845318850324 0.04267839600572705
0 0.8393191225673503 0.7383770827498143 0.04464411465389269 0.04736589600572714
0 0.8098419052453527 0.533471406747269 0.04275406603337366 0.041097714672181596
0 0.949982226367109 0.49606340809990446 0.04596095318850324 0.042696577339272325
0 0.7694160583429991 0.7453714227402694 0.042917840343633176 0.0442227146721816
0 0.6596515547249545 0.6472782733927245 0.04612472749876275 0.04582157733927232
0 0.8863844730877487 0.6233702480903596 0.04283595318850324 0.0426602146721816
0 0.7395714280852743 0.7122316587364514 0.04456222749876275 0.04580339600572714
0 0.9276712143813214 0.6066736440960865 0.04604284034363317 0.0442590773392725
0 0.5611653878324983 0.49622375604708874 0.04612472749876275 0.0458215773392725