0 0.2024421813073344 0.29712418840694355 0.028288626463433175 0.030091691585911205
0 0.20573080777076758 0.269217709694267 0.028288626463433175 0.030091691585911205
0 0.25702968735745857 0.31813581093510424 0.028288626463433175 0.030091691585911205
0 0.2022512837666625 0.32993668840694357 0.0298602168225127 0.03176345222957302
0 0.304204669207086 0.2698511302449563 0.028288626463433175 0.030091691585911205
0 0.2745262595661656 0.2662126780153833 0.029851126463433176 0.03020095222957302
0 0.24164103669352865 0.2764182044984869 0.029851126463433176 0.03020095222957302
0 0.3055580909482548 0.305897890888618 0.029851126463433176 0.03020095222957302
0 0.3291046752572102 0.288786800543544 0.029851126463433176 0.03020095222957302
0 0.23032174161218472 0.34127837999285476 0.028288626463433175 0.030091691585911205
0 0.22736036807561782 0.3129348587055313 0.028288626463433175 0.030091691585911205
0 0.28512741628021976 0.3247900025210154 0.028288626463433175 0.030091691585911205
0 0.17274559094825478 0.29661073617737055 0.029851126463433176 0.03020095222957302
0 0.33361945843469754 0.31880208247452924 0.0298602168225127 0.03176345222957302
0 0.36037285597536944 0.2878470134167787 0.02827953610435365 0.028529191585911207
0 0.23954220550783126 0.3684964438548251 0.0298602168225127 0.03176345222957302
0 0.3464558017206433 0.2618636676238231 0.028279536104353475 0.028529191585911207
0 0.27280013310273254 0.29422841737172156 0.029851126463433176 0.03020095222957302
0 0.2600001512531051 0.34491683222242775 0.029851126463433176 0.03020095222957302
0 0.30846492233034406 0.34361641217594147 0.0314227168225127 0.031872712873234656
0 0.729985398326239 0.13357586859288836 0.09891928903121965 0.08969592055068923
0 0.9765625 0.184375 0.046875 0.103125
0 0.30540251308220706 0.9560628737886685 0.01885908430895533 0.020061127723940864
0 0.3109375 0.99375 0.01875 0.0125
0 0.346875 0.9921875 0.01875 0.015625
0 0.43125 0.99296875 0.015625 0.0140625
0 0.33205591667300316 0.9422953047309178 0.01885908430895533 0.020061127723940864
0 0.43203125 0.97734375 0.0140625 0.0203125
0 0.3255332059006147 0.988733262156271 0.01885908430895533 0.020061127723940687
0 0.34436501913233125 0.9759818898802118 0.01729658430895533 0.019951867080279052
0 0.33977751308220705 0.9584666079492266 0.01885908430895533 0.020061127723940864
0 0.4181752238545956 0.9170546401323133 0.01729658430895533 0.019951867080279052
0 0.4083820673369332 0.9882740762703429 0.01728749394987581 0.018389367080279228
0 0.3724445673369331 0.9857610814661231 0.01729658430895533 0.01995186708027923
0 0.3479445370863122 0.8980754111675353 0.01885908430895533 0.020061127723940687
0 0.43046875 0.94375 0.0171875 0.01875
0 0.35566613349551596 0.9142467143858439 0.01885908430895533 0.020061127723940864
0 0.3135695370863122 0.8956716770069771 0.01885908430895533 0.020061127723940687
0 0.3601354648776052 0.9520744963168293 0.01885908430895533 0.020061127723940687
0 0.3912127480550923 0.9839472091900638 0.01729658430895533 0.019951867080279052
0 0.386725235954844 0.9492444272590786 0.01729658430895533 0.01995186708027923
0 0.34620022990471977 0.9292161505238736 0.01885908430895533 0.020061127723940687
0 0.3964002178044714 0.898337491121049 0.01729658430895533 0.019951867080279052
0 0.39626386241827716 0.9217749911210491 0.01885908430895533 0.020061127723940687
0 0.41944683236404784 0.9671639007759751 0.01885908430895533 0.020061127723940864
0 0.3664763684684013 0.9368865388914761 0.01885908430895533 0.020061127723940864
0 0.4180843202637995 0.9326796401323133 0.01885908430895533 0.020061127723940864
0 0.37570592272312736 0.9625421027534464 0.01885908430895533 0.020061127723940687
0 0.41642182631392366 0.9497578794886516 0.01885908430895533 0.020061127723940864
0 0.4022866034412867 0.961274533695696 0.01728749394987581 0.01838936708027905