0 0.14822428982534977 0.4103546752572102 0.030669646641955418 0.028297716822512697
0 0.22158737875542406 0.36304333802138855 0.029107146641955416 0.028288626463433175
0 0.29775306387196687 0.44074109114464655 0.029161710344286364 0.029851126463433176
0 0.3413939364673052 0.43736156109041724 0.029161710344286364 0.029851126463433176
0 0.3231697261230189 0.40777405504029307 0.029107146641955416 0.028288626463433175
0 0.39506457349061375 0.4526774888817102 0.029107146641955416 0.028288626463433175
0 0.63515625 0.11328125 0.0109375 0.0328125
0 0.07238598692279208 0.9340012535160414 0.04684028366526398 0.04401362041330899
0 0.00546875 0.82734375 0.0109375 0.0453125
0 0.11019352176918237 0.897836494539051 0.04840278366526398 0.04402271077238851
0 0.11640625 0.98203125 0.0484375 0.0359375
0 0.24356652775963222 0.8236081332991242 0.04684028366526398 0.04401362041330899
0 0.25828877058805605 0.9766785911446465 0.04689484736759475 0.04557612041330898
0 0.2263443114248961 0.8674672176080798 0.04689484736759475 0.04557612041330898
0 0.2467312224948218 0.9142331332991243 0.04689484736759475 0.04557612041330898
0 0.20697924173211552 0.9394694826351943 0.04684028366526398 0.04401362041330899
0 0.3535467068857253 0.9745615792407898 0.04689484736759475 0.04557612041330898
0 0.03592269726707835 0.9639069221339522 0.04845734736759475 0.04558521077238851
0 0.2023413270339928 0.8066569826351943 0.04689484736759475 0.04557612041330898
0 0.09611117440158763 0.8525967174116879 0.04840278366526398 0.04402271077238851
0 0.0484375 0.99375 0.05 0.0125
0 0.11341769237293695 0.632138771666414 0.04689484736759475 0.04557612041330898
0 0.024464319777598664 0.6357819221339522 0.048511911069925695 0.04714771077238851
0 0.00859375 0.67890625 0.0171875 0.0453125
0 0.16375005298737566 0.7756251512531052 0.045277783665263985 0.04400453005422929
0 0.3024355854715132 0.8982808803722581 0.04689484736759475 0.04557612041330898
0 0.024444472410003824 0.5904603317748727 0.04689484736759484 0.0455761204133089
0 0.3502927321134687 0.9261331695998696 0.04684028366526398 0.04401362041330899
0 0.3120486876484316 0.9497979285768599 0.04689484736759475 0.04557612041330898
0 0.31015625 0.9921875 0.0484375 0.015625
0 0.07146829454985518 0.6839558017206434 0.04845734736759484 0.04558521077238851
0 0.2986359736759482 0.8342274707313375 0.04689484736759475 0.04557612041330898
0 0.1464732729503087 0.8179217355620605 0.04689484736759475 0.04557612041330898
0 0.21015625 0.98046875 0.0484375 0.0390625
0 0.7471330157787326 0.7552479769778536 0.025818455534962936 0.023582945745273774
0 0.7139385698624167 0.7445013745185255 0.02420139183263199 0.022011355386194253
0 0.7538939364673052 0.8145957059006147 0.022638891832631992 0.02200226502711473
0 0.6825645734906137 0.8306388624182771 0.025927582939624473 0.026707945745273777
0 0.7158482994439966 0.7991888745185255 0.02420139183263199 0.022011355386194253