0 0.6046875 0.5375 0.0421875 0.0421875
0 0.5421875 0.340625 0.040625 0.040625
0 0.4546875 0.665625 0.040625 0.0421875
0 0.43125 0.365625 0.0390625 0.0390625
0 0.5859375 0.4109375 0.0421875 0.0421875
0 0.4 0.6609375 0.0421875 0.0421875
0 0.6390625 0.4578125 0.040625 0.040625
0 0.565625 0.4609375 0.0390625 0.0390625
0 0.4046875 0.4078125 0.0390625 0.0390625
0 0.5453125 0.496875 0.0390625 0.040625
0 0.3046875 0.43125 0.0390625 0.0390625
0 0.5390625 0.415625 0.0390625 0.0390625
0 0.384375 0.475 0.0390625 0.0390625
0 0.4515625 0.275 0.0390625 0.040625