0 0.2193673914505429 0.3415278234057958 0.024665807326946253 0.024255955534962938
0 0.19726666214275781 0.24717762268015625 0.023021420171816586 0.022638891832631812
0 0.24045674016191895 0.17850203375008195 0.023021420171816586 0.022638891832631992
0 0.27620388964152054 0.29516374409436824 0.024665807326946166 0.024255955534962757
0 0.2843705144721785 0.18315481741534595 0.023021420171816586 0.022638891832631992
0 0.20623887041964375 0.21005956859647226 0.0230214201718165 0.022638891832631992
0 0.13320416214275782 0.24494051088459123 0.024583920171816587 0.022693455534962936
0 0.20482685662483383 0.2723958774894797 0.024665807326946253 0.024255955534962938
0 0.22612864653892553 0.2622222693221117 0.024583920171816587 0.022693455534962936
0 0.2081089868825586 0.30526294119181063 0.024665807326946253 0.024255955534962938
0 0.25106004748886523 0.2022669159640671 0.023021420171816586 0.022638891832631992
0 0.1758829850735363 0.25578873084752435 0.0230214201718165 0.022638891832631992
0 0.15129906490171977 0.23309527531256152 0.023021420171816586 0.022638891832631992
0 0.2729350474888653 0.20303080779669908 0.023021420171816586 0.022638891832631992
0 0.23016769335042228 0.2202530241314351 0.023021420171816586 0.022638891832631992
0 0.23056384102100158 0.2873313967267734 0.024665807326946253 0.024255955534962938
0 0.30764424016191894 0.18084827295030878 0.023021420171816586 0.022638891832631992
0 0.17309217774659 0.2322966671451935 0.023021420171816586 0.022638891832631812
0 0.1304133548158115 0.22144844718226037 0.0230214201718165 0.022638891832631992
0 0.15408987222866605 0.2565873390148924 0.0230214201718165 0.022638891832631992
0 0.6990748236081471 0.45032247004775117 0.07835072930778511 0.09631449400955035
0 0.71015625 0.51640625 0.0953125 0.0453125
0 0.8469678482570908 0.7990080290255765 0.0263101944820761 0.025873019237293703
0 0.8097533740376883 0.6245883823836211 0.024665807326946343 0.024255955534962938
0 0.7406824694697041 0.5863046431833944 0.024583920171816587 0.022693455534962936
0 0.8295280427391669 0.8233532645976063 0.0247476944820761 0.025818455534962936
0 0.7987074106724197 0.7411756816579818 0.024665807326946166 0.024255955534962938
0 0.8607426639517801 0.6154514845605394 0.026228307326946164 0.024310519237293705
0 0.667627829035214 0.7100843943645208 0.023021420171816586 0.022638891832631812
0 0.6467421189493058 0.6984375662342196 0.023021420171816586 0.022638891832631992
0 0.6611188794647553 0.7644445121505357 0.023103307326946165 0.024201391832631813
0 0.63515625 0.71875 0.0109375 0.021875
0 0.6845962437799635 0.5874653498994835 0.023021420171816586 0.022638891832631992
0 0.7146112924004825 0.5947520602437698 0.023021420171816586 0.022638891832631992