0 0.23765461531006976 0.08925035416770344 0.043133057370694415 0.04357503737886681
0 0.28300348290125044 0.08764429550151309 0.043133057370694415 0.04357503737886681
0 0.29525152260451437 0.21042623163954274 0.04476829255305574 0.046809298022528624
0 0.23791049486909763 0.16748461481136517 0.041570557370694414 0.04346577673520517
0 0.13463741166284757 0.033852296005716195 0.04153418977951393 0.04190327673520518
0 0.24453125 0.0203125 0.0421875 0.040625
0 0.2621831430454865 0.13448644451277741 0.041570557370694414 0.04346577673520517
0 0.14002112157833393 0.332399056649378 0.043205792553055566 0.04670003737886681
0 0.08195404844007008 0.32550420046486217 0.043242160144236055 0.04826253737886681
0 0.3310786134102088 0.13592897619166103 0.044695557370694416 0.04368429802252862
0 0.009375 0.08984375 0.01875 0.0421875
0 0.10426023385118093 0.07353750887895086 0.04153418977951393 0.041903276735205
0 0.07915243749840321 0.13789493982120044 0.04316942496187508 0.04513753737886681
0 0.8339503466927087 0.2940685301662743 0.038772865691319325 0.05730975544788173
0 0.8258845799752089 0.3509740940282448 0.038736498100139016 0.05574725544788173
0 0.7056811827487506 0.36407466359019836 0.04956489532659729 0.05182457995351371
0 0.7504118012898616 0.3359061049240081 0.05864895459715278 0.039980143815484225
0 0.5974309652338199 0.2855668873591963 0.04963763050895835 0.054949579953513704
0 0.6984492577868755 0.32232420616484536 0.0511273953265972 0.05193384059717552
0 0.777845817057431 0.30425191333809687 0.05864895459715278 0.039980143815484225
0 0.6935097974901395 0.44630800938315396 0.038736498100139016 0.05574725544788173
0 0.6991025680073616 0.2831524455211836 0.05723192496187508 0.04612088317182241
0 0.6582243012898616 0.34235248290005044 0.04040810087368065 0.06054401609154336
0 0.6061903290252784 0.39294234478454937 0.03568423328249999 0.0586537341605581
0 0.8722868012898616 0.32738377471839275 0.05265352773541672 0.05048060124083733
0 0.7022989967689588 0.21876216359019834 0.05425239532659729 0.05215236188449914
0 0.6482323586605562 0.3837423074056826 0.05265352773541672 0.05048060124083733
0 0.7763209910693756 0.3732204346254203 0.05715918977951393 0.042995883171822416
0 0.53515625 0.2890625 0.0328125 0.0625
0 0.6366739967689587 0.2233511106239913 0.052798998100138925 0.05673060124083733
0 0.7563331865484727 0.2541098017056994 0.058758057370694415 0.04466764381548423
0 0.7399120188047922 0.42271769007330195 0.03255923328249999 0.05843521287323465
0 0.7851881512136117 0.4179866314071116 0.05556032218833344 0.04132412252816078
0 0.8267210345723617 0.3869115940282448 0.05864895459715278 0.039980143815484225
0 0.5818436392457644 0.3555187544394755 0.04182513050895835 0.054403276735204995
0 0.6056097539871533 0.4352391054282112 0.06028418977951393 0.04321440445914604
0 0.5779172458190283 0.25406551508313713 0.06181032218833336 0.041761165102807495
0 0.7563669412981253 0.12107878041837594 0.062028527735416714 0.051136165102807676
0 0.6755585780753478 0.4146973764634331 0.05853985182361114 0.03529264381548423
0 0.913856052239792 0.2978712373395259 0.05872168977951393 0.04310514381548423
0 0.5390625 0.35625 0.040625 0.0375
0 0.6170174198309727 0.3201932596352556 0.03739220364722229 0.06501299480421992
0 0.2306071411456255 0.778760604419805 0.09040940729444458 0.13111859604505724