0 0.7372072529268662 0.3088358841986718 0.03020095222957302 0.030997442927905537
0 0.8408349974789846 0.35128455748187015 0.03165419158591121 0.029507717535011226
0 0.7210688006972932 0.337868412734719 0.03020095222957302 0.030997442927905537
0 0.8187743271803967 0.37533848758949395 0.03176345222957302 0.031070217535011223
0 0.7955332051564391 0.2817682700544827 0.030091691585911205 0.02943494292790554
0 0.7646109870874243 0.27562527791236563 0.03176345222957302 0.031070217535011223
0 0.8076290135705279 0.31054824151843546 0.030091691585911205 0.02943494292790554
0 0.797740561340955 0.3398718684829062 0.03020095222957302 0.030997442927905537
0 0.8398952103522191 0.3198890082676584 0.03165419158591121 0.029507717535011226
0 0.820718875455027 0.2578598891610705 0.030091691585911205 0.02943494292790554
0 0.7458831303987055 0.3641055810555187 0.03187271287323483 0.03263271753501122
0 0.7679438006972932 0.34005165094789475 0.03020095222957302 0.030997442927905537
0 0.8250021838691157 0.2862759875894939 0.030091691585911205 0.02943494292790554
0 0.7762697529268662 0.3106552493763182 0.030091691585911205 0.02943494292790554
0 0.7849456303987055 0.3659249462331651 0.03020095222957302 0.030997442927905537
0 0.7289783977507566 0.5358177994190995 0.054403276735205175 0.04302656203449331
0 0.50546875 0.68984375 0.0328125 0.0328125
0 0.7430744766958641 0.7825857915612167 0.0550916915859113 0.030599336641599174
0 0.6678116687859784 0.6035104135632887 0.05709123416055819 0.036922111248705036
0 0.8294597269479658 0.7129325711307212 0.05531021287323483 0.033724336641599
0 0.5892282108564223 0.7409333308506308 0.0502620799535138 0.05062073821317572
0 0.7055958920507733 0.646027553348041 0.0539662341605581 0.03677656203449331
0 0.5514004289254372 0.7438742402800903 0.03507412252816074 0.056142992142117085
0 0.7147088120972596 0.6950472502048878 0.05520095222957302 0.032161836641599176
0 0.6430087747183928 0.7340326674922301 0.04379355866619026 0.04720463978475227
0 0.5150801526944351 0.6355865512811263 0.04277736188449897 0.054944365177646406
0 0.6039027160522024 0.7776713515287954 0.05788890965492595 0.026057385855810723
0 0.5780828972465535 0.6761430847795723 0.03954310124083733 0.05323631596343468
0 0.7632555727409214 0.6957407630251693 0.039324579953513704 0.050111315963434676
0 0.6587323276845999 0.8006037373846062 0.033402361884498966 0.05450771753501123
0 0.6992480670409382 0.8040583771693586 0.055310212873234746 0.033724336641599
0 0.6865074024423335 0.7172475818840882 0.053638452229573017 0.03208906203449331
0 0.6138897212479826 0.814191048385642 0.04568384059717552 0.05196491439185813
0 0.5590158229930229 0.6125514656729845 0.05832595222957293 0.0323073858558109
0 0.7918833172930396 0.7346962551672865 0.05004355866619044 0.04749573821317572
0 0.6994008863507901 0.7570378279551468 0.0524037341605581 0.036703787427387446
0 0.7455874715000841 0.7466482915612167 0.04077781930985207 0.04862159057054054
0 0.6527222643268326 0.6623759913135476 0.05262225544788164 0.03982878742738745
0 0.6442870514535979 0.6933348928851242 0.04368429802252862 0.04564213978475227
0 0.5708931101197882 0.6444564371369372 0.04859031930985207 0.048985463606069854
0 0.6059129663043039 0.7040883023145836 0.03787134059717552 0.051601041356328814
0 0.614905190073302 0.5979110769216895 0.04546531930985207 0.04883991439185813
0 0.5386162056606423 0.7025214942090318 0.04546531930985207 0.04883991439185813
0 0.537622152190232 0.7839898180303493 0.055637994804219916 0.038411836641598994