0 0.4280608864777612 0.18570972694796578 0.0483423247398008 0.060981058666190434
0 0.3489133763009959 0.03245332299302284 0.06767217887824373 0.04365144703379294
0 0.49609375 0.18046875 0.0265625 0.0578125
0 0.50390625 0.1171875 0.0109375 0.05625
0 0.3268591553609538 0.33445286556766984 0.06372166327441162 0.057386165102807675
0 0.4871769369073025 0.12708884377614327 0.03608798620519007 0.06479447351689646
0 0.2183362471749249 0.47436730740568256 0.041266809135968606 0.07449725544788173
0 0.490625 0.23671875 0.0375 0.0515625
0 0.43020988466873894 0.23381944501698051 0.0545923247398008 0.06141810124083733
0 0.3312810617379604 0.2500778655676698 0.048506099050060314 0.06410605866619026
0 0.4789682892367232 0.19460412570712843 0.06059666327441171 0.057167643815484226
0 0.36126953414834057 0.12343895591274379 0.05311171189493056 0.06287134059717552
0 0.4049841553609538 0.328989833384583 0.03781426051544958 0.0680287341605581
0 0.2907866157855463 0.10190244552118362 0.07203213025772479 0.03772922896477802
0 0.30149174242522647 0.164981599728228 0.07203213025772488 0.03772922896477802
0 0.26665863975712156 0.3246515306704774 0.06232293758467104 0.06040190445914604
0 0.49375 0.4078125 0.03125 0.05
0 0.52109375 0.3578125 0.0234375 0.071875
0 0.7213461397571216 0.5016739445127774 0.06898237336031983 0.06865144703379293
0 0.6753386782008752 0.3398730670409381 0.06898237336031983 0.06865144703379285
0 0.6681326085494571 0.4773730670409382 0.07062676051544958 0.07032320767745474
0 0.52421875 0.5046875 0.0296875 0.071875
0 0.565642773632891 0.38334955145359784 0.07070864767057934 0.07188570767745457
0 0.03282811510817778 0.7920796952690821 0.042174211894930556 0.062106516091543364
0 0.134375 0.625 0.034375 0.0125
0 0.2662824242441464 0.7041433806508071 0.04653416327441153 0.056184298022528625
0 0.07293521596726045 0.6803009611085239 0.049659163274411534 0.05640281930985207
0 0.290625 0.6328125 0.0625 0.028125
0 0.12309899027751996 0.6736796205113483 0.047932888964152195 0.05316855866619026
0 0.2008145545018712 0.6760290883282616 0.05985967887824373 0.04310514381548423
0 0.3256640682966811 0.7295697155479994 0.034197937584671045 0.05843521287323483
0 0.35361200588135216 0.6715715452494115 0.05549972749876275 0.049027361884498966
0 0.8642020251032291 0.6730569076381137 0.07573034034363317 0.04888525025210164
0 0.66796875 0.625 0.0640625 0.0125
0 0.5599372489839471 0.7457067118648285 0.042665534825709096 0.07148151609154337
0 0.9165015094993969 0.6553888063972764 0.042419873360319826 0.06679401609154337