0 0.41247875725722327 0.4474237924004825 0.10075740514873247 0.12522572930778503
0 0.24136262045375517 0.39795497964646936 0.13238683674699833 0.1066328595655099
0 0.19884337855802445 0.1760866236990041 0.08549642619541978 0.13065685775648764
0 0.2723872943712749 0.1550172071452322 0.07768392619541978 0.13024742198083886
0 0.5344924522214304 0.20614369515944464 0.023058068401734032 0.021458920171816588
0 0.5927599785297896 0.21698601989924543 0.023058068401734032 0.021458920171816588
0 0.51328125 0.20859375 0.0078125 0.0203125
0 0.5237215521931955 0.2351760979184066 0.023149073663405774 0.023021420171816586
0 0.4796875 0.58125 0.03125 0.025
0 0.41898782053845984 0.586473004295413 0.03307010523343692 0.032887743102595124
0 0.739894041811026 0.8641686363621602 0.13460178413027996 0.0911716338757694