0 0.14481641793111164 0.17305050944901082 0.04484102773541672 0.04840278366526398
0 0.10182752450437552 0.07290666570961309 0.03866376291777769 0.051309528855940555
0 0.1828125 0.02578125 0.03125 0.0515625
0 0.1479388050895838 0.03845725463968748 0.04327852773541672 0.04834821996293322
0 0.17864459764263935 0.08117054429540112 0.029325130508958352 0.05254464664195542
0 0.115625 0.021875 0.021875 0.04375
0 0.14550478932201436 0.0682538820443491 0.04480466014423605 0.04684028366526398
0 0.1706515661075006 0.14087292650938626 0.029361498100139015 0.054107146641955414
0 0.12890625 0.00625 0.0421875 0.0125
0 0.1432889791015283 0.10742550944901082 0.03866376291777769 0.051309528855940555
0 0.12704964931375065 0.28313483757931196 0.029397865691319504 0.055669646641955416
0 0.16640625 0.01171875 0.0453125 0.0234375
0 0.03359375 0.015625 0.0390625 0.03125
0 0.06640625 0.00625 0.0234375 0.0125
0 0.08209559954250042 0.03137393013758336 0.05072735182361114 0.03299603847458741
0 0.15066898726965344 0.29012888204434917 0.030960365691319502 0.05572421034428636
0 0.059928352392292085 0.5949850515517953 0.09258884992375016 0.08753969473518967
0 0.2013222974901395 0.8918550731513417 0.10795927678548622 0.07714783175849824
0 0.10567856990722264 0.6793947678865313 0.09851154160312507 0.07369544954451293
0 0.16730836056041715 0.7741963471979588 0.09585932028847247 0.09389882213985139
0 0.0540446411456255 0.7453124337657805 0.10305357123840295 0.06760914065150558
0 0.17614176595500072 0.9521576560909661 0.10654224715020852 0.08334326805616729
0 0.0125 0.884375 0.025 0.10625
0 0.12282708947451422 0.5427479397562303 0.06958776101791671 0.10547123920022675
0 0.4975374551658337 0.5330505359426987 0.02874324905006951 0.02754464664195542
0 0.47578125 0.5453125 0.0140625 0.028125
0 0.5031692061157642 0.5062697811333752 0.02874324905006951 0.02754464664195542
0 0.4734375 0.51640625 0.009375 0.0265625