0 0.2955115463890471 0.286552523535655 0.05047484387822045 0.05084547970746058
0 0.23489238137001908 0.27767635551659176 0.05047484387822045 0.05084547970746058
0 0.23644956418354424 0.20108658197764145 0.05041117688202608 0.04928297970746058
0 0.3811545691264602 0.18015824756107274 0.05210101087441501 0.05243525324641087
0 0.4369482657801497 0.038843500807483625 0.04884867688202608 0.0492557061685102
0 0.4118262489742358 0.11814917126217886 0.05210101087441501 0.05243525324641087
0 0.3862453398495257 0.47733325648952646 0.05216467787060921 0.05399775324641087
0 0.31810283490660984 0.4995979943146619 0.05216467787060921 0.05399775324641069
0 0.980793835895193 0.3950116801906326 0.0325870069200823 0.03335797077900686
0 0.98984375 0.44296875 0.0203125 0.0328125
0 0.9287564920169725 0.4441389269442217 0.03102450692008212 0.0333306972400564
0 0.9616326590131669 0.44314917126217884 0.032587006920082116 0.03335797077900686
0 0.33894852859454994 0.8244422613607905 0.03421317391627658 0.03494774431795715
0 0.25776219559074437 0.8214615373353726 0.03577567391627658 0.034975017856907445
0 0.4215355355146322 0.7930479853862081 0.03408583992388792 0.03182274431795697
0 0.36879253749179847 0.7827456850618966 0.032523339923887916 0.031795470779006865
0 0.527422074069376 0.6119537183400795 0.032523339923887916 0.031795470779006865
0 0.4357784021302658 0.6353718530809598 0.032523339923887916 0.031795470779006865
0 0.46473107308079287 0.6155502767820659 0.032523339923887916 0.031795470779006865
0 0.3747533774156864 0.7515775056787476 0.0341495069200823 0.033385244317957155
0 0.2730927183281574 0.7138399521080252 0.03414950692008221 0.033385244317957155
0 0.296442693613578 0.8315183758091311 0.03577567391627658 0.034975017856907445
0 0.3374788704956041 0.7837627142828898 0.03258700692008221 0.03335797077900686
0 0.45703125 0.55546875 0.0328125 0.0109375
0 0.290625 0.5640625 0.034375 0.028125
0 0.4039315414461312 0.764595702918804 0.032587006920082116 0.03335797077900686
0 0.24241572129390693 0.6992319813290184 0.0341495069200823 0.033385244317956975
0 0.35497407110362644 0.6230161290555422 0.03408583992388792 0.031822744317957154
0 0.4302685483662135 0.7322195795420094 0.032587006920082116 0.03335797077900686
0 0.21148405627487885 0.6908740105500115 0.03414950692008221 0.033385244317957155
0 0.22066273809982087 0.6191081047058129 0.03577567391627658 0.034975017856907445
0 0.3356165760465423 0.5992240730491878 0.03414950692008221 0.033385244317957155
0 0.23357923216832183 0.647478566556366 0.03571200692008229 0.033412517856907444
0 0.3619642173395742 0.7200820438281945 0.0341495069200823 0.033385244317957155
0 0.3906622203053237 0.7065104675293006 0.032523339923887916 0.031795470779006865
0 0.5037697153624079 0.7319389358726754 0.032523339923887916 0.031795470779006865
0 0.385749227225406 0.6735888733734993 0.03414950692008212 0.033385244317957155
0 0.43524520844232556 0.7635786736978109 0.032523339923887916 0.031795470779006865
0 0.4708298813700191 0.7344911915547183 0.03414950692008212 0.033385244317956975
0 0.5953125 0.6359375 0.009375 0.034375
0 0.3093432361226545 0.6300376964259823 0.03414950692008221 0.033385244317957155
0 0.4070803991645162 0.6489434293798537 0.032523339923887916 0.031795470779006865
0 0.39609375 0.565625 0.0328125 0.03125
0 0.5626884120160975 0.5906787361969871 0.03408583992388792 0.03182274431795697
0 0.20194723019115549 0.6563080957773592 0.035775673916276673 0.034975017856907445
0 0.2561253942216003 0.669762669640621 0.03414950692008221 0.033385244317957155
0 0.2555762489742358 0.56811834902377 0.03414950692008221 0.033385244317957155
0 0.22890625 0.55703125 0.0359375 0.0140625
0 0.5829133873015181 0.7083026128201924 0.03414950692008212 0.033385244317956975
0 0.5475488902672676 0.6936128214243347 0.032523339923887916 0.031795470779006865
0 0.553960716350991 0.7281241891190863 0.03571200692008212 0.033412517856907444
0 0.57578125 0.5609375 0.0328125 0.021875
0 0.58515625 0.659375 0.0296875 0.034375
0 0.33272238631293494 0.7086263465881381 0.030960839923887828 0.031768197240056396
0 0.18217855825204515 0.6809808133099551 0.035775673916276673 0.034975017856907445
0 0.58359375 0.6109375 0.0328125 0.03125
0 0.49566805528629576 0.7005252946389734 0.032523339923887916 0.031795470779006865
0 0.19818024304273676 0.5952615016215578 0.03571200692008229 0.033412517856907444
0 0.4409168882901012 0.7011332207757116 0.032523339923887916 0.031795470779006865
0 0.28530355825204523 0.6827808668806775 0.03414950692008221 0.033385244317957155
0 0.5233765612177947 0.6728639448011291 0.032523339923887916 0.031795470779006865
0 0.2579080701150433 0.6260126696406211 0.03571200692008229 0.033412517856907444
0 0.36328125 0.56171875 0.0328125 0.0234375
0 0.4758702084423255 0.7642877857105196 0.032523339923887916 0.031795470779006865
0 0.48118906121779476 0.6721275592494701 0.032523339923887916 0.031795470779006865
0 0.49629940806176476 0.6082832475610728 0.03089717292769336 0.030205697240056395
0 0.37480641003893106 0.5967809115229462 0.032523339923887916 0.031795470779006865
0 0.6428322153624079 0.5987094245085898 0.046869682813525236 0.07732615909060954
0 0.60625 0.6328125 0.0125 0.071875
0 0.6078125 0.7328125 0.015625 0.06875
0 0.6140625 0.57890625 0.028125 0.0578125
0 0.6250770295831332 0.6890889626580367 0.04693334980971962 0.07888865909060953