0 0.41171875 0.42421875 0.0546875 0.0703125
0 0.3951333946199928 0.2636581319223672 0.06832487012586892 0.0569954346753633
0 0.4234375 0.315625 0.03125 0.053125
0 0.36300982408384985 0.39696152792809425 0.07386447510489073 0.04769316000954511
0 0.3236639041677624 0.4349524239338212 0.05989706348717298 0.06938634667409058
0 0.339879054787818 0.3393672039306395 0.059778664317009955 0.0678238466740904
0 0.31883100374819956 0.2473433359325486 0.05966026514684693 0.06626134667409059
0 0.2885300423402633 0.3634228692711847 0.0689168659766839 0.0648079346753633
0 0.1691898917202078 0.46020805728836567 0.0544758576783142 0.08025112133990878
0 0.26068846225635073 0.3262137706079118 0.0716866684661948 0.0601567973424542
0 0.051596882172438185 0.2911137066359105 0.0756637734452168 0.05083634134309047
0 0.30955478259200103 0.4757774186028211 0.060133861827499045 0.07251134667409076
0 0.10067299959901468 0.2577012226289108 0.05544636182749914 0.07245680267345414
0 0.14345434068058935 0.36823873329091106 0.07734467261537983 0.05241702267663584
0 0.034927755198092034 0.1536864319700923 0.057245660167825105 0.07559998400699967
0 0.21911442366428702 0.21097057861236612 0.07855197510489073 0.04774770401018138
0 0.23755769296031887 0.26861944661045706 0.07445647095570589 0.05550566000954511
0 0.0359375 0.228125 0.071875 0.065625
0 0.0453125 0.0171875 0.08125 0.034375
0 0.15055460042885166 0.2555569199554566 0.05833456348717307 0.06936816534054505
0 0.13883492781347187 0.20408532662318385 0.07734467261537983 0.05241702267663584
0 0.0265625 0.0859375 0.053125 0.065625
0 0.17451416391602473 0.32408874395291126 0.07180506763635792 0.06171929734245403
0 0.2083204788530903 0.295545573281366 0.07301237012586874 0.05704997867599957
0 0.0125 0.28984375 0.025 0.0765625
0 0.028125 0.4875 0.05625 0.078125
0 0.20604389337059298 0.07975694127945702 0.056890462657336015 0.07091248400699968
0 0.10546875 0.009375 0.0671875 0.01875
0 0.21083201744515404 0.41124329861554776 0.08361798340326061 0.03219542934436319
0 0.7975265340418936 0.48616838391154954 0.02533188672260849 0.025272720003181703
0 0.839663722004613 0.31990703723745895 0.02857528589277152 0.02687158267027261
0 0.8427206348717305 0.4840786252387316 0.02533188672260849 0.025272720003181703
0 0.8208456348717306 0.48433316390836784 0.02533188672260849 0.025272720003181703
0 0.872121024494124 0.3148377292330046 0.02857528589277152 0.026871582670272433
0 0.7708456348717305 0.4849149665818221 0.026894386722608486 0.025290901336727067
0 0.8156127605966768 0.4359138452419133 0.02689438672260831 0.025290901336727067
0 0.7863755464894482 0.46283997191282217 0.026894386722608486 0.025290901336727067
0 0.8213640078973844 0.34670589457354967 0.02857528589277152 0.026871582670272433
0 0.8823965962796667 0.3678900038988228 0.03013778589277134 0.026889764003817974
0 0.8765968821724381 0.39454341056655 0.03013778589277134 0.026889764003817974
0 0.8676022357015676 0.4822252239020045 0.026894386722608486 0.025290901336727244
0 0.8703002605966768 0.4352774985678227 0.02845688672260831 0.02530908267027261
0 0.8461523655756986 0.42617521857100443 0.026894386722608486 0.025290901336727244
0 0.8328468821724382 0.3950524879058225 0.02845688672260831 0.02530908267027261
0 0.7892870589370029 0.4393479279121859 0.026894386722608486 0.025290901336727244
0 0.8236387481491221 0.4592786199077315 0.02689438672260831 0.025290901336727244
0 0.8090308738740685 0.4109683892425496 0.026894386722608486 0.025290901336727244
0 0.8473112012586886 0.35891499323682263 0.026894386722608486 0.025290901336727067
0 0.8599529112167323 0.34000136123491365 0.02857528589277152 0.02687158267027261
0 0.1649722979393407 0.6148388239179129 0.047065176764564676 0.0442590773392725
0 0.0140625 0.58828125 0.028125 0.0171875
0 0.1902808738740684 0.6598967852482767 0.048746075934727705 0.045839758672817865
0 0.0109375 0.6234375 0.021875 0.04375
0 0.2779943614265138 0.6823343119032772 0.048746075934727705 0.045839758672817865
0 0.17988874814912217 0.7084979172501857 0.048746075934727705 0.045839758672817865
0 0.11199085312814398 0.6999047145926397 0.04694677759440165 0.042696577339272325
0 0.10491390416776243 0.7922558465945488 0.04862767676456468 0.044277258672817864
0 0.00546875 0.78671875 0.0109375 0.0453125
0 0.15538750084841454 0.7979240439210946 0.048746075934727705 0.045839758672817865
0 0.3561445174451542 0.7643104705601867 0.05030857593472789 0.04585794000636341
0 0.1138619290628717 0.7452353959261853 0.04862767676456468 0.044277258672817864
0 0.22437245395798094 0.6970331585773677 0.047065176764564676 0.0442590773392725
0 0.05029818176216407 0.8351160559357302 0.04886447510489074 0.04740225867281787
0 0.1363270796829273 0.6495774505888218 0.04694677759440165 0.0426965773392725
0 0.3225498448297742 0.7130934158975502 0.05030857593472789 0.04585794000636341
0 0.29345249544982976 0.6180354545671864 0.047065176764564676 0.044259077339272326
0 0.27853973570156754 0.7308081745703681 0.048746075934727705 0.045839758672817865
0 0.18957232408384989 0.7537376919160039 0.047065176764564676 0.0442590773392725
0 0.25806221495564313 0.7701433945735496 0.048746075934727705 0.045839758672817865
0 0.20538750084841456 0.7973422412476403 0.04862767676456468 0.044277258672817864
0 0.29838048425167496 0.8275377239020045 0.050426975104890734 0.047420440006363404
0 0.1051040809323271 0.8360422092616396 0.048746075934727705 0.045839758672817865
0 0.9125 0.58984375 0.078125 0.0203125
0 0.8109375 0.59453125 0.075 0.0296875
0 0.7095995589370029 0.7271591999522748 0.07490675684847722 0.08204997867599957
0 0.9640625 0.6515625 0.071875 0.071875
0 0.6198303543775439 0.9252523492998197 0.058903248550107534 0.09747498400699968
0 0.8143103697248837 0.7056103692711847 0.05206125269929238 0.08958975867281786
0 0.6796875 0.61796875 0.05625 0.0765625
0 0.96484375 0.59453125 0.0703125 0.0296875
0 0.6233068614265138 0.7234716732972745 0.07358105518880328 0.08515679734245403
0 0.97265625 0.78984375 0.0546875 0.0484375