0 0.140625 0.040625 0.090625 0.08125
0 0.20078125 0.01953125 0.0703125 0.0390625
0 0.05429656231081452 0.06427233960871045 0.10067992288667416 0.06558303207825791
0 0.03671875 0.01171875 0.0734375 0.0234375
0 0.18164150987449101 0.11679895743816751 0.0965932001845701 0.07465764342931003
0 0.13076132788851816 0.18230284392764712 0.09911742288667416 0.06548290252860856
0 0.23687162554447969 0.201956405001844 0.09759449568106326 0.09028264342931003
0 0.06620057526762455 0.31559500771502264 0.06734579117755643 0.1039050524363235
0 0.0401573118493892 0.2363475987080091 0.0669452729789592 0.09765505243632351
0 0.24022026373200234 0.3682427390550001 0.1046059592838688 0.07828329117755661
0 0.2658000570690272 0.3090284253599096 0.10753070018457009 0.07535855027685515
0 0.02265625 0.38203125 0.0453125 0.0703125
0 0.5431168352897738 0.2741875601513462 0.10520673658176474 0.08765829117755652
0 0.6203125 0.01484375 0.109375 0.0296875
0 0.56328125 0.45703125 0.0703125 0.1046875
0 0.5610262260981902 0.310385876005905 0.1048062183831675 0.08140829117755662
0 0.7230837399778507 0.2097479210409729 0.0709714389258032 0.11191781153562212
0 0.48984375 0.23203125 0.0421875 0.0953125
0 0.7070606169066064 0.33837356878921954 0.06618380937615384 0.11005492288667415
0 0.6919386597822059 0.45293671653746603 0.10626858883351815 0.07994592072720579
0 0.5125 0.20078125 0.0875 0.0921875
0 0.5523335441122172 0.373186264654853 0.09759449568106326 0.09028264342931003
0 0.652873764654853 0.3340656030269457 0.06764617982650449 0.10859255243632351
0 0.0953125 0.5359375 0.0875 0.053125
0 0.034375 0.65546875 0.06875 0.0984375
0 0.39765625 0.52890625 0.0671875 0.0390625
0 0.28887182141011325 0.5649360687892195 0.10011871838316751 0.08110790252860856
0 0.4089049167220363 0.6101508343669232 0.05973355027685514 0.10652940468807692
0 0.3659373642857127 0.6735915731081562 0.08120803207825791 0.1016812183831675
0 0.38252887724252266 0.9246138525655205 0.0631589389258032 0.11141716378737528
0 0.33479228409006795 0.9167803686046494 0.05700906847545255 0.11257914558877821
0 0.5310383374492421 0.5439340653931335 0.039903109191583706 0.039903109191583755
0 0.678125 0.5140625 0.034375 0.009375
0 0.9953125 0.5515625 0.009375 0.03125
0 0.7131523257290497 0.6645307603359163 0.0382404796419344 0.0382404796419344
0 0.8762716918604638 0.5716051758213349 0.03481509099298634 0.033352720542635696
0 0.8356466918604639 0.5742085441122173 0.03481509099298634 0.033352720542635696
0 0.7019959777962331 0.7414937785345137 0.0382404796419344 0.0382404796419344
0 0.7733469509597625 0.5750887260981902 0.03315246144333717 0.03169009099298634
0 0.8824425462716856 0.6210043985234389 0.0349152205426357 0.0349152205426357