0 0.4125 0.6609375 0.046875 0.0625
0 0.646875 0.4484375 0.040625 0.065625
0 0.64375 0.3703125 0.05625 0.0609375
0 0.5015625 0.4078125 0.05 0.0609375
0 0.63125 0.69375 0.0609375 0.0484375
0 0.7484375 0.640625 0.06875 0.0421875
0 0.4296875 0.503125 0.0625 0.046875
0 0.38125 0.4609375 0.06875 0.040625
0 0.5890625 0.409375 0.040625 0.0640625
0 0.425 0.5609375 0.0453125 0.059375
0 0.53125 0.29375 0.0671875 0.0453125
0 0.665625 0.6578125 0.0515625 0.0609375
0 0.715625 0.190625 0.0703125 0.0484375
0 0.74375 0.4796875 0.0421875 0.065625
0 0.7796875 0.434375 0.0734375 0.0421875
0 0.6546875 0.503125 0.0671875 0.0390625
0 0.7875 0.484375 0.0484375 0.065625
0 0.6828125 0.5578125 0.0546875 0.05625
0 0.7609375 0.15625 0.0453125 0.071875
0 0.3296875 0.41875 0.053125 0.059375
0 0.71875 0.4140625 0.0546875 0.059375
0 0.7359375 0.5828125 0.0421875 0.065625
0 0.575 0.628125 0.0640625 0.04375
0 0.340625 0.55 0.0625 0.0484375
0 0.371875 0.51875 0.05625 0.0546875
0 0.7859375 0.7796875 0.0625 0.0578125
0 0.7890625 0.5453125 0.065625 0.046875
0 0.5390625 0.478125 0.0390625 0.0625
0 0.5125 0.6578125 0.06875 0.040625
0 0.4953125 0.6234375 0.065625 0.040625
0 0.68125 0.7640625 0.0640625 0.05625
0 0.459375 0.4515625 0.0390625 0.0625
0 0.621875 0.5671875 0.059375 0.0546875
0 0.5859375 0.66875 0.0609375 0.046875
0 0.3734375 0.60625 0.04375 0.0640625
0 0.6953125 0.3796875 0.0578125 0.0609375
0 0.678125 0.2640625 0.0625 0.0546875
0 0.5796875 0.7234375 0.0453125 0.065625
0 0.6796875 0.8171875 0.071875 0.0328125
0 0.5828125 0.496875 0.0484375 0.059375
0 0.4453125 0.6953125 0.0328125 0.065625
0 0.3328125 0.175 0.0625 0.0609375
0 0.428125 0.61875 0.0609375 0.05
0 0.6828125 0.6171875 0.059375 0.05
0 0.5546875 0.6 0.0671875 0.0390625
0 0.571875 0.546875 0.0421875 0.059375
0 0.5125 0.7484375 0.059375 0.0546875
0 0.5078125 0.50625 0.046875 0.05625
0 0.4890625 0.5859375 0.0671875 0.028125
0 0.7890625 0.5828125 0.0671875 0.025
0 0.696875 0.4609375 0.05625 0.0546875
0 0.3265625 0.49375 0.05 0.0625
0 0.7875 0.378125 0.05 0.065625
0 0.715625 0.525 0.0671875 0.0421875
0 0.7640625 0.684375 0.065625 0.05625
0 0.7375 0.2921875 0.046875 0.0703125
0 0.5515625 0.8078125 0.0421875 0.06875