0 0.2983431848651348 0.1664532798674309 0.03590326674922295 0.034012901451278846
0 0.3669134024001461 0.1344195406672041 0.03590326674922295 0.034012901451278846
0 0.38311629115144114 0.18845227623923383 0.03746576674922295 0.03406746515360961
0 0.2960143974377473 0.21645327986743088 0.03590326674922295 0.034012901451278846
0 0.42301785318593443 0.13558024738329327 0.03590326674922295 0.034012901451278846
0 0.33907519272301767 0.19623005990449777 0.03590326674922295 0.034012901451278846
0 0.35757263565092307 0.16750485917885838 0.03590326674922295 0.034012901451278846
0 0.35458887675958295 0.23156735917885835 0.03746576674922295 0.0340674651536097
0 0.4166565372224996 0.17168143849028583 0.03590326674922295 0.034012901451278846
0 0.41825327047327665 0.20438481108562412 0.03746576674922295 0.0340674651536097
0 0.48984375 0.3984375 0.0203125 0.065625
0 0.6617420971900783 0.4484374337657805 0.05916098428423418 0.06446429328391083
0 0.5048371257261256 0.467956303998866 0.050004308105551856 0.06882441106992569
0 0.6766350430134679 0.5305951693378101 0.059233758891340214 0.06602679328391084
0 0.50390625 0.5734375 0.0484375 0.046875
0 0.7331804495474432 0.45530250345856105 0.06675516046291677 0.060049611795565026
0 0.8199570115819365 0.4007935635326948 0.05163958271265763 0.07044147477225664
0 0.6239809239068801 0.5558332715147284 0.06235875889134022 0.06613592068857255
0 0.5238739160489972 0.528129912166234 0.07235018899896399 0.046205366604888456
0 0.7795074859413733 0.4989235286863045 0.07129711124870504 0.05708830290255769
0 0.6019989160489972 0.5254017270496912 0.06668238585581072 0.058487111795565025
0 0.49609375 0.2421875 0.0328125 0.059375
0 0.6953125 0.5796875 0.071875 0.040625
0 0.5636043118296055 0.3114682018219478 0.06043238585581081 0.0582688569862416
0 0.74375 0.58515625 0.053125 0.0296875
0 0.5841607526905963 0.47298605517999237 0.057525709677128486 0.06284722958157989
0 0.5755520401179838 0.42336800109630834 0.06929796360606985 0.047658739200226743
0 0.5474955066195377 0.48986602033360194 0.05992296360606986 0.0473313569862416
0 0.82109375 0.58671875 0.0765625 0.0265625
0 0.8151282704732766 0.3370038820443491 0.07405823821317573 0.049384930307219396
0 0.54921875 0.5953125 0.0765625 0.009375
0 0.3703125 0.60859375 0.034375 0.0171875
0 0.31217012862160975 0.6790376477382638 0.04978598428423435 0.0641369110699257
0 0.28432761083892943 0.8079265395708959 0.05000430810555194 0.06882441106992569
0 0.4515625 0.659375 0.05625 0.05
0 0.3674398254784566 0.6646279181566838 0.04658820967712849 0.06246528366526398