0 0.3221575941453959 0.2625 0.1119833314853265 0.0984375
0 0.4621316048099139 0.1171875 0.1072048262236546 0.096875
0 0.3210515785015547 0.109375 0.11042083148532651 0.0984375
0 0.4644360994070677 0.2640625 0.10555132096198286 0.0953125
0 0.661766125715427 0.0734375 0.06817314732681172 0.04375
0 0.6109008467056447 0.1390625 0.052168715728545756 0.0640625
0 0.575 0.01953125 0.065625 0.0390625
0 0.6421875 0.0265625 0.053125 0.053125
0 0.6228702256871921 0.103125 0.0504242052052021 0.0609375
0 0.73515625 0.01484375 0.0640625 0.0296875
0 0.7039382151638485 0.1 0.050606215728545755 0.0640625
0 0.59588352048199 0.0421875 0.061179694681858444 0.0578125
0 0.7695632151638485 0.1 0.06670165258848364 0.0453125
0 0.540625 0.07734375 0.04375 0.0296875
0 0.03125 0.984375 0.0375 0.03125
0 0.9875 0.95 0.025 0.04375
0 0.7203851786144941 0.5953125 0.04795165258848364 0.0453125
0 0.9828125 0.984375 0.034375 0.03125
0 0.7973564732681178 0.6828125 0.044553636803468064 0.040625
0 0.8775144101280556 0.6640625 0.04629814732681172 0.04375
0 0.7251945049793231 0.54375 0.04795165258848364 0.0453125
0 0.8767247258283664 0.7578125 0.04629814732681172 0.04375
0 0.944595494314805 0.6890625 0.0447356473268119 0.04375
0 0.98984375 0.74921875 0.0203125 0.0421875
0 0.8861782366340588 0.4640625 0.04638915258848364 0.0453125
0 0.9380093782756758 0.9515625 0.04473564732681172 0.04375
0 0.9492507151638485 0.903125 0.04473564732681172 0.04375
0 0.9320521787556686 0.446875 0.04638915258848364 0.0453125
0 0.8367367626600695 0.76875 0.04629814732681172 0.04375
0 0.9298944994353027 0.8390625 0.0447356473268119 0.04375
0 0.978125 0.7125 0.04375 0.04375
0 0.9706860994070677 0.86875 0.0447356473268119 0.04375
0 0.8397259837914615 0.6859375 0.0462981473268119 0.04375
0 0.8413934415569123 0.821875 0.04629814732681172 0.04375
0 0.739104357511337 0.6484375 0.04795165258848364 0.0453125
0 0.9921875 0.43203125 0.015625 0.0453125
0 0.9483898102974647 0.4859375 0.04638915258848364 0.0453125
0 0.9796875 0.46484375 0.040625 0.0453125
0 0.8812903994635375 0.809375 0.0462981473268119 0.04375
0 0.8839478786991988 0.50625 0.04638915258848364 0.0453125
0 0.8899975415286775 0.8515625 0.04464464206513998 0.0421875
0 0.97890625 0.51328125 0.0421875 0.0453125
0 0.8947495998305908 0.4234375 0.04638915258848364 0.0453125
0 0.9237384207925736 0.51875 0.04629814732681172 0.04375
0 0.9643759152485532 0.8140625 0.04464464206513981 0.0421875
0 0.8877392785862593 0.625 0.04299113680346807 0.040625
0 0.8295921205949295 0.7265625 0.0462981473268119 0.04375
0 0.7918653364646497 0.6421875 0.04786064732681172 0.04375
0 0.98125 0.58203125 0.0375 0.0421875
0 0.9030450311465081 0.7 0.0462981473268119 0.04375
0 0.9135135523343699 0.5578125 0.04629814732681172 0.04375
0 0.990625 0.64140625 0.01875 0.0421875
0 0.9046662572572233 0.915625 0.0447356473268119 0.04375
0 0.7952927153050228 0.7546875 0.04620714206513989 0.0421875
0 0.9177137468750539 0.7640625 0.04299113680346807 0.040625
0 0.8692175207643388 0.5484375 0.04638915258848364 0.0453125