0 0.69453125 0.36484375 0.0234375 0.0078125
0 0.7361099623907631 0.21357862744539177 0.02251149749271768 0.022002265027114644
0 0.5958032111371219 0.2253342597625574 0.025727425705962936 0.025145445745273953
0 0.5713153396669363 0.3504978862259905 0.027335389812585476 0.026717036104353477
0 0.5678146034569899 0.23018538622599047 0.024119461599340218 0.023573855386194255
0 0.6916780007914228 0.19039565749962106 0.02255696159934022 0.023564765027114642
0 0.6466670291629527 0.2547308682720096 0.02255696159934022 0.023564765027114732
0 0.6569800550272002 0.3406229164766115 0.024119461599340218 0.023573855386194255
0 0.6362296343358022 0.27198200078556695 0.02572742570596276 0.025145445745273953
0 0.5747753087881239 0.3082831151487516 0.02568196159934022 0.023582945745273774
0 0.48597357007089503 0.2103455848981306 0.027335389812585653 0.026717036104353477
0 0.5128543188172537 0.22112854879377714 0.027335389812585653 0.026717036104353477
0 0.7755816393503672 0.22741386846840134 0.02255696159934022 0.023564765027114642
0 0.629422041699365 0.14543768150372616 0.024164925705962938 0.025136355386194253
0 0.7513257854311589 0.19942522385459557 0.020948997492717503 0.02199317466803503
0 0.6307979882550105 0.30014336222188537 0.02572742570596276 0.025145445745273953
0 0.7469852779093115 0.26508658529091406 0.024119461599340218 0.023573855386194255
0 0.4400412929530063 0.13560011495235988 0.02894335391920828 0.028288626463433175
0 0.6515698263391012 0.15468541647661152 0.024119461599340218 0.023573855386194255
0 0.47198997492717537 0.10572171741168793 0.028897889812585655 0.026726126463433086
0 0.05995926867160448 0.8058671631569618 0.10911423871722895 0.09905564441741391
0 0.32421875 0.94921875 0.0890625 0.1015625
0 0.0578125 0.95078125 0.10625 0.0984375
0 0.06028221443582708 0.6558398920797229 0.10911423871722885 0.09905564441741391
0 0.2004933404583591 0.8019240308397961 0.10442673871722903 0.09902837334017515
0 0.3265625 0.8046875 0.084375 0.096875
0 0.19842603826764577 0.9457103922761145 0.10608016693047428 0.10216246369925486
0 0.3265625 0.6609375 0.084375 0.09375
0 0.2044915525199178 0.5096638079671593 0.10438127461060631 0.09746587334017516
0 0.06363923198680435 0.5026694402843248 0.10755173871722894 0.09904655405833437
0 0.2025151785424498 0.6565751694034777 0.1027733105039836 0.09589428298109545
0 0.33046875 0.5140625 0.0765625 0.09375
0 0.7776515708623177 0.7684570249860637 0.04502299498543501 0.04400453005422929
0 0.4972941326199426 0.8544773799794745 0.04502299498543501 0.04400453005422929
0 0.7407426042484128 0.7889876936039746 0.04502299498543501 0.04400453005422929
0 0.9124812119285446 0.7833002541052166 0.04502299498543501 0.04400453005422929
0 0.38046875 0.6828125 0.0234375 0.04375
0 0.7343849556603385 0.8390331453993728 0.04502299498543501 0.04400453005422929
0 0.5589804757185982 0.665023994539051 0.04341503087881238 0.04243293969514959
0 0.4344638605166188 0.7360728136245 0.04502299498543501 0.04400453005422929
0 0.39255384217421874 0.5847284822424108 0.04502299498543509 0.04400453005422929
0 0.6729306301126601 0.8753342597625574 0.04502299498543501 0.04400453005422929
0 0.7607034147523961 0.8842001996540988 0.04346049498543501 0.04399543969514959
0 0.5357034147523962 0.8855092113615637 0.04663095909205772 0.04557612041330898
0 0.46332098324044557 0.599944416083828 0.04502299498543501 0.04400453005422946
0 0.592271663498755 0.8961194584346975 0.04663095909205772 0.04557612041330898
0 0.9424989840318684 0.9018957180008631 0.04663095909205772 0.04557612041330898
0 0.6097152277636623 0.9585285548439014 0.04511392319868044 0.047129530054229464
0 0.602747196093427 0.6116353741257421 0.04497753087881247 0.042442030054229286
0 0.9403167069139797 0.826895718000863 0.04502299498543501 0.04400453005422929
0 0.38359375 0.82265625 0.0296875 0.0453125
0 0.6645391200835303 0.9628978922761146 0.04667642319868044 0.04713862041330898
0 0.390625 0.7375 0.04375 0.04375
0 0.859459163498755 0.8945650070320829 0.04502299498543501 0.04400453005422929
0 0.7582891200835303 0.9623524707313376 0.04667642319868044 0.04713862041330898
0 0.4220788354437942 0.9549318979334555 0.04667642319868044 0.04713862041330898
0 0.8262542069139798 0.8275593142136752 0.04497753087881229 0.042442030054229286
0 0.8695662862225817 0.7585456938003663 0.04341503087881229 0.04243293969514959
0 0.8961862736861693 0.867784338414172 0.04502299498543501 0.04400453005422929
0 0.8040897018994148 0.8714456695998696 0.04502299498543501 0.04400453005422929
0 0.5089804757185983 0.6653148860295988 0.04497753087881238 0.042442030054229286
0 0.9765625 0.86171875 0.046875 0.0453125
0 0.4342412370013693 0.5672955425472612 0.04502299498543501 0.04400453005422929
0 0.4513999932695755 0.5124989582383057 0.04502299498543501 0.04400453005422929
0 0.8276468738444539 0.9291309045727548 0.04502299498543501 0.04400453005422946
0 0.4557431301126601 0.8765978196746242 0.04506845909205772 0.04556703005422928
0 0.4175204014245611 0.6908512172152962 0.04654003087881238 0.042451120413308986
0 0.40698738136630136 0.8659421208060923 0.04663095909205772 0.04557612041330898
0 0.8676688171013941 0.8007513745185255 0.04497753087881247 0.042442030054229286
0 0.9004311559769075 0.9599627480550923 0.04663095909205772 0.04557612041330898
0 0.4690447636570395 0.957784187161067 0.04667642319868044 0.04713862041330898
0 0.384375 0.91484375 0.03125 0.0453125