0 0.60625 0.6046875 0.0453125 0.0453125
0 0.528125 0.490625 0.04375 0.04375
0 0.64375 0.628125 0.0453125 0.0453125
0 0.64375 0.565625 0.04375 0.04375
0 0.553125 0.36875 0.04375 0.0453125
0 0.4875 0.684375 0.046875 0.046875
0 0.4578125 0.5203125 0.0453125 0.046875
0 0.496875 0.78125 0.046875 0.046875
0 0.5640625 0.63125 0.0453125 0.046875
0 0.490625 0.734375 0.046875 0.0484375
0 0.5203125 0.5328125 0.0453125 0.0453125
0 0.6765625 0.66875 0.046875 0.046875
0 0.6140625 0.7015625 0.04375 0.0453125
0 0.5609375 0.846875 0.046875 0.0484375
0 0.553125 0.803125 0.04375 0.0453125
0 0.6390625 0.740625 0.04375 0.04375
0 0.559375 0.4609375 0.04375 0.04375
0 0.5421875 0.753125 0.0453125 0.0453125
0 0.5171875 0.8296875 0.046875 0.05
0 0.60625 0.790625 0.0453125 0.046875
0 0.5859375 0.734375 0.04375 0.0453125
0 0.6015625 0.6546875 0.0453125 0.0453125
0 0.5640625 0.696875 0.0453125 0.0453125