0 0.434375 0.6921875 0.01875 0.01875
0 0.296875 0.6984375 0.01875 0.01875
0 0.5 0.690625 0.01875 0.01875
0 0.2953125 0.5109375 0.01875 0.0171875
0 0.378125 0.6578125 0.01875 0.01875
0 0.2875 0.5640625 0.01875 0.01875
0 0.34375 0.69375 0.0171875 0.01875
0 0.2859375 0.60625 0.01875 0.01875
0 0.3203125 0.6578125 0.01875 0.01875
0 0.2875 0.4890625 0.01875 0.01875
0 0.35625 0.671875 0.01875 0.01875
0 0.3125 0.5734375 0.01875 0.01875
0 0.3140625 0.5984375 0.01875 0.01875
0 0.41875 0.675 0.01875 0.01875
0 0.340625 0.653125 0.01875 0.01875
0 0.3234375 0.6375 0.0171875 0.01875
0 0.3 0.65625 0.01875 0.01875
0 0.4375 0.634375 0.01875 0.01875
0 0.2859375 0.625 0.01875 0.01875
0 0.3046875 0.6765625 0.01875 0.01875
0 0.3046875 0.615625 0.01875 0.01875
0 0.4453125 0.653125 0.0171875 0.01875
0 0.303125 0.6375 0.0171875 0.01875
0 0.284375 0.6453125 0.01875 0.01875
0 0.284375 0.6828125 0.01875 0.01875
0 0.4109375 0.6953125 0.0171875 0.01875
0 0.31875 0.690625 0.01875 0.01875
0 0.290625 0.584375 0.01875 0.01875