0 0.4875 0.6953125 0.01875 0.0203125
0 0.525 0.678125 0.01875 0.0203125
0 0.3421875 0.5734375 0.0203125 0.01875
0 0.44375 0.5671875 0.01875 0.01875
0 0.5828125 0.6171875 0.01875 0.01875
0 0.371875 0.6109375 0.01875 0.01875
0 0.390625 0.621875 0.01875 0.01875
0 0.471875 0.6125 0.01875 0.01875
0 0.515625 0.628125 0.01875 0.01875
0 0.421875 0.6515625 0.01875 0.01875
0 0.5109375 0.5921875 0.0171875 0.0171875
0 0.4421875 0.6328125 0.0171875 0.0171875
0 0.4359375 0.6140625 0.0171875 0.01875
0 0.4921875 0.59375 0.0140625 0.015625
0 0.41875 0.634375 0.0171875 0.01875