0 0.67421875 0.16875 0.0109375 0.034375
0 0.67734375 0.20625 0.0171875 0.03125
0 0.7241940616916926 0.20508539227611466 0.047393197240056396 0.02996021077238851
0 0.7049258644516361 0.2348819765850701 0.0428420649348082 0.03774543969514958
0 0.7313907272751239 0.06130812119887583 0.04270569724005639 0.029932939695149673
0 0.7702077654245707 0.07514336222188538 0.036646612012708954 0.04083407825883123
0 0.7428543327950109 0.12061039832623895 0.04580342370110611 0.028388620413308984
0 0.7618577029253946 0.1954922236582039 0.027353432629559825 0.04546703610435365
0 0.6734375 0.01796875 0.009375 0.0359375
0 0.8371031647759477 0.18099338642238222 0.0444045649348082 0.03775453005422928
0 0.6734375 0.0796875 0.009375 0.04375
0 0.787013435879266 0.09691836827200957 0.030451159090609536 0.0439227168225127
0 0.75859375 0.253125 0.0484375 0.0125
0 0.8440622767886564 0.14033202498606379 0.036646612012708954 0.04083407825883114
0 0.8539748392878327 0.01997407319066564 0.04429547077900686 0.031504530054229284
0 0.8421373125024715 0.07160020570422296 0.04276024431795715 0.033057939695149675
0 0.42100305763450285 0.7613535729942739 0.017487508928453722 0.01728749394987581
0 0.44899168993975114 0.7690024465308408 0.017487508928453722 0.01728749394987581
0 0.4899439724071552 0.7500160971947707 0.017487508928453722 0.01728749394987581
0 0.3744280665629566 0.7444387837666625 0.017487508928453722 0.01728749394987581
0 0.48974514935467217 0.6719001875538504 0.01746023538950343 0.01572499394987581
0 0.32974285795881436 0.7087649041799714 0.017487508928453722 0.01728749394987581
0 0.4490383287378211 0.6768240368899204 0.017487508928453722 0.01728749394987581
0 0.4055689724071552 0.75050697658507 0.017487508928453722 0.01728749394987581
0 0.44627579302400616 0.745583127249 0.017487508928453722 0.01728749394987581
0 0.3658167256535661 0.7007433259211402 0.017487508928453722 0.01728749394987581
0 0.48399398133560895 0.7328649586310891 0.01746023538950343 0.01572499394987581
0 0.4137360284135096 0.730149024789672 0.017487508928453722 0.01728749394987581
0 0.4078951314977647 0.7067478862259905 0.017487508928453722 0.01728749394987581
0 0.5341848961082614 0.7216365671405415 0.017460235389503254 0.01572499394987581
0 0.4341303490303606 0.7253433501216369 0.01592500892845372 0.017278403590796288
0 0.4313326314977647 0.7066115308397962 0.017487508928453722 0.01728749394987581
0 0.48478491396516876 0.6875524586310892 0.01746023538950343 0.01572499394987581
0 0.357676943186162 0.7195387777165383 0.017487508928453722 0.01728749394987581
0 0.48429399026406267 0.7156774586310892 0.017487508928453722 0.01728749394987581
0 0.44555877273146677 0.6971547176080797 0.017487508928453722 0.01728749394987581
0 0.7993189724071552 0.6844638200674076 0.07167617694751698 0.07853406615858276
0 0.97265625 0.546875 0.0546875 0.084375
0 0.8392621339333968 0.7232899707313376 0.07937958279171564 0.0723295179539809
0 0.98203125 0.59296875 0.0359375 0.0859375
0 0.9545598514659925 0.741367284159446 0.08384889448011279 0.059856789031219645
0 0.9246110730557783 0.5774956817001179 0.03746481818121907 0.08770907825883115
0 0.7820575600701348 0.7783047236582038 0.03905459172016936 0.08928066861791084
0 0.7240735105566021 0.6989626573032293 0.06227390340856651 0.07691702400410509
0 0.8260099318220762 0.5874433743221338 0.08538412094116268 0.05830337939029935
0 0.7404076225693109 0.6582467537124332 0.054597771103318316 0.08468407220870695
0 0.7783439991925164 0.6330285850945223 0.035929591720169365 0.08926248789975162
0 0.71015625 0.54375 0.0828125 0.040625
0 0.70703125 0.434375 0.0765625 0.06875
0 0.7230643896154396 0.7567751573032293 0.0896897913958579 0.03645565046753809
0 0.70234375 0.4703125 0.0671875 0.0625
0 0.8453951314977648 0.6404501996540988 0.07469208279171564 0.07230224687674217
0 0.6953125 0.5 0.053125 0.0625
0 0.69375 0.715625 0.05 0.05
0 0.7883111087695933 0.5095456332991242 0.08653751785690744 0.03487496974937905
0 0.7674997767886564 0.44873539832623893 0.0638091298696164 0.0753636143631848
0 0.678125 0.653125 0.01875 0.034375
0 0.7 0.584375 0.0625 0.05
0 0.7328018539016246 0.8254615247896719 0.059394365259119654 0.09096134328594588
0 0.8282190884770537 0.46088087432213387 0.08672843262955983 0.045812469749379046
0 0.9859375 0.70078125 0.028125 0.0859375