0 0.1515625 0.221875 0.053125 0.0859375
0 0.3609375 0.31875 0.084375 0.0578125
0 0.4328125 0.321875 0.084375 0.0609375
0 0.1078125 0.3203125 0.0890625 0.0546875
0 0.546875 0.3640625 0.0875 0.046875
0 0.2953125 0.403125 0.084375 0.0453125
0 0.540625 0.415625 0.0859375 0.0453125
0 0.1140625 0.3953125 0.0921875 0.0453125
0 0.4578125 0.403125 0.04375 0.084375
0 0.3640625 0.41875 0.0640625 0.078125
0 0.15 0.5140625 0.0453125 0.0890625
0 0.4171875 0.3984375 0.0484375 0.084375
0 0.121875 0.5984375 0.096875 0.046875
0 0.446875 0.74375 0.059375 0.0890625
0 0.56875 0.584375 0.0625 0.0796875
0 0.5328125 0.4640625 0.0875 0.0484375
0 0.2828125 0.5140625 0.06875 0.078125
0 0.19375 0.8515625 0.0578125 0.0953125
0 0.3125 0.6453125 0.0515625 0.090625
0 0.4125 0.46875 0.0765625 0.071875
0 0.2296875 0.6125 0.0875 0.0421875
0 0.5078125 0.5640625 0.08125 0.0625
0 0.2015625 0.340625 0.090625 0.0453125
0 0.5734375 0.678125 0.0515625 0.0859375
0 0.4703125 0.484375 0.0375 0.0859375