0 0.51875 0.425 0.0421875 0.0734375
0 0.575 0.6484375 0.0734375 0.0546875
0 0.553125 0.3609375 0.0734375 0.0421875
0 0.5484375 0.628125 0.075 0.0546875
0 0.4921875 0.4203125 0.0484375 0.075
0 0.6890625 0.2703125 0.05625 0.06875
0 0.6296875 0.3328125 0.06875 0.0609375
0 0.5453125 0.5953125 0.078125 0.0421875
0 0.5296875 0.3390625 0.0765625 0.0421875
0 0.615625 0.271875 0.0640625 0.0640625
0 0.6625 0.4125 0.0484375 0.0765625
0 0.590625 0.446875 0.053125 0.071875
0 0.6375 0.4234375 0.0515625 0.075
0 0.6671875 0.340625 0.05 0.0734375
0 0.546875 0.4875 0.0515625 0.071875
0 0.625 0.6703125 0.0359375 0.08125
0 0.503125 0.4875 0.0703125 0.0609375
0 0.5578125 0.709375 0.04375 0.0796875
0 0.6609375 0.4921875 0.0359375 0.0765625
0 0.578125 0.484375 0.0515625 0.0703125
0 0.6125 0.5890625 0.0359375 0.075
0 0.5734375 0.2984375 0.0578125 0.0703125
0 0.5984375 0.5390625 0.065625 0.065625
0 0.5875 0.7109375 0.040625 0.0796875
0 0.471875 0.3953125 0.0484375 0.075
0 0.6875 0.36875 0.0390625 0.075
0 0.646875 0.2796875 0.0640625 0.0640625
0 0.60625 0.7515625 0.0421875 0.08125
0 0.4953125 0.6328125 0.0328125 0.0828125
0 0.60625 0.378125 0.071875 0.04375
0 0.553125 0.415625 0.03125 0.0765625
0 0.6390625 0.5640625 0.0296875 0.0765625
0 0.525 0.234375 0.0765625 0.05
0 0.40625 0.153125 0.0796875 0.0375
0 0.6109375 0.43125 0.0546875 0.075