0 0.0953125 0.4859375 0.046875 0.0453125
0 0.5078125 0.475 0.04375 0.04375
0 0.0953125 0.4015625 0.046875 0.0453125
0 0.05625 0.3625 0.0484375 0.0453125
0 0.18125 0.5375 0.046875 0.04375
0 0.1296875 0.5484375 0.0453125 0.04375
0 0.5140625 0.59375 0.04375 0.04375
0 0.3828125 0.5453125 0.04375 0.0421875
0 0.1125 0.3359375 0.046875 0.0453125
0 0.4671875 0.4984375 0.04375 0.04375
0 0.175 0.4875 0.0453125 0.04375
0 0.2203125 0.478125 0.0453125 0.04375
0 0.259375 0.5890625 0.0453125 0.04375
0 0.4953125 0.634375 0.04375 0.04375
0 0.659375 0.7140625 0.04375 0.0453125
0 0.4484375 0.746875 0.04375 0.0453125
0 0.15 0.390625 0.0453125 0.04375
0 0.3984375 0.6734375 0.04375 0.04375
0 0.0515625 0.4109375 0.0453125 0.04375
0 0.471875 0.59375 0.04375 0.04375
0 0.4734375 0.55 0.0421875 0.04375
0 0.1859375 0.653125 0.046875 0.0453125
0 0.5578125 0.6453125 0.0421875 0.04375
0 0.28125 0.7140625 0.0453125 0.0453125
0 0.3890625 0.6265625 0.04375 0.0421875
0 0.425 0.5234375 0.04375 0.04375
0 0.6984375 0.6375 0.0453125 0.04375
0 0.5328125 0.6921875 0.04375 0.04375
0 0.490625 0.7140625 0.04375 0.0453125
0 0.5203125 0.540625 0.04375 0.0421875
0 0.64375 0.6359375 0.04375 0.04375
0 0.228125 0.3921875 0.0453125 0.04375
0 0.60625 0.6640625 0.04375 0.04375
0 0.584375 0.7015625 0.04375 0.04375
0 0.4328125 0.5703125 0.04375 0.04375
0 0.1953125 0.309375 0.0453125 0.04375
0 0.071875 0.609375 0.0484375 0.0453125
0 0.634375 0.5765625 0.0453125 0.04375
0 0.559375 0.7421875 0.04375 0.0453125
0 0.4328125 0.6171875 0.0421875 0.04375
0 0.459375 0.6609375 0.04375 0.0421875
0 0.3640625 0.771875 0.04375 0.046875
0 0.6390625 0.765625 0.04375 0.0453125