0 0.59140625 0.0375 0.0171875 0.025
0 0.5715476840202344 0.06173212234426702 0.024255955534962938 0.024665807326946343
0 0.89296875 0.59921875 0.0203125 0.0203125
0 0.8619246912766286 0.5758300011316537 0.019459328130301046 0.021295145861557074
0 0.8609375 0.60546875 0.01875 0.0078125
0 0.83984375 0.59921875 0.0203125 0.0203125
0 0.8650298439090338 0.5302718396662645 0.01940476442797028 0.019732645861557076
0 0.825 0.6046875 0.01875 0.009375
0 0.8497322261230188 0.540465711217562 0.01940476442797028 0.019732645861557076
0 0.784375 0.60390625 0.01875 0.0109375
0 0.76328125 0.60390625 0.0203125 0.0109375
0 0.7304365890997103 0.5310641350074231 0.01940476442797028 0.019732645861557076
0 0.72109375 0.6 0.0203125 0.01875
0 0.8211161528020412 0.5278771800098976 0.01940476442797028 0.019732645861557076
0 0.8140873920022681 0.5955560029406761 0.01940476442797028 0.019732645861557076
0 0.7229713186812903 0.5862429579382017 0.021021828130301134 0.021377033016686652
0 0.8175744905509891 0.5609353414752868 0.01940476442797028 0.019732645861557076
0 0.7530407645976063 0.5956246019907364 0.01940476442797028 0.019732645861557076
0 0.7863592068857252 0.518741197422752 0.01940476442797028 0.019732645861557076
0 0.8327084172300114 0.5460539699239894 0.017787700725639333 0.018088258706427142
0 0.7968998920022681 0.5964567616471033 0.01940476442797028 0.019732645861557076
0 0.7329812357416657 0.5591072478522934 0.019459328130301136 0.021295145861557074
0 0.769280834290387 0.5227669561291794 0.01940476442797028 0.019732645861557076
0 0.8087451275742978 0.5770516644060654 0.01940476442797028 0.019732645861557076
0 0.7483334172300115 0.5504758763009959 0.01940476442797028 0.019732645861557076
0 0.8170288535276807 0.5453103414752868 0.01940476442797028 0.019732645861557076
0 0.7931746912766287 0.5794330359573628 0.021021828130301134 0.021377033016686652
0 0.7401588186812903 0.5853421992317743 0.019459328130301136 0.021295145861557074
0 0.7634871912766286 0.5809888919048282 0.021021828130301134 0.021377033016686652
0 0.7749157645976064 0.5944781818189199 0.01940476442797028 0.019732645861557076
0 0.7473711179556509 0.5677452634561256 0.020967264427970277 0.01981453301668683
0 0.7982242898253498 0.5447304873368438 0.01940476442797028 0.019732645861557076
0 0.7956994905509892 0.5620817616471033 0.01940476442797028 0.019732645861557076
0 0.7853423439090338 0.5344480845778818 0.01940476442797028 0.019732645861557076
0 0.7698264713136955 0.5383919561291794 0.01940476442797028 0.019732645861557076
0 0.7828175446346732 0.5517993588881414 0.020967264427970277 0.01981453301668683
0 0.765739172039335 0.5558251175945687 0.01940476442797028 0.019732645861557076
0 0.7802927453603126 0.5691506331984009 0.020967264427970277 0.01981453301668683
0 0.3414286528020412 0.6792139507021124 0.04642362141421188 0.07885534034363317
0 0.590625 0.90703125 0.01875 0.0859375
0 0.57734375 0.63984375 0.0453125 0.0609375
0 0.578125 0.7328125 0.04375 0.071875
0 0.5729961444493388 0.900316587518558 0.04513393992586625 0.08658595318850323
0 0.6473314232204613 0.8066705653560049 0.04689484736759475 0.04768722749876275
0 0.61328125 0.7578125 0.0265625 0.046875
0 0.6654960914619631 0.6992741451841885 0.04684028366526398 0.04612472749876275
0 0.70078125 0.62109375 0.0453125 0.0234375
0 0.6930457165043721 0.860627725012372 0.04689484736759475 0.04768722749876275