0 0.1454232165564055 0.16495200040098537 0.09158620248167448 0.1095185551888033
0 0.2734375 0.20078125 0.090625 0.1296875
0 0.28671875 0.16328125 0.0640625 0.1171875
0 0.10234375 0.2875 0.1203125 0.084375
0 0.17205141853387698 0.20645241616788787 0.08744500569998319 0.1169758576783142
0 0.20289722694796578 0.23209103359446442 0.08599176634364483 0.11841995850815117
0 0.0078125 0.62734375 0.015625 0.0828125
0 0.3303452477310861 0.7663298593286993 0.019951867080279052 0.018608290041956365
0 0.36061190193813053 0.7780243759254389 0.01838936708027905 0.018489890871793334
0 0.32578125 0.834375 0.0140625 0.01875
0 0.3518489071339106 0.8144354726060911 0.01838936708027905 0.018489890871793334
0 0.3702711252029253 0.8177021825641347 0.016717606436617415 0.016808991701630305
0 0.321875 0.80703125 0.00625 0.0203125