0 0.2484772609694092 0.46119413358400846 0.051746038474587405 0.052328787427387446
0 0.14420642322046132 0.4331847576529951 0.04533234736759475 0.047350188998963996
0 0.21051592558271395 0.2704621257261256 0.048511911069925695 0.04905823821317572
0 0.19453125 0.021875 0.0484375 0.04375
0 0.06030264917384413 0.40579181182960555 0.045277783665263985 0.045787688998963995
0 0.9506746780297846 0.10326600951502182 0.08245040145127884 0.03815927956950453
0 0.8045090061600858 0.13041932258297245 0.07981647477225665 0.05207623035529281
0 0.85625 0.02421875 0.071875 0.0484375
0 0.7127977105139223 0.23798357361642974 0.061994057711881115 0.07776543507002245
0 0.9225149616950485 0.14839872705003324 0.07669147477225646 0.051930681141081084
0 0.96171875 0.025 0.0421875 0.05
0 0.8658284520764017 0.13851861290584405 0.033978185116542825 0.07958049214211708
0 0.7641766720393349 0.18550923697483057 0.06786211179556503 0.0671190334984459
0 0.7876290410064761 0.09520956865403107 0.0781994110699257 0.050440955748186946
0 0.8284028631463276 0.18721297808349052 0.0618849303072194 0.07464043507002245
0 0.5953125 0.0296875 0.059375 0.059375
0 0.7171875 0.01328125 0.05625 0.0265625
0 0.7219594341050525 0.36589024979511214 0.06673612141421188 0.07954625889134022
0 0.7031101972670784 0.1398371720448532 0.0603224303072194 0.07456766046291677
0 0.796875 0.01015625 0.046875 0.0203125
0 0.6125050446346731 0.18944337386409876 0.08552083774894799 0.03674232878371626
0 0.6611955157787326 0.14961458643671133 0.05423612141421188 0.07896406203449331
0 0.7483284388295579 0.045393659224571614 0.07798115626060227 0.04419095574818712
0 0.75625 0.0125 0.053125 0.025
0 0.65703125 0.02421875 0.0578125 0.0484375
0 0.6870834039831675 0.08424214350880596 0.07954365626060227 0.04426373035529281
0 0.4017609736759482 0.9065322506236818 0.04954862141421188 0.07874573821317572
0 0.492440537378279 0.9038738234115421 0.08417659255827133 0.04291955417661057
0 0.6144593811176768 0.8027608953708327 0.05659722958157989 0.057234611248705033
0 0.56484375 0.96328125 0.0109375 0.0578125
0 0.5671875 0.8125 0.015625 0.053125