0 0.04140625 0.46171875 0.0828125 0.0828125
0 0.3599237924004826 0.46005886045435984 0.10507035956550989 0.12713519262201595
0 0.3763809520568495 0.4164179447633153 0.09520403663473136 0.11770565046753809
0 0.07890625 0.5046875 0.1078125 0.05
0 0.22703604929788757 0.4280452702916719 0.08443031094499087 0.1207670179539809
0 0.29921875 0.4828125 0.0734375 0.09375
0 0.26328125 0.46953125 0.0734375 0.1203125
0 0.7113092299851537 0.25992146330647137 0.026228307326946344 0.023582945745273774
0 0.8428115355030776 0.2356941438282388 0.024583920171816587 0.022011355386194253
0 0.8220010685197645 0.25587937880112416 0.024583920171816587 0.022011355386194253
0 0.7847467299851536 0.2603487101832133 0.024665807326946343 0.023573855386194255
0 0.8806257960185272 0.30151913172799044 0.024665807326946166 0.023573855386194255
0 0.27638095205684954 0.819114656124879 0.04727114767057934 0.06744203005422929
0 0.40234375 0.99296875 0.0734375 0.0140625
0 0.45913149705932393 0.729580499214433 0.06116987336031983 0.06439884328594588
0 0.24814748869158093 0.9361021682251274 0.05335737336031983 0.0643533914905479
0 0.4022750667107421 0.8667077944921686 0.054919873360319824 0.06436248184962742
0 0.2 0.97421875 0.05 0.0515625
0 0.24964138964152055 0.8751919393023663 0.06816350180902227 0.04881929508134384
0 0.31602995024782726 0.7709225958200286 0.056482373360319825 0.06437157220870696
0 0.19256587403768838 0.8889180960164204 0.06076043758467105 0.056586343285945875
0 0.405174337402957 0.7730032462875668 0.04579053482570909 0.06899543969514968
0 0.5509515841235967 0.9019372882456528 0.07433161465389268 0.047293156517662284
0 0.3959298914505429 0.924465752337691 0.048833647670579336 0.06745112041330899
0 0.5175172071452322 0.740854342500379 0.06445864767057934 0.0675420240041051
0 0.357542420849185 0.8477032644379395 0.04579053482570909 0.06899543969514976
0 0.520622274987628 0.8299077521412993 0.06256859905006032 0.06128293364502539
0 0.4918067989592033 0.6079327581914236 0.06898237336031983 0.06444429508134393
0 0.14489193464399502 0.7839851563212707 0.057881099050060315 0.06125566256778665
0 0.253125 0.984375 0.065625 0.03125
0 0.51796875 0.98671875 0.0671875 0.0265625
0 0.19891104929788755 0.8311601381708981 0.07096095318850323 0.04258747579950324
0 0.31953125 0.990625 0.0703125 0.01875
0 0.1646798914505429 0.9231203791939077 0.06676477611928178 0.051935204722264317
0 0.32628577679665033 0.8771998668972675 0.05475609905006031 0.06123748184962743
0 0.60234375 0.85625 0.0140625 0.071875
0 0.5573432677515389 0.6364304629136879 0.05253185775648763 0.07840680113146821
0 0.3361233649925769 0.6476396319243822 0.07120661465389251 0.04727497579950315
0 0.6 0.734375 0.01875 0.075
0 0.46840467774659 0.8171077702916719 0.04595430913596861 0.07212043969514959
0 0.5732493080043148 0.8505202339909268 0.04924308344622812 0.07526362041330899
0 0.4824538896415206 0.8765464028052292 0.07408595318850324 0.04260565651766246
0 0.5137724886915809 0.9376475292686625 0.06108798620519025 0.06283634328594587
0 0.3136020703287867 0.9630373729473917 0.07186835594746528 0.03009656615858276
0 0.5444006117132165 0.7769372882456528 0.06141553482570892 0.06908634328594587
0 0.1474237924004826 0.862101065962191 0.05311171189493056 0.059665891490547726
0 0.6 0.9234375 0.01875 0.053125
0 0.59140625 0.796875 0.0359375 0.04375
0 0.5265625 0.540625 0.078125 0.021875
0 0.44872069877748916 0.9482032341873184 0.06413109905006031 0.06129202400410509
0 0.59921875 0.96875 0.0203125 0.034375
0 0.378125 0.98046875 0.071875 0.0390625
0 0.13046875 0.54609375 0.0671875 0.0328125
0 0.57265625 0.96484375 0.0453125 0.0703125
0 0.625 0.8859375 0.03125 0.046875
0 0.6768744335123411 0.9509191680287357 0.04464411465389269 0.047120439695149584
0 0.7949693362713032 0.9391100353187867 0.04464411465389251 0.047120439695149584
0 0.9875 0.978125 0.025 0.04375
0 0.90390625 0.9921875 0.0453125 0.015625