0 0.00390625 0.31171875 0.0078125 0.0328125
0 0.7568560804848979 0.3254692937444291 0.04526587842423861 0.041852530878812286
0 0.4569297033100591 0.1711094365265156 0.04850927759440164 0.04350595909205772
0 0.44681915227044067 0.2632060083132702 0.04682837842423861 0.041897994985435005
0 0.8198799892028305 0.15504914515635493 0.04358497925407558 0.04024456677218975
0 0.830697244801908 0.2602822144358271 0.045147479254075584 0.040290030878812465
0 0.5321916576690254 0.08717235721791354 0.04526587842423861 0.041852530878812376
0 0.666046439412612 0.05661634217421874 0.04202247925407558 0.04019910266556703
0 0.9055806908625044 0.1606746710206024 0.04358497925407558 0.04024456677218975
0 0.6865938925221784 0.15743469609342703 0.04682837842423861 0.041897994985435096
0 0.5511299892028305 0.14722931881725376 0.04526587842423861 0.041852530878812376
0 0.7378030402424489 0.06027019107886211 0.04202247925407558 0.04019910266556703
0 0.8017471410722858 0.06369671945039199 0.04045997925407576 0.04015363855894431
0 0.6693597709464171 0.11621866270733214 0.04358497925407558 0.04024456677218975
0 0.7416365900326676 0.15433843982522086 0.04358497925407558 0.04024456677218975
0 0.7307708676270692 0.11174176286561673 0.04202247925407558 0.04019910266556703
0 0.773573674265765 0.12551475785105182 0.04202247925407558 0.04019910266556703
0 0.8527176452214708 0.0730095349689405 0.04202247925407558 0.04019910266556703
0 0.3750662419021229 0.05284751834240007 0.04694677759440165 0.0434604949854351
0 0.8585406701165802 0.12015731960867657 0.04202247925407558 0.04019910266556703
0 0.5947149684569062 0.10934888558944351 0.04358497925407558 0.04024456677218975
0 0.6401225568391885 0.08874688057487852 0.04202247925407558 0.04019910266556703
0 0.7018888510303296 0.07958248073316314 0.04358497925407558 0.04024456677218975
0 0.7672770526900037 0.08461697321131574 0.041904080083912734 0.03863660266556703
0 0.9219412419021229 0.06875995566033848 0.04202247925407576 0.04019910266556703
0 0.3454253634778843 0.0926996285298145 0.04850927759440164 0.04350595909205772
0 0.8886784560093515 0.09441317352788481 0.04034158008391255 0.03859113855894432
0 0.8254680609883733 0.1019696092629776 0.04202247925407558 0.04019910266556703
0 0.616046439412612 0.05516149076229295 0.04358497925407558 0.04024456677218975
0 0.19765625 0.98515625 0.0328125 0.0296875
0 0.14146787882522388 0.9339517319868044 0.03193708423309758 0.030551318025830908
0 0.1171875 0.98984375 0.034375 0.0203125