0 0.20730656517662416 0.4631338681714802 0.06444429508134401 0.06748902837152997
0 0.3078125 0.3515625 0.04375 0.065625
0 0.20362705327276753 0.36791229638472556 0.0597204336450254 0.061102636051661816
0 0.31015625 0.484375 0.0390625 0.065625
0 0.3015625 0.0921875 0.05625 0.065625
0 0.8710599929679171 0.4481835034317193 0.0298602168225127 0.030551318025830908
0 0.8931622519449076 0.48660950593900176 0.0314408975406721 0.03372178213245362
0 0.99296875 0.50625 0.0140625 0.03125
0 0.9290815712267484 0.4824388314866801 0.0298602168225127 0.030551318025830908
0 0.9650645230221464 0.4892056570343584 0.0298602168225127 0.030551318025830908
0 0.9779008663080923 0.546654444181377 0.03143180718159222 0.03215928213245363
0 0.951202010921898 0.5239898339939625 0.0314318071815924 0.03215928213245363
0 0.996875 0.55625 0.00625 0.03125
0 0.14165325233769108 0.7144737446562306 0.020430674668035033 0.020903533386094963
0 0.1134555294650541 0.7027920985754389 0.020430674668035033 0.020903533386094787
0 0.13373166802873565 0.695951065189344 0.01885908430895533 0.019295569279472246
0 0.16022144515609876 0.6826781753767586 0.020421584308955333 0.019341033386094875
0 0.05565211982413372 0.7060367705204781 0.020430674668035033 0.020903533386094963
0 0.5974679568635637 0.7984348706787626 0.01885908430895533 0.019295569279472246
0 0.5476497640451561 0.8311397220906885 0.020430674668035033 0.020903533386094963
0 0.43637592075921017 0.7765551736608989 0.020430674668035033 0.020903533386094963
0 0.6462236194313503 0.8517129833734597 0.01886817466803503 0.020858069279472247
0 0.7027008784083407 0.8891387755350431 0.01886817466803503 0.020858069279472247
0 0.6648554447633153 0.8308549140939874 0.01885908430895533 0.019295569279472246
0 0.710340661585828 0.8592239550019297 0.01885908430895533 0.019295569279472246
0 0.7388020048717738 0.9162181010827213 0.020430674668035033 0.020903533386094963
0 0.6743395290722706 0.8493321294542513 0.01885908430895533 0.019295569279472246
0 0.7291997458947834 0.8774283857224574 0.01729658430895533 0.01925010517284953