0 0.4421875 0.1875 0.09375 0.05625
0 0.3083964920432708 0.24071382006740766 0.08542951734563572 0.09111587939029935
0 0.19446126137808886 0.25231491628021974 0.08076019867918127 0.09265110831306052
0 0.2575965133672712 0.17225471155795544 0.08228633601209019 0.08953519867214013
0 0.471875 0.225 0.034375 0.078125
0 0.4054351240451798 0.2542127178044714 0.09901930267345413 0.050572692622015934
0 0.34516923870145294 0.17799565144949686 0.10069089067472685 0.059956782981095455
0 0.43290669072245197 0.3321831817001179 0.09315111067790856 0.0833488311856975
0 0.471875 0.13125 0.034375 0.075
0 0.46875 0.0734375 0.040625 0.0625
0 0.12945223734881744 0.037053530643404484 0.10225339067472686 0.059965873340175155
0 0.2956044960216354 0.08140245258096498 0.09006247334499946 0.08645565046753818
0 0.2112498667249973 0.35222401268942355 0.08384883601209037 0.08954428903121965
0 0.4078125 0.39609375 0.096875 0.0453125
0 0.04989310136854384 0.1828387293155446 0.08077838001272672 0.09421360831306051
0 0.43021585335772616 0.10093318170011786 0.05432496801399935 0.10343407220870704
0 0.9118851187141797 0.26068088642238224 0.03951703333863606 0.039289758976990365
0 0.9675533160407254 0.21035363349551597 0.03951703333863606 0.039289758976990455
0 0.8962612133990879 0.395155880372258 0.0426602146721816 0.040870439695149585
0 0.9019828600413617 0.2154229285768599 0.03951703333863606 0.039289758976990455
0 0.7221680907065436 0.20553081987101596 0.03951703333863606 0.039289758976990455
0 0.52265625 0.403125 0.0453125 0.03125
0 0.9591782893857248 0.29634567564999365 0.04107953333863605 0.039298849336070064
0 0.8763294267186339 0.2937024646812134 0.04107953333863605 0.039298849336070064
0 0.7482771520528158 0.30069787412574206 0.04264203333863605 0.039307939695149674
0 0.7306533000477251 0.26329786807561784 0.04107953333863605 0.039298849336070064
0 0.7909362720400891 0.20669334407151277 0.03951703333863606 0.039289758976990455
0 0.7883930747135433 0.256711524789672 0.03951703333863606 0.039289758976990365
0 0.8029101080521794 0.29569221155795544 0.04107953333863605 0.039298849336070064
0 0.6169726080521795 0.29677396428842995 0.0426602146721816 0.040870439695149766
0 0.6571612560470887 0.2590376149523599 0.0426602146721816 0.040870439695149675
0 0.85191013470718 0.20946382006740766 0.03793635200509069 0.037718168617910844
0 0.8307078440483615 0.26740358509452233 0.039535214672181594 0.04085225897699045
0 0.8773101240451797 0.2436933743221338 0.03951703333863606 0.039289758976990455
0 0.8208964920432708 0.22995812724900003 0.03949885200509051 0.03772725897699045
0 0.5944248987109979 0.2390887293155446 0.04264203333863614 0.039307939695149674
0 0.5266203280553611 0.3207387051150478 0.0442227146721816 0.040879530054229285
0 0.7583601293761799 0.22719674161218473 0.03949885200509069 0.03772725897699045
0 0.9397010360439071 0.2339547599589491 0.03951703333863606 0.039289758976990455
0 0.700674898710998 0.2384705848981306 0.03951703333863614 0.039289758976990455
0 0.6737305907065436 0.20581262100248407 0.03949885200509069 0.03772725897699036
0 0.9642123294079965 0.5765058743221338 0.0426965773392725 0.04399543969514959
0 0.98828125 0.5203125 0.0234375 0.04375
0 0.98046875 0.61328125 0.0390625 0.0421875
0 0.9205532360757237 0.5845729043763631 0.044259077339272326 0.04400453005422946
0 0.869789620066815 0.5192387958669109 0.047420440006363404 0.04714771077238851
0 0.95234375 0.43984375 0.0453125 0.0421875
0 0.9859375 0.4328125 0.028125 0.028125
0 0.8873952907383604 0.555076301917035 0.044259077339272326 0.04400453005422929
0 0.9697725334181779 0.6514786032448949 0.04424089600572696 0.042442030054229286
0 0.9159919107256336 0.46115358509452237 0.0442590773392725 0.04400453005422929
0 0.8223339120782691 0.603895596998379 0.044259077339272326 0.04400453005422929
0 0.8569998134149962 0.6286956090986274 0.0442590773392725 0.04400453005422929
0 0.9540918947326332 0.5124979164766115 0.04267839600572696 0.04243293969514959
0 0.9875 0.46953125 0.025 0.0453125
0 0.8616156827657229 0.7568024283804682 0.044277258672817864 0.04556703005422946
0 0.9209725014321772 0.7548944947354427 0.0426965773392725 0.04399543969514959
0 0.8686100227561777 0.6864444765850701 0.04585794000636341 0.04713862041330898
0 0.7311463854232686 0.6903694281840764 0.04743862133990877 0.048710210772388504
0 0.7866884080999045 0.7634887656162899 0.045876121339908774 0.048701120413308985
0 0.7709532254137236 0.6198205788480063 0.0458215773392725 0.04401362041330899
0 0.9361611494270866 0.7173035911446466 0.044277258672817864 0.04556703005422928
0 0.7102884454169052 0.6436126028521115 0.0442590773392725 0.04400453005422929
0 0.6377054680935411 0.7174773497288536 0.04900112133990877 0.04871930113146803
0 0.7798373294079965 0.5775785366935287 0.04424089600572696 0.042442030054229286
0 0.97890625 0.72890625 0.0421875 0.0453125
0 0.9602168147676317 0.7702922357584523 0.0442590773392725 0.04400453005422929
0 0.9046031614417223 0.8253069886853185 0.04429544000636341 0.047129530054229464
0 0.8260588960852688 0.6554399162802198 0.044259077339272326 0.04400453005422929
0 0.7507669000636334 0.4964921631569618 0.0458215773392725 0.04401362041330899
0 0.7076736174410859 0.8217648739293504 0.04743862133990877 0.048710210772388504
0 0.8329794160566337 0.444447874125742 0.0426602146721816 0.040870439695149585
0 0.7407555533895429 0.4418592053114395 0.0442590773392725 0.04400453005422929
0 0.6909010040579064 0.4546500968019872 0.0473840773392725 0.04402271077238851
0 0.84280894939527 0.48345583197126435 0.04582157733927232 0.04401362041330899
0 0.8265690681094494 0.8335740066392994 0.04585794000636341 0.04713862041330898
0 0.7798566054264502 0.7135251270526084 0.047420440006363404 0.04714771077238851
0 0.855911122772086 0.8037137898167867 0.04271475867281786 0.04555793969514958
0 0.7620702161043589 0.7964467113615636 0.045876121339908774 0.048701120413308985
0 0.7036577320973592 0.7452205546475096 0.045839758672817865 0.04557612041330898
0 0.9513145294398132 0.81097177791293 0.044259077339272326 0.04400453005422946
0 0.7348520934118146 0.6059671571068377 0.04107953333863614 0.039298849336070064
0 0.8932111281030861 0.7863081211988758 0.044277258672817864 0.04556703005422928
0 0.9392690627784495 0.8501070007855669 0.04585794000636341 0.04713862041330898
0 0.6756225440801782 0.618812590751863 0.0442590773392725 0.04400453005422946
0 0.7451896094048149 0.5543410245932803 0.0442590773392725 0.04400453005422929
0 0.7094884667409056 0.5748626028521115 0.041097714672181596 0.040861349336070066