0 0.44832778371529936 0.46489352868217193 0.05727895407749273 0.09256703423772628
0 0.43756011678482504 0.36283038093392533 0.0648641335443795 0.08525518198597286
0 0.5131798939027137 0.4425364697674434 0.05723348997087019 0.09100453423772628
0 0.4081500984424249 0.20966580813953611 0.07561977711788863 0.07970608883351815
0 0.34774144734706824 0.27753562615356325 0.06183006175762475 0.08817992288667434
0 0.4069800550272002 0.2766530490402375 0.06334709765100204 0.08671755243632351
0 0.5009119114536909 0.2889108220191968 0.08596624373179385 0.060094495681063266
0 0.28425326035833426 0.34676768506829186 0.06808006175762475 0.08858044108527138
0 0.49140625 0.57109375 0.0890625 0.0578125
0 0.5528621710206023 0.5199395789590271 0.062011918184115444 0.09442992288667433
0 0.3608612244649569 0.3532365330011086 0.08017088479802048 0.07531897748246603
0 0.4751557420159342 0.20772137877445696 0.06178459765100204 0.08661742288667415
0 0.3658957169431096 0.4190617921004073 0.08610263605166182 0.06478199568106327
0 0.2680947144358271 0.4346286304725 0.06035848997087019 0.09120479333702498
0 0.56640625 0.4 0.0453125 0.0625
0 0.5640625 0.27421875 0.05 0.0765625
0 0.9160321092629775 0.29053387877445697 0.09869356426490725 0.0687080320782579
0 0.7891754072305488 0.48671036705426474 0.10356292069139794 0.07525842072720579
0 0.95703125 0.22890625 0.0859375 0.0765625
0 0.8231960884132951 0.15513899444444562 0.09869356426490725 0.0687080320782579
0 0.7190421343358022 0.05956807371723975 0.08696645407749282 0.09446949568106326
0 0.747947350487489 0.356182257862681 0.06701766693047428 0.10566781153562203
0 0.98984375 0.325 0.0203125 0.09375
0 0.7986387061225569 0.06154968074935514 0.07308581050398359 0.09981832973421945
0 0.8252539965682807 0.333063735345147 0.06536423871722885 0.10244268198597287
0 0.8607034147523962 0.4257914558877828 0.06407452335696498 0.1117175524363235
0 0.6416278396669364 0.13258646668512436 0.06848923871722885 0.10264294108527139
0 0.9148834832404455 0.14385913787375557 0.08990959765100222 0.08841975478036197
0 0.6526515708623177 0.2970494848837217 0.10351745658477532 0.0736959207272058
0 0.6520317937444291 0.22214961443337095 0.09767663354437942 0.08735790252860873
0 0.711849411453691 0.13396729641934382 0.07313127461060623 0.10138082973421944
0 0.7413670783841652 0.23723199876338227 0.07772784639736088 0.0985562183831675
0 0.96953125 0.0984375 0.0609375 0.1
0 0.5197073755603137 0.8736653562569231 0.04663095909205772 0.04821625693983034
0 0.4482415525199177 0.8831218969730543 0.048238923198680436 0.04987888648947951
0 0.54453125 0.98203125 0.0484375 0.0359375
0 0.41545779625171153 0.9356065468807693 0.04663095909205772 0.04821625693983016
0 0.5246964039318435 0.9379281153562216 0.048147994985435004 0.046753886489479514
0 0.4445830065974105 0.9717838787744568 0.04663095909205772 0.04821625693983034
0 0.4813555808914477 0.9491869879660406 0.04667642319868044 0.04977875693983016
0 0.4910200859060126 0.9061378948135859 0.04663095909205772 0.04821625693983034