0 0.89921875 0.49765625 0.0984375 0.0421875
0 0.9469366444768177 0.447373037476223 0.09500458279171564 0.07460284639736088
0 0.8082911558409034 0.377747196093427 0.09796594155801372 0.06531877461060631
0 0.705174064120734 0.28572952916295274 0.08592959172016937 0.09151756175762475
0 0.7848070170428333 0.2849231986007095 0.0719761858759707 0.09735838479802066
0 0.626850241068251 0.36153585972519603 0.06734323295387146 0.10034699247815268
0 0.9001786469124496 0.3632420783841653 0.08894549756436802 0.08535848997087
0 0.51796875 0.50390625 0.0703125 0.0296875
0 0.63515625 0.5046875 0.1015625 0.028125
0 0.6362173327884204 0.45082568025830944 0.09673072402541774 0.0840233105039836
0 0.6971081939903503 0.3604567445232167 0.07200345941492108 0.09892088479802048
0 0.7254434740221224 0.4627921343358022 0.07663641233702041 0.09593227711788863
0 0.9587081672049891 0.3165322144358271 0.06419095941492117 0.09869356426490725
0 0.5454559650936687 0.4403762620741939 0.07671823295387145 0.10061977711788864