0 0.2767642952183209 0.19782708947451422 0.05364021046687402 0.06366376291777787
0 0.292921374284573 0.32337260334222256 0.06817314732681172 0.04527743882958344
0 0.2344116532943553 0.3877247376509031 0.052168715728545756 0.0651898953265972
0 0.1167537164344175 0.3662108007211808 0.049407736775233246 0.07136716014423605
0 0.21374908475144694 0.25894512100965306 0.06577618942018652 0.057704703647222286
0 0.280299547919744 0.271446427430417 0.05364021046687402 0.06366376291777787
0 0.11036647951800997 0.28783122758291685 0.0684461631118273 0.04996493882958344
0 0.25056727431280784 0.3521145459715281 0.0504242052052021 0.062028527735416714
0 0.3749596005364625 0.2580034829012504 0.06366765785015538 0.04829333605604162
0 0.3385362531249461 0.2117817931217365 0.06237817363517095 0.05294446846486114
0 0.33199928483615154 0.350880660712917 0.050606215728545755 0.06515352773541672
0 0.23067897951800997 0.2906315321038197 0.061179694681858444 0.059158100873680654
0 0.20407024786327427 0.21021668028020857 0.0653211631118273 0.049892203647222286
0 0.08917328995664904 0.19502547853284735 0.04591871572854585 0.06504442496187508
0 0.17154617419986837 0.23136432845659752 0.05925317363517104 0.052871733282499986
0 0.40234375 0.178125 0.0140625 0.065625
0 0.04405821103157133 0.21744468597979177 0.07129814732681176 0.04535017401194459
0 0.39921875 0.11953125 0.0203125 0.0484375
0 0.38671875 0.3515625 0.0453125 0.046875
0 0.14058460053646246 0.25254834422416683 0.06099768415851479 0.05603310087368065
0 0.0140625 0.215625 0.028125 0.065625
0 0.043754374143398646 0.16893445079743064 0.05796368942018657 0.05752286569131933
0 0.20343175298377178 0.05999847473312521 0.0504242052052021 0.062028527735416714
0 0.13301429521832092 0.1944812710859029 0.05207771046687393 0.06362739532659738
0 0.01015625 0.3796875 0.0203125 0.06875
0 0.19586290571342974 0.16308710714194471 0.06973564732681173 0.04531380642076392
0 0.15827335849955743 0.3249324905006947 0.07047909997176509 0.031287674011944586
0 0.051687242460428065 0.05959581838861121 0.06090667889684287 0.05447060087368065
0 0.13359375 0.00625 0.0578125 0.0125
0 0.054934068825257046 0.11130378875333342 0.050606215728545845 0.06515352773541672
0 0.12756793202178898 0.15367443313000012 0.06670165258848364 0.04680357123840295
0 0.08515625 0.01171875 0.0703125 0.0234375
0 0.6712423373116957 0.13801829122187534 0.0910492052052021 0.06297408510611113
0 0.5667074847796818 0.24041463297750038 0.07945925782192056 0.07830814437666671
0 0.0046875 0.67109375 0.009375 0.0421875
0 0.029298490041353632 0.7399457735544449 0.04464464206513981 0.04316942496187508
0 0.05639161105980613 0.7045901550133339 0.0462981473268119 0.04476829255305557
0 0.04921875 0.59375 0.0453125 0.009375
0 0.0171875 0.60390625 0.034375 0.0296875
0 0.043573821667854416 0.7903458170574311 0.0462981473268119 0.04476829255305557
0 0.01171875 0.78046875 0.0234375 0.0453125
0 0.01953125 0.6390625 0.0390625 0.04375
0 0.08260550056469729 0.7380572716545839 0.0462071420651398 0.043205792553055566
0 0.11475014262983727 0.6965607558870144 0.04464464206513998 0.04316942496187508
0 0.18806581626500832 0.6466347974901395 0.04629814732681172 0.04476829255305557
0 0.16447858489262127 0.8635677243518757 0.04638915258848364 0.04633079255305574
0 0.06346211646265232 0.8518288309251394 0.04464464206513981 0.04316942496187508
0 0.23268109527479064 0.7133871928167368 0.04786064732681172 0.04480466014423605
0 0.2574682636482898 0.6638963390932646 0.0462981473268119 0.04476829255305557
0 0.10995768486438635 0.8325709910693757 0.0462981473268119 0.04476829255305557
0 0.1500043741433986 0.6285381077106256 0.04464464206513981 0.04316942496187508
0 0.21767772155491497 0.6754871493137506 0.0462981473268119 0.04476829255305557
0 0.2194082795744797 0.806955354860834 0.04786064732681172 0.04480466014423605
0 0.13621634797621374 0.784679004937084 0.04629814732681172 0.04476829255305557
0 0.2622930005646973 0.7422395446403479 0.0494231473268119 0.04484102773541672
0 0.03655100596754348 0.8840594494662504 0.0462981473268119 0.04476829255305557
0 0.24131410067763684 0.8606622363197228 0.04951415258848364 0.046403527735416714
0 0.165625 0.5984375 0.046875 0.01875
0 0.18501786902290113 0.7795564002636811 0.04629814732681172 0.04476829255305557
0 0.18469862158314987 0.7044472974901395 0.04786064732681172 0.04480466014423623
0 0.20546875 0.60859375 0.0453125 0.0390625
0 0.28603287940507044 0.630139588143334 0.04786064732681172 0.04480466014423605
0 0.027327195387730097 0.827518508736806 0.04308214206513998 0.043133057370694415
0 0.00625 0.84921875 0.0125 0.0390625
0 0.24613592149844532 0.6166940307726396 0.0462981473268119 0.04476829255305574
0 0.0875 0.6 0.04375 0.021875
0 0.1326223691640754 0.9269756077106255 0.0462981473268119 0.04476829255305557
0 0.68359375 0.9796875 0.0296875 0.040625
0 0.6868225637047596 0.9126195541396532 0.03241765785015538 0.04756598423243048
0 0.7070132373399305 0.8614570976426392 0.04989358418674961 0.026127395326597202
0 0.6519308951900861 0.8132364967689588 0.041519642065139806 0.04309668977951375
0 0.7655090058263692 0.9316618012898615 0.027821163111827297 0.049019381458888844
0 0.7063916110598061 0.89899346523382 0.03866765785015538 0.04771145459715278
0 0.6630056321064937 0.8917251726807643 0.0431731473268119 0.044695557370694416
0 0.6553149584713225 0.9431785699072227 0.03241765785015538 0.04756598423243048
0 0.6191954479479789 0.9454671153100698 0.04740562101845249 0.03699216014423605
0 0.6447862531249461 0.8553148939954169 0.04584312101845249 0.03695579255305557
0 0.671592405854604 0.9592036134102088 0.03407116311182747 0.04916485182361115
0 0.5795869163779478 0.953932925530556 0.029292657850155557 0.047493249050069505