0 0.659375 0.696875 0.028125 0.0296875
0 0.765625 0.734375 0.0296875 0.028125
0 0.6453125 0.7265625 0.028125 0.0296875
0 0.7453125 0.759375 0.0296875 0.0296875
0 0.715625 0.6671875 0.028125 0.028125
0 0.684375 0.6625 0.0296875 0.0296875
0 0.7296875 0.6953125 0.028125 0.028125
0 0.721875 0.725 0.028125 0.0296875
0 0.7625 0.703125 0.0296875 0.028125
0 0.7390625 0.6421875 0.028125 0.028125
0 0.671875 0.7515625 0.0296875 0.03125
0 0.6921875 0.7265625 0.028125 0.0296875
0 0.7453125 0.6703125 0.028125 0.028125
0 0.6984375 0.696875 0.028125 0.028125
0 0.7109375 0.7515625 0.028125 0.0296875