0 0.04921875 0.1765625 0.0984375 0.0875
0 0.1484375 0.30546875 0.065625 0.0890625
0 0.1918592053114395 0.19573274004105096 0.1112920240041051 0.06158291549465282
0 0.09148650058917518 0.2592134570599554 0.09117042154477702 0.09427724082661779
0 0.3296875 0.3234375 0.0625 0.053125
0 0.06437962080609232 0.08404983059652227 0.09276928298109546 0.10053633118569741
0 0.18983309699837897 0.2754111496819712 0.08027837334017515 0.10202610831306061
0 0.7604364884889268 0.07679184250037893 0.05814884328594587 0.05814884328594587
0 0.905767169207086 0.07451224589478338 0.05500566256778665 0.05500566256778665
0 0.6598183440715127 0.1824600595192834 0.05657725292686635 0.05657725292686635
0 0.8165319523845733 0.1036815954272452 0.05657725292686635 0.056577252926866176
0 0.6525330848981306 0.09178960772388534 0.0597295240041051 0.06128293364502539
0 0.7690842597625573 0.2018463846548567 0.05971134328594587 0.058157933645025396
0 0.9533865368899204 0.2154190470262515 0.056577252926866176 0.05657725292686635
0 0.9082103922761148 0.1917179266129426 0.05813975292686635 0.056586343285945875
0 0.12341723575845229 0.8588760720123153 0.04556703005422928 0.04401362041330899
0 0.06414222970832806 0.8413431383672897 0.047129530054229284 0.04402271077238851
0 0.31257972970832804 0.842788505460949 0.04243293969514968 0.04243293969514959
0 0.18560816354974524 0.9123646863755 0.04400453005422929 0.04400453005422929
0 0.14898992838046818 0.7605840177575891 0.04400453005422929 0.04400453005422929
0 0.09815361534514336 0.9040431262670413 0.0455761204133089 0.04557612041330898
0 0.21921152478967204 0.776618083916172 0.04400453005422929 0.04400453005422946
0 0.35820130191703503 0.789927125874258 0.04399543969514976 0.042442030054229286
0 0.1234375 0.98828125 0.046875 0.0234375
0 0.14184907319066564 0.9136726563212708 0.04400453005422929 0.04400453005422929
0 0.26257972970832805 0.8424976139704012 0.04399543969514967 0.042442030054229286
0 0.191277422330344 0.7436419574527389 0.04400453005422929 0.04400453005422929
0 0.2103455848981306 0.6890635417616943 0.04400453005422929 0.04400453005422929
0 0.1702467839630542 0.8669612827847037 0.04555793969514967 0.042451120413308986
0 0.9351809166730032 0.7691338786047325 0.01885908430895533 0.01885908430895533
0 0.9636786213952675 0.7052350050681655 0.01885908430895533 0.01885908430895533
0 0.9618797720591974 0.7458509147090859 0.01885908430895533 0.01885908430895533
0 0.9883695491865605 0.7585054508134395 0.01728749394987581 0.01728749394987581
0 0.9870706695998696 0.7131838604543598 0.01572499394987581 0.017278403590796288