0 0.3328125 0.5515625 0.0453125 0.04375
0 0.2375 0.534375 0.0484375 0.0453125
0 0.040625 0.4859375 0.0515625 0.046875
0 0.2515625 0.4453125 0.046875 0.0453125
0 0.371875 0.515625 0.046875 0.04375
0 0.375 0.6046875 0.046875 0.0453125
0 0.15625 0.2671875 0.0484375 0.046875
0 0.08125 0.5296875 0.0515625 0.046875
0 0.5078125 0.4421875 0.0453125 0.04375
0 0.5171875 0.5953125 0.0453125 0.0453125
0 0.203125 0.2765625 0.0484375 0.0453125
0 0.4890625 0.4859375 0.0453125 0.0453125
0 0.5078125 0.5328125 0.0453125 0.0453125
0 0.0828125 0.265625 0.05 0.0484375
0 0.4671875 0.5578125 0.0453125 0.04375
0 0.6125 0.59375 0.0453125 0.0453125
0 0.203125 0.4234375 0.0484375 0.04375
0 0.1875 0.5140625 0.0484375 0.04375
0 0.2953125 0.58125 0.046875 0.0453125
0 0.1890625 0.5609375 0.0484375 0.0453125
0 0.0296875 0.43125 0.053125 0.046875
0 0.4671875 0.425 0.0453125 0.0453125
0 0.359375 0.4703125 0.046875 0.04375
0 0.30625 0.6296875 0.0484375 0.046875
0 0.384375 0.25 0.0453125 0.0453125
0 0.2953125 0.253125 0.046875 0.046875
0 0.2625 0.296875 0.046875 0.0453125
0 0.4296875 0.39375 0.04375 0.04375
0 0.5640625 0.5171875 0.0453125 0.0453125
0 0.296875 0.2078125 0.0453125 0.0453125
0 0.6109375 0.5453125 0.0453125 0.04375
0 0.571875 0.56875 0.0453125 0.0453125
0 0.040625 0.2234375 0.0515625 0.0484375
0 0.56875 0.6265625 0.046875 0.0453125
0 0.340625 0.3015625 0.046875 0.0453125
0 0.025 0.5296875 0.0484375 0.046875
0 0.121875 0.296875 0.05 0.046875
0 0.1328125 0.56875 0.0515625 0.0453125
0 0.5625 0.453125 0.0453125 0.0453125
0 0.4109375 0.4359375 0.0453125 0.0453125
0 0.2359375 0.23125 0.046875 0.0453125
0 0.571875 0.675 0.046875 0.0453125
0 0.4703125 0.603125 0.046875 0.0453125