0 0.836978957341928 0.3060611859827166 0.0447356473268119 0.04399543969514959
0 0.984375 0.0296875 0.03125 0.04375
0 0.7666510467903492 0.3322055294650541 0.0447356473268119 0.04399543969514959
0 0.8964001889966635 0.22674639070498087 0.04464464206513981 0.04243293969514959
0 0.8066235994070677 0.3480577884420445 0.04142863680346807 0.04085225897699054
0 0.7207616941171611 0.3756737283335859 0.04473564732681172 0.04399543969514959
0 0.9019360994070678 0.3486123003459013 0.0462071420651398 0.042442030054229286
0 0.932200452080256 0.30505319788657326 0.04464464206513998 0.04243293969514959
0 0.9510876889966635 0.22706455327276753 0.04464464206513981 0.04243293969514959
0 0.984375 0.1171875 0.03125 0.04375
0 0.7946710890248985 0.19647710772388524 0.04464464206513998 0.04243293969514959
0 0.8875 0.0109375 0.046875 0.021875
0 0.7802893415851472 0.27136802341492994 0.0462071420651398 0.042442030054229286
0 0.8327325311465081 0.1795168667008758 0.04308214206513981 0.04242384933607006
0 0.98046875 0.253125 0.0390625 0.04375
0 0.7438814047252094 0.2898998547970191 0.04464464206513998 0.04243293969514959
0 0.9495714206513993 0.14739523399092674 0.04464464206513981 0.04243293969514959
0 0.9875 0.296875 0.025 0.04375
0 0.7056533626318345 0.2771816861791082 0.04299113680346807 0.040861349336070066
0 0.8338077256871921 0.38570323418731844 0.0462981473268119 0.04400453005422929
0 0.7454453627730089 0.12902598731057643 0.04620714206513998 0.042442030054229286
0 0.7909861049510883 0.05275437880112417 0.04464464206513981 0.04243293969514968
0 0.845459315276788 0.26393731849627383 0.04299113680346807 0.040861349336070066
0 0.918805810015116 0.2628020653730159 0.04629814732681172 0.04400453005422929
0 0.6875 0.43828125 0.015625 0.0453125
0 0.9033950996894164 0.05184638465485665 0.04299113680346807 0.040861349336070066
0 0.7225384837914615 0.1648180415653025 0.04464464206513981 0.04243293969514959
0 0.8670319364364147 0.15160094495970694 0.04464464206513998 0.04243293969514959
0 0.76953125 0.01875 0.0421875 0.0375
0 0.99296875 0.071875 0.0140625 0.040625
0 0.7386955628577134 0.03995439695149679 0.04142863680346807 0.04085225897699045
0 0.9055484048663838 0.1424532039366974 0.04299113680346807 0.040861349336070066
0 0.7695507207078689 0.08699302341492991 0.04464464206513981 0.04243293969514968
0 0.70078125 0.01875 0.0421875 0.0375
0 0.8471575941453959 0.34673163777811455 0.04133763154179633 0.03928975897699054
0 0.7699286942583354 0.22757257161953176 0.04464464206513981 0.04243293969514959
0 0.8491626259977757 0.059340722087070044 0.0462071420651398 0.042442030054229286
0 0.69765625 0.13046875 0.0359375 0.0421875
0 0.7284523677523321 0.4272634994108248 0.04795165258848364 0.04557612041330898
0 0.7269081943995097 0.07893508371978024 0.0447356473268119 0.04399543969514967
0 0.7627671835938173 0.37279416802873566 0.04299113680346807 0.040861349336070066
0 0.8901039573419279 0.3063702581914235 0.0462981473268119 0.04400453005422929
0 0.3442300152203182 0.9099123729473917 0.04464464206513998 0.04243293969514959
0 0.41079734698799336 0.7119293909013725 0.04142863680346807 0.04085225897699054
0 0.5056995942865703 0.7858941317279904 0.04133763154179633 0.03928975897699054
0 0.3652257837067568 0.8413078186926656 0.04133763154179633 0.03928975897699054
0 0.57421875 0.9828125 0.0453125 0.034375
0 0.25538034684681904 0.8594124031980128 0.044462631541796235 0.039307939695149584
0 0.5052893415851472 0.8593043606507516 0.03968412628012441 0.03771816861791066
0 0.3909846469032887 0.8008464451560988 0.04133763154179633 0.03928975897699054
0 0.5520733363234753 0.8580145714231401 0.04133763154179615 0.03928975897699054
0 0.6050765099586464 0.9098679629136879 0.04299113680346807 0.040861349336070066
0 0.5132376204537552 0.9421350413689108 0.033161110495108836 0.03299430718159222
0 0.5331105046969744 0.9078873063960253 0.04133763154179633 0.03928975897699054
0 0.7894375574548673 0.5761838302037388 0.10811487884037305 0.11309087334017516
0 0.71484375 0.5890625 0.0703125 0.084375