0 0.32109375 0.6109375 0.1359375 0.096875
0 0.136901904584035 0.5709502390417452 0.15599093671876343 0.13660108767505647
0 0.18046875 0.6421875 0.1203125 0.034375
0 0.4189107677805669 0.5170802605484791 0.13337248407381014 0.14957196856846872
0 0.3872365625753648 0.45745270347638467 0.14127598933548188 0.15149834160399783
0 0.07890625 0.4625 0.1578125 0.09375
0 0.58125 0.471875 0.05625 0.15625
0 0.5524513098739418 0.5233944189444812 0.09145799985882572 0.15229455417661059
0 0.460339404584035 0.5558858953708328 0.13410052616718496 0.1620719685684687
0 0.8515625 0.015625 0.040625 0.03125
0 0.9683368312029778 0.0927737733687608 0.03803062101845249 0.03761131596343468
0 0.8791679153897274 0.12199470058090052 0.03968412628012441 0.03924659057054054
0 0.7016476730704737 0.35587320264781513 0.04115562101845249 0.037756865177646405
0 0.8811546205949294 0.18300497518800637 0.03968412628012423 0.03924659057054054
0 0.969004689137838 0.050440724154549074 0.03803062101845249 0.03761131596343468
0 0.89609375 0.00546875 0.0390625 0.0109375
0 0.9403615625753649 0.31185341315351306 0.03793961575678075 0.03604881596343468
0 0.98359375 0.02109375 0.0328125 0.0390625
0 0.7203125 0.01484375 0.040625 0.0296875
0 0.765625 0.0171875 0.040625 0.034375
0 0.56015625 0.9859375 0.0390625 0.028125
0 0.3845078627730089 0.9024441799027361 0.06541216837349921 0.05291098428423426
0 0.5203125 0.9875 0.046875 0.025
0 0.58515625 0.903125 0.0484375 0.059375
0 0.59453125 0.98671875 0.0296875 0.0265625
0 0.586494567978211 0.9541393048002922 0.03994173151356133 0.07042381596343468
0 0.43671875 0.98984375 0.0640625 0.0203125
0 0.31835224175455645 0.8694904387940763 0.06375866311182729 0.05127570967712849
0 0.39491474175455643 0.8659244830458892 0.07120714206513981 0.045389582712657715
0 0.60390625 0.94375 0.0109375 0.0625
0 0.34423147326811776 0.9372215942945943 0.07111613680346807 0.04382708271265763
0 0.3696710890248984 0.9705049751880063 0.07102513154179615 0.04226458271265763
0 0.5462335890248984 0.9622814445850445 0.055202710466874014 0.06490156203449331
0 0.432474925913071 0.9190109416895604 0.046100726251889414 0.06915241439185812
0 0.5431394101280556 0.9091564445850444 0.06973564732681173 0.046879308105551944
0 0.4042435100998206 0.9453936592245716 0.06799113680346806 0.043681533498445904
0 0.5329607733245875 0.8688953176205738 0.06375866311182729 0.05127570967712849
0 0.4820044890531333 0.9355049288692788 0.06099768415851479 0.05738016046291676
0 0.5157270416698518 0.9496016621200557 0.050515210466874017 0.06468323821317572
0 0.4796875 0.97734375 0.040625 0.0453125
0 0.3046875 0.99140625 0.071875 0.0171875
0 0.3188828627730089 0.905500713401182 0.07057010523343692 0.03445208271265763
0 0.24140625 0.99296875 0.0640625 0.0140625
0 0.60234375 0.8828125 0.0140625 0.065625
0 0.3734375 0.9890625 0.06875 0.021875
0 0.4738433785580245 0.9029835272977023 0.06826415258848365 0.04836903349844599
0 0.22660435751133706 0.9082319152204278 0.04793624203690507 0.073912688998964
0 0.29310858902489845 0.9740709309361935 0.06826415258848365 0.0483690334984459
0 0.27815144695975846 0.9324656277930401 0.06909861049510883 0.03594180810555194
0 0.2689892785862593 0.8827567262214636 0.050515210466874017 0.06468323821317572
0 0.46292128910960295 0.8768576749403373 0.07111613680346807 0.043827082712657714
0 0.24100005745486733 0.9670974929706867 0.0684461631118273 0.051494033498445904
0 0.43203125 0.975 0.0671875 0.05
0 0.8671875 0.68828125 0.06875 0.0578125
0 0.8109375 0.67578125 0.071875 0.0328125
0 0.64765625 0.6890625 0.0734375 0.059375
0 0.8925596413592682 0.8917077713018461 0.07449874203690499 0.07514985731976367