0 0.534375 0.5515625 0.046875 0.059375
0 0.5875 0.515625 0.0359375 0.0640625
0 0.471875 0.559375 0.05625 0.05
0 0.4171875 0.4046875 0.0625 0.05
0 0.546875 0.5171875 0.04375 0.065625
0 0.3609375 0.5265625 0.0671875 0.040625
0 0.625 0.415625 0.0578125 0.0578125
0 0.640625 0.50625 0.065625 0.034375
0 0.58125 0.5671875 0.059375 0.0484375
0 0.615625 0.465625 0.0359375 0.06875
0 0.4640625 0.5125 0.0609375 0.0515625
0 0.353125 0.36875 0.0609375 0.0484375
0 0.6390625 0.7234375 0.0265625 0.0625
0 0.4296875 0.36875 0.06875 0.0421875
0 0.6546875 0.4578125 0.0484375 0.0609375
0 0.4984375 0.54375 0.0421875 0.0640625
0 0.375 0.4375 0.06875 0.040625
0 0.3984375 0.471875 0.06875 0.0390625
0 0.575 0.471875 0.0515625 0.0625
0 0.4640625 0.4234375 0.0421875 0.0671875
0 0.5140625 0.871875 0.0390625 0.05
0 0.4515625 0.8859375 0.05 0.046875
0 0.553125 0.6359375 0.0625 0.040625
0 0.575 0.41875 0.0671875 0.04375
0 0.5578125 0.9 0.0453125 0.046875
0 0.6015625 0.665625 0.046875 0.05625
0 0.434375 0.4484375 0.065625 0.040625
0 0.484375 0.83125 0.0421875 0.05625
0 0.35625 0.565625 0.053125 0.0515625
0 0.4390625 0.696875 0.034375 0.059375
0 0.5578125 0.85625 0.0484375 0.046875
0 0.5671875 0.378125 0.0609375 0.0484375
0 0.50625 0.6140625 0.04375 0.059375
0 0.3421875 0.6296875 0.0640625 0.0390625
0 0.5046875 0.909375 0.059375 0.03125
0 0.55 0.69375 0.0625 0.0359375
0 0.4796875 0.871875 0.0453125 0.0515625
0 0.3671875 0.778125 0.0625 0.034375
0 0.5125 0.4421875 0.0578125 0.0546875
0 0.51875 0.8296875 0.04375 0.05625
0 0.6359375 0.534375 0.0671875 0.0296875
0 0.609375 0.803125 0.0609375 0.0390625
0 0.4390625 0.8484375 0.0578125 0.0453125
0 0.30625 0.6734375 0.0421875 0.0609375
0 0.5453125 0.4578125 0.046875 0.0625
0 0.609375 0.903125 0.053125 0.0421875
0 0.46875 0.7296875 0.034375 0.0578125
0 0.5078125 0.49375 0.0375 0.0625
0 0.621875 0.859375 0.040625 0.0546875
0 0.39375 0.7171875 0.059375 0.0421875
0 0.4109375 0.6640625 0.0234375 0.0609375
0 0.4546875 0.790625 0.0359375 0.05625
0 0.634375 0.559375 0.065625 0.0296875
0 0.5640625 0.76875 0.0390625 0.0578125
0 0.584375 0.875 0.0359375 0.053125
0 0.3328125 0.5015625 0.06875 0.0375
0 0.4234375 0.5453125 0.053125 0.053125
0 0.565625 0.7203125 0.053125 0.0515625
0 0.3140625 0.7125 0.04375 0.0609375
0 0.3046875 0.575 0.0640625 0.0453125
0 0.5171875 0.6640625 0.059375 0.0375
0 0.3515625 0.4046875 0.06875 0.03125
0 0.5203125 0.784375 0.0359375 0.059375
0 0.26875 0.509375 0.0609375 0.053125
0 0.43125 0.6171875 0.05 0.0546875
0 0.628125 0.6234375 0.0625 0.0375
0 0.65625 0.396875 0.05 0.0625
0 0.6375 0.66875 0.0390625 0.059375
0 0.4890625 0.6890625 0.0640625 0.0328125
0 0.4015625 0.503125 0.065625 0.0421875
0 0.415625 0.825 0.0625 0.040625
0 0.371875 0.75 0.0640625 0.0375
0 0.390625 0.6171875 0.034375 0.065625
0 0.50625 0.409375 0.065625 0.0453125
0 0.259375 0.403125 0.04375 0.071875
0 0.253125 0.5703125 0.0265625 0.065625
0 0.59375 0.8265625 0.0625 0.0328125
0 0.321875 0.471875 0.065625 0.0453125
0 0.35625 0.66875 0.046875 0.059375
0 0.3796875 0.6796875 0.0359375 0.0609375
0 0.6296875 0.7703125 0.0375 0.0578125
0 0.3375 0.7296875 0.046875 0.0578125
0 0.309375 0.4296875 0.0671875 0.0328125
0 0.33125 0.88125 0.025 0.059375
0 0.5140625 0.71875 0.0640625 0.0328125
0 0.63125 0.59375 0.0640625 0.0359375
0 0.396875 0.5640625 0.053125 0.0546875
0 0.4734375 0.625 0.05 0.053125
0 0.303125 0.3796875 0.046875 0.0625
0 0.496875 0.3828125 0.06875 0.040625
0 0.3984375 0.8625 0.05 0.053125
0 0.2640625 0.8484375 0.0578125 0.05
0 0.265625 0.7453125 0.0578125 0.05
0 0.296875 0.540625 0.0625 0.0484375
0 0.45625 0.5859375 0.0640625 0.0328125
0 0.2578125 0.6390625 0.0546875 0.0578125
0 0.3859375 0.8046875 0.0625 0.034375
0 0.53125 0.596875 0.0515625 0.053125
0 0.3515625 0.821875 0.0484375 0.0578125
0 0.434375 0.746875 0.0546875 0.0484375
0 0.2703125 0.4625 0.065625 0.0484375
0 0.59375 0.759375 0.04375 0.0546875
0 0.2546875 0.684375 0.05 0.059375
0 0.2859375 0.6234375 0.0546875 0.0578125
0 0.5140625 0.7453125 0.0625 0.0296875
0 0.4578125 0.659375 0.0609375 0.0359375
0 0.409375 0.9015625 0.0625 0.03125
0 0.575 0.653125 0.05625 0.053125
0 0.4609375 0.4828125 0.0640625 0.0515625
0 0.2734375 0.79375 0.05625 0.053125
0 0.3078125 0.8234375 0.0625 0.0421875
0 0.6109375 0.7171875 0.034375 0.0625
0 0.5765625 0.5984375 0.0546875 0.0484375
0 0.3140625 0.7734375 0.0453125 0.059375
0 0.3671875 0.8796875 0.0328125 0.059375
0 0.4875 0.7828125 0.0359375 0.0625
0 0.4203125 0.7734375 0.046875 0.053125
0 0.55 0.8125 0.034375 0.059375
0 0.3296875 0.6 0.0625 0.034375