0 0.2694822400769872 0.10625718538205886 0.13931185079830274 0.09152377081949101
0 0.8101815414461312 0.07767829581026024 0.032523339923887916 0.033252590992986344
0 0.8949730355146321 0.10029617057954762 0.032523339923887916 0.033252590992986344
0 0.746875 0.01328125 0.03125 0.0265625
0 0.838850369507021 0.10077583436692308 0.03245967292769336 0.03169009099298634
0 0.8050775473776304 0.049953814008857476 0.03245967292769336 0.03169009099298634
0 0.8946838754385201 0.06914630012919698 0.03245967292769336 0.03169009099298634
0 0.7747188853243518 0.030081405001843996 0.03089717292769336 0.03158996144333699
0 0.8943947153624079 0.03799642967884616 0.03245967292769336 0.03169009099298634
0 0.8401237094309089 0.06952583436692308 0.03089717292769336 0.03158996144333699
0 0.8675483724727705 0.08491100247323535 0.03089717292769336 0.031589961443337165
0 0.8672592123966583 0.053761132022884614 0.03089717292769336 0.03158996144333699
0 0.88984375 0.01171875 0.0328125 0.0234375
0 0.8047247203053237 0.02036644355850683 0.03089717292769336 0.03158996144333699
0 0.8328125 0.0125 0.03125 0.025
0 0.7796875 0.0078125 0.03125 0.015625
0 0.8078125 0.00390625 0.03125 0.0078125
0 0.8637813853243518 0.024374020671832676 0.029334672927693362 0.031489831893687634
0 0.8625 0.00546875 0.03125 0.0109375
0 0.8366458823586023 0.04013872301587114 0.03089717292769336 0.03158996144333699
0 0.66875 0.98046875 0.06875 0.0390625
0 0.6397072153624078 0.6967472732927262 0.06667284684397004 0.06816781153562204
0 0.6973233971873498 0.621367739055 0.06654551285158128 0.06504281153562204
0 0.70859375 0.47421875 0.0671875 0.0703125
0 0.6883702084423257 0.726355627703948 0.06667284684397004 0.06816781153562204
0 0.6719520295831332 0.7850692936507919 0.06667284684397004 0.06816781153562204
0 0.6694690167315519 0.8460067936507919 0.06673651384016459 0.06973031153562204