0 0.3949487535477069 0.15380902929596676 0.04562107593472771 0.04654003087881229
0 0.32861335852672874 0.14634352177411944 0.04730197510489074 0.048147994985435004
0 0.88671875 0.02109375 0.0640625 0.0421875
0 0.8719523132866804 0.0416847655059132 0.06605197510489055 0.04869356426490725
0 0.82421875 0.00703125 0.0671875 0.0140625
0 0.97734375 0.121875 0.0453125 0.040625
0 0.90320415851744 0.14412780390657298 0.06195647095570571 0.05636967194503928
0 0.41984997470390545 0.9065656194251215 0.025213487552445457 0.024119461599340218
0 0.43336894565961115 0.9609803347853854 0.025213487552445457 0.024119461599340218
0 0.58359375 0.91640625 0.0109375 0.0234375
0 0.5465793406805893 0.9670819191085525 0.023650987552445456 0.024073997492717502
0 0.5828125 0.93984375 0.0125 0.0234375
0 0.38959563487173055 0.9826112938774431 0.02533188672260849 0.025681961599340043
0 0.4780894498087962 0.9518493756933276 0.023650987552445456 0.024073997492717502
0 0.5243491431701003 0.9630309166012697 0.025213487552445457 0.024119461599340218
0 0.4715075630861877 0.9269857680131957 0.025213487552445457 0.024119461599340218
0 0.515625 0.9875 0.025 0.025
0 0.49375 0.99140625 0.025 0.0171875
0 0.5619890078973844 0.8397919934025895 0.025213487552445457 0.02411946159934004
0 0.5330119029183626 0.8500308114284204 0.023532588382282428 0.022511497492717504
0 0.5565929581071659 0.9339057062555709 0.023650987552445456 0.02407399749271768
0 0.5097179581071659 0.9352696294542513 0.023650987552445456 0.024073997492717502
0 0.578125 0.87421875 0.021875 0.0234375
0 0.4494908531281441 0.9464177296125358 0.023650987552445456 0.02407399749271768
0 0.4910145796829273 0.8950992705204781 0.025213487552445457 0.024119461599340218
0 0.452567386321623 0.8836904090794224 0.025213487552445457 0.024119461599340218
0 0.5105933738740684 0.905491201241006 0.023532588382282428 0.022511497492717504
0 0.5307623186852652 0.8203433114284204 0.025213487552445457 0.024119461599340218
0 0.4794133062377105 0.8453265910535915 0.023532588382282428 0.022511497492717504
0 0.5670801722143946 0.9069794934025894 0.023532588382282428 0.02251149749271768
0 0.49560699130064484 0.8730424140939874 0.023532588382282428 0.022511497492717504
0 0.5249159830022752 0.8878490601747793 0.02365098755244528 0.024073997492717502
0 0.4685708946199929 0.8675653039065729 0.023532588382282428 0.022511497492717504
0 0.5343627605966768 0.9298547037482884 0.02365098755244528 0.024073997492717502
0 0.46849911702559127 0.8252868756933276 0.023532588382282428 0.022511497492717504
0 0.4233050161957542 0.8281678347853854 0.02521348755244528 0.024119461599340218
0 0.5606166846619491 0.8836783857224575 0.023650987552445456 0.02407399749271768
0 0.5636465962796668 0.8616669934025895 0.023532588382282428 0.02251149749271768
0 0.46359997470390546 0.9052926244396865 0.025213487552445457 0.024119461599340218
0 0.5461756763635794 0.8997580267886842 0.023532588382282428 0.022511497492717504