0 0.05011078995664899 0.08244386060977238 0.0937037683452644 0.08331651878308044
0 0.0328125 0.28359375 0.065625 0.1046875
0 0.08110464277101163 0.2729123517125238 0.06087585779368574 0.10847834486680377
0 0.1285396268448217 0.127570676807664 0.058949336746998426 0.1021646778706092
0 0.37265625 0.44140625 0.0796875 0.0953125
0 0.2796875 0.9796875 0.040625 0.040625
0 0.7541627111727457 0.8869695345260491 0.036468121018452496 0.037338173916276675
0 0.6135839428274814 0.972196063194961 0.036468121018452496 0.037338173916276675
0 0.7948478953312603 0.8307540266173836 0.033161110495108836 0.03408583992388792
0 0.7678905531814159 0.785088699545077 0.03307010523343692 0.032523339923887916
0 0.6000660163497129 0.8028385681378769 0.03472361049510884 0.0341495069200823
0 0.5689994849208562 0.9615424060845985 0.036468121018452496 0.037338173916276675
0 0.7322260689664313 0.7818655404575481 0.03307010523343692 0.032523339923887916
0 0.7512182636482898 0.723416370495604 0.03472361049510866 0.03414950692008212
0 0.7423599321629634 0.8219812044879931 0.033161110495108836 0.03408583992388792
0 0.6625197846949773 0.7207953892786845 0.03307010523343692 0.032523339923887916
0 0.6311941899848839 0.7501300622063779 0.03472361049510884 0.03414950692008212
0 0.6992455109468667 0.6522708823586022 0.03472361049510866 0.03414950692008212
0 0.7191198532378855 0.8463100424347145 0.033161110495108836 0.03408583992388792
0 0.5423137005082277 0.7506340809894582 0.03472361049510884 0.03414950692008212