0 0.18070744703074149 0.04944795402847193 0.146972036286574 0.057996950797430634
0 0.1757082972662972 0.12441158643729136 0.13677683006601846 0.048403745250347366
0 0.16615834853861214 0.1979218216196525 0.13990183006601847 0.04847648043270851
0 0.15918659566389004 0.2776093216196525 0.1400385311027777 0.05003898043270851
0 0.15262494589944575 0.3526093216196525 0.14031193317629623 0.053163980432708514
0 0.5118030392077788 0.6679030940367356 0.04587842799249984 0.04316942496187508
0 0.5789140438259273 0.8097983468865273 0.044179226955740704 0.041570557370694414
0 0.2815290703105565 0.6264832327138192 0.04914012902925915 0.04480466014423605
0 0.35412865730379756 0.794759147607708 0.04757762902925915 0.04476829255305557
0 0.4313937863330567 0.7492998708222218 0.04744092799249984 0.043205792553055566
0 0.4413361313848162 0.8317123273192356 0.04601512902925915 0.04473192496187508
0 0.659375 0.51875 0.046875 0.01875
0 0.6219217500464828 0.7994414219246522 0.04757762902925933 0.04476829255305557
0 0.31922455994296395 0.6411990429343052 0.04757762902925915 0.04476829255305557
0 0.5109375 0.52734375 0.04375 0.0359375
0 0.6163920858619454 0.5952994357923606 0.04587842799249984 0.04316942496187508
0 0.5440673180014823 0.5486439477602078 0.04601512902925915 0.04473192496187508
0 0.3791095334583347 0.8300420309664579 0.04601512902925915 0.04473192496187508
0 0.5954343283690748 0.53185518484243 0.04757762902925915 0.04476829255305557
0 0.4715513116863903 0.860636107904444 0.04601512902925915 0.04473192496187508
0 0.3015625 0.5234375 0.05 0.028125
0 0.39676450810500113 0.7173601930105551 0.04601512902925915 0.04473192496187508
0 0.38252422525879715 0.5414886772429857 0.04601512902925915 0.04473192496187508
0 0.31287752365639 0.6959229105254858 0.04757762902925915 0.04476829255305557
0 0.48838466305324174 0.6325838430868052 0.04587842799249984 0.04316942496187508
0 0.6050841475018529 0.6532574061570828 0.04757762902925915 0.04476829255305557
0 0.39921875 0.515625 0.0453125 0.0125
0 0.3543227298769455 0.6856023531547913 0.04757762902925915 0.04476829255305574
0 0.340258812817686 0.5611842346136802 0.04757762902925915 0.04476829255305557
0 0.5840676014133341 0.5726620227983328 0.04601512902925915 0.04473192496187508
0 0.5837779096128718 0.8611426413394438 0.04615183006601846 0.04629442496187508
0 0.5365310541935198 0.7951916394395828 0.04587842799249984 0.04316942496187508
0 0.47291548793546384 0.5955202541809718 0.046015129029259326 0.04473192496187508
0 0.360396364090001 0.6340034855636107 0.04757762902925915 0.04476829255305557
0 0.3537568018844456 0.7277171179724302 0.04744092799249992 0.043205792553055566
0 0.6606315184725936 0.6956254376922215 0.04744092799249984 0.04320579255305575
0 0.32121628689870463 0.6006104105254858 0.04757762902925915 0.04476829255305557
0 0.5056720334583347 0.8270962560808328 0.04601512902925915 0.04473192496187508
0 0.6334032200750008 0.5434459950629161 0.044179226955740704 0.041570557370694414
0 0.4441261065971305 0.568122606004583 0.04587842799249984 0.04316942496187508
0 0.6081121112152789 0.70776306820118 0.04404252591898139 0.04000805737069442
0 0.3996926014133342 0.5769533985576385 0.04587842799250001 0.04316942496187508
0 0.6828125 0.53046875 0.034375 0.0421875
0 0.5092453842595382 0.750606491263194 0.04587842799249984 0.04316942496187508
0 0.4003980645611124 0.7827669874634718 0.04601512902925915 0.04473192496187508
0 0.29861811696472307 0.5559161595755553 0.045741726955740705 0.04160692496187508
0 0.4361783226196307 0.6946123708222218 0.04587842799249984 0.04316942496187508
0 0.5152042753998163 0.9141962125778467 0.04615183006601846 0.04629442496187508
0 0.4454385795468534 0.9095827541809719 0.044452629029259325 0.044695557370694416
0 0.4207311054658348 0.8711748708222219 0.04601512902925915 0.04473192496187508
0 0.5569816722895385 0.9179017876159717 0.04615183006601846 0.04629442496187508
0 0.6524074983030564 0.5757493487863883 0.044179226955740704 0.041570557370694414
0 0.2484375 0.525 0.05 0.03125
0 0.5414537085761125 0.863687066301319 0.04445262902925915 0.044695557370694416
0 0.40176365786944546 0.6423965606017358 0.04404252591898139 0.04000805737069442
0 0.5177605132887975 0.7067473884896522 0.04404252591898139 0.04000805737069442
0 0.8109375 0.9828125 0.109375 0.034375
0 0.8308469821860196 0.87157230148368 0.11132706220555537 0.09615026101791671
0 0.734375 0.7203125 0.06875 0.1
0 0.72421875 0.86796875 0.0484375 0.0984375
0 0.8546343796413897 0.7244427283454161 0.10976456220555537 0.09611389342673622