0 0.38359375 0.37421875 0.0484375 0.0109375
0 0.2970633700597226 0.3394258222037528 0.04792966014423605 0.047222509885831696
0 0.203125 0.36953125 0.046875 0.0203125
0 0.8869999986688197 0.24486410281265014 0.06777068787965276 0.09486151384016442
0 0.8993532218833338 0.17199960577839962 0.08176045269729179 0.092309516805914
0 0.9671875 0.17890625 0.065625 0.0921875
0 0.8213022634864586 0.23906508897248574 0.06631729065319458 0.09948534684397004
0 0.82265625 0.371875 0.0984375 0.015625
0 0.8264638485925699 0.3266924229648745 0.09237064437666671 0.07869268577927464
0 0.70703125 0.3671875 0.0671875 0.025
0 0.7417251726807643 0.3076294051703773 0.07256729065319449 0.09974001482874754
0 0.90859375 0.33984375 0.0765625 0.0796875
0 0.97109375 0.26875 0.0578125 0.0625
0 0.3268651985163199 0.8787934338392894 0.020785278685347207 0.021140170950527094
0 0.3027380207046534 0.9152747619001792 0.022347778685347208 0.02120383794672165
0 0.41229355223979214 0.8604201186299809 0.01922277868534721 0.021076503954332713
0 0.35015853457236173 0.9406222717860109 0.020821646276527873 0.022702670950527092
0 0.3683617142838894 0.850824942736538 0.020785278685347207 0.021140170950527094
0 0.43984375 0.9234375 0.0203125 0.021875
0 0.4060084910693756 0.9257267836490091 0.020785278685347207 0.021140170950527094
0 0.43762216698118117 0.9426251235728967 0.01922277868534721 0.021076503954332537
0 0.434375 0.99140625 0.01875 0.0171875
0 0.341656356760695 0.9777402698088444 0.020785278685347207 0.021140170950527094
0 0.34921875 0.99375 0.0203125 0.0125
0 0.44453125 0.9578125 0.0109375 0.021875
0 0.38009930128986164 0.8856456117098986 0.020785278685347207 0.021140170950527094
0 0.4120779595342367 0.9852927846375922 0.020785278685347207 0.021140170950527094
0 0.37555857807534776 0.9588284437251211 0.01922277868534721 0.021076503954332537
0 0.27109375 0.98984375 0.0203125 0.0203125
0 0.42388697530180613 0.9561146206071474 0.020785278685347207 0.021140170950527094
0 0.4290472539871534 0.9766181215957305 0.020785278685347207 0.021140170950527094
0 0.3843867577868755 0.8686491126984819 0.020785278685347207 0.021140170950527094
0 0.30546875 0.99453125 0.0203125 0.0109375
0 0.283843856760695 0.9753845909496521 0.020785278685347207 0.021140170950527094
0 0.32734375 0.9890625 0.0203125 0.021875
0 0.30422909194305614 0.9793372619001792 0.020785278685347207 0.021140170950527094
0 0.983189240119445 0.8854784684397006 0.02238414627652787 0.02276633794672147
0 0.9150198151575699 0.8405532876033416 0.02238414627652787 0.02276633794672147
0 0.8690916789490284 0.9463921107213157 0.02238414627652787 0.02276633794672147
0 0.99140625 0.92421875 0.0171875 0.0234375
0 0.9091711650813201 0.9246099526223699 0.02238414627652787 0.02276633794672147
0 0.8789745188047922 0.9015252796946763 0.02238414627652787 0.02276633794672147
0 0.9426369753018061 0.8869481265386463 0.02238414627652787 0.02276633794672147
0 0.8003053113578478 0.9420282628887623 0.02242051386770836 0.02432883794672147
0 0.9637495623077784 0.9221507974891734 0.02238414627652787 0.02276633794672147
0 0.7866792224520145 0.9602052599230128 0.02242051386770836 0.02432883794672147
0 0.9805370188047922 0.9056636344473118 0.02238414627652787 0.02276633794672165
0 0.8774496928167368 0.9701479457022874 0.02238414627652787 0.02276633794672147
0 0.825378046540209 0.9461719348278725 0.02238414627652787 0.02276633794672165
0 0.9504871493137506 0.9559527945234239 0.02238414627652787 0.02276633794672165
0 0.8221062697547229 0.8726707678316782 0.02238414627652787 0.02276633794672147
0 0.9666940307726396 0.9815894644853678 0.02238414627652787 0.02276633794672165
0 0.8259962955902784 0.9727344348278726 0.02238414627652787 0.02276633794672165
0 0.980392854860834 0.9665374674511173 0.02238414627652787 0.02276633794672147
0 0.9705450761754868 0.945842965473951 0.02238414627652787 0.02276633794672165
0 0.9192345364722228 0.8204317885919249 0.02238414627652787 0.02276633794672147
0 0.8999753901956951 0.7977927846375922 0.02238414627652787 0.02276633794672147
0 0.9517924633339587 0.8108312955120069 0.02238414627652787 0.02276633794672147
0 0.852267854860834 0.9613167737631774 0.02238414627652787 0.02276633794672147
0 0.8523379772016672 0.8301941077555661 0.02238414627652787 0.02276633794672147