0 0.45458958426758117 0.30976328571611067 0.025350686364518184 0.023983013867708357
0 0.4619555451779064 0.34246668294256893 0.027040732122152633 0.025581881458888844
0 0.23966621487252499 0.28502177811666635 0.02547823212215263 0.02554551386770836
0 0.4092453912351033 0.2528963430868051 0.025350686364518184 0.023983013867708357
0 0.24307799942027178 0.3459956457078469 0.02547823212215263 0.02554551386770836
0 0.42687943032477804 0.21961106440145786 0.025350686364518184 0.023983013867708357
0 0.18258729638585436 0.23782077621680528 0.025350686364518003 0.023983013867708357
0 0.16699424729423992 0.21939808453743037 0.027040732122152543 0.025581881458888844
0 0.27920694699467746 0.309148955928333 0.027040732122152633 0.025581881458888844
0 0.22990883547552912 0.2038445132990275 0.025350686364518003 0.023983013867708357
0 0.46093569486864566 0.1765507422131245 0.025350686364518003 0.023983013867708357
0 0.4237541724488703 0.2963917699485412 0.025350686364518003 0.023983013867708357
0 0.3810886982026255 0.19562935695451342 0.025350686364518003 0.023983013867708357
0 0.3460118097217739 0.3028976495075691 0.027040732122152633 0.025581881458888844
0 0.2753803163897336 0.33898192629305524 0.02547823212215263 0.02554551386770836
0 0.31811020820456515 0.24875566337527744 0.025350686364518184 0.023983013867708357
0 0.30500443032477803 0.22244773651354138 0.023788186364518182 0.023946646276527872
0 0.26849310335337656 0.177898955928333 0.025350686364518003 0.023983013867708357
0 0.3757310027542518 0.36012826804868014 0.02547823212215263 0.02554551386770836
0 0.32742104851188625 0.36281816337527745 0.02547823212215263 0.02554551386770836
0 0.3746472506282198 0.23178506250159678 0.025350686364518003 0.023983013867708357
0 0.3090858945690832 0.27244773651354126 0.025350686364518003 0.023983013867708357
0 0.29502365244499096 0.19606707446944407 0.025350686364518003 0.023983013867708357
0 0.42872845699661716 0.3573292699485412 0.02547823212215263 0.02554551386770836
0 0.3628803163897337 0.33694534118694397 0.025350686364518003 0.023983013867708357
0 0.3516245966854168 0.14152373841340235 0.023660640606883377 0.02238414627652787
0 0.33542499608629195 0.3266260902370135 0.02547823212215263 0.02554551386770836
0 0.37458334881144867 0.26935779768395796 0.025350686364518003 0.023983013867708357
0 0.43360740457102287 0.3212099319926384 0.025350686364518003 0.023983013867708357
0 0.27627339456908323 0.273211455928333 0.025350686364518003 0.023983013867708357
0 0.4088949627464931 0.15271450513090237 0.023788186364518182 0.023946646276527872
0 0.2527402997198342 0.25340810220486076 0.025350686364518184 0.023983013867708357
0 0.39317385214542855 0.2861452541809717 0.023788186364518182 0.023946646276527872
0 0.2771025709316616 0.24501372074597186 0.025350686364518003 0.023983013867708357
0 0.41080763335919557 0.32956794586034677 0.02547823212215263 0.02554551386770836
0 0.2545261982026255 0.19857513184013859 0.025350686364518003 0.023983013867708357
0 0.3504764269907982 0.20416920877812456 0.025350686364518003 0.023983013867708357
0 0.25994702184004714 0.22662739665777742 0.025350686364518003 0.023983013867708357
0 0.3303234236568183 0.1874181198722912 0.023788186364518182 0.023946646276527872
0 0.3138695051701477 0.1392715606017357 0.025350686364518003 0.023983013867708357
0 0.3282826915346657 0.1624181198722912 0.023660640606883377 0.02238414627652787
0 0.35481324062628017 0.18058623841340235 0.023788186364518182 0.023946646276527872
0 0.525 0.39140625 0.009375 0.0265625
0 0.9405276000193966 0.07459081155166629 0.020280549091614475 0.019186411094166543
0 0.7420895842675812 0.23262543636104144 0.021970594849248924 0.020785278685347207
0 0.876241959412513 0.05417051519888858 0.020153003333979846 0.017623911094166545
0 0.8863817182065048 0.21674325038124964 0.020280549091614475 0.019186411094166723
0 0.8309606366931754 0.2665627188461109 0.020408094849248926 0.020748911094166544
0 0.8141879827503724 0.17615592439319414 0.021843049091614476 0.01922277868534721
0 0.9855850085041276 0.07041115140743007 0.018590503333980025 0.017587543502986237
0 0.8331611233572559 0.19763088089020808 0.020280549091614475 0.019186411094166543
0 0.8834803745652039 0.08531141242534686 0.018590503333979845 0.01758754350298606
0 0.8570454203228384 0.08749216147541627 0.020153003333979846 0.017623911094166545
0 0.8625613230576935 0.2893092346136802 0.020280549091614475 0.019186411094166723
0 0.8450867806340389 0.30537064570784694 0.020280549091614475 0.019186411094166723
0 0.8368285151720875 0.10831380775194414 0.020280549091614475 0.019186411094166723
0 0.9258268554794086 0.22052156060173572 0.020280549091614475 0.019186411094166723
0 0.9300680742656414 0.17658972264583292 0.020280549091614475 0.019186411094166723
0 0.8186842930518745 0.13534908643729135 0.018718049091614473 0.019150043502986058
0 0.8073322048705853 0.14970252716673577 0.020280549091614475 0.019186411094166543
0 0.9121152997198342 0.16761476614881907 0.020280549091614475 0.019186411094166723
0 0.9659102372923002 0.07869643009277735 0.018590503333979845 0.01758754350298606
0 0.8978933030538141 0.18516594206062464 0.020280549091614475 0.019186411094166723
0 0.11055357334755751 0.5432680763693052 0.0716196506088231 0.07496493882958344
0 0.13580789123510328 0.7759351060045829 0.0563772878817268 0.07928876291777787
0 0.10628040365293892 0.6059862819163885 0.06080969636645754 0.0762728656913195
0 0.051592903652938914 0.6072591476077079 0.05962983363936125 0.08092399810013902
0 0.17318111910519213 0.5433758727220829 0.0673147878817268 0.0795433360560418
0 0.26284888123316363 0.7213177283454162 0.08077151000193972 0.053344511967847195
0 0.2996475085041276 0.6734971709747216 0.07959164727484343 0.05799564437666671
0 0.3750296300252157 0.8298549673274994 0.08571410151720879 0.05657861474138883
0 0.06045746274649311 0.6774989124253469 0.07866687606301603 0.06577177678548622
0 0.13153523729230035 0.6852373708222219 0.0669321506088231 0.07485583605604162
0 0.3477021133553162 0.7443902460128466 0.07904951333591956 0.07045927678548622
0 0.16546318245080993 0.8707384597280552 0.08233401000193971 0.05338087955902786
0 0.19180331547164978 0.6180849319926385 0.08064396424430509 0.051782011967847194
0 0.2629130409258426 0.6070370227983328 0.07579696757828494 0.06882404160312508
0 0.3099794885002483 0.569935759880555 0.059502287881726804 0.07936149810013893
0 0.21944930972177393 0.8225178588543745 0.05650483363936125 0.0808512629177777
0 0.0109375 0.66953125 0.021875 0.0796875
0 0.19377988790112344 0.7573656375397217 0.059374742124092175 0.07779899810013902
0 0.061924110021336354 0.733821647607708 0.08233401000193971 0.05338087955902786
0 0.3565983654813481 0.8725516136040271 0.08284419303247788 0.05963087955902786
0 0.8517835775996213 0.7088540959365967 0.03536341515269079 0.03201371941479181
0 0.9611268845671436 0.6483867617804161 0.03380091515269061 0.031977351823611146
0 0.9312159860843522 0.7038743487863883 0.03536341515269079 0.03201371941479181
0 0.98515625 0.6265625 0.0296875 0.03125
0 0.9327148421434888 0.6647027460128466 0.03536341515269079 0.03201371941479181
0 0.99453125 0.6765625 0.0109375 0.034375
0 0.903824309721774 0.7326903330188189 0.03549096091032524 0.03357621941479181
0 0.8186523421434888 0.6673575801690272 0.03536341515269079 0.03201371941479163
0 0.8840536857847898 0.7973347144777078 0.03549096091032524 0.03357621941479163
0 0.8614770551798461 0.8276040959365968 0.03718100666795969 0.03517508700597229
0 0.8712035151720873 0.6207358468865272 0.03705346091032524 0.03361258700597229
0 0.9763689894183323 0.7200435562333327 0.03549096091032524 0.03357621941479163
0 0.946266901237043 0.7348334080569439 0.03549096091032524 0.03357621941479181
0 0.9597555742656414 0.6891208645539577 0.03536341515269079 0.03201371941479163
0 0.90921318245081 0.7795289654276383 0.035618506667959696 0.03513871941479181
0 0.9135816891187698 0.8138675978364578 0.03549096091032524 0.03357621941479181
0 0.9704701915346657 0.5902469534597911 0.03536341515269079 0.03201371941479181
0 0.9348826042714604 0.8446811867422911 0.03718100666795969 0.03517508700597229
0 0.9413879536626373 0.7709527460128467 0.03549096091032524 0.03357621941479181
0 0.973180087601561 0.7576890265980549 0.03549096091032524 0.03357621941479163
0 0.9953125 0.7140625 0.009375 0.03125