0 0.059375 0.57890625 0.11875 0.0609375
0 0.36015625 0.59140625 0.1078125 0.0359375
0 0.5847712833939717 0.25363673028598477 0.03866068091374952 0.03887105242559432
0 0.6938628634778843 0.20746361876683633 0.038660680913749704 0.03887105242559432
0 0.6490239601585364 0.20491244573823786 0.038542281743586496 0.03730855242559432
0 0.5930107584988624 0.20637909301308116 0.03866068091374952 0.03887105242559432
0 0.5945481024802222 0.2885538642249085 0.040223180913749525 0.038998598183228775
0 0.6245674892028306 0.2612580405874868 0.036979781743586494 0.03718100666795978
0 0.6049383829744088 0.438330723618025 0.041904080083912554 0.0406886439408634
0 0.6719375514406037 0.37385389331264357 0.041904080083912554 0.0406886439408634
0 0.7396238041398961 0.2798171087648967 0.040223180913749525 0.03899859818322886
0 0.7550371618182103 0.19936433421908947 0.03866068091374952 0.03887105242559432
0 0.6684125775851129 0.2359393051313544 0.03854228174358667 0.03730855242559432
0 0.6632981024802221 0.2829418508889889 0.040223180913749525 0.038998598183228775
0 0.6999226867133196 0.25044834422102913 0.03854228174358667 0.03730855242559432
0 0.6194781701165801 0.22595826937565952 0.038542281743586496 0.03730855242559432
0 0.7266986742657651 0.22497011209887657 0.03697978174358667 0.03718100666795978
0 0.56875 0.22734375 0.01875 0.0390625
0 0.3212793136876657 0.7808052660416795 0.04886447510489074 0.05057382697140152
0 0.54921875 0.871875 0.0203125 0.05
0 0.4479602128578287 0.7689115596732823 0.048746075934727705 0.049011326971401516
0 0.2931291576690255 0.8654034066485632 0.048746075934727705 0.04901132697140156
0 0.35160543111424225 0.8109393051313543 0.048746075934727705 0.04901132697140156
0 0.06595319626108923 0.7690378160513779 0.04886447510489074 0.05057382697140152
0 0.12527788422380864 0.9287957112001894 0.050308575934727706 0.04913887272903601