0 0.31243906121779474 0.15919521127013586 0.04228034190105419 0.04180706677218957
0 0.4125 0.4234375 0.034375 0.046875
0 0.05640923711123769 0.12294678886287827 0.04559634288963732 0.046585494985435
0 0.22672705429771253 0.1944627730277606 0.043906508897248564 0.04341503087881229
0 0.1423467371112377 0.12044626299863079 0.043906508897248564 0.04341503087881229
0 0.07044256220637787 0.16155464779665146 0.04553267589344294 0.04502299498543501
0 0.031120077035125517 0.09246967867546374 0.04553267589344294 0.04502299498543501
0 0.11008338235860222 0.222827116917839 0.04553267589344294 0.04502299498543501
0 0.0750372203053237 0.20199779137016058 0.043970175893442945 0.04497753087881229
0 0.38023937346135367 0.2571038623654925 0.045469008897248565 0.04346049498543501
0 0.17768205924062838 0.17248012443968638 0.04553267589344294 0.04502299498543501
0 0.629353352701107 0.3037087070469937 0.027644838935304606 0.027335389812585476
0 0.7663440167315518 0.3122078656641977 0.026082338935304605 0.027289925705962937
0 0.7911821906478285 0.2771509040648576 0.026018671939110227 0.02572742570596276
0 0.7426810236516341 0.28012279137016066 0.026018671939110227 0.025727425705962936
0 0.801008176807664 0.34241219121187605 0.026082338935304695 0.02728992570596276
0 0.6383808428152753 0.3502654583006349 0.027644838935304606 0.027335389812585476
0 0.7280800127772192 0.33204900422314215 0.026082338935304605 0.02728992570596276
0 0.7152563606097724 0.26375364528936895 0.026018671939110227 0.02572742570596276
0 0.7346191728533313 0.36307168369002873 0.026082338935304605 0.02728992570596276
0 0.7255333329294436 0.39454900422314215 0.027644838935304606 0.027335389812585476
0 0.663311858632606 0.2746289608079174 0.026018671939110227 0.02572742570596276
0 0.7076693536896902 0.29674800171585963 0.026018671939110227 0.025727425705962936
0 0.6740344999256379 0.39448681974169053 0.027644838935304606 0.027335389812585476
0 0.6740636748304978 0.3554697838483133 0.026082338935304695 0.027289925705962937
0 0.6015520048685538 0.37318613275295665 0.026082338935304695 0.02728992570596276
0 0.5988434989370547 0.40135659685957925 0.02764483893530465 0.027335389812585653
0 0.789341164944666 0.3989349758516122 0.027708505931499074 0.028897889812585474
0 0.6361418635755219 0.25200981472712564 0.026018671939110227 0.025727425705962936
0 0.7032073467696079 0.329651429929105 0.026018671939110227 0.025727425705962936
0 0.6497985038799706 0.3764642454476535 0.027644838935304693 0.027335389812585653
0 0.7033691728533313 0.36398096582248235 0.026082338935304605 0.02728992570596276
0 0.6439649979484716 0.4047256377675216 0.026082338935304605 0.027289925705962937
0 0.6185829959713052 0.4148280634734844 0.027644838935304606 0.027335389812585476
0 0.6896833576440229 0.2785435709953318 0.024456171939110226 0.02568196159934022
0 0.6101523665412715 0.2387202045397112 0.026018671939110227 0.02572742570596276
0 0.3646567717116488 0.7171848706787627 0.04655134783255317 0.0700229949854351
0 0.4078125 0.85234375 0.04375 0.0671875
0 0.3885452578714844 0.7820369808661771 0.05430018083635879 0.0686878155185485
0 0.41796875 0.9171875 0.0234375 0.053125
0 0.41875 0.75 0.021875 0.065625
0 0.40859375 0.63828125 0.0421875 0.0703125
0 0.3727690661607106 0.9011052296125358 0.07097834486680377 0.05668792069139812
0 0.31450558000087503 0.8372533297708206 0.07222250988583179 0.04892088479802066
0 0.3316479535365908 0.6463555451310844 0.07072367688202608 0.05043792069139794
0 0.3053162638029834 0.7563670426238019 0.06660917984777566 0.06436402837152996
0 0.2939277776431478 0.691151219583406 0.0664818458553869 0.06123902837152997
0 0.3875 0.9734375 0.071875 0.053125
0 0.2175907707230656 0.7261459967012948 0.0737850098858317 0.048966348904643374
0 0.21896758692095725 0.8072596043814266 0.06810801285158127 0.06284699247815269
0 0.568612170876165 0.7753156194251215 0.02439250494291585 0.024119461599340218
0 0.45292350387997066 0.7802424633151999 0.02439250494291585 0.024119461599340218
0 0.4757535088228865 0.7561684658224823 0.02276633794672147 0.02251149749271768
0 0.43671875 0.74921875 0.0140625 0.0234375
0 0.5091098368837762 0.7801682554767833 0.02439250494291585 0.024119461599340218
0 0.48723483688377617 0.7808047529695009 0.02283000494291585 0.024073997492717502
0 0.4359375 0.78046875 0.0125 0.0234375