0 0.20562012757429776 0.5709474832945951 0.06893353847458741 0.05234623920022692
0 0.35551100016963605 0.5730605987183572 0.07452877404661713 0.03381449400955017
0 0.1328125 0.59140625 0.0625 0.0171875
0 0.16629967802978465 0.4728175181409854 0.04302580290255768 0.07016865626060227
0 0.225 0.5875 0.071875 0.025
0 0.16352190761136462 0.5273413270339928 0.06871528366526398 0.04609623920022674
0 0.1102530638719669 0.5660565974524129 0.07178571996293304 0.044642866604888455
0 0.07665682467174006 0.4977778234057958 0.05703373920022674 0.06909722958158007
0 0.1304167417321155 0.47312505298737567 0.04776786660488845 0.07189484736759474
0 0.0947867765785058 0.4359871515360968 0.06446429328391083 0.05843254809323426
0 0.2828125 0.58515625 0.0375 0.0296875
0 0.3359375 0.59453125 0.06875 0.0109375
0 0.3570883691367772 0.48416178982534974 0.041572430307219396 0.07323909255827132
0 0.26232150616008576 0.4964584039831676 0.05988592068857255 0.0613938569862416
0 0.2034722958157996 0.46475204699692585 0.03844743030721922 0.07312996515360978
0 0.02421875 0.50859375 0.0484375 0.0703125
0 0.31939985226173634 0.29869551577873266 0.038392866604888456 0.07156746515360979
0 0.38203125 0.29140625 0.0359375 0.0421875
0 0.7881201143274538 0.41086315516429395 0.08704862141421188 0.07950893992586625
0 0.98125 0.2328125 0.0375 0.078125
0 0.95703125 0.47890625 0.0859375 0.1109375
0 0.04533241360181446 0.7539286528020412 0.04366071996293321 0.04366071996293304
0 0.02216275371301508 0.6267113883740709 0.04366071996293304 0.04366071996293321
0 0.07692466478294077 0.6754415542533201 0.04204365626060227 0.04204365626060227
0 0.01171875 0.675 0.0234375 0.040625
0 0.984375 0.80546875 0.03125 0.0515625
0 0.91015625 0.9703125 0.0734375 0.059375
0 0.978125 0.92265625 0.04375 0.0671875
0 0.96875 0.8484375 0.0625 0.065625
0 0.9011806203179036 0.8825248787554241 0.0798710384745874 0.05272818511654283