0 0.115625 0.10259740082054822 0.13125 0.08025803029369402
0 0.1625 0.17560792571565748 0.109375 0.11610044191141178
0 0.1984375 0.28225974480190796 0.090625 0.13655465186945542
0 0.296875 0.0703125 0.025 0.115625
0 0.0171875 0.33125 0.034375 0.128125
0 0.27734375 0.2078125 0.0640625 0.109375
0 0.76171875 0.5484375 0.1140625 0.021875
0 0.5984375 0.4684591991608743 0.1171875 0.09637993776222693
0 0.759375 0.45626408463408274 0.1109375 0.09121884108157463
0 0.5984375 0.21689669916087423 0.1109375 0.09278134108157472
0 0.5984375 0.3434591991608743 0.1171875 0.09325493776222675
0 0.759375 0.33282658463408277 0.109375 0.08953794191141169
0 0.759375 0.20938908463408276 0.1078125 0.09098204274124866
0 0.096875 0.707044412018703 0.0640625 0.07516686597668398
0 0.1 0.761495113678377 0.0703125 0.06782796265733601
0 0.0078125 0.82890625 0.015625 0.0703125
0 0.0625 0.9424616937622895 0.0546875 0.08226897095570589
0 0.20703125 0.975 0.0796875 0.05
0 0.02109375 0.8734375 0.0421875 0.084375
0 0.1421875 0.7942358360839753 0.0734375 0.06493976099766208
0 0.0125 0.74375 0.025 0.078125
0 0.1046875 0.6423899161678879 0.0421875 0.07507177759440165
0 0.20625 0.9221939701072912 0.0734375 0.07431476099766207
0 0.053125 0.8275470887832677 0.05 0.07878877344521662
0 0.1 0.848995113678377 0.0515625 0.07890717261537965
0 0.0875 0.8983798070396812 0.06875 0.06927206348717299
0 0.0453125 0.7343890846340828 0.0484375 0.08023287427505377
0 0.1296875 0.9608080294452794 0.078125 0.055919958508151166
0 0.940625 0.8573511427226711 0.0625 0.04848596680652086
0 0.865625 0.7239718028904962 0.0640625 0.04391686597668389
0 0.97734375 0.659375 0.0453125 0.04375
0 0.8859375 0.777120113678377 0.0484375 0.061482874275053764
0 0.9625 0.98125 0.059375 0.0375
0 0.8625 0.6726461012308224 0.0390625 0.06858497925407558
0 0.8609375 0.8727645004009853 0.0453125 0.06593357593472753
0 0.984375 0.709375 0.03125 0.065625
0 0.9328125 0.8032556385734863 0.0390625 0.06858497925407558
0 0.9484375 0.703634146871856 0.0375 0.06690408008391255
0 0.9765625 0.7671875 0.046875 0.046875
0 0.86171875 0.9734375 0.0640625 0.053125
0 0.865625 0.5958468028904963 0.0546875 0.058831470955705886
0 0.825 0.9083001813147348 0.0578125 0.05438076929603195
0 0.6390625 0.7770771825641347 0.0484375 0.061482874275053764
0 0.6484375 0.7201167875431566 0.0609375 0.05305506763635783
0 0.921875 0.7462719327646274 0.059375 0.046686668466194806
0 0.7765625 0.8463455555897885 0.065625 0.04716026514684692
0 0.6046875 0.6781194643077212 0.0703125 0.04595296265733602
0 0.615625 0.8757281701165802 0.04375 0.06425267676456467
0 0.6453125 0.9078535858834826 0.0375 0.06846658008391274
0 0.7265625 0.6266968290350053 0.046875 0.06448947510489074
0 0.828125 0.7861883829744089 0.0609375 0.05774256763635801
0 0.9515625 0.9002723485315298 0.065625 0.056535265146846925
0 0.9140625 0.6062389286154425 0.0546875 0.05726897095570589
0 0.975 0.803125 0.05 0.03125
0 0.9078125 0.6832750252960946 0.0515625 0.060157172615379825
0 0.7578125 0.8165163456317449 0.0671875 0.03946616431700996
0 0.55625 0.634914838582775 0.05625 0.06051237012586892
0 0.9359375 0.6389563402331602 0.053125 0.06027557178554286
0 0.6984375 0.8038280140979397 0.0671875 0.03321616431700995
0 0.7359375 0.990625 0.040625 0.01875
0 0.88125 0.8352878111888661 0.0546875 0.05570647095570571
0 0.634375 0.8336823800746238 0.05625 0.05582487012586892
0 0.796875 0.7166813663776693 0.04375 0.0626901767645645
0 0.5453125 0.7060561327739162 0.0515625 0.06015717261537965
0 0.6828125 0.6690745057995701 0.0390625 0.06702247925407559
0 0.9890625 0.60703125 0.021875 0.0671875
0 0.7 0.8380846149277769 0.0671875 0.044153664317009955
0 0.55625 0.7646023385827749 0.0625 0.05473596680652086
0 0.725 0.7236902282051684 0.0453125 0.0628085759347277
0 0.7046875 0.9611669174172878 0.059375 0.060749168466194804
0 0.7140625 0.8729565223963096 0.0671875 0.042591164317009954
0 0.5890625 0.7339909560093515 0.0546875 0.060393970955705714
0 0.809375 0.6329216730163651 0.0390625 0.06702247925407559
0 0.78125 0.7663028580792995 0.0390625 0.06389747925407559
0 0.771875 0.9373257531002777 0.0421875 0.06725927759440165
0 0.75625 0.697884744801908 0.0359375 0.0652231809137497
0 0.7828125 0.8818094589091364 0.0609375 0.04680506763635783
0 0.5828125 0.8188395526900034 0.0421875 0.06569677759440165