0 0.41171875 0.00625 0.0515625 0.0125
0 0.7914950692008222 0.06462272195767449 0.03414950692008212 0.03376724623907634
0 0.6641764714054501 0.3870934523616332 0.03421317391627667 0.035329746239076344
0 0.7440894644853678 0.35664508590601257 0.03408583992388792 0.03220474623907634
0 0.6659857332312671 0.048485593427859984 0.03408583992388792 0.03220474623907634
0 0.6905824625082015 0.34572430628084144 0.032523339923887916 0.03215928213245363
0 0.9612929160447923 0.13354988136630136 0.03564833992388792 0.03225021034569888
0 0.6483180721665718 0.07450252414838783 0.03408583992388792 0.03220474623907634
0 0.835077925930624 0.17669682462324152 0.032523339923887916 0.03215928213245363
0 0.7454715978697342 0.199059906439126 0.032523339923887916 0.03215928213245363
0 0.7727689269192071 0.17956576035833427 0.032523339923887916 0.03215928213245363
0 0.6939966225843136 0.31461069860070945 0.0341495069200823 0.03376724623907634
0 0.622307306386422 0.3936784214828208 0.035775673916276673 0.03537521034569906
0 0.659396129504396 0.34637752414838785 0.032587006920082116 0.03372178213245362
0 0.7605289120904596 0.10898047571859815 0.032523339923887916 0.03215928213245363
0 0.60625 0.1234375 0.0125 0.034375
0 0.7241934585538689 0.3279745166265404 0.032587006920082116 0.03372178213245362
0 0.6637759288963736 0.18575827289474658 0.03408583992388792 0.03220474623907634
0 0.7478564516337866 0.29588944233250336 0.032587006920082116 0.03372178213245362
0 0.7181504111018764 0.10306544483978577 0.03089717292769336 0.030551318025830908
0 0.6425084239534578 0.16172973950865172 0.03414950692008212 0.03376724623907634
0 0.95944125596868 0.16470895315305595 0.03571200692008212 0.03381271034569906
0 0.6786607826604258 0.2829515216411053 0.0341495069200823 0.03376724623907634
0 0.7062127796946763 0.2697073755603136 0.032523339923887916 0.03215928213245363
0 0.8720739071475437 0.08881639139543118 0.03414950692008212 0.03376724623907634
0 0.8212302846375922 0.29646375534376934 0.032523339923887916 0.03215928213245363
0 0.698625772774594 0.23671301913382284 0.03414950692008212 0.03376724623907634
0 0.802461744105682 0.10395800659741057 0.03089717292769336 0.030551318025830908
0 0.7553797915576744 0.3273212987589941 0.032523339923887916 0.03215928213245363
0 0.7885451186299809 0.298634009104693 0.03414950692008212 0.03376724623907634
0 0.9188454308735399 0.20254392227424364 0.03571200692008212 0.03381271034569906
0 0.9184050790866539 0.11513485048748899 0.03408583992388792 0.03220474623907634
0 0.6187817638773454 0.19225231380268876 0.03414950692008221 0.03376724623907634
0 0.7179196008354838 0.2123040525199177 0.032523339923887916 0.03215928213245363
0 0.7004827500371811 0.1290823755603136 0.032523339923887916 0.03215928213245363
0 0.8685615879839025 0.15582203496894048 0.03408583992388792 0.03220474623907634
0 0.898336612698482 0.27373696067490344 0.03414950692008212 0.03376724623907634
0 0.8618261097327323 0.25862878622258173 0.032523339923887916 0.03215928213245363
0 0.61484375 0.08828125 0.0296875 0.0328125
0 0.8710392836490091 0.2932311067556951 0.03571200692008212 0.03381271034569906
0 0.8796609140676258 0.12181074782192196 0.032523339923887916 0.03215928213245363
0 0.8994879358164557 0.22539038888814877 0.03414950692008212 0.03376724623907634
0 0.648527613687065 0.2711502036152744 0.030960839923887918 0.03211381802583091
0 0.8928267589344296 0.17681649656828072 0.03408583992388792 0.03220474623907634
0 0.9197420860067362 0.147947350487489 0.03408583992388792 0.03220474623907634
0 0.8105819447137043 0.2649409707040332 0.032523339923887916 0.03215928213245363
0 0.9296847717860108 0.23875420691397978 0.03571200692008212 0.03381271034569906
0 0.7559581117098988 0.2649122269722394 0.032523339923887916 0.03215928213245363
0 0.6078125 0.24375 0.015625 0.034375
0 0.8359984387822053 0.23758886051661882 0.032523339923887916 0.03215928213245363
0 0.9569821008354837 0.21926006083318797 0.03408583992388792 0.03220474623907634
0 0.6674155820524035 0.12187762932123727 0.032523339923887916 0.03215928213245363
0 0.7960047915576745 0.3285033655311837 0.032523339923887916 0.03215928213245363
0 0.7938109387822052 0.23636132963780643 0.032523339923887916 0.03215928213245363
0 0.7014430721665718 0.07604830377355895 0.03089717292769336 0.030551318025830908
0 0.6771434091247099 0.09250837806759607 0.03245967292769336 0.030596782132453627
0 0.8037005919382352 0.17266254249078788 0.03089717292769336 0.030551318025830908
0 0.6814435899610689 0.15974134217421873 0.032523339923887916 0.03215928213245363
0 0.3336533942959624 0.6034171343358022 0.06800985376405233 0.09873902837152997
0 0.4052737263111849 0.5992584832404455 0.09291701186299797 0.05888691818411544
0 0.7404789862341976 0.8880027344940867 0.07148768083635879 0.06918792069139794
0 0.7997611443331435 0.8491508346523714 0.06654551285158128 0.06280152837152997
0 0.8786501482874762 0.8701740399835055 0.06979784684397003 0.0660174565847754
0 0.6713469842570313 0.876627313802689 0.07298651384016441 0.06767088479802066
0 0.62109375 0.84921875 0.0421875 0.0671875
0 0.97109375 0.8796875 0.0578125 0.0625