0 0.528125 0.4703125 0.0453125 0.0453125
0 0.4625 0.4921875 0.046875 0.0453125
0 0.184375 0.396875 0.0484375 0.046875
0 0.2765625 0.4296875 0.046875 0.046875
0 0.1046875 0.625 0.05 0.046875
0 0.18125 0.6359375 0.05 0.046875
0 0.41875 0.3984375 0.046875 0.0453125
0 0.7140625 0.478125 0.046875 0.0453125
0 0.1671875 0.4703125 0.0484375 0.046875
0 0.6234375 0.4453125 0.0453125 0.0453125
0 0.671875 0.5171875 0.046875 0.046875
0 0.228125 0.4140625 0.0484375 0.046875
0 0.2203125 0.675 0.05 0.0484375
0 0.5515625 0.509375 0.046875 0.0453125
0 0.21875 0.490625 0.0484375 0.046875
0 0.671875 0.45 0.0453125 0.0453125
0 0.4390625 0.53125 0.0453125 0.046875
0 0.359375 0.525 0.046875 0.0453125
0 0.6390625 0.5609375 0.046875 0.0453125
0 0.753125 0.415625 0.046875 0.0453125
0 0.28125 0.5171875 0.0484375 0.046875
0 0.784375 0.3484375 0.046875 0.0453125
0 0.709375 0.3875 0.046875 0.0453125
0 0.1953125 0.5828125 0.0484375 0.046875
0 0.5640625 0.5765625 0.046875 0.046875
0 0.778125 0.4984375 0.0484375 0.0453125
0 0.628125 0.621875 0.046875 0.046875
0 0.74375 0.53125 0.0484375 0.046875
0 0.39375 0.5578125 0.046875 0.0453125
0 0.359375 0.425 0.046875 0.0453125
0 0.50625 0.55625 0.0453125 0.0453125
0 0.7125 0.321875 0.0453125 0.0453125
0 0.8046875 0.5359375 0.0484375 0.0453125
0 0.884375 0.2921875 0.05 0.0453125
0 0.4265625 0.3015625 0.0453125 0.0453125
0 0.1796875 0.696875 0.05 0.0484375
0 0.1078125 0.675 0.0515625 0.0484375
0 0.5390625 0.384375 0.0453125 0.0453125
0 0.84375 0.36875 0.0484375 0.0453125
0 0.7375 0.578125 0.0484375 0.0453125
0 0.7625 0.634375 0.05 0.046875
0 0.6734375 0.290625 0.046875 0.0453125
0 0.63125 0.7 0.0484375 0.0484375