0 0.2141882800932013 0.38088285681660566 0.03193708423309758 0.030724210344286185
0 0.15859375 0.49453125 0.0296875 0.0109375
0 0.15410473030298277 0.4769790960168324 0.030137785892771517 0.027544646641955238
0 0.15365444441021142 0.4503620323145016 0.02857528589277152 0.02749008293962447
0 0.20069446515613584 0.40955349383991424 0.030256185062934548 0.029107146641955416
0 0.020296570135157666 0.4064533196079626 0.030256185062934548 0.029107146641955416
0 0.24970065021907023 0.4360415827699885 0.03025618506293437 0.029107146641955416
0 0.015160629473145804 0.4833977655242786 0.03025618506293437 0.029107146641955416
0 0.1356847717948316 0.39929060563547925 0.03025618506293437 0.029107146641955416
0 0.062460759347276885 0.42534716334736034 0.031818685062934546 0.029161710344286364
0 0.90078125 0.4765625 0.0953125 0.046875
0 0.6961253643262988 0.42889380399886595 0.10255816016782511 0.07838294954451293
0 0.855003456857766 0.4374453700634495 0.06370914772027056 0.10040179328391083
0 0.81796875 0.47421875 0.0921875 0.0515625
0 0.9151354734545055 0.4040128219702154 0.09244945435896632 0.08893850362819702
0 0.5796875 0.46171875 0.078125 0.0765625
0 0.1118006763635794 0.8035267270496913 0.06579186597668389 0.06619048439090332
0 0.16014308798129698 0.7799056885751039 0.05966026514684693 0.06753472958158006
0 0.08599519296031888 0.773095182584654 0.07000576929603194 0.06010417549789597
0 0.027965514946354374 0.5448263388452563 0.05532796265733601 0.0720585384745874
0 0.13956863362233066 0.6944592618960815 0.061104365976683894 0.06602679328391084
0 0.26293620125868866 0.7512499205189365 0.07277557178554268 0.05552580290255769
0 0.14681613902091542 0.872802516705405 0.05966026514684693 0.06753472958158006
0 0.2980197510489072 0.6560267005560034 0.05376546265733602 0.07200397477225647
0 0.13595041661531707 0.9154810900263828 0.05989706348717298 0.07065972958158007
0 0.2123908269836349 0.7044493315888621 0.07000576929603194 0.0601041754978958
0 0.23841164317010027 0.8617707582678845 0.05700886182749905 0.07367560217691818
0 0.0140625 0.9015625 0.028125 0.075
0 0.31329324399993724 0.8575892005560034 0.07878877344521662 0.05261905771188111
0 0.04188815021907022 0.6665376477382637 0.07687107593472771 0.047876994009550165
0 0.1862804581071659 0.8353917967424719 0.0737460759347277 0.04776786660488845
0 0.2878858892214081 0.584315391662996 0.07421967261537965 0.054017866604888456
0 0.06153872200461299 0.7191170107149552 0.07265717261537982 0.053963302902557686
0 0.03374560872722139 0.7451537210592415 0.06664397095570589 0.05687004809323426
0 0.040352651468470134 0.8530207847615723 0.07568708423309758 0.032251994009550346
0 0.01875 0.7734375 0.0375 0.059375
0 0.8324450630861877 0.6205654049098399 0.030232874275053768 0.04936508293962447
0 0.7912029112167324 0.5311408063611187 0.042259277594401644 0.043551592558271325
0 0.765625 0.5078125 0.05 0.015625
0 0.7246558738740684 0.6039632366683381 0.034683575934727706 0.04640377404661713
0 0.8265625 0.50546875 0.05 0.0109375
0 0.8150440755337425 0.5976735419331485 0.0315585759347277 0.04629464664195524
0 0.7951100838321121 0.5827033063611187 0.0315585759347277 0.046294646641955414
0 0.9012649954498297 0.5570634109002897 0.0315585759347277 0.046294646641955414
0 0.8336272095570584 0.5327925863981855 0.04081517676456468 0.045059528855940556
0 0.8177421004288516 0.550580287123825 0.034683575934727526 0.04640377404661713
0 0.7601682439999372 0.659121962621721 0.0495981809137497 0.03757441106992569
0 0.7626527813426012 0.5885366441100667 0.050923882573423465 0.03450397477225664
0 0.8243258323822197 0.6788144145284868 0.042259277594401644 0.043551592558271325