0 0.17975011243723227 0.12246008672817901 0.038871052425594146 0.036355670671545146
0 0.2829390142540035 0.08619641740926923 0.03887105242559432 0.036355670671545236
0 0.23711633122346534 0.0794191587364513 0.03874350666795969 0.03479317067154515
0 0.18061123970819626 0.07563963072881533 0.03887105242559432 0.036355670671545236
0 0.1951836648628266 0.15854303739654255 0.04043355242559432 0.03637385200509069
0 0.22126793274067413 0.13387030140036055 0.03718100666795969 0.03477498933799979
0 0.22943060335337648 0.31036007606617877 0.04212359818322895 0.037954533338636055
0 0.2870838645632642 0.25171232940799654 0.04212359818322895 0.037954533338636055
0 0.34075125637809567 0.16335890141626894 0.04043355242559432 0.03637385200509069
0 0.3436214227387344 0.08378048941754157 0.03887105242559432 0.036355670671545236
0 0.2616697921337906 0.11248619740608756 0.03874350666795969 0.034793170671545234
0 0.2639336648628266 0.15934301607254212 0.04043355242559432 0.03637385200509069
0 0.14700125637809566 0.16110441605663378 0.04199605242559432 0.036392033338636054
0 0.11642119395056172 0.07333169605345206 0.03874350666795969 0.03479317067154515
0 0.2958852954677704 0.1300555054105419 0.03874350666795969 0.034793170671545234
0 0.09840451758798334 0.10122033871736132 0.03887105242559432 0.036355670671545236
0 0.024616073347557554 0.15343627204008908 0.04550368969849794 0.04111589600572696
0 0.07110869395056171 0.0728044373806342 0.04043355242559432 0.03637385200509069
0 0.21052188031507982 0.09784189473263334 0.03874350666795969 0.034793170671545234
0 0.3189721091032524 0.10690890674726901 0.03718100666795969 0.03477498933799979
0 0.059310066679597775 0.11949762404517976 0.04056109818322886 0.03793635200509069
0 0.0109375 0.09921875 0.021875 0.0390625
0 0.1270077497101359 0.12652942138763387 0.04043355242559432 0.03637385200509069
0 0.15089178879981063 0.09402600405790644 0.03887105242559432 0.036355670671545236
0 0.9734375 0.43046875 0.053125 0.0578125
0 0.891101684866706 0.41749877204008906 0.059024055759574166 0.053761346674090583
0 0.388327371231224 0.6204259667409057 0.0471937354561323 0.042696577339272325
0 0.2265625 0.55078125 0.046875 0.0234375
0 0.2150813188056297 0.5825067013844522 0.04732128121376693 0.0442590773392725
0 0.28985817819874615 0.561522586728179 0.04563123545613248 0.04267839600572696
0 0.33203125 0.55703125 0.0453125 0.0359375
0 0.36638872729036065 0.5811452907383604 0.04563123545613248 0.042678396005727134
0 0.30302760001939666 0.6272384933959062 0.0422511439408634 0.03951703333863606
0 0.4162609236568183 0.6566543680776328 0.045631235456132305 0.04267839600572696
0 0.25994727971595494 0.6158100973901792 0.04732128121376711 0.0442590773392725
0 0.3493282572961796 0.7354873454009969 0.04563123545613248 0.04267839600572696
0 0.3448641557789709 0.6807998454009969 0.04563123545613248 0.04267839600572696
0 0.3120830909355409 0.8146657680617244 0.04588632697140156 0.04580339600572714
0 0.2627213354755291 0.6689169160566337 0.04732128121376693 0.0442590773392725
0 0.42927084881144867 0.7395395934118145 0.04563123545613248 0.042678396005727134
0 0.5089905575957421 0.6452452480903595 0.04719373545613248 0.042696577339272325
0 0.5212671591129507 0.7000236547580867 0.0438136439408634 0.039535214672181594
0 0.3254442182065048 0.7679907627307243 0.04575878121376693 0.044240896005727136
0 0.42890625 0.5484375 0.0453125 0.01875
0 0.18515625 0.54765625 0.0453125 0.0171875
0 0.47423317819874616 0.5636679840865415 0.04563123545613248 0.04267839600572696
0 0.43038706759768164 0.6958441374124509 0.0438136439408634 0.039535214672181594
0 0.5105213645632641 0.5875054734245413 0.045631235456132305 0.04267839600572696
0 0.5718092930518746 0.6881236387650864 0.0471937354561323 0.0426965773392725
0 0.3921529703325367 0.8967702907383603 0.04419628121376693 0.0442227146721816
0 0.3090222506282198 0.7006759933959061 0.04563123545613248 0.042678396005727134
0 0.40994650608823163 0.8470248294079965 0.04588632697140156 0.04580339600572696
0 0.2692900709316616 0.7111407787237246 0.04732128121376711 0.044259077339272326
0 0.5228291433611352 0.8530213854232687 0.047448826971401556 0.04582157733927232
0 0.5506673588133884 0.792465693427723 0.04732128121376711 0.0442590773392725
0 0.5055457906359785 0.9090168467536323 0.047448826971401556 0.04582157733927232
0 0.3609668721493079 0.8589430267345424 0.04588632697140156 0.04580339600572696
0 0.3748381824508099 0.8185180214035424 0.04575878121376711 0.04424089600572696
0 0.43864559093554084 0.8161384560789054 0.04575878121376711 0.044240896005727136
0 0.4642196757828502 0.7852157200827234 0.045631235456132305 0.042678396005727134
0 0.2810245385099465 0.7784010040579064 0.047448826971401556 0.04582157733927232
0 0.22286161002133636 0.6778192013844522 0.04732128121376693 0.0442590773392725
0 0.4629756533630749 0.9038384507479055 0.04757637272903601 0.0473840773392725
0 0.21996000850412756 0.6231498827179976 0.047448826971401556 0.0458215773392725
0 0.51796875 0.54765625 0.0453125 0.0171875
0 0.17962205092778225 0.6070703493793616 0.04888378121376693 0.044277258672817864
0 0.5433658154716497 0.569155462762541 0.0438136439408634 0.039535214672181594
0 0.5092451333591955 0.8013497974219959 0.04406873545613248 0.0426602146721816
0 0.4807691891187698 0.8540929894175416 0.044196281213767105 0.0442227146721816
0 0.790625 0.9765625 0.046875 0.046875
0 0.6875 0.98125 0.075 0.0375
0 0.7682382697140152 0.7800020560948138 0.05312474212409235 0.07710794000636341
0 0.8589908154716499 0.7826190734404496 0.0860011439408634 0.04002611067790855