0 0.27408297169590246 0.43072171741168785 0.06493532218833345 0.03787270472226432
0 0.6481750883371524 0.40042412159165935 0.06337282218833344 0.03786361436318479
0 0.5259364124253468 0.41675816959986955 0.03739220364722229 0.06270907825883114
0 0.6354621084731249 0.1411582059006147 0.040553571238402954 0.06428975897699045
0 0.6127454281929163 0.4459366094914109 0.03891833605604163 0.061155668617910844
0 0.3893456022048608 0.3784956211988758 0.04662173328249999 0.056513620413308985
0 0.522958189210833 0.34334794067710833 0.05127286569131932 0.05497839149054773
0 0.32109375 0.46796875 0.0609375 0.0421875
0 0.5923251318401386 0.3835638745185255 0.05130923328249999 0.05654089149054773
0 0.5325851495075691 0.4667127178044714 0.06177395459715278 0.0362920240041051
0 0.42528179578409686 0.44546495258096497 0.03888196846486114 0.05959316861791084
0 0.6548601930105551 0.4488161697962612 0.04513196846486114 0.05962953005422929
0 0.39296875 0.46640625 0.0453125 0.0453125
0 0.5940733890583332 0.17420705523668478 0.06504442496187508 0.042560204722264315
0 0.5580982150463887 0.24315704313643635 0.055851262917777686 0.05031816256778665
0 0.5711774836637498 0.35244113954564016 0.052835365691319504 0.05498748184962743
0 0.3493375448341663 0.41934788017586627 0.03888196846486114 0.05959316861791084
0 0.23357230015249986 0.15755692818407646 0.060647865691319504 0.055032933645025484
0 0.46328125 0.4609375 0.0453125 0.05625
0 0.5875 0.478125 0.0625 0.021875
0 0.2250285290665969 0.39038760890223567 0.0497103656913195 0.05496930113146821
0 0.6122038335874997 0.26783888056864974 0.042079703647222286 0.06273634933607006
0 0.6540627188461108 0.3488343505144204 0.043569468464861136 0.05962043969514967
0 0.22109375 0.46015625 0.0453125 0.0578125
0 0.4720853670224997 0.3811388321676561 0.03731946846486132 0.05958407825883114
0 0.2625 0.4734375 0.053125 0.03125
0 0.4199799659963192 0.2705194947354427 0.06344555737069442 0.040988614363184704
0 0.569431839287083 0.42744113954564017 0.05120013050895835 0.051853391490547726
0 0.8521313172512495 0.17975709758755426 0.04792966014423605 0.04558521077238851
0 0.9796875 0.1 0.040625 0.046875
0 0.9081267441129857 0.190367344660688 0.047929660144236406 0.04558521077238851
0 0.7921875 0.25 0.046875 0.046875
0 0.984375 0.2046875 0.03125 0.046875
0 0.9522040524336106 0.17605031460645862 0.04792966014423605 0.04558521077238851
0 0.978125 0.253125 0.04375 0.046875
0 0.8323993922893743 0.2220536818965096 0.04792966014423605 0.04558521077238851
0 0.875603878421666 0.2452366518422803 0.046367160144236405 0.04557612041330898
0 0.8359958645539578 0.26890141081927077 0.04792966014423605 0.04558521077238851
0 0.9190629376922217 0.257482121788051 0.047929660144236406 0.04558521077238851
0 0.98203125 0.1453125 0.0359375 0.04375
0 0.9495505246981939 0.22293440496553832 0.049492160144236054 0.04559430113146803
0 0.87767421827743 0.2905309711241211 0.047893292553055744 0.04402271077238851
0 0.963029836818541 0.3150310013747421 0.049528527735416716 0.04715680113146821
0 0.953125 0.01953125 0.05 0.0390625
0 0.37578125 0.50859375 0.1078125 0.0390625
0 0.3467892006099994 0.7413410548439012 0.10872299620027785 0.10686814441741391
0 0.5807304023573606 0.6243706817001179 0.10389002583555555 0.10059087334017516
0 0.5921875 0.51796875 0.10625 0.0578125
0 0.5683005246981938 0.7556752238545956 0.10399912860909737 0.10527837334017516
0 0.3608543134515273 0.6069024223303441 0.10868662860909736 0.1053056444174139
0 0.85625 0.97734375 0.090625 0.0453125
0 0.79375 0.8390625 0.05 0.078125