0 0.396875 0.5609375 0.0453125 0.04375
0 0.6046875 0.56875 0.04375 0.04375
0 0.08125 0.39375 0.046875 0.0453125
0 0.1640625 0.43125 0.046875 0.0453125
0 0.4484375 0.528125 0.04375 0.04375
0 0.11875 0.421875 0.046875 0.0453125
0 0.225 0.3484375 0.0453125 0.0453125
0 0.41875 0.39375 0.04375 0.04375
0 0.6265625 0.6140625 0.0453125 0.0453125
0 0.253125 0.6671875 0.046875 0.0453125
0 0.4375 0.5765625 0.04375 0.04375
0 0.1265625 0.603125 0.0484375 0.0453125
0 0.7125 0.6375 0.0453125 0.0453125
0 0.6125 0.6625 0.0453125 0.0453125
0 0.5453125 0.653125 0.04375 0.0421875
0 0.1671875 0.53125 0.046875 0.0453125
0 0.1890625 0.6203125 0.046875 0.0453125
0 0.534375 0.5125 0.04375 0.04375
0 0.5609375 0.43125 0.04375 0.04375
0 0.53125 0.7453125 0.0453125 0.04375
0 0.4140625 0.7390625 0.0453125 0.0453125
0 0.58125 0.7515625 0.0453125 0.0453125
0 0.784375 0.7203125 0.046875 0.0453125
0 0.54375 0.6984375 0.0453125 0.04375
0 0.6578125 0.6515625 0.04375 0.04375
0 0.4734375 0.7875 0.0453125 0.046875
0 0.5734375 0.603125 0.04375 0.0421875
0 0.215625 0.396875 0.0453125 0.04375
0 0.2953125 0.4453125 0.0453125 0.04375
0 0.7546875 0.66875 0.046875 0.0453125
0 0.2515625 0.4890625 0.0453125 0.04375
0 0.2625 0.3796875 0.0453125 0.0421875
0 0.7328125 0.5734375 0.04375 0.04375
0 0.709375 0.6859375 0.0453125 0.0453125
0 0.3765625 0.465625 0.04375 0.04375
0 0.646875 0.43125 0.04375 0.0421875
0 0.434375 0.4390625 0.04375 0.04375
0 0.61875 0.7078125 0.04375 0.04375
0 0.25 0.725 0.046875 0.0453125
0 0.6859375 0.725 0.0453125 0.0453125
0 0.63125 0.7515625 0.0453125 0.04375
0 0.721875 0.7828125 0.046875 0.046875
0 0.528125 0.7890625 0.0453125 0.0453125