0 0.3183163150173208 0.37960097207190574 0.029101001809022264 0.04874658267027243
0 0.28869077001484633 0.28857598273390594 0.04127345318850324 0.04264203333863605
0 0.26853540027257117 0.2555089440642698 0.0485946302577247 0.033357940006363405
0 0.27378946630594464 0.2149203067313607 0.041191566033373664 0.04107953333863605
0 0.2131308480340075 0.3580521413908155 0.03362472749876275 0.045676126670909055
0 0.32947290027257115 0.25621801607254213 0.049829581637205855 0.02712612133990877
0 0.303919622344267 0.3559816587364513 0.03049972749876275 0.04563976400381797
0 0.28598849389556447 0.34013848273390596 0.03049972749876275 0.04563976400381797
0 0.3949474140673811 0.3195179947485417 0.03049972749876275 0.04563976400381797
0 0.33071449570458683 0.29219187873963304 0.03979284034363299 0.04418635200509069
0 0.3126262369981596 0.3091793840706331 0.03362472749876275 0.04567612667090888
0 0.24143291044933646 0.4146657680617244 0.04875840456798421 0.03648294000636341
0 0.2529303324301752 0.34444417472945166 0.050157130257724704 0.03337612133990877
0 0.30278649027751997 0.4372680214035422 0.04127345318850324 0.04264203333863605
0 0.98359375 0.42109375 0.0328125 0.0359375
0 0.963144136139077 0.3632145454328136 0.03938340456798421 0.03637385200509069
0 0.9953125 0.46953125 0.009375 0.0359375
0 0.973118922435124 0.47120885876826807 0.03782090456798422 0.036355670671545326
0 0.9180219866594752 0.4783850120941775 0.03954717887824373 0.03949885200509051
0 0.16945609113660254 0.8652999253659985 0.024665807326946343 0.023710220003181702
0 0.35852523518913726 0.8972055480585428 0.02310330732694634 0.02369203866963616
0 0.2971849434660232 0.9340146573838158 0.024665807326946343 0.023710220003181702
0 0.4146247489839472 0.9603964387332697 0.02310330732694634 0.02369203866963616
0 0.43616555631089343 0.9371952960693605 0.023103307326946165 0.02369203866963616
0 0.44751913613907696 0.9592157467377241 0.021458920171816588 0.0221113573360908
0 0.5181060323393183 0.6800533160407254 0.056482373360319825 0.06468066534054522
0 0.7073455947546472 0.7385396200668151 0.05952548620519007 0.06315452800763595
0 0.5503586103584794 0.7507839867122706 0.05039614767057934 0.0677329400063634
0 0.7217555755327704 0.8215702960693605 0.05960737336031983 0.06471702800763594
0 0.5369777838096563 0.8569430800445434 0.07268722749876275 0.04613066000954493
0 0.7787292718238688 0.7487509614099055 0.0670923247398008 0.0585579346753633
0 0.8658065479431505 0.6981702534213596 0.0520405348257091 0.06931362133990895
0 0.668964768205824 0.8444078120623608 0.06273237336031982 0.06475339067472703
0 0.6851076673467414 0.954037350731997 0.06149742198083885 0.0709852093411815
0 0.5077616745828306 0.7581055907065436 0.048915534825709095 0.06927725867281787
0 0.5690400113084191 0.8119760253819068 0.07260534034363308 0.04456816000954511
0 0.5544308774326497 0.9415726187141796 0.05393058344622812 0.07558180267345413
0 0.8247920443251058 0.7946270827498144 0.07161605042954129 0.05548747867599957
0 0.6471650113084191 0.8128850920591791 0.06701043758467104 0.0569954346753633
0 0.5296875 0.53046875 0.059375 0.0421875
0 0.7407645251032291 0.8765123347389967 0.07268722749876275 0.04613066000954511
0 0.6100279387163249 0.5966964707192703 0.06076043758467105 0.05692270934118149
0 0.4875 0.78828125 0.015625 0.0453125
0 0.789454330621153 0.9020941374124509 0.05376680913596861 0.07245680267345414
0 0.6296366745828307 0.7595237347230883 0.057881099050060315 0.061573846674090583
0 0.6213195635469827 0.7093964653882703 0.06956222749876284 0.04609429734245403
0 0.592880303031533 0.7747305640515431 0.06018722749876275 0.045985209341181485
0 0.8662624920865423 0.8982975227561777 0.07762038896415202 0.05087270401018138
0 0.49453125 0.55234375 0.0296875 0.0546875
0 0.8613514213034703 0.6340168467536323 0.07433161465389251 0.04771134134309048
0 0.4875 0.61015625 0.015625 0.0609375
0 0.6998186205352448 0.9119953014003606 0.06108798620519007 0.0631727093411815
0 0.5945512663968018 0.8920089707192703 0.07655585594746528 0.03056020401018138