0 0.8265625 0.5609375 0.034375 0.0328125
0 0.6265625 0.634375 0.0328125 0.03125
0 0.740625 0.5765625 0.03125 0.03125
0 0.70625 0.63125 0.0328125 0.03125
0 0.76875 0.55625 0.03125 0.03125
0 0.7109375 0.5921875 0.0328125 0.03125
0 0.784375 0.60625 0.0328125 0.0328125
0 0.6765625 0.659375 0.0328125 0.0328125
0 0.596875 0.5921875 0.0328125 0.03125
0 0.7984375 0.578125 0.0328125 0.03125
0 0.6515625 0.7234375 0.0328125 0.0328125
0 0.6265625 0.753125 0.034375 0.034375
0 0.653125 0.546875 0.034375 0.0328125
0 0.80625 0.5171875 0.034375 0.0328125
0 0.75 0.6484375 0.0328125 0.0328125
0 0.71875 0.6625 0.0328125 0.0328125
0 0.7359375 0.6171875 0.0328125 0.03125
0 0.821875 0.6171875 0.034375 0.0328125
0 0.678125 0.70625 0.0328125 0.034375
0 0.6796875 0.740625 0.0328125 0.0328125
0 0.7546875 0.51875 0.0328125 0.03125
0 0.6984375 0.771875 0.034375 0.034375
0 0.7109375 0.6984375 0.0328125 0.0328125
0 0.74375 0.6859375 0.0328125 0.0328125
0 0.834375 0.70625 0.034375 0.034375
0 0.79375 0.746875 0.0359375 0.034375
0 0.7828125 0.64375 0.0328125 0.03125
0 0.8 0.6953125 0.034375 0.0328125