0 0.06015625 0.40625 0.1203125 0.109375
0 0.040625 0.1828125 0.08125 0.128125
0 0.3453125 0.50703125 0.103125 0.1234375
0 0.11541654251689781 0.16359024509426517 0.07915542093374794 0.12792868182494194
0 0.47578125 0.1203125 0.0859375 0.096875
0 0.2205465743692776 0.4560562707974277 0.1039734104104042 0.12582235376405215
0 0.46015625 0.2578125 0.1171875 0.1125
0 0.48125 0.503125 0.075 0.1125
0 0.5600611845820377 0.2973445266917457 0.03959312101845254 0.03746550790866543
0 0.5746264005929322 0.5313030326232447 0.037848610495108834 0.03427684091247105
0 0.5529935952747906 0.47247186068413444 0.037848610495108834 0.03427684091247087
0 0.593725011088041 0.49919086958138303 0.037848610495108834 0.03427684091247087
0 0.5718485530402415 0.3369800296574953 0.03950211575678066 0.03590300790866543
0 0.8171875 0.56328125 0.0375 0.0109375
0 0.5933301689381965 0.45218853558899424 0.037848610495108834 0.03427684091247087
0 0.5505812268165868 0.43321835969555134 0.03793961575678069 0.035839340912471054
0 0.5428149584713226 0.5127785257031625 0.039502115756780684 0.03590300790866543
0 0.5671875 0.56015625 0.0375 0.0171875
0 0.6046875 0.56015625 0.0375 0.0171875
0 0.5375 0.54609375 0.0375 0.0359375
0 0.20608777417163351 0.778827925930624 0.08460178413027979 0.08762201680591382
0 0.24047818472321209 0.806854766843095 0.08156778939195171 0.08905718281352523
0 0.4248377741716335 0.7877413053978388 0.09361276308359248 0.08175401878308045
0 0.22421875 0.58984375 0.0984375 0.0421875
0 0.375 0.5828125 0.053125 0.028125
0 0.33201177929213105 0.6336029506452034 0.08616428413027996 0.08768568380210837
0 0.4828125 0.69453125 0.071875 0.0546875
0 0.015625 0.93046875 0.03125 0.0890625
0 0.459375 0.61171875 0.059375 0.0859375
0 0.22263677929213105 0.629146260911596 0.09831567363517095 0.05544618676785795
0 0.4015625 0.96796875 0.075 0.0640625
0 0.49609375 0.60546875 0.0453125 0.0734375
0 0.453125 0.9640625 0.0625 0.071875
0 0.49453125 0.8375 0.0484375 0.1
0 0.34185867419986843 0.8141181215957305 0.06805132096198285 0.09785917984777566
0 0.2556775214702104 0.7072367688202613 0.09315773677523324 0.07394151878308045
0 0.046880832191198166 0.9039022272997681 0.059040342008670164 0.10372717787060921
0 0.09002170036705329 0.647235733231267 0.055642326223654684 0.09891234387822054
0 0.926033337029347 0.7563984634967846 0.07657645250377917 0.13717634783255325
0 0.56640625 0.759375 0.0953125 0.125
0 0.60234375 0.975 0.0828125 0.05
0 0.8240466318241448 0.813324942736538 0.10738683674699842 0.10413835475263547