0 0.1580693966466235 0.06000239399541707 0.06112868969849785 0.04197060087368065
0 0.11543535755694875 0.02613523385118093 0.06243609818322895 0.03888196846486114
0 0.2825914224003787 0.16465613924576444 0.05825878121376711 0.045022865691319504
0 0.40546875 0.159375 0.0265625 0.0375
0 0.2168388766427441 0.16469120041618107 0.06399859818322895 0.03891833605604163
0 0.15516779512941473 0.11472626158659764 0.04365414727484325 0.05715918977951393
0 0.3451548084653343 0.05026763734590336 0.06074605242559432 0.037283100873680655
0 0.1462076411866117 0.20531489399541716 0.04990414727484325 0.057304660144236054
0 0.3302000039137081 0.21429376975472278 0.059821281213767105 0.045059233282499986
0 0.0804228866446838 0.10985561720993094 0.06125623545613248 0.043533100873680654
0 0.23173055300532255 0.19321624391916714 0.06269118969849785 0.04200696846486114
0 0.10497634755500904 0.07755226348645872 0.05382637272903601 0.048038762917777866
0 0.2884590430033828 0.24619707997520884 0.04834164727484325 0.057268292553055565
0 0.3563159648240333 0.18202678362243113 0.05108401000193972 0.05265352773541672
0 0.3697085272515673 0.09467225398715336 0.052391418486670636 0.04956489532659738
0 0.1828125 0.02109375 0.040625 0.0421875
0 0.3375 0.01640625 0.040625 0.0328125
0 0.21170483755306932 0.13169686246027829 0.060363415152690794 0.03259560087368065
0 0.40390625 0.11171875 0.0296875 0.0578125
0 0.29228541573241884 0.19932207997520884 0.05538887272903601 0.048075130508958355
0 0.37031456300726207 0.14478135676069498 0.05487868969849785 0.04182513050895835
0 0.06588189664662343 0.05785670611576421 0.04703423879011233 0.06035692496187508
0 0.23447317360832667 0.2746844494662505 0.05994882697140156 0.04662173328249999
0 0.3734720296674633 0.3170564002636812 0.06179836939505616 0.03106946846486096
0 0.26431965452253114 0.13918336056041714 0.0563136439408634 0.04029899810013902
0 0.10928146815801316 0.15905683662472256 0.04534419303247787 0.058758057370694415
0 0.2806460272515673 0.09259930128986156 0.045089101517208796 0.05563305737069442
0 0.25099022028404505 0.03398671428388944 0.04209164727484342 0.05712282218833344
0 0.39296875 0.06328125 0.0515625 0.0359375
0 0.40703125 0.02578125 0.0234375 0.0515625
0 0.28903235422296875 0.047395904063403285 0.046396510001939714 0.05254442496187508
0 0.2255119881618925 0.05844120041618099 0.05108401000193972 0.05265352773541672
0 0.3709208566388648 0.27159842989895894 0.05446410151720862 0.055851262917777866
0 0.321813161190491 0.10608122625173663 0.04952151000193972 0.05261716014423605
0 0.15733633088510962 0.16487173195131985 0.058003689698497854 0.0418978656913195
0 0.41328125 0.19609375 0.0109375 0.0546875
0 0.06953125 0.009375 0.0484375 0.01875
0 0.26814680087929055 0.3224322716545839 0.043909238790112326 0.060284189779513754
0 0.17541690906445906 0.2310422458190282 0.031664330305381405 0.0631182490500695
0 0.37734375 0.01640625 0.0515625 0.0328125
0 0.1078125 0.93828125 0.165625 0.1234375
0 0.20991816544255482 0.7339867142838894 0.1749355824314133 0.19433449430041688
0 0.2786367302859848 0.8702164614340978 0.15698280788560606 0.18455945079743064
0 0.37734375 0.834375 0.0828125 0.19375
0 0.24429342331846265 0.8114947716545838 0.173755719704317 0.1989856267092362
0 0.653031726033921 0.9351816191097921 0.08778678454774687 0.0628649823325695
0 0.9488538933126435 0.7823891531134727 0.09378169303247788 0.0598854526972918
0 0.910110128768776 0.7392197281515978 0.09499350666795969 0.03652068787965277
0 0.7678592427038204 0.8517534829012504 0.0888391015172088 0.05665134992375016
0 0.8750332402879245 0.6319514355985422 0.09094373545613248 0.04422408510611113
0 0.9859375 0.7 0.028125 0.084375
0 0.7385546378526318 0.923082969033542 0.09052914727484325 0.05825021751493065
0 0.6774890763431818 0.7698111922480558 0.05663237939699588 0.08241376291777769
0 0.9618643342190895 0.8531380642076394 0.0720022878817268 0.07965243882958326
0 0.8549441387707157 0.6862752596867365 0.09014651000193971 0.05356271751493065
0 0.8921875 0.9625 0.04375 0.075
0 0.8543388766427441 0.8662900680073615 0.0832268303053814 0.06431837955902786
0 0.73359375 0.98984375 0.0953125 0.0203125
0 0.759185099681041 0.6511716014423615 0.09119882697140155 0.04734908510611113
0 0.6745544924139563 0.498916810789167 0.0906886439408634 0.041099085106111224
0 0.9253849581560736 0.9164732123840282 0.05363492515463033 0.08390352773541672
0 0.741488448154134 0.9638534393982642 0.08925368969849785 0.04262521751493065
0 0.8167105572573863 0.6368558347248616 0.04674719636645754 0.07594555737069442
0 0.7200592136160854 0.766105617209931 0.05494233363936134 0.08081489532659739
0 0.8544025205836074 0.8271548328250005 0.08112219636645772 0.0767456443766669
0 0.7972274914958725 0.7412887615865976 0.08584164727484342 0.05814111474138901
0 0.78753375603974 0.7833307912218753 0.09199605242559432 0.038010452697291794
0 0.7525207693756595 0.7136352338511809 0.08730855242559432 0.03790134992375016
0 0.8803909357362982 0.7964503466927088 0.05337983363936125 0.08077852773541672
0 0.6399571254347961 0.750152002468542 0.07187474212409226 0.07808993882958326
0 0.7581966845283502 0.6824579690335421 0.08718100666795969 0.03633884992375016
0 0.8673173666408044 0.9182526115103478 0.0868939642443051 0.0519274823325695
0 0.814415507247688 0.8951047458190281 0.09212359818322895 0.039572952697291795
0 0.917030066341242 0.8270470364722227 0.0532522878817268 0.07921602773541672