0 0.4952698821317572 0.020572446465093642 0.035976041356328814 0.03738242280870363
0 0.32253020305759067 0.15178136465564887 0.03917381596343476 0.03921832488222208
0 0.6884120682352372 0.15899252309074213 0.03917381596343468 0.03921832488222208
0 0.32506869809519195 0.07154706050861179 0.03590326674922295 0.03581992280870363
0 0.8815070967712844 0.24560786003750046 0.0293621683207995 0.02902311866166656
0 0.9732237158778723 0.26111669990546355 0.027726893713693725 0.027323917624907424
0 0.9890625 0.33671875 0.021875 0.0296875
0 0.9197690760931199 0.22500283411851907 0.027799668320799588 0.028886417624907422
0 0.9572733841986718 0.28918291130981544 0.027799668320799588 0.028886417624907422
0 0.9890625 0.16953125 0.021875 0.0265625
0 0.9704582808078497 0.20174169990546353 0.026164393713693723 0.02718721658814811
0 0.9856851745215434 0.22551139057463027 0.026237168320799496 0.02874971658814811
0 0.9475302030575907 0.21472971545685232 0.027799668320799588 0.028886417624907422
0 0.9562973891610707 0.3692805144200932 0.02787244292790536 0.030448917624907423
0 0.15195222166884054 0.7584223439204637 0.0851070541766104 0.0899209539114814
0 0.33931098056018066 0.8063541215828713 0.0895762303552928 0.08564355702175916
0 0.3949402423470049 0.754421183222779 0.0685017510334573 0.1009172425071295
0 0.2542467758454509 0.8326226786046306 0.09964043507002263 0.06785046427907382
0 0.14756012820281583 0.8325433491042599 0.07297092721213971 0.09663984561740727
0 0.22666112324041707 0.7456106941560194 0.07297092721213971 0.09663984561740727
0 0.38833498552257933 0.8820772915168531 0.09538958271265763 0.07681536116879606
0 0.17841633002206142 0.9224069314793526 0.07609592721213972 0.09691324769092588
0 0.08364317741702751 0.8412730916113894 0.06999147642635144 0.09949144354388881
0 0.09765625 0.978125 0.0984375 0.04375
0 0.3443709698068137 0.9486783226196307 0.09807793507002263 0.06771376324231468
0 0.09538550620074382 0.9249645864275932 0.09262845574818704 0.08435445909527761
0 0.45234375 0.959375 0.0953125 0.08125
0 0.2578125 0.97734375 0.065625 0.0453125
0 0.02421875 0.92578125 0.0484375 0.0984375
0 0.9765625 0.5765625 0.046875 0.05625