0 0.4151448066495778 0.1421955454004639 0.03790279172311415 0.03896434091247088
0 0.24896652872127362 0.24875324600848625 0.03790279172311406 0.03896434091247105
0 0.23494389303648192 0.4270692469970694 0.03954717887824381 0.04059050790866543
0 0.42035020579049504 0.25112487642710324 0.03782090456798422 0.037401840912470875
0 0.3953568498430299 0.2817673813700191 0.03782090456798422 0.037401840912470875
0 0.471875 0.25390625 0.015625 0.0390625
0 0.44287365897899844 0.20810970547657615 0.03782090456798422 0.037401840912470875
0 0.1751881919956852 0.19874792882201148 0.03946529172311397 0.03902800790866543
0 0.2787226277713339 0.18673340707318165 0.03790279172311415 0.03896434091247088
0 0.34086850294067605 0.0719413952101835 0.03954717887824373 0.04059050790866543
0 0.3101297580290588 0.1527112341454881 0.03790279172311415 0.03896434091247088
0 0.2875775701057034 0.43427956912646015 0.03954717887824373 0.04059050790866543
0 0.44462650949939675 0.3234163704956042 0.04119156603337348 0.04221667490485981
0 0.4023305461341282 0.20820254737763033 0.03790279172311415 0.03896434091247088
0 0.9495397388071819 0.2624550127772192 0.02310330732694634 0.02432883794672147
0 0.9235570929456248 0.2822236847163294 0.024665807326946166 0.02439250494291585
0 0.9020915287212736 0.2753025226630509 0.024665807326946166 0.02439250494291585
0 0.8675461103584794 0.25020436357552195 0.024665807326946166 0.02439250494291585
0 0.8586557892367231 0.2115875325488826 0.024665807326946166 0.02439250494291585
0 0.9488713534610744 0.21570734676960795 0.024665807326946166 0.02439250494291585
0 0.9145782406162042 0.21554552068588456 0.024665807326946166 0.02439250494291585
0 0.8325093690649066 0.23448120448799292 0.024665807326946343 0.02439250494291585
0 0.8809468690649066 0.23250752760596677 0.024665807326946343 0.02439250494291585
0 0.9508499332892579 0.2374550127772192 0.024665807326946166 0.02439250494291585
0 0.881267773632891 0.19663369460216112 0.024665807326946343 0.02439250494291585
0 0.902739981909777 0.2331786896592453 0.02310330732694634 0.02432883794672147
0 0.9079254488930901 0.25323652167446775 0.024665807326946166 0.02439250494291585
0 0.9278285131174414 0.2602213507239407 0.024665807326946343 0.02439250494291585
0 0.9274124332892579 0.23841001772013506 0.024665807326946166 0.02439250494291585
0 0.2451797874277009 0.7039209070731817 0.08410940637700666 0.08762201680591382
0 0.295985370873929 0.6270108971873498 0.09282930913596843 0.07550401878308026
0 0.44921875 0.69296875 0.0609375 0.0828125
0 0.44375 0.89453125 0.071875 0.1046875
0 0.2798070929456248 0.7274565661607106 0.08271068068726599 0.09068334980971962
0 0.4734375 0.8828125 0.0125 0.109375
0 0.26015625 0.56796875 0.0984375 0.0171875
0 0.03515625 0.87265625 0.0703125 0.0921875
0 0.37109375 0.5734375 0.0859375 0.028125
0 0.384412705790495 0.7247533774156864 0.06913950361804452 0.09948534684397004
0 0.08665687924167198 0.8429091057040375 0.06025582654882315 0.10847834486680377
0 0.12421875 0.59375 0.0546875 0.06875
0 0.49140625 0.60234375 0.0234375 0.0859375
0 0.5572017526019918 0.8201534021302657 0.10179487336031982 0.06807352076024671
0 0.6663377351891373 0.8500080454004639 0.09529256784239593 0.09275518577927463
0 0.6394764213034703 0.6187872203053237 0.06938516508343398 0.10417284684397003
0 0.6921875 0.96328125 0.10625 0.0734375
0 0.50546875 0.68984375 0.0515625 0.0671875
0 0.574437919494448 0.6697714001530993 0.09356629353213641 0.08956651878308045
0 0.6120397388071819 0.7555523912558508 0.0990793091359686 0.07575868676785795
0 0.49921875 0.95390625 0.0390625 0.0921875