0 0.32675214244305123 0.18778497941639252 0.04394118969849785 0.04394118969849785
0 0.46744001275619135 0.4662284569966172 0.04901132697140156 0.04901132697140156
0 0.53359375 0.28984375 0.0328125 0.0453125
0 0.06536836122928431 0.1229899294066941 0.047448826971401556 0.04888378121376711
0 0.24505560335337656 0.21371000850412755 0.04563123545613248 0.045631235456132305
0 0.1513058612292843 0.1300049460765936 0.04563123545613248 0.04563123545613248
0 0.0841820051701477 0.16332788698303952 0.04732128121376693 0.04732128121376711
0 0.03625494607659361 0.08957165152690702 0.04732128121376702 0.04732128121376711
0 0.1314713354755291 0.22927162243917198 0.04732128121376693 0.04732128121376693
0 0.09374819486864565 0.20446307001357766 0.04575878121376693 0.04719373545613248
0 0.5191937024546893 0.5108073754832878 0.04901132697140156 0.04901132697140156
0 0.534375 0.478125 0.03125 0.053125
0 0.4067900709316616 0.29365208426758116 0.04719373545613248 0.04575878121376711
0 0.5200870385099465 0.36964024154436415 0.05057382697140156 0.04913887272903601
0 0.19314241698885848 0.18619104425982247 0.04732128121376711 0.04732128121376693
0 0.759436838809509 0.2940027706320992 0.05226387272903601 0.050828918486670635
0 0.7010507697140153 0.16817385214542852 0.05057382697140156 0.04913887272903601
0 0.8264965351759667 0.37397705517984603 0.05382637272903601 0.05095646424430509
0 0.853125 0.56875 0.05 0.021875
0 0.809375 0.56484375 0.05 0.0296875
0 0.8424400127561913 0.4932372382103843 0.052518964244305265 0.05395391848667046
0 0.8078104369927379 0.3352015976035007 0.05057382697140156 0.04913887272903601
0 0.7190993969849793 0.12308449275231208 0.05382637272903601 0.05095646424430526
0 0.7591181033533765 0.2520703621473682 0.04706618969849785 0.044196281213767105
0 0.65234375 0.01328125 0.0484375 0.0265625
0 0.4734375 0.97734375 0.1 0.0453125
0 0.33096141032089876 0.9180787730479951 0.10197683030538159 0.07040783697334127
0 0.22212880213573022 0.8207257988017502 0.0916451081851685 0.09594997091226495
0 0.30156121062046115 0.8241056324411117 0.07809279121570664 0.10105205909355419
0 0.148818590017457 0.8923459651623891 0.07366038273097572 0.10379442182065049
0 0.42174590698691883 0.9084164727484328 0.09425992515463033 0.08995506242753404
0 0.16328125 0.96875 0.1015625 0.0625
0 0.21887599850218792 0.8949605242559432 0.0782203369733411 0.10261455909355402
0 0.25234375 0.97421875 0.0828125 0.0515625
0 0.4771669885002483 0.8648257115385451 0.07040783697334127 0.1019768303053814
0 0.071875 0.95703125 0.084375 0.0859375
0 0.6071727082045651 0.8712357239563808 0.025350686364518184 0.025350686364518003
0 0.56171875 0.834375 0.0234375 0.025
0 0.5827784860843522 0.8956299460765937 0.02547823212215263 0.026913186364518005
0 0.565878028508007 0.8787294885002483 0.025350686364518003 0.025350686364518184
0 0.5637100085041276 0.7761146715307864 0.025350686364518184 0.025350686364518003
0 0.553125 0.7859375 0.00625 0.025
0 0.6496469927523121 0.9352343221396096 0.02547823212215263 0.026913186364518005