0 0.4822195795420095 0.14303725796889707 0.053035271103318495 0.08798060124083733
0 0.26717878083925567 0.34024076785625423 0.09217959172016954 0.0953996173323807
0 0.16299802110002304 0.18313882601824139 0.051554591720169365 0.09255884059717552
0 0.7920309561652149 0.4734688950759919 0.044540932629559826 0.048371798022528625
0 0.83046875 0.49453125 0.0453125 0.0484375
0 0.748280956165215 0.4704095970534633 0.04610343262955983 0.04848105866619044
0 0.7457093352240524 0.41248783640980163 0.04607615909060954 0.046918558666190435
0 0.37673323863261904 0.6348862683604573 0.0719761858759707 0.10022922896477801
0 0.015625 0.55625 0.03125 0.075
0 0.0546875 0.74609375 0.109375 0.1171875
0 0.7921875 0.96015625 0.096875 0.0796875
0 0.74609375 0.97265625 0.0984375 0.0546875
0 0.9052171542193456 0.757766757464694 0.11717959172016937 0.09714778763096836