0 0.234375 0.31725466995201346 0.028125 0.031489831893687634
0 0.340625 0.36156347932816735 0.0296875 0.03002746144333699
0 0.2203125 0.3460410040051697 0.028125 0.031489831893687634
0 0.3203125 0.3852617951827263 0.0296875 0.03158996144333699
0 0.290625 0.2911718337393891 0.028125 0.029927331893687636
0 0.259375 0.2844817427464026 0.0296875 0.03158996144333699
0 0.3046875 0.3201979996862329 0.028125 0.029927331893687636
0 0.296875 0.34938485193798635 0.028125 0.031489831893687814
0 0.3375 0.3301132202288687 0.0296875 0.030027461443337167
0 0.3140625 0.26767377698412886 0.028125 0.029927331893687636
0 0.246875 0.3727432063492081 0.0296875 0.033152461443336986
0 0.2671875 0.34904489049464926 0.028125 0.031489831893687814
0 0.3203125 0.2961992951827262 0.028125 0.029927331893687813
0 0.2734375 0.3197579086932466 0.028125 0.029927331893687636
0 0.2859375 0.37524644509044114 0.028125 0.031489831893687814
0 0.84375 0.22877435841639135 0.0328125 0.033352720542635696
0 0.85 0.3338623766149887 0.0328125 0.0349152205426357
0 0.809375 0.17032150832410622 0.03125 0.033252590992986344
0 0.721875 0.21471425354374424 0.0328125 0.0349152205426357
0 0.8421875 0.1911742288667421 0.03125 0.033252590992986344
0 0.7890625 0.22839482417866516 0.03125 0.033252590992986344
0 0.678125 0.21816062615356327 0.0328125 0.033352720542635696
0 0.6625 0.2452843306570701 0.0328125 0.033352720542635696
0 0.634375 0.1856694987633823 0.0328125 0.0349152205426357
0 0.89375 0.16166600400516967 0.0328125 0.033352720542635696
0 0.775 0.2571811582318212 0.03125 0.033252590992986344
0 0.7828125 0.18580680598006777 0.03125 0.033252590992986344
0 0.709375 0.17953821714654977 0.03125 0.033252590992986344
0 0.7453125 0.1927786967884842 0.03125 0.033252590992986344
0 0.6328125 0.218381869213733 0.0328125 0.033352720542635696
0 0.884375 0.22356522670727372 0.0328125 0.033352720542635696
0 0.85625 0.13270039481358592 0.03125 0.03169009099298634
0 0.7390625 0.2533156785898868 0.03125 0.033252590992986344
0 0.6546875 0.2775961829088235 0.0328125 0.0349152205426357
0 0.5984375 0.17242901912144787 0.0328125 0.0349152205426357
0 0.8234375 0.12747267427095021 0.03125 0.033252590992986344
0 0.7 0.24456243984865383 0.03125 0.033252590992986344
0 0.6609375 0.16080920110742075 0.0328125 0.033352720542635696
0 0.5890625 0.25932824182355196 0.0328125 0.0349152205426357
0 0.625 0.13038122146548634 0.03125 0.03481509099298634
0 0.803125 0.273045990125509 0.03125 0.033252590992986344
0 0.6578125 0.12935894200812212 0.0328125 0.0349152205426357
0 0.59375 0.1377536304725 0.0328125 0.0349152205426357
0 0.0453125 0.6613146391103732 0.046875 0.04675388648947969
0 0.2953125 0.5570228670542646 0.04375 0.048116127390180986
0 0.02109375 0.93828125 0.0421875 0.0515625
0 0.2125 0.7235910009228507 0.046875 0.04675388648947969
0 0.153125 0.5744735780361765 0.046875 0.0483163864894796
0 0.1046875 0.6166820619970474 0.046875 0.0483163864894796
0 0.1 0.7616941733480995 0.046875 0.048316386489479515
0 0.19375 0.6005144463270587 0.046875 0.04987888648947969
0 0.2359375 0.8438429441675904 0.046875 0.04987888648947951
0 0.08671875 0.53125 0.0484375 0.025
0 0.078125 0.569667359653009 0.0484375 0.04997901603912895
0 0.38046875 0.53515625 0.0453125 0.0328125
0 0.3453125 0.585227012643043 0.0453125 0.04977875693983034
0 0.28125 0.7733092011074207 0.046875 0.048316386489479515
0 0.2375 0.6798805737172398 0.046875 0.04831638648947969
0 0.2953125 0.6835853670542646 0.0453125 0.04977875693983034
0 0.0625 0.9577285641565159 0.0484375 0.05154151603912886
0 0.2640625 0.5940827760612782 0.046875 0.04987888648947969
0 0.2453125 0.5444437214654864 0.04375 0.048116127390180986
0 0.7890625 0.9002140576781109 0.0359375 0.0382404796419344
0 0.9703125 0.935266585437432 0.034375 0.03657785009228505
0 0.8890625 0.9238098488556673 0.034375 0.03657785009228505
0 0.99375 0.91015625 0.0125 0.0359375
0 0.9109375 0.8845866625507579 0.034375 0.03657785009228505
0 0.7546875 0.8698862075858258 0.0359375 0.0366779796419344
0 0.9390625 0.9113889944444458 0.0328125 0.03647772054263569
0 0.9 0.8495107557032127 0.0359375 0.0366779796419344