0 0.459375 0.03203125 0.053125 0.0640625
0 0.52734375 0.08046875 0.0234375 0.0796875
0 0.51484375 0.02421875 0.0484375 0.0484375
0 0.2953125 0.0125 0.053125 0.025
0 0.485545729751216 0.12257260874414921 0.07830853847458741 0.05311968281352506
0 0.9300347958157996 0.21602281429508743 0.07364088584218216 0.09817751482874755
0 0.56171875 0.13359375 0.0453125 0.1046875
0 0.609375 0.31953125 0.1125 0.0796875
0 0.24802090398316762 0.7242571255500632 0.03390377404661713 0.032587006920082116
0 0.2579266720393349 0.8291992935348407 0.033958337748947895 0.0341495069200823
0 0.21168161069925678 0.6666064516337865 0.03234127404661713 0.032523339923887916
0 0.1259276491738442 0.7130410998469007 0.033958337748947895 0.03414950692008212
0 0.24514887512722705 0.6866934585538689 0.03234127404661713 0.032523339923887916
0 0.19344253138782933 0.7251537806832594 0.03234127404661713 0.032523339923887916
0 0.08239590398316761 0.7175084239534577 0.03390377404661713 0.032587006920082116
0 0.06775305062512293 0.7449967539915138 0.03390377404661713 0.0325870069200823
0 0.037609193638881246 0.6860382480600148 0.033958337748947895 0.03414950692008212
0 0.29556553737827906 0.6559819694282837 0.03390377404661713 0.032587006920082116
0 0.1804167417321155 0.7542682777175098 0.03234127404661713 0.032523339923887916
0 0.1857193114248962 0.6827116126984819 0.03234127404661713 0.032523339923887916
0 0.11222724772256534 0.6781567638773455 0.03234127404661713 0.032523339923887916
0 0.14854669363888134 0.6905586047898165 0.03234127404661713 0.032523339923887916
0 0.03719253138782923 0.7187870810638203 0.03390377404661713 0.0325870069200823
0 0.28837308547151325 0.7180999674511174 0.03390377404661713 0.032587006920082116
0 0.2571379544386545 0.6278914615196183 0.03228671034428636 0.030960839923887918
0 0.14442467802978465 0.751241436805039 0.03234127404661713 0.032523339923887916
0 0.06108638837407092 0.7774909190105419 0.033958337748947895 0.03414950692008212
0 0.00859375 0.6734375 0.0171875 0.034375
0 0.2242163270339928 0.6234294545995361 0.03234127404661713 0.032523339923887916
0 0.10514392322046122 0.7433997619001792 0.03234127404661713 0.032523339923887916
0 0.06324411069925677 0.6605580869953194 0.03390377404661713 0.032587006920082116
0 0.00546875 0.759375 0.0109375 0.034375
0 0.026324464057301357 0.6309687460828484 0.0323958377489479 0.03408583992388792
0 0.2090328150530932 0.7694767836490091 0.03234127404661713 0.032523339923887916
0 0.059027836652639644 0.6291807530029306 0.033958337748947895 0.03414950692008212
0 0.00546875 0.63828125 0.0109375 0.0328125
0 0.6056945386442234 0.8849559091247101 0.024255955534962848 0.02439250494291585
0 0.6331846215838479 0.9126007480600148 0.024310519237293705 0.02595500494291585
0 0.5764981119652012 0.8978087361970166 0.024255955534962848 0.02439250494291585
0 0.5844544557045989 0.857565738174183 0.024255955534962757 0.02439250494291585
0 0.5789881949048257 0.924434903193211 0.024255955534962848 0.02439250494291585
0 0.6266419557045989 0.8592847470714314 0.024255955534962757 0.02439250494291585
0 0.5720487141421193 0.9491165682122389 0.025873019237293703 0.026018671939110227
0 0.5551489016209148 0.8672935652464895 0.024255955534962848 0.02439250494291585
0 0.5589088186812903 0.8409220662350727 0.024255955534962848 0.02439250494291585
0 0.6269544689514428 0.9575949130790427 0.024310519237293705 0.02595500494291585
0 0.5514435482628702 0.8952275642579064 0.024255955534962848 0.02439250494291585
0 0.5453125 0.85 0.0125 0.025
0 0.5539336312024948 0.9218537312541008 0.022693455534962846 0.024328837946721648