0 0.26875 0.73125 0.0234375 0.0234375
0 0.315625 0.69375 0.0234375 0.0234375
0 0.334375 0.6765625 0.021875 0.0234375
0 0.3 0.6515625 0.0234375 0.025
0 0.421875 0.7015625 0.0234375 0.0234375
0 0.375 0.7328125 0.0234375 0.0234375
0 0.3359375 0.7328125 0.0234375 0.0234375
0 0.4109375 0.6375 0.0234375 0.0234375
0 0.3609375 0.7125 0.021875 0.0234375
0 0.29375 0.734375 0.021875 0.0234375
0 0.3265625 0.5796875 0.0234375 0.0234375
0 0.384375 0.7 0.0234375 0.0234375
0 0.3078125 0.621875 0.0234375 0.0234375
0 0.359375 0.6875 0.0234375 0.0234375
0 0.296875 0.7078125 0.0234375 0.0234375
0 0.33125 0.709375 0.021875 0.0234375
0 0.3125 0.6703125 0.021875 0.0234375
0 0.2859375 0.6890625 0.0234375 0.0234375
0 0.2640625 0.70625 0.0234375 0.0234375
0 0.3140625 0.7234375 0.0234375 0.021875