0 0.17421875 0.37734375 0.0359375 0.0234375
0 0.9724801244396865 0.08148025138427598 0.03376724623907634 0.0349152205426357
0 0.9890625 0.05546875 0.021875 0.0359375
0 0.8434745860390265 0.04973199876338228 0.035329746239076344 0.03501535009228505
0 0.98203125 0.0078125 0.0359375 0.015625
0 0.8968890910535915 0.09698653300110856 0.035329746239076344 0.03501535009228505
0 0.43408286566419785 0.6558165222037668 0.028943353919208194 0.029927331893687813
0 0.43802621958340604 0.6278917813030656 0.028943353919208194 0.029927331893687813
0 0.4882702604913483 0.6765085564414932 0.028943353919208194 0.029927331893687813
0 0.43312811942512147 0.6886290222037669 0.030551318025830908 0.03158996144333699
0 0.52578125 0.62734375 0.0078125 0.0296875
0 0.5070035401165194 0.6244849814876356 0.03050585391920819 0.030027461443337077
0 0.47382732726353805 0.6348822609449999 0.03050585391920819 0.030027461443337167
0 0.52578125 0.66328125 0.0078125 0.0296875
0 0.46098033478538536 0.6998063540974547 0.028943353919208194 0.029927331893687813
0 0.45867368870459363 0.671481094998156 0.028943353919208194 0.029927331893687636
0 0.515625 0.68203125 0.028125 0.0296875
0 0.4043499015575751 0.6554765607604298 0.03050585391920819 0.030027461443337167
0 0.4695824449727998 0.7269696313953506 0.030551318025830908 0.03158996144333699
0 0.5046226861973112 0.6525098519379864 0.03050585391920819 0.03002746144333699
0 0.49062237067876263 0.7032713155407918 0.03050585391920819 0.030027461443337167
0 0.52578125 0.70078125 0.0078125 0.0328125
0 0.98828125 0.68203125 0.0234375 0.0265625
0 0.9260979032734348 0.9279361443521605 0.027335389812585476 0.02826470234403846
0 0.963416046846944 0.9365892535437442 0.025772889812585475 0.028164572794389286
0 0.9707979524946472 0.7366893830933936 0.025727425705962936 0.026602072794389107
0 0.8792182062555709 0.763694369213733 0.025727425705962936 0.026602072794389107
0 0.9497580267886843 0.7603876989479524 0.02572742570596276 0.026602072794389107
0 0.9312975318032493 0.8030362739018099 0.025772889812585475 0.02816457279438911