0 0.28813592365681834 0.4639850389635211 0.026913186364518005 0.023873876623205524
0 0.4189076915346657 0.43666678815274224 0.025223140606883375 0.022284103084255057
0 0.39869078638391464 0.457361117698047 0.025223140606883375 0.022284103084255057
0 0.3615734236568183 0.4627031826328551 0.025350686364518184 0.023846603084255236
0 0.4586396133553162 0.5016917702958347 0.025350686364518003 0.023846603084255236
0 0.8224470218400471 0.36529062013367897 0.09907497091226496 0.08598413879807013
0 0.6990095218400472 0.3674452297107559 0.09751247091226496 0.08595686525911965
0 0.8119882697140153 0.23716562013367898 0.0992025166698994 0.08754663879807012
0 0.6822693345574452 0.10486340909390482 0.09451501666989941 0.08746481818121907
0 0.8042718803150798 0.1042985730557783 0.0913900166698994 0.08741027110331831
0 0.6898581781987462 0.23616795617180547 0.09607751666989942 0.08749209172016936
0 0.7067259112389827 0.5003122767886565 0.09607751666989942 0.08749209172016936
0 0.8332884112389827 0.49810312013367897 0.09438747091226496 0.08590231818121907
0 0.71875 0.61328125 0.1 0.0515625
0 0.8421875 0.61171875 0.096875 0.0546875
0 0.38359375 0.65 0.0484375 0.021875
0 0.590625 0.65859375 0.05625 0.0390625
0 0.5468726791168301 0.6873019878284307 0.04547173879011233 0.060084112012708954
0 0.48641341123898263 0.7133929293864443 0.058641418486670635 0.04939207386326174
0 0.5282499669985569 0.7658633644516362 0.04429187606301603 0.06474433847375849
0 0.54609375 0.64765625 0.0578125 0.0171875
0 0.4171875 0.66640625 0.034375 0.0546875
0 0.98828125 0.9734375 0.0234375 0.053125