0 0.30234375 0.00625 0.0421875 0.0125
0 0.14439704005363146 0.0852292027337028 0.04201253737886681 0.04560502591898139
0 0.09181834327194016 0.07276886748388804 0.040340776735205086 0.043905824882222076
0 0.6366609497085575 0.24997379085823965 0.025076409654926125 0.0254880155513888
0 0.7250350348578514 0.24512904891675796 0.023404649011264312 0.023788814514629664
0 0.5503735244662912 0.1575334296894435 0.0217328883676025 0.022089613477870352
0 0.5820498593634835 0.22161505353490635 0.023404649011264312 0.023788814514629664
0 0.5336123593634835 0.21737732139536944 0.023404649011264312 0.023788814514629664
0 0.6337980296620713 0.2009894867112026 0.023404649011264312 0.023788814514629664
0 0.5412391890648958 0.24319752761592497 0.023404649011264312 0.023788814514629664
0 0.6117045083747479 0.202200672196573 0.02184214901126431 0.02365211347787035
0 0.3876542752225959 0.6332565996234251 0.10568155347041017 0.08999886635259244
0 0.2847477965099193 0.6211093311973142 0.09518109604505716 0.09529195909527761
0 0.46484375 0.3546875 0.1078125 0.0875
0 0.4074647586268494 0.8220648213953694 0.07116444183801285 0.1071672425071295
0 0.4053445197747142 0.6725337131012954 0.10524451089576328 0.08374886635259245
0 0.3096820945324479 0.5792731457119438 0.0938371173323806 0.0982802580585183
0 0.1956852965099193 0.6133173721020365 0.103791271539425 0.08517466531583313
0 0.199379470995881 0.9201920886901845 0.10658848960843983 0.08076056738935158
0 0.20537737076344992 0.6770476814328699 0.10840236188449896 0.0622839694628702
0 0.27070743982120044 0.7094883260135179 0.10088479282674853 0.08802626324231469
0 0.2182272960057162 0.763063093873981 0.09841535668871888 0.09712786116879606
0 0.5 0.83515625 0.0375 0.0828125
0 0.35383628611835916 0.5548390737044436 0.09674359604505707 0.09542866013203692
0 0.14758701407473102 0.7615990472198144 0.07875842055068931 0.10472574769092588
0 0.39628659402824484 0.7346236099910175 0.09808757475773362 0.09244036116879606
0 0.21388972124798253 0.8475747949107401 0.10447968639013112 0.07281136635259244
0 0.490625 0.709375 0.05625 0.109375
0 0.09531468386911568 0.8796464181905552 0.10516810124083724 0.06044806738935158
0 0.0390625 0.95078125 0.071875 0.0984375
0 0.7583824024423336 0.6918276831298135 0.03332595222957302 0.032421520735185186
0 0.525 0.778125 0.0125 0.034375
0 0.7566120888324648 0.6272183789827764 0.03332595222957302 0.032421520735185186
0 0.7717236366028917 0.6584095903871281 0.03499771287323465 0.03412072177194432
0 0.6677574024423336 0.6838990229977766 0.03187271287323483 0.03384731969842587
0 0.8427138437761432 0.7447954411883317 0.03499771287323465 0.03412072177194432
0 0.5956531734775554 0.7483333784171285 0.03343521287323483 0.03398402073518518
0 0.7292954720042871 0.5682343582475913 0.03176345222957302 0.03228481969842587
0 0.550045742535306 0.7710682493878693 0.03187271287323483 0.03384731969842587
0 0.6010940623493612 0.5805990742700915 0.03176345222957302 0.03228481969842587
0 0.6876985618451581 0.7359495385491653 0.03343521287323483 0.03398402073518518
0 0.602481599728228 0.5382748732333322 0.03176345222957302 0.03228481969842587
0 0.7124578972465535 0.6516524509902764 0.03332595222957302 0.032421520735185186
0 0.5296875 0.56640625 0.021875 0.0328125
0 0.708141737843729 0.6009689458064802 0.03176345222957302 0.03228481969842587
0 0.642593147498655 0.5716533012258321 0.03176345222957302 0.03228481969842587
0 0.6176809927874075 0.7030987908582396 0.03187271287323483 0.03384731969842587
0 0.7518267638226295 0.7855776831298135 0.03499771287323465 0.03412072177194432
0 0.5633869766958641 0.7376501566451841 0.03187271287323483 0.03384731969842587
0 0.5409870888324647 0.608353635909999 0.03176345222957302 0.03228481969842587
0 0.6625343069014795 0.6237038167772211 0.03176345222957302 0.03228481969842587
0 0.6606661682817754 0.7178639198874988 0.03176345222957302 0.03228481969842587
0 0.52265625 0.5375 0.0078125 0.03125
0 0.6376000088789509 0.6655400022625915 0.03176345222957302 0.03228481969842587
0 0.5504934927874074 0.6972206462775916 0.03187271287323483 0.03384731969842587
0 0.5801917004648621 0.6322203628657397 0.03176345222957302 0.03228481969842587
0 0.53125 0.63828125 0.025 0.0328125
0 0.5564592695226127 0.65686904835111 0.03176345222957302 0.03228481969842587
0 0.5853055353620544 0.6939780690862952 0.03176345222957302 0.03228481969842587
0 0.6335352217521856 0.6337431981155544 0.031872712873234656 0.03384731969842587
0 0.6070055727409214 0.6534309815274063 0.03176345222957302 0.03228481969842587
0 0.6404079346254203 0.6029033012258321 0.03176345222957302 0.03228481969842587