0 0.19927331893687777 0.12594982196101728 0.07896560919158375 0.04419835080120356
0 0.040312635714287205 0.4336667027337028 0.048656347932816854 0.08039012902925916
0 0.2178182695828733 0.3668482240345359 0.0608559592838688 0.07679623732333311
0 0.2518952760612782 0.24397665202703572 0.07149307063492075 0.07306564458064813
0 0.28206004472130086 0.4237420644681468 0.060755829734219446 0.07523373732333312
0 0.2798176218346267 0.36450376550490604 0.06993057063492074 0.07292894354388882
0 0.1826632171465498 0.3031767032993507 0.07644138648947951 0.05329994872768502
0 0.33084229641934393 0.21514760593851703 0.07285531153562222 0.07007734561740726
0 0.15502027606127822 0.2355011877479619 0.036056218383167506 0.07773402073518518
0 0.3342886690291628 0.1719444100855541 0.07149307063492075 0.07306564458064795
0 0.10848523750461539 0.2609509556084249 0.059193329734219445 0.07509703628657398
0 0.28160136489479637 0.31960136861518385 0.06836807063492074 0.0727922425071295
0 0.24446470542635748 0.17651574995351718 0.04396884793281686 0.07998002591898139
0 0.2790399645256561 0.1826481727622209 0.043968847932816676 0.07998002591898139
0 0.20736522362495471 0.1794849250712951 0.044068977482466035 0.0815425259189814
0 0.2914932063492081 0.5224529665416654 0.06993057063492074 0.07292894354388864
0 0.33288206507936646 0.39245239971796153 0.048656347932816854 0.08039012902925916
0 0.2314616625507579 0.2888011364756469 0.03761871838316751 0.07787072177194432
0 0.30924670110742075 0.266085389350369 0.06993057063492074 0.07292894354388864
0 0.3384125693983031 0.30903430697527623 0.051881477482466035 0.0822260311027776
0 0.3275518198597284 0.47899549246064677 0.04709384793281686 0.08025342799249983
0 0.6896327128276131 0.35247549132935097 0.046553627390180985 0.04757762902925915
0 0.601168594998156 0.4752500270502772 0.04821625693983034 0.04927683006601846
0 0.6577075801956448 0.048256883035276935 0.04675388648947969 0.05070262902925915
0 0.7243057063492081 0.4813619089542584 0.046553627390180985 0.04757762902925933
0 0.4453125 0.0328125 0.03125 0.05
0 0.7353457310262104 0.3626898213953694 0.046553627390180985 0.04757762902925915
0 0.6564406785898869 0.2951906716309251 0.046553627390180985 0.04757762902925915
0 0.6640085564414931 0.5102688674838881 0.04821625693983034 0.04927683006601846
0 0.6348636721114819 0.41915585193249927 0.048015997840531635 0.04615183006601846
0 0.4859117257844231 0.08294636691824024 0.04821625693983034 0.04927683006601846
0 0.5091813540974547 0.47030966588148104 0.05144138648947969 0.05111273213953691
0 0.6485910009228506 0.14845237266768438 0.04821625693983034 0.04927683006601837
0 0.7350477375046154 0.23681082657916575 0.046553627390180985 0.04757762902925915
0 0.5396375030823191 0.096969202168055 0.04821625693983034 0.04927683006601846
0 0.6765343306570701 0.22081538821907323 0.046453497840531634 0.04601512902925915
0 0.8210595928386877 0.5364389711598138 0.04831638648947969 0.050839330066018464
0 0.8410998735326697 0.12179000226259147 0.046553627390180985 0.04757762902925915
0 0.6770301881506108 0.47101087785148066 0.046653756939830336 0.04914012902925933
0 0.632423385252862 0.23560105815305477 0.046453497840531634 0.046015129029259326
0 0.2312614034514592 0.7970825281815728 0.09320738433001133 0.0967177580585183
0 0.11940175354374434 0.821478352498147 0.10354410703211539 0.08829966531583314
0 0.20730227174234156 0.8353836105566653 0.09466975478036196 0.09529195909527761
0 0.27194696020671943 0.7773359561740728 0.09633238433001132 0.09699116013203693
0 0.1345446946290158 0.8880602597554619 0.10779151603912887 0.057596469462870205
0 0.3094655490402375 0.8536441779460171 0.10793121838316733 0.08402226842611107
0 0.153125 0.9625 0.096875 0.075
0 0.3307187877814705 0.8943470903871281 0.1108559592838688 0.08117067049962934
0 0.078125 0.95703125 0.075 0.0859375
0 0.20050965607235288 0.9233525022625914 0.10178134793281668 0.08503796427907381
0 0.4078125 0.9390625 0.04375 0.10625
0 0.328125 0.95546875 0.1 0.0890625