0 0.16771265730322932 0.40204343025509137 0.07225679508134383 0.07191324769092589
0 0.0171875 0.4640625 0.034375 0.05
0 0.10849219340758287 0.37028629085823966 0.06912270472226431 0.07007734561740726
0 0.01171875 0.3765625 0.0234375 0.06875
0 0.08662732552835664 0.09792327530685077 0.07542724687674215 0.07999914976444433
0 0.11484375 0.48046875 0.0703125 0.0171875
0 0.2647603741257421 0.3808313945341652 0.0706670240041051 0.0670890466541664
0 0.26171875 0.48046875 0.0703125 0.0171875
0 0.9139251028521116 0.33157510537286916 0.08154089149054773 0.05710845391148132
0 0.085162735954844 0.9375956192273144 0.02986021682251274 0.03228481969842587
0 0.12734375 0.98671875 0.0296875 0.0265625
0 0.1572559045727548 0.9063838669182402 0.029851126463433176 0.03072231969842587
0 0.555975205704223 0.8214018571162957 0.0769988372358216 0.08169835080120365
0 0.546875 0.91328125 0.075 0.0828125
0 0.688642259958949 0.8580214452408323 0.07386474687674216 0.07986244872768503
0 0.9401865792407899 0.8831553121590726 0.07855224687674216 0.08027255183796278
0 0.7591820189359396 0.8251104918949987 0.07541815651766229 0.07843664976444434
0 0.8512695249860638 0.8503633530637951 0.07542724687674215 0.07999914976444415