0 0.04821693815219419 0.09982926136738098 0.028730777879787082 0.027026150162155815
0 0.003125 0.0390625 0.00625 0.028125
0 0.01171875 0.05625 0.0234375 0.025
0 0.032687533001443114 0.0798167702958347 0.027168277879787085 0.026998876623205346
0 0.0109375 0.08671875 0.021875 0.0265625
0 0.02257920936402149 0.10807813799058649 0.027168277879787085 0.026998876623205346
0 0.17608684663692512 0.10071783117345312 0.028730777879787082 0.027026150162155815
0 0.36715761209887654 0.6703484926996947 0.03380091515269079 0.031795470779006865
0 0.45079928846145484 0.6969734480574259 0.03380091515269079 0.031795470779006865
0 0.2559325539234064 0.5037803758157219 0.03211086939505616 0.030205697240056395
0 0.30727217119243067 0.6011814813356089 0.03211086939505616 0.030205697240056395
0 0.2890004033145832 0.5765360373419633 0.03211086939505616 0.030205697240056395
0 0.394804379976724 0.6948302954596383 0.03367336939505616 0.030232970779006864
0 0.3632034357362982 0.642332586855496 0.03367336939505616 0.030232970779006864
0 0.28070941331652294 0.5251917256535661 0.03198332363742153 0.028643197240056394
0 0.45178770361414566 0.6657507215963763 0.03367336939505616 0.030232970779006864
0 0.33373907634318173 0.6210030576345028 0.03211086939505616 0.030205697240056395
0 0.4527761187668363 0.6345279951353267 0.03367336939505616 0.030232970779006864
0 0.44958695907415736 0.5206836834469293 0.03198332363742153 0.028643197240056394
0 0.3973552951294147 0.6635802954596383 0.03211086939505616 0.030205697240056395
0 0.4240772917954348 0.680276871758532 0.03211086939505616 0.030205697240056395
0 0.4250657069481255 0.6490541452974824 0.03211086939505634 0.030205697240056395
0 0.45051198816189253 0.6049223157521777 0.03367336939505616 0.030232970779006864
0 0.2876927369539445 0.49698490503671505 0.030420823637421535 0.028615923701106105
0 0.36406430513135435 0.6126723603944463 0.03211086939505616 0.030205697240056395
0 0.3188154490722178 0.5744553401019068 0.03198332363742153 0.028643197240056394
0 0.39282703391952706 0.6043689366933401 0.03211086939505616 0.030205697240056395
0 0.4519786354367358 0.5487268628300783 0.03211086939505616 0.030205697240056395
0 0.34719528271157907 0.4943860105566021 0.030420823637421535 0.028615923701106105
0 0.31738023695394446 0.4964667077966586 0.030420823637421535 0.028615923701106105
0 0.42949759968104095 0.49919051299223416 0.030420823637421535 0.028615923701106105
0 0.3035411354367358 0.5513178490303605 0.030548369395056164 0.030178423701106283
0 0.3407223999806034 0.5927962370176518 0.03198332363742153 0.028643197240056394
0 0.3135219133165229 0.5246189813356089 0.030420823637421535 0.028615923701106105
0 0.369485128768776 0.5844928133165457 0.03211086939505634 0.030205697240056395
0 0.3942936811943703 0.5481734837712409 0.03198332363742153 0.028643197240056394
0 0.40357282846921355 0.4918416631543899 0.030420823637421535 0.028615923701106105
0 0.4228015763431817 0.6194484659143333 0.030548369395056164 0.030178423701106107
0 0.4259582693756595 0.5616632394532838 0.03198332363742153 0.028643197240056394
0 0.3982478575569487 0.5761893896154395 0.03211086939505616 0.030205697240056395
0 0.33335618119437027 0.5492371517903042 0.030420823637421535 0.028615923701106105
0 0.42353489998060334 0.5913507394532838 0.03211086939505616 0.030205697240056395
0 0.3433369590741574 0.5225382840955525 0.030420823637421535 0.028615923701106105
0 0.37455500816577186 0.503270086855496 0.030420823637421712 0.028615923701106105
0 0.36227840664856303 0.5580939545502477 0.030420823637421535 0.028615923701106105
0 0.37082423028598477 0.5298598603944463 0.030420823637421535 0.028615923701106105
0 0.42356659301308114 0.5336200600701348 0.030420823637421712 0.028615923701106105
0 0.39815200483179203 0.5200212102322905 0.030420823637421535 0.028615923701106105
0 0.3950911645244709 0.6339746160764892 0.03211086939505616 0.030205697240056395
0 0.4528078117993141 0.5767973157521776 0.03211086939505616 0.030205697240056395
0 0.6506714848279127 0.6209599675358912 0.03211086939505616 0.030205697240056395
0 0.6586120463373627 0.7721679115295368 0.03223841515269079 0.031768197240056396
0 0.6116411936122059 0.7168179383148979 0.03223841515269079 0.031768197240056396
0 0.7024249166505028 0.503036081984232 0.03211086939505616 0.030205697240056395
0 0.754306409982543 0.5364565081209701 0.03367336939505616 0.030232970779006864
0 0.57109375 0.584375 0.0234375 0.03125
0 0.700703693612206 0.7152633465947286 0.03223841515269079 0.031768197240056396
0 0.571875 0.5546875 0.025 0.03125
0 0.6474828408870492 0.6600224675358912 0.03223841515269079 0.031768197240056396
0 0.6228335272515673 0.637048617698047 0.03211086939505616 0.030205697240056395
0 0.7036052951294147 0.660603120133679 0.03211086939505616 0.030205697240056395
0 0.7628522336199646 0.5082224139651688 0.03211086939505616 0.030205697240056395
0 0.6546890472554466 0.5335145146137918 0.03211086939505616 0.030205697240056395
0 0.6551361020969368 0.7191792792242884 0.03223841515269079 0.031768197240056396
0 0.7036369881618925 0.6028724407505299 0.03211086939505616 0.030205697240056395
0 0.686927720284045 0.5781997232179341 0.03211086939505616 0.030205697240056395
0 0.7260219133165229 0.5197872053610266 0.03211086939505616 0.030205697240056395
0 0.6125971421046955 0.5139656737044014 0.03211086939505616 0.030205697240056395
0 0.7817941969461859 0.6966848961082613 0.03380091515269079 0.031795470779006865
0 0.7949311521066352 0.45929399026406265 0.03223841515269079 0.03176819724005649
0 0.7250979157324189 0.7413621964325728 0.030548369395056164 0.030178423701106107
0 0.7549129614900535 0.7392814991925164 0.030675915152690792 0.03174092370110611
0 0.5934967136160852 0.6141565884770538 0.03211086939505616 0.030205697240056395
0 0.7620867011982496 0.4411440081209701 0.03211086939505616 0.030205697240056395
0 0.5979927660416796 0.5781918149381035 0.03211086939505616 0.030205697240056395
0 0.7713985730092018 0.6328951314977647 0.030420823637421535 0.028615923701106105
0 0.6765959981638322 0.5518554115295368 0.03211086939505616 0.030205697240056395
0 0.8185598418051331 0.4183144342577082 0.03380091515269079 0.031795470779006775
0 0.6529667927135188 0.43992815584749395 0.03211086939505616 0.030205697240056395
0 0.593496971491993 0.6906099943212525 0.0322384151526907 0.031768197240056396
0 0.7683372169500652 0.5939417256535661 0.03198332363742153 0.028643197240056394
0 0.5703125 0.621875 0.021875 0.03125
0 0.8064427369539444 0.4902985284135096 0.03211086939505616 0.030205697240056395
0 0.6404678242171498 0.7459599675358912 0.03223841515269079 0.031768197240056396
0 0.6270425372535069 0.585486117698047 0.030420823637421535 0.028615923701106105
0 0.8213338975647073 0.36521670779665855 0.03380091515269079 0.031795470779006865
0 0.7212393342190895 0.6930610641273246 0.030548369395056164 0.030178423701106107
0 0.5640625 0.5234375 0.009375 0.03125
0 0.5925082984633946 0.6453793149381035 0.03211086939505616 0.030205697240056395
0 0.8284772336199646 0.5070769253292544 0.03380091515269079 0.031795470779006865
0 0.8637767469558841 0.4378087280891981 0.03380091515269079 0.031795470779006865
0 0.760077662108575 0.40841332873782116 0.03223841515269079 0.03176819724005649
0 0.7157535772612655 0.37798153490633135 0.03223841515269079 0.03176819724005649
0 0.7377241721105146 0.357314478899977 0.03223841515269079 0.031768197240056396
0 0.7259580114997517 0.48234175243892724 0.03223841515269079 0.03176819724005649
0 0.5834517760436193 0.5269565974055075 0.03211086939505616 0.030205697240056395
0 0.7065700248356712 0.4140281290621327 0.03223841515269079 0.031768197240056396
0 0.7870869590741574 0.5171610373419633 0.030420823637421535 0.028615923701106105
0 0.802488818467274 0.5387360284135096 0.030420823637421535 0.028615923701106105
0 0.6754805530053225 0.7375474496789838 0.03211086939505616 0.030205697240056395
0 0.6880431654425548 0.3925076850684871 0.03211086939505616 0.030205697240056485
0 0.6239170215016914 0.4326338530875503 0.03380091515269079 0.031795470779006775
0 0.8081013475550091 0.6228928401019068 0.03367336939505616 0.030232970779006864
0 0.6676350705933058 0.41314746753589116 0.03211086939505616 0.030205697240056395
0 0.56484375 0.49375 0.0109375 0.03125
0 0.623056409982543 0.5387474853927987 0.030548369395056164 0.030178423701106107
0 0.6269472002801658 0.6822247500032953 0.03223841515269079 0.031768197240056396
0 0.7515965139156477 0.7034530933483177 0.030548369395056164 0.030178423701106107
0 0.6980561521066353 0.46098494967898374 0.03211086939505616 0.030205697240056485
0 0.7808683942307274 0.38308604627041704 0.03223841515269079 0.031768197240056396
0 0.6489487145341692 0.37446679708119596 0.03223841515269079 0.031768197240056396
0 0.6404028908967476 0.40270089123699737 0.03380091515269079 0.031795470779006775
0 0.6590570381715908 0.3462054293864443 0.03223841515269079 0.03176819724005649
0 0.7360993175491901 0.7786167345820199 0.03223841515269079 0.031768197240056396
0 0.7066669090644591 0.7760099318220762 0.032365960910325245 0.0333306972400564
0 0.682654034837611 0.36295655276323885 0.03211086939505616 0.030205697240056485
0 0.7779034066485632 0.5532076314977648 0.03211086939505616 0.030205697240056395
0 0.6241404199844827 0.4872395324706994 0.03198332363742153 0.028643197240056394
0 0.7075911645244709 0.6308883465947286 0.030420823637421712 0.028615923701106282