0 0.3453125 0.009375 0.078125 0.01875
0 0.3044390194398193 0.26234071121756203 0.07903683664159918 0.057137470601357876
0 0.33570194375647494 0.05963179104574552 0.06711903349844599 0.06898237336031983
0 0.4035786484712046 0.07477875622003642 0.07711046360606985 0.04924308344622812
0 0.45703125 0.01875 0.0703125 0.0375
0 0.23355293879407624 0.1444781818189199 0.04731595574818703 0.07885534034363299
0 0.13610005004278128 0.09503145974722402 0.07478598428423436 0.06626680913596861
0 0.27897675475751094 0.1062478414752868 0.05491013192686944 0.07457727611928178
0 0.38993987179718415 0.2672119176854257 0.07852741439185813 0.04619997060135787
0 0.4545247183635809 0.05184586725588436 0.075038541356329 0.03822369629109836
0 0.3516137340793465 0.11958664518418849 0.04270123035529281 0.08017217887824382
0 0.379653035155585 0.3207463534610745 0.07485875889134022 0.0678293091359686
0 0.26767968982753354 0.04760982587145461 0.07979881596343467 0.040031857756487634
0 0.15956316708245452 0.26058121664462897 0.07627570967712849 0.06478619629109836
0 0.32890625 0.4578125 0.0640625 0.021875
0 0.11171875 0.01640625 0.0421875 0.0328125
0 0.37265625 0.440625 0.0734375 0.05625
0 0.4203125 0.43125 0.0375 0.075
0 0.38595019272301767 0.15207824061620417 0.03950345574818712 0.07844590456798431
0 0.3136512378034002 0.9364045737237481 0.026164393713693813 0.0263101944820761
0 0.27662211869681225 0.9617254782917323 0.026164393713693813 0.0263101944820761
0 0.32433618073130555 0.9077882507929695 0.024601893713693812 0.026228307326946164
0 0.4425382171252357 0.9467954398479786 0.026164393713693813 0.0263101944820761
0 0.4406503854460354 0.9203967141582382 0.026164393713693813 0.0263101944820761
0 0.4364679995902245 0.9767286013133678 0.024601893713693812 0.026228307326946344
0 0.28828125 0.99296875 0.0234375 0.0140625
0 0.2359375 0.9953125 0.025 0.009375
0 0.34835587758815245 0.8940599434660232 0.024601893713693812 0.026228307326946164
0 0.32142519644707124 0.9702882507929695 0.024601893713693812 0.026228307326946164
0 0.35569318858918847 0.9373186205352446 0.026164393713693813 0.0263101944820761
0 0.31796875 0.99140625 0.0234375 0.0171875
0 0.44025227915972903 0.895478601313368 0.026164393713693813 0.0263101944820761
0 0.3915921472328597 0.9697283288121307 0.024601893713693812 0.026228307326946164
0 0.36742690116180104 0.986581636139077 0.024601893713693812 0.026228307326946344
0 0.40467865219525834 0.8895495058813522 0.026164393713693813 0.0263101944820761
0 0.26171875 0.99375 0.0234375 0.0125
0 0.3704448933039181 0.9552497489839471 0.026164393713693813 0.0263101944820761
0 0.3723370330886704 0.9146247489839471 0.026164393713693813 0.0263101944820761
0 0.41961013937497676 0.9370862471749248 0.024601893713693812 0.026228307326946164
0 0.3952651108389295 0.9243339416570009 0.024601893713693812 0.026228307326946164
0 0.40961440116180103 0.9843706829505736 0.026164393713693813 0.0263101944820761
0 0.34140625 0.98828125 0.0234375 0.0234375
0 0.41764953308867037 0.9122500214851843 0.024601893713693812 0.026228307326946164
0 0.3451537948754947 0.9628099434660232 0.026164393713693813 0.0263101944820761