0 0.2500635181083558 0.2972727582454436 0.07261768119435104 0.10382222099021768
0 0.2203125 0.03515625 0.08125 0.0703125
0 0.140625 0.0375 0.090625 0.075
0 0.21534930054354406 0.4514744108339272 0.10782320767745457 0.07319384727034191
0 0.07857129433935776 0.20057831072098775 0.10255655347041018 0.08689232622365459
0 0.1736866884069435 0.32682302132903607 0.07261768119435104 0.10382222099021768
0 0.06765593765063889 0.11178882650600333 0.07418018119435103 0.10391322625188941
0 0.16683611884498992 0.20641951606736422 0.08322739926336578 0.09977175782192056
0 0.341988938154842 0.24328393728346082 0.10291718639013112 0.0697958314853265
0 0.4375 0.2703125 0.0625 0.09375
0 0.39921875 0.04609375 0.0703125 0.0921875
0 0.45546875 0.3875 0.0265625 0.08125
0 0.08069080523512104 0.2757603212443315 0.10626070767745457 0.07310284200867016
0 0.2483267834435945 0.11538572141374068 0.10447968639013112 0.06988683674699825
0 0.015625 0.1953125 0.03125 0.103125
0 0.13629667700697712 0.10622209499244199 0.07864915990702759 0.10106124203690499
0 0.34087491636331535 0.09273790571342974 0.09507183540139544 0.09112479991529536
0 0.44453125 0.44765625 0.0484375 0.0859375
0 0.3891810124083726 0.17778076364828976 0.10033848960843983 0.07742632096198285
0 0.2860881354407364 0.38616865827367847 0.07138296312533629 0.10841871572854575
0 0.7340786131450068 0.2718316844408634 0.07824496832111638 0.0730272472985769
0 0.9497685871661062 0.43968850042352303 0.08115144703379293 0.07008425782192056
0 0.7633940445914593 0.44426812656247305 0.08674588317182241 0.06107327886860805
0 0.7727697725478312 0.21937454237572346 0.08518338317182242 0.06098227360693613
0 0.7504791453280935 0.34931964760916046 0.07690098960843983 0.07606124203690498
0 0.83046875 0.5078125 0.0859375 0.04375
0 0.6525443898802118 0.31737096857114333 0.08663662252816076 0.05951077886860787
0 0.97109375 0.37265625 0.0578125 0.0671875
0 0.9796875 0.47421875 0.040625 0.0890625
0 0.915625 0.51953125 0.084375 0.0203125
0 0.8643017086858608 0.20463023193708435 0.06204081411407199 0.08608868942018652
0 0.9019323846844317 0.3389296372269911 0.07399451089576328 0.07900423151356133
0 0.816169847305565 0.3015654160955991 0.058806553470410174 0.08434417889684287
0 0.8794232361773705 0.4657497424604281 0.06349405347041018 0.08461719468185844
0 0.8466328794886516 0.37823433190884953 0.06494729282674853 0.08314569994353035
0 0.9734375 0.30546875 0.053125 0.0828125
0 0.911941533191493 0.21283757408692888 0.06672831411407198 0.0863617052052021
0 0.6592092891435777 0.41268346857114324 0.07835422896477803 0.0745897472985769
0 0.33062583121402156 0.581329968853492 0.04848105866619044 0.04795165258848364
0 0.2703767460647276 0.5722881687970223 0.048371798022528625 0.04638915258848364
0 0.15 0.53671875 0.05 0.0140625
0 0.22890625 0.5359375 0.0484375 0.0125
0 0.26891207107456283 0.730828710890397 0.04859031930985207 0.04951415258848364
0 0.2218514007759751 0.7084678634788807 0.05015281930985207 0.04960515785015538
0 0.45546875 0.9328125 0.0265625 0.05
0 0.7206281183407868 0.8906881002541137 0.07138296312533621 0.10841871572854575
0 0.7818169906168461 0.8682978897872399 0.0651329631253362 0.10805469468185844