0 0.73125 0.21875 0.115625 0.0625
0 0.7482125542617621 0.065625 0.1157522878817268 0.078125
0 0.88828125 0.0234375 0.0734375 0.046875
0 0.8292074627464932 0.0625 0.0754779742462448 0.1015625
0 0.8682060609297219 0.1 0.08185552000387944 0.103125
0 0.6566308321415492 0.0921875 0.07598815727678296 0.1078125
0 0.9073002539621997 0.1578125 0.07586061151914833 0.10625
0 0.1902722506282198 0.6828125 0.025350686364518003 0.0234375
0 0.37265625 0.6890625 0.0140625 0.021875
0 0.6193542306243405 0.54375 0.1045277454580722 0.09375
0 0.6678873254735895 0.5640625 0.09502519970043757 0.0921875
0 0.6668983945690832 0.6859375 0.0685582945496865 0.1125
0 0.8357767139544411 0.4578125 0.10181733363936125 0.0796875
0 0.5810247963858544 0.6484375 0.11431733363936133 0.0796875
0 0.5967770842675811 0.7265625 0.09292056576151389 0.1046875
0 0.6266568054697101 0.4609375 0.09827774545807211 0.09375
0 0.7229891557789708 0.6265625 0.10376247091226495 0.084375
0 0.7358071176073799 0.8984375 0.10883260818516867 0.0890625
0 0.6871467348764042 0.8 0.08992311151914834 0.10625
0 0.6150802873019986 0.8359375 0.08992311151914834 0.10625
0 0.8248384403267177 0.6875 0.1097893303053814 0.0625
0 0.7257949045710228 0.7375 0.06530574879205205 0.1109375
0 0.8241040851856651 0.965625 0.11903678454774677 0.0609375
0 0.8391872091226491 0.9015625 0.10714256242753387 0.0875
0 0.7381042306243405 0.54375 0.06610297424624481 0.1015625