0 0.31538218464861156 0.4515360533091293 0.06239220364722229 0.06498301285158128
0 0.4023704255305559 0.2915933675298546 0.059158100873680654 0.060168178859192525
0 0.404334275454306 0.3759683675298546 0.06231946846486114 0.06185801285158128
0 0.4352219059632644 0.4263211946021611 0.060684233282499986 0.058669345855386724
0 0.19662826538631978 0.2546212440313199 0.060720600873680655 0.0602318458553869
0 0.2519703820275698 0.2805178991645162 0.06235583605604163 0.06342051285158128
0 0.27109375 0.01640625 0.0609375 0.0328125
0 0.31373911094166684 0.04496771832815738 0.06082970364722229 0.0649193458553869
0 0.7839139791015283 0.40308260174970484 0.0989479526972918 0.09300985376405216
0 0.9088412439191671 0.39486424205415355 0.09258884992375016 0.08806768577927464
0 0.990625 0.2609375 0.01875 0.090625
0 0.9074189886008336 0.1321732410655704 0.08950021751493047 0.08950285178688588
0 0.9073488662600002 0.26355057505795915 0.09106271751493064 0.08956651878308027
0 0.7838749986688198 0.2670177677573161 0.09734908510611122 0.09138368676785795
0 0.7838723858272919 0.13251543376492733 0.09262521751493065 0.08963018577927465
0 0.2529536134102088 0.8346032212939068 0.04476829255305557 0.04553267589344294
0 0.2143275245043755 0.8549448961987667 0.04480466014423605 0.04709517589344294
0 0.2803148939954171 0.8006447153624079 0.04476829255305557 0.04553267589344294
0 0.31007382275701423 0.73530887543852 0.04480466014423605 0.04709517589344294
0 0.19296875 0.97734375 0.0453125 0.0453125
0 0.46640625 0.9328125 0.0453125 0.046875
0 0.478125 0.82265625 0.021875 0.0453125
0 0.45851262917777824 0.7965116777962472 0.04633079255305557 0.04559634288963732
0 0.1263534393982643 0.7709465809894582 0.04480466014423605 0.04709517589344294
0 0.390625 0.9859375 0.04375 0.028125
0 0.2759209475663894 0.9478380503433798 0.04480466014423623 0.04709517589344294
0 0.21283514684520863 0.7236312292025723 0.04480466014423605 0.04709517589344294
0 0.3014651550133339 0.9030057114080752 0.04476829255305557 0.04553267589344294
0 0.41658231515756994 0.9436705206858846 0.04480466014423605 0.04709517589344294
0 0.38772343123013914 0.5773106916364117 0.04643989532659738 0.05028384288963732
0 0.28874303020395864 0.6923865463890471 0.04480466014423605 0.04709517589344294
0 0.3494272634864587 0.7462172005336603 0.04316942496187508 0.043906508897248564
0 0.3376883700597226 0.6450367025108266 0.04636716014423605 0.04715884288963732
0 0.46953125 0.75390625 0.0390625 0.0453125
0 0.01484375 0.8328125 0.0296875 0.046875
0 0.22028266451263914 0.640436727225406 0.04480466014423605 0.04709517589344294
0 0.04739198480111147 0.7381924307991777 0.047966027735416715 0.0487850098858317
0 0.30625 0.98515625 0.04375 0.0296875
0 0.177518508736806 0.886160404107432 0.04480466014423605 0.04709517589344294
0 0.3560799198309727 0.8976523665412713 0.04633079255305557 0.04559634288963732
0 0.1144340144363893 0.7292047499628189 0.04480466014423605 0.04709517589344294
0 0.2477179867009726 0.6768543882901012 0.04480466014423605 0.04709517589344294
0 0.04554246333395886 0.9275095987839552 0.04476829255305557 0.04553267589344294
0 0.09012761151034772 0.894413255894318 0.04476829255305557 0.04553267589344294
0 0.45989459764263935 0.8558866777962472 0.04636716014423623 0.04715884288963732
0 0.29401110524208357 0.6499443784042696 0.04160692496187508 0.04384284190105418
0 0.3332905043684031 0.5904765365032153 0.04800239532659738 0.0503475098858317
0 0.20400435429215308 0.6801995641835442 0.04480466014423605 0.04709517589344294
0 0.09288762917777822 0.8114097549057349 0.04476829255305557 0.04553267589344294
0 0.31985278552229224 0.9538678744499368 0.04476829255305557 0.04553267589344294
0 0.01484375 0.76875 0.0296875 0.046875
0 0.27144773385118093 0.7556505503433798 0.04633079255305557 0.04559634288963732
0 0.13359375 0.984375 0.0421875 0.03125
0 0.14771798670097258 0.6809290760465423 0.04476829255305574 0.04553267589344294
0 0.4305317931217365 0.736656516731552 0.04636716014423605 0.047158842889637495
0 0.05785801253652818 0.7846854288220115 0.04633079255305557 0.0455963428896375
0 0.41748758567479205 0.7809795196973014 0.04480466014423623 0.04709517589344294
0 0.01796875 0.9 0.0359375 0.046875
0 0.15070012917777822 0.8090540760465423 0.04633079255305557 0.0455963428896375
0 0.2044420718070837 0.7662007311797386 0.04316942496187508 0.043906508897248564
0 0.3271912004161811 0.8659858724727705 0.04633079255305574 0.0455963428896375
0 0.15967377925402815 0.7242334070731816 0.04480466014423605 0.04709517589344294
0 0.25078125 0.98046875 0.0421875 0.0390625
0 0.030972123478195 0.9734587687458992 0.04473192496187508 0.043970175893442945
0 0.38787412727791715 0.8525653596211893 0.04476829255305557 0.04553267589344294
0 0.13711171428388944 0.8971907460084863 0.04160692496187508 0.04384284190105418
0 0.442665504368403 0.5860198467696079 0.047966027735416715 0.0487850098858317
0 0.8622935522397922 0.6213630750579592 0.02238414627652787 0.02276633794672147
0 0.7767197281515977 0.6404897598486506 0.023946646276527872 0.02283000494291585
0 0.9211243447928478 0.6627573961987666 0.02238414627652787 0.02276633794672165
0 0.824467550339931 0.6760797499628189 0.02238414627652787 0.02276633794672147
0 0.966583621578334 0.7344122203053237 0.023946646276527872 0.02283000494291585