0 0.26481844710093283 0.23502485226173625 0.05805469468185844 0.05972222958157989
0 0.3453125 0.409375 0.028125 0.05625
0 0.3209480787839034 0.1278324003549705 0.05640118942018653 0.05810516587924912
0 0.28722261007158584 0.43228179817805223 0.05787268415851461 0.05659722958158007
0 0.3515625 0.22734375 0.015625 0.0578125
0 0.26191731513561356 0.6403472693221117 0.0613617052052021 0.06295635698624161
0 0.31547089448421434 0.2212004544386545 0.05796368942018652 0.05815972958157998
0 0.8241149362952405 0.4960467201325692 0.05116765785015538 0.04856647477225664
0 0.7685790258848362 0.3724802453603126 0.04951415258848364 0.046949411069925694
0 0.8894206888554892 0.5731747045234725 0.052730157850155376 0.04862103847458741
0 0.90234375 0.67734375 0.0515625 0.0234375
0 0.8716115625753649 0.5351290675001639 0.04951415258848364 0.04694941106992552
0 0.7877238680346809 0.3263691371929446 0.052730157850155376 0.04862103847458741
0 0.8247827942301005 0.45396834753723087 0.046116136803468065 0.04215278366526398
0 0.724739478670964 0.20877984390903376 0.04638915258848364 0.04684028366526398
0 0.6919842467338796 0.7071974965414389 0.026547089448421345 0.027435519237293704
0 0.663464404584035 0.7529812224948218 0.026547089448421345 0.027435519237293704
0 0.8028755150791438 0.7905953282999372 0.026547089448421345 0.027435519237293704
0 0.8205782255460179 0.8535864016209148 0.026547089448421345 0.027435519237293704
0 0.688691188714315 0.838065550625123 0.028109589448421346 0.02749008293962447
0 0.7955782255460179 0.852713382383621 0.026547089448421345 0.027435519237293704
0 0.7294981992376586 0.8426092068857253 0.026456084186749607 0.025873019237293703
0 0.8075182414722077 0.7096727105139223 0.024893584186749605 0.025818455534962936
0 0.7728841781909711 0.8378869905509891 0.026547089448421345 0.027435519237293704
0 0.8061223414439729 0.7392510831092606 0.026456084186749607 0.025873019237293703
0 0.7819105676958623 0.8054564364673051 0.026547089448421345 0.027435519237293704
0 0.6816375519108467 0.7972768595181303 0.026547089448421345 0.027435519237293704
0 0.7098381466209401 0.826329442457755 0.026547089448421345 0.027435519237293704
0 0.7106278309206292 0.7327976972670783 0.026547089448421345 0.027435519237293704
0 0.7474291518826119 0.8292014713136954 0.026547089448421345 0.027435519237293704
0 0.724280078219206 0.8065625794810636 0.026456084186749607 0.025873019237293703
0 0.7894962835655825 0.721517946085952 0.026456084186749607 0.025873019237293703
0 0.765625 0.69609375 0.025 0.0140625
0 0.7075784256307224 0.7607590061600857 0.026456084186749607 0.025873019237293703
0 0.7847779624624254 0.7743701275742978 0.026456084186749607 0.025873019237293703
0 0.7864468782756757 0.7494792549789595 0.026547089448421345 0.027435519237293704
0 0.7514348414439729 0.7373413535276806 0.026456084186749607 0.025873019237293703
0 0.74375 0.70078125 0.025 0.0234375
0 0.7457000519108468 0.7995139713136955 0.024984589448421347 0.02738095553496276
0 0.7242954887707846 0.7800546431833943 0.026456084186749607 0.025873019237293703
0 0.7635554098457069 0.7580357994439966 0.026456084186749607 0.025873019237293703
0 0.7047110308641594 0.7918453150530932 0.026456084186749607 0.025873019237293703
0 0.71953125 0.70078125 0.0265625 0.0234375
0 0.6895718782756758 0.7460963054344464 0.026456084186749607 0.025873019237293703
0 0.7659677783039107 0.7191369905509892 0.026456084186749607 0.025873019237293703
0 0.7636310045558001 0.7861062357416657 0.026456084186749607 0.025873019237293703
0 0.7317593782756757 0.7475695253973795 0.026547089448421345 0.027435519237293704
0 0.7318657940889262 0.7226240890997103 0.026456084186749607 0.025873019237293703
0 0.7439709519390817 0.7698264713136955 0.026456084186749607 0.025873019237293703