0 0.2515625 0.29296875 0.0375 0.0328125
0 0.9795867631646772 0.17365470576989947 0.025076409654926125 0.02480257892507769
0 0.9490687366815737 0.2083783162650083 0.023513909654925946 0.02471157366340595
0 0.98984375 0.2046875 0.0203125 0.025
0 0.9709437366815736 0.20710424260160246 0.023513909654925946 0.024711573663405772
0 0.48904960845342965 0.821683411116276 0.05004355866619044 0.04804265785015538
0 0.4952339064759583 0.8652514005929323 0.05004355866619026 0.04804265785015538
0 0.55078125 0.8953125 0.0359375 0.046875
0 0.01328125 0.9765625 0.0265625 0.046875
0 0.2362630980618695 0.9085742792921311 0.05004355866619044 0.04804265785015538
0 0.97265625 0.76640625 0.0546875 0.0921875
0 0.9611324220632985 0.666752258386618 0.06818155347041036 0.08489021046687384
0 0.9255341396281104 0.5166458425733675 0.07868201089576328 0.07927724729857691
0 0.8680601292365502 0.5921610530402415 0.06527507475773361 0.08783319994353037
0 0.9271073473055649 0.5840153530967113 0.0667283141140718 0.0863617052052021
0 0.98828125 0.584375 0.0234375 0.059375
0 0.8075703794886516 0.6694207740304592 0.07152507475773362 0.08819722099021768
0 0.9890625 0.87265625 0.021875 0.0640625
0 0.8842421401323133 0.6665240162085386 0.08304172896477802 0.07486276308359248
0 0.9796875 0.50546875 0.040625 0.0859375
0 0.8919560871661062 0.7319670056851949 0.08852690445914604 0.06428928413027997
0 0.7950482361773705 0.7595753371705214 0.06393109604505724 0.09086719468185844