0 0.7576146661112139 0.14196177304423144 0.05237088317182241 0.05992037427505377
0 0.7782113893760088 0.1031127605966768 0.05135468639013112 0.06761447510489074
0 0.7489937829393915 0.08535657553374239 0.049682925746469306 0.0659335759347277
0 0.8196340648703766 0.09537203819107845 0.03896394703379293 0.06822978174358649
0 0.7952239267548756 0.14636585312814399 0.04041718639013112 0.06678568091374952
0 0.8474748416055817 0.13789142491368683 0.06791947351689646 0.03778526514684692
0 0.795595267352051 0.196129054787818 0.0611995799535137 0.05281826929603177
0 0.6697868841802286 0.13064391951510207 0.0643245799535137 0.05305506763635801
0 0.709581357697125 0.16629799959901473 0.04343292574646931 0.06545997925407558
0 0.8458901982943006 0.22636192906287178 0.06991901609154336 0.044153664317009955
0 0.744393400271772 0.1751527813426012 0.04946440445914604 0.0628085759347277
0 0.607767485421066 0.17723365436825506 0.0553866225281606 0.05859467261537965
0 0.6406349797210827 0.06937453279249373 0.06545003737886682 0.04692346680652095
0 0.8195905062041863 0.05029633653140451 0.056839861884498966 0.05715057178554286
0 0.7191855866619031 0.23696569710950371 0.047792643815484225 0.061127676764564674
0 0.6824397034900807 0.17822931453608026 0.056839861884498966 0.05715057178554286
0 0.7136561245449731 0.42460740706754746 0.04063570767745457 0.06991068091374952
0 0.6220599423422158 0.026003041090863467 0.06265281930985207 0.05137416846619498
0 0.5546531930985206 0.2400403850722233 0.06679401609154337 0.04391686597668389
0 0.7731525487788332 0.05299436142651377 0.06545003737886682 0.04692346680652095
0 0.605232347305565 0.22988505768760295 0.04041718639013112 0.0667856809137497
0 0.5850733945717888 0.052730561836787884 0.06668475544788173 0.04235436597668398
0 0.667011809422495 0.04650571785542814 0.04365144703379294 0.06858497925407558
0 0.8675788000393411 0.42539142491368687 0.04844820767745457 0.07050267676456468
0 0.7097784636295394 0.03575839461999282 0.06555929802252862 0.04848596680652095
0 0.5161262886393746 0.17806060332863663 0.06555929802252862 0.04848596680652086
0 0.67815566711962 0.4281342261537979 0.03907320767745457 0.0697922817435865
0 0.8447540331914929 0.16566122740319783 0.06904493094224957 0.03165366431700996
0 0.5625756816985541 0.019941372624668573 0.06781021287323466 0.03622276514684701
0 0.6688906557196537 0.20673282283445005 0.06813799480421992 0.040910265146846925
0 0.5738952299731842 0.13736567096499464 0.06679401609154337 0.04391686597668389
0 0.7693712569604909 0.26563607138455747 0.06545003737886682 0.04692346680652104
0 0.8465022034900807 0.19066122740319785 0.06926345222957302 0.034778664317009954
0 0.7155692777436112 0.11857089461999282 0.04030792574646931 0.06522318091374953
0 0.6129905809619199 0.11856904938923325 0.0685750373788668 0.04716026514684692
0 0.7973541453280935 0.2879613572773289 0.06174588317182241 0.06063076929603177
0 0.7706166827069604 0.3278992730442315 0.06824725544788172 0.042472765146846926
0 0.8714579168675185 0.3697334207645019 0.03583894703379294 0.06799298340326061
0 0.541421219581624 0.20639909088108208 0.06980975544788173 0.042591164317009954
0 0.7109375 0.47265625 0.046875 0.0546875
0 0.6549916827069604 0.31913773445216764 0.03751070767745475 0.06967388257342363
0 0.8639624911210492 0.3069966224241759 0.04343292574646931 0.06545997925407558
0 0.8566970222957296 0.091963618274991 0.04790190445914586 0.06269017676456468
0 0.7953760181083558 0.4152575630861877 0.04666718639013112 0.06725927759440165
0 0.7945676349365333 0.3592443614265138 0.06174588317182241 0.06063076929603177
0 0.6328125 0.0078125 0.065625 0.015625
0 0.6662576925943174 0.10240052034493904 0.06254355866619025 0.04981166846619498
0 0.7859375 0.46875 0.040625 0.0625
0 0.8396616136492099 0.3595529373612415 0.04041718639013112 0.06678568091374952
0 0.7149794158591123 0.06568269296031888 0.05840236188449897 0.05726897095570589
0 0.5455845596745965 0.11035288507222321 0.06948197351689647 0.03790366431701005
0 0.6428416079492266 0.23428913777151558 0.050808383171822416 0.059801975104890735
0 0.51015625 0.1421875 0.0609375 0.05
0 0.688863938154842 0.3590057178554281 0.040198665102807674 0.06366068091374952
0 0.7461087195816241 0.2219093821724382 0.05673060124083733 0.055588071785542856
0 0.568704985421066 0.1742736751141795 0.056839861884499146 0.05715057178554286
0 0.6260254485464021 0.2827499485593963 0.029588947033792935 0.06751938672260849
0 0.8248999911210492 0.30403664317010026 0.05102690445914604 0.06292697510489056
0 0.5278500284999159 0.32349150249879965 0.05291718639013112 0.06773287427505359
0 0.5833130606830027 0.40540527594401643 0.06781021287323466 0.03622276514684693
0 0.48828125 0.02109375 0.0171875 0.0421875
0 0.8498885554872226 0.4613522357015675 0.06744957995351371 0.053291865976683894
0 0.8375 0.48515625 0.071875 0.0296875
0 0.5941962943393577 0.2943260659859727 0.04343292574646931 0.06545997925407558
0 0.6855754111675353 0.24529841536591723 0.0506991225281606 0.058239475104890734
0 0.7916397408689475 0.22846795810716589 0.05807457995351371 0.052581470955705714
0 0.6075711074450234 0.08551975104890719 0.06980975544788173 0.042591164317010044
0 0.48828125 0.2375 0.0171875 0.0625
0 0.587377847809768 0.3746288726246686 0.06980975544788173 0.042591164317009954
0 0.6096463317182247 0.3374607593472769 0.06555929802252862 0.04848596680652086
0 0.6376727787520174 0.4048617468997223 0.04946440445914604 0.0628085759347277
0 0.6344720970534633 0.15905233943118952 0.05673060124083733 0.055588071785542856
0 0.8497478997675689 0.03703931993466494 0.05404264381548422 0.0616012734452168
0 0.7338379485464022 0.2909194913006449 0.062106516091543364 0.0435616684661948
0 0.7402843265224446 0.38310699130064485 0.06770095222957302 0.034660265146846926
0 0.8274236936027236 0.40680644565961127 0.051136165102807676 0.06448947510489074
0 0.5356961074450235 0.0800733892214081 0.06534077673520518 0.04536096680652095
0 0.5015625 0.22578125 0.04375 0.0609375
0 0.5650436619238399 0.45531018756173414 0.05157320767745457 0.07073947510489073
0 0.496875 0.109375 0.034375 0.053125
0 0.74921875 0.47421875 0.0515625 0.0515625
0 0.7077889007759751 0.3184758062377105 0.06657549480421991 0.0407918659766839
0 0.51640625 0.0125 0.0515625 0.025
0 0.6640625 0.48515625 0.0625 0.0296875
0 0.7497028851886348 0.428893087981297 0.04365144703379294 0.06858497925407576
0 0.61796875 0.4890625 0.0546875 0.021875
0 0.848184671811197 0.2591744290628718 0.06991901609154354 0.044153664317009955
0 0.5220270913534801 0.04018209503026693 0.06646623416055811 0.039229365976683986
0 0.5185407304773874 0.27926790581814764 0.049682925746469486 0.0659335759347277
0 0.48984375 0.4734375 0.0203125 0.053125
0 0.76171875 0.01875 0.0640625 0.0375
0 0.5697754485464022 0.27848757843352734 0.05248014381548423 0.06148287427505359
0 0.6360117257858103 0.4700131502190702 0.06566855866619026 0.050048466806520864
0 0.6525658052351211 0.3733516377715156 0.05985560124083733 0.05582487012586892
0 0.4921875 0.35546875 0.025 0.0546875
0 0.526516757464694 0.3933304058181476 0.04812042574646931 0.06581517676456468
0 0.6742444272590786 0.28329532283445 0.06210651609154354 0.0435616684661948
0 0.496875 0.06484375 0.034375 0.0484375
0 0.49609375 0.4140625 0.0328125 0.059375
0 0.69609375 0.015625 0.0671875 0.03125
0 0.7366458742928715 0.35330109213048183 0.06679401609154337 0.04391686597668389
0 0.6027950341998991 0.4395201668158098 0.06679401609154337 0.04391686597668389
0 0.5199496832111634 0.4550016116270065 0.06701253737886681 0.047041865976683896
0 0.5499106987985037 0.35003069171091905 0.05404264381548422 0.06160127344521662
0 0.3516260181083558 0.8792286651654246 0.04993429802252862 0.04730197510489056
0 0.13235258615770001 0.5439978697248835 0.04524679802252862 0.04694677759440165
0 0.2646616136492098 0.8135785091467842 0.04670003737886681 0.045502676764564674
0 0.1854775861577 0.5480234415104264 0.04513753737886681 0.04538427759440165
0 0.08417643815484191 0.8107817054078735 0.04513753737886681 0.04538427759440165
0 0.31575422008582715 0.8329922825920011 0.048371798022528625 0.0471835759347277
0 0.22607971489004708 0.8619442315523826 0.046809298022528624 0.047065176764564676
0 0.2285934376506389 0.675628223254013 0.04513753737886681 0.04538427759440165
0 0.21677041686751847 0.8177206348717305 0.04513753737886681 0.04538427759440165
0 0.06333977824781441 0.7128411128764063 0.04513753737886681 0.04538427759440165
0 0.09608657627034294 0.7588406971095037 0.04513753737886681 0.04538427759440165
0 0.17334819879850372 0.8190929581071659 0.04513753737886681 0.04538427759440165
0 0.2079638633971083 0.7362338365314045 0.04524679802252862 0.04694677759440165
0 0.11210506017879958 0.72119898715146 0.04513753737886681 0.04538427759440165
0 0.28437354408725624 0.6953971942097187 0.04670003737886681 0.045502676764564674
0 0.3221027730520342 0.7681960767831423 0.04826253737886681 0.04562107593472771
0 0.0171875 0.7765625 0.034375 0.046875
0 0.15319995374218226 0.7087707647458616 0.04524679802252862 0.04694677759440165
0 0.04575879433935777 0.750364423664287 0.04513753737886681 0.04538427759440165
0 0.13127068739853734 0.5952051722143945 0.04513753737886681 0.04538427759440165
0 0.23100787948865165 0.7768355257435238 0.04513753737886681 0.04538427759440165
0 0.18393650151260932 0.6815696473192852 0.04524679802252862 0.04694677759440165
0 0.2516046027534465 0.7379865132959692 0.04513753737886681 0.04538427759440165
0 0.30737327355623734 0.9131766900605338 0.048371798022528625 0.0471835759347277
0 0.13231900721259252 0.7880079788530903 0.04513753737886681 0.04538427759440165
0 0.03392579383515466 0.6033710244941239 0.04513753737886681 0.04538427759440165
0 0.1334230492830363 0.6482117730442314 0.04513753737886681 0.04538427759440165
0 0.18367442155909544 0.6333689456596112 0.04513753737886681 0.04538427759440165
0 0.18769492206329855 0.7797703489789591 0.04513753737886681 0.04538427759440165
0 0.0871272034900807 0.6307156971095037 0.04346577673520517 0.04370337842423862
0 0.15157175176471077 0.7521655672353726 0.04513753737886681 0.04538427759440165
0 0.04599945893796233 0.6649005203449391 0.04513753737886681 0.04538427759440165
0 0.09799900151260932 0.6750576929603189 0.04513753737886681 0.04538427759440165
0 0.59765625 0.96640625 0.1140625 0.0671875
0 0.6293368468013618 0.7743454527085811 0.10768109604505724 0.09519594606059663
0 0.7404050227999328 0.9179788987691777 0.07283620248167448 0.10809776514684692
0 0.7742887138816409 0.8024256763635794 0.11519866510280767 0.06934384108157472
0 0.678768400271772 0.8589106294731458 0.09718063861970413 0.10061715186945541
0 0.9234375 0.95546875 0.06875 0.0890625
0 0.6384062081816577 0.6817794444102113 0.09918018119435104 0.10698555103961845
0 0.67890625 0.96328125 0.0734375 0.0734375
0 0.7782985067083894 0.8819947771934163 0.08678944183801285 0.1076008576783142
0 0.7171875 0.9828125 0.08125 0.034375
0 0.51171875 0.96953125 0.0640625 0.0609375