0 0.5748880910457416 0.18622630796715925 0.0644329383600926 0.058157933645025396
0 0.8651249458994457 0.40317641686939504 0.06456963939685174 0.0597204336450254
0 0.8240678848251861 0.19414685051442043 0.06429623732333312 0.056595433645025395
0 0.5767034522145378 0.09407516940347774 0.06287043836009243 0.05814884328594587
0 0.7381098439204636 0.10562977205919752 0.06456963939685174 0.0597204336450254
0 0.8327579625821302 0.07696844087350004 0.06273373732333312 0.056586343285945875
0 0.6840484775678713 0.20589339247250643 0.06613213939685174 0.0597295240041051
0 0.6841837615453711 0.07939452498606374 0.06300713939685174 0.05971134328594587
0 0.868755668237038 0.2188741397420319 0.06259703628657398 0.055023843285945874
0 0.2944037598484274 0.8755706090986275 0.11374943317629622 0.0506363251355733
0 0.434375 0.66953125 0.05 0.1046875
0 0.321139791516853 0.6770785669441497 0.11490183006601846 0.04595791549465282
0 0.3126055386421309 0.7567751573032293 0.11843693317629622 0.050663596212812224
0 0.3150087857674089 0.8364081151487517 0.11531193317629622 0.050645415494652825
0 0.3924885282745384 0.7719274586310891 0.08117067049962934 0.10666815651766229
0 0.26483383703972385 0.9101001452029809 0.11503853110277769 0.04752041549465282
0 0.3915110801125012 0.6938479104264873 0.07906136635259245 0.10040906615858276
0 0.30164891479666806 0.7927581090986274 0.11701113421305553 0.052217005853732346
0 0.40859375 0.61171875 0.1015625 0.0703125
0 0.3037964666346309 0.7146603801758663 0.115175232139537 0.04908291549465282
0 0.16071226503222377 0.8685398799794746 0.11464755183796278 0.07875223477649378