0 0.19160811639907518 0.23988589038951336 0.018691211404351905 0.01758754350298606
0 0.1100450495753714 0.191886107904444 0.02039041244111104 0.019186411094166723
0 0.12885383817101959 0.20860082921909678 0.01882791244111104 0.019150043502986235
0 0.13664721432555674 0.24428375608083286 0.018691211404351905 0.017587543502986237
0 0.2114326008476864 0.2628142441129855 0.018691211404351905 0.017587543502986237
0 0.17264350292120484 0.2605984338924995 0.02039041244111104 0.019186411094166723
0 0.18340463713426036 0.2088904635277773 0.018691211404351905 0.017587543502986237
0 0.1563349977374086 0.268774609804305 0.01882791244111104 0.019150043502986235
0 0.10781816823703796 0.16387021067798563 0.02039041244111104 0.019186411094166723
0 0.13985012676666778 0.22549738848965228 0.018691211404351905 0.01758754350298606
0 0.21613922469314922 0.226840376521805 0.02039041244111104 0.019186411094166723
0 0.15479162158287138 0.2329462125778467 0.018691211404351905 0.01758754350298606
0 0.16410783298722328 0.21557687462194391 0.01882791244111104 0.019150043502986058
0 0.21777963713426035 0.208090376521805 0.01882791244111104 0.019150043502986058
0 0.20326736927379727 0.16008928761597171 0.018691211404351905 0.017587543502986237
0 0.13158785890620467 0.17735082921909678 0.018691211404351905 0.017587543502986237
0 0.18627535890620467 0.1760779635277773 0.018691211404351905 0.017587543502986237
0 0.2194200495753714 0.189340376521805 0.020253711404351903 0.017623911094166722
0 0.20971285890620467 0.17553244966006892 0.018691211404351905 0.017587543502986237
0 0.14076736927379727 0.16154399126319402 0.018691211404351905 0.017587543502986237
0 0.14652935372240838 0.18479965330729123 0.01882791244111104 0.019150043502986235
0 0.17697827134731572 0.15758253666604122 0.018691211404351905 0.017587543502986237
0 0.15836497238407504 0.15645644776020778 0.018691211404351905 0.017587543502986237
0 0.16637296201648244 0.1718632422131245 0.01882791244111104 0.019150043502986058
0 0.1631700495753714 0.19064960980430498 0.01882791244111104 0.019150043502986235
0 0.834849559942964 0.21321820687826348 0.08706935598499985 0.08622974715020852
0 0.8684631423180565 0.23894425228111071 0.08408105702175916 0.08771951196784719
0 0.9703125 0.63828125 0.059375 0.0421875
0 0.8593395864275932 0.02241136892236071 0.09900342799249984 0.04440592306201392
0 0.96015625 0.06015625 0.0796875 0.0859375
0 0.62890625 0.378125 0.0578125 0.0875
0 0.8557853594718525 0.06303636892236071 0.09982363421305536 0.053780923062013916
0 0.96640625 0.2390625 0.0671875 0.096875
0 0.68828125 0.6109375 0.0953125 0.096875
0 0.886587008670649 0.13872604673402736 0.09521404665416658 0.0723854526972918
0 0.6718041728551863 0.3479958632227776 0.062010567389351665 0.10279899810013901
0 0.7224848439204636 0.0895287465815275 0.05847546427907382 0.09803876291777787
0 0.2265625 0.6640625 0.01875 0.009375
0 0.25471512620102 0.786618032866319 0.018691211404351905 0.017587543502986237
0 0.12734375 0.66640625 0.0171875 0.0140625
0 0.35645257492870497 0.710962109804305 0.018691211404351905 0.017587543502986237
0 0.16752677596546417 0.7138000883371525 0.018691211404351815 0.01758754350298606
0 0.28844486870814945 0.721900916225069 0.017128711404351904 0.01755117591180557
0 0.29188293553185324 0.7717190782691662 0.01882791244111104 0.019150043502986058
0 0.2477610801125012 0.705695341186944 0.018691211404351905 0.017587543502986237
0 0.2884639925536122 0.6860361514074301 0.017128711404351904 0.01755117591180557
0 0.21799566767139017 0.725099957828194 0.017128711404351904 0.01755117591180557
0 0.19461695626703834 0.7427966041047218 0.017128711404351904 0.01755117591180557
0 0.19299566767139015 0.725681839287083 0.01699201036759259 0.015988675911805573
0 0.2119602811492604 0.7049692957840968 0.01699201036759259 0.015988675911805573
0 0.14987038425953822 0.7017364994313191 0.018691211404351815 0.017587543502986237
0 0.2711397915168531 0.6879986949104162 0.017128711404351904 0.01755117591180557
0 0.9385419049947235 0.8087852800165274 0.07564384043361105 0.06257404160312507
0 0.8412185541935198 0.8874571003049997 0.06607335080120355 0.07794446846486114
0 0.9046754614508347 0.8750648966577774 0.06281164976444434 0.07630923328249999
0 0.9675267759654641 0.8517715606017358 0.059686649764444336 0.07623649810013902
0 0.9375 0.9828125 0.065625 0.034375
0 0.9890625 0.85 0.021875 0.075
0 0.9262388116863903 0.9494102800165274 0.08039012902925916 0.045532011967847195
0 0.89453125 0.98671875 0.0578125 0.0265625
0 0.975 0.909375 0.05 0.046875