0 0.37265625 0.153125 0.0140625 0.021875
0 0.34023671428388935 0.187168357256549 0.023983013867708357 0.023710220003181702
0 0.3612038309251394 0.2150569999204582 0.023946646276527872 0.022147720003181704
0 0.3631676808488895 0.2994319999204582 0.023983013867708357 0.023710220003181702
0 0.3734375 0.2765625 0.0125 0.025
0 0.8604414179311117 0.28476951591345856 0.04484102773541672 0.0473840773392725
0 0.8174525245043756 0.18367973058564005 0.03866376291777769 0.050436352005090515
0 0.89924673195132 0.1389661199077315 0.032450130508958355 0.05192612667090888
0 0.8635638050895839 0.1503217905792768 0.04327852773541672 0.04736589600572714
0 0.8942695976426392 0.1937263452419133 0.029325130508958352 0.05188976400381797
0 0.8153418977951393 0.025849049252094636 0.05061824905006951 0.027144302673454225
0 0.8318410264042365 0.13037291725018568 0.023038762917777688 0.05025453866963616
0 0.8611297893220143 0.18004565324636762 0.04480466014423605 0.0458215773392725
0 0.8994272634864586 0.07957293857418613 0.04629442496187508 0.04271475867281786
0 0.8862765661075006 0.25321043324318604 0.029361498100139015 0.05345226400381797
0 0.8452125421718059 0.10052178524827671 0.04327852773541672 0.04736589600572714
0 0.8589139791015283 0.21914451591345854 0.03866376291777769 0.05043635200509069
0 0.8830034829012504 0.11258543324318601 0.04480466014423605 0.04582157733927232
0 0.9034237792540282 0.04983089457354968 0.04480466014423605 0.04582157733927232
0 0.7502637180836115 0.1172558465945488 0.038591027735416714 0.04731135200509069
0 0.866105617209931 0.058079746578640366 0.026163762917777687 0.05029090133672724
0 0.7826398069894449 0.09812403859009447 0.023038762917777688 0.05025453866963616
0 0.8426317496187504 0.056789966581822074 0.026163762917777868 0.05029090133672707
0 0.7977205995425004 0.14171040658818548 0.05072735182361114 0.03183180267345413
0 0.8208294848011114 0.060169505251458325 0.029325130508958352 0.05188976400381797
0 0.6951787874221533 0.2351160559357302 0.029325130508958352 0.05188976400381797
0 0.06749150493708385 0.8366967372692755 0.04643989532659738 0.04896475867281787
0 0.12450261151034772 0.7344433465945487 0.05116376291777787 0.050581802673454135
0 0.02109375 0.70234375 0.0421875 0.0453125
0 0.08877939779513921 0.5426194732654577 0.047966027735416715 0.047420440006363404
0 0.12337913544604229 0.8876228905951852 0.048038762917777866 0.05054544000636341
0 0.01640625 0.80234375 0.0328125 0.0484375
0 0.11291310771062557 0.8408569785964577 0.048038762917777866 0.05054544000636341
0 0.6894353208571532 0.7571728692711848 0.10036498233256949 0.08395792401336308
0 0.9542615402719449 0.7869127239020045 0.08037979065319441 0.0977840666772721