0 0.6015625 0.7578125 0.0578125 0.0609375
0 0.6359375 0.63125 0.059375 0.046875
0 0.596875 0.596875 0.0609375 0.040625
0 0.6546875 0.659375 0.0609375 0.05
0 0.6796875 0.5609375 0.046875 0.053125
0 0.5328125 0.5203125 0.0515625 0.053125
0 0.553125 0.6328125 0.0609375 0.0390625
0 0.63125 0.7078125 0.0609375 0.0515625
0 0.6828125 0.703125 0.0578125 0.05625
0 0.70625 0.659375 0.0359375 0.0640625
0 0.575 0.6765625 0.053125 0.05625
0 0.628125 0.8625 0.0609375 0.059375
0 0.5640625 0.553125 0.0359375 0.0625
0 0.7609375 0.546875 0.0375 0.0625
0 0.6265625 0.5390625 0.0296875 0.0625
0 0.7515625 0.6625 0.0578125 0.046875
0 0.596875 0.5484375 0.03125 0.0609375
0 0.5109375 0.7296875 0.0671875 0.03125
0 0.54375 0.690625 0.0484375 0.0609375
0 0.715625 0.3890625 0.03125 0.0609375
0 0.51875 0.5765625 0.05 0.059375
0 0.471875 0.590625 0.0515625 0.059375
0 0.7640625 0.6234375 0.065625 0.028125
0 0.784375 0.3796875 0.0625 0.0359375