0 0.17253158937712096 0.23566156326932317 0.06599770472226432 0.06673651384016441
0 0.3268554750139362 0.17946459589256794 0.05352497579950324 0.0709146778706092
0 0.22973503531878664 0.13332974212851562 0.07841589149054773 0.053183349809719616
0 0.15449972774441081 0.35833505931499054 0.04728406615858276 0.0722225098858317
0 0.0359375 0.0125 0.071875 0.025
0 0.1383838483541114 0.27332338935304656 0.07218407220870704 0.0560536818249421
0 0.24100887860473247 0.19158791110187642 0.07063975292686626 0.05911501482874755
0 0.23125 0.01875 0.05625 0.0375
0 0.19957587840834073 0.3195564022046279 0.07832498789975162 0.037558349809719616
0 0.14685890280522926 0.11901789133021286 0.07531816256778665 0.05774351581733086
0 0.2805895290722707 0.28224208600673617 0.0644170240041051 0.06354784684397004
0 0.049656649878363025 0.0588205375661607 0.05513292759490125 0.07879084486680377
0 0.46849859523085347 0.3601946255500631 0.0721568011314682 0.051366181824941924
0 0.2052077339909267 0.21356107018940537 0.06438975292686626 0.058860346843970034
0 0.1565157039366974 0.1678373933073793 0.05509656615858276 0.07254084486680376
0 0.4444702218906783 0.25767712060714737 0.07060339149054773 0.052865014828747545
0 0.4004202400410509 0.20433194471370433 0.06907725292686635 0.05905134783255317
0 0.10495320393669738 0.1657363824329643 0.04885565651766246 0.07384867688202626
0 0.05357251111828978 0.19488537155854946 0.07528180113146812 0.05149351581733086
0 0.0234375 0.36640625 0.046875 0.0734375
0 0.28744858313060506 0.38718425399151374 0.05039088544042354 0.06922484387822045
0 0.4970679810640604 0.16921679847775656 0.047293156517662284 0.0737850098858317
0 0.30599859523085343 0.3535732579458465 0.051944295081344016 0.06772601087441502
0 0.04383389675510507 0.132003369581383 0.06757838544042354 0.06992518083635879
0 0.5029089149054776 0.09915896646253408 0.07063975292686635 0.05911501482874755
0 0.3495667880492611 0.32410593383928943 0.07058521077238851 0.04974001482874755
0 0.01328125 0.1875 0.0265625 0.075
0 0.3966054145126942 0.3541409437251211 0.05508747579950324 0.07097834486680377
0 0.3351770351223949 0.2672829308735398 0.051953385440423536 0.06928851087441501
0 0.25851454117251904 0.24697574806001468 0.06752384328594588 0.06055018083635879
0 0.8807248426967706 0.4217343034206724 0.07225679508134383 0.0685536818249421
0 0.821195306592417 0.3927524575652856 0.06912270472226431 0.06686384783255317
0 0.80078125 0.12109375 0.0640625 0.0765625
0 0.9703125 0.3953125 0.059375 0.0625
0 0.5060884570599554 0.6837886344473117 0.03943520472226432 0.06565417490485963
0 0.4502929750139362 0.7596216225843136 0.05032725292686635 0.05828734387822045
0 0.5498657281371943 0.6902588103407548 0.0441136143631848 0.06428267589344294
0 0.5148281736860765 0.8434819694282837 0.06273634933607006 0.04317167984777566
0 0.4234214028052293 0.705414283649009 0.06269998789975162 0.036921679847775835
0 0.3444702218906784 0.8287297668430951 0.06276362041330899 0.04785917984777566
0 0.4010929266129426 0.8950842787060932 0.05964771077238851 0.049294345855386903
0 0.541771427005726 0.6415029753597827 0.06741475897699054 0.041800180836358794
0 0.4137282402374426 0.6503447816718426 0.036310204722264317 0.06552684091247088
0 0.4352588483541114 0.8605474526223696 0.048782933645025395 0.061348676882026255
0 0.4984375 0.51015625 0.040625 0.0421875
0 0.5533452521412994 0.7513236443331435 0.06119203005422928 0.04623301285158128
0 0.40860440300162104 0.5751537806832594 0.05033634328594587 0.059849843878220454
0 0.55546875 0.97734375 0.0578125 0.0453125
0 0.1821793001495095 0.8580458992388783 0.04722952400410509 0.0628475098858317
0 0.5035634207592101 0.7867863004549229 0.03788179508134384 0.06715300790866544
0 0.19409751716841397 0.7585552352084335 0.04722952400410509 0.0628475098858317
0 0.46021235479701905 0.5850672915576745 0.05345225292686617 0.05841467787060921
0 0.32265625 0.98671875 0.0421875 0.0265625
0 0.3239940954272452 0.799777095892568 0.06584316861791084 0.04017401384016441
0 0.2598588725546082 0.7846667490485979 0.06891362646343317 0.030926347832553346
0 0.2647645411725191 0.822357750037181 0.06587043969514976 0.044861513840164416
0 0.29453125 0.5015625 0.0640625 0.025
0 0.5535634207592102 0.7888236443331434 0.06577953610435347 0.029236513840164412
0 0.27130439090137254 0.6039260850181529 0.050345433645025396 0.061412343878220456
0 0.5461316740788599 0.5854439763483659 0.042542024004105096 0.06265650889724857
0 0.44993949277152545 0.9673704555881193 0.0628454336450254 0.06192167984777548
0 0.10653388465485665 0.7440523834215476 0.06279089149054773 0.052546679847775654
0 0.39098160752749356 0.7681397767289267 0.05500566256778665 0.05691584486680377
0 0.19754977009528024 0.8149325692008222 0.05965680113146821 0.0508568458553869
0 0.2837145290722707 0.8574967539915137 0.06898634933607006 0.04342634783255317
0 0.3076509570599554 0.675702925930624 0.03941702400410509 0.0625291749048598
0 0.2765554931643089 0.7009920860067362 0.047202252926866174 0.0581600098858317
0 0.2842417698988885 0.9481217539915138 0.05968407220870695 0.05554434585538672
0 0.09368845100983117 0.6841680474519924 0.048782933645025485 0.061348676882026255
0 0.09637711377400952 0.6092953814443811 0.05345225292686626 0.05841467787060939
0 0.3408725232185382 0.7473524328507063 0.040970433645025395 0.061030341901054184
0 0.35569757161953175 0.6104891028126501 0.03785452400410492 0.06246550790866543
0 0.1497566438282388 0.6552100593149905 0.07053066861791084 0.04036501482874755
0 0.4606759631100796 0.6647547915576745 0.05344316256778665 0.05685217787060921
0 0.19843049316430889 0.6978087361970167 0.0643261204133089 0.04792284684397004
0 0.4553259086589618 0.8191876235728968 0.058103391490547905 0.052355678859192525
0 0.35407248086766874 0.8681742688202613 0.05496021077238851 0.04910334486680377
0 0.21675428804926108 0.893821573155155 0.03476588544042354 0.06858817391627667
0 0.22938051131468148 0.6475195761209045 0.03941702400410509 0.0625291749048598
0 0.34993845100983123 0.6946094348278725 0.047211343285945874 0.0597225098858317
0 0.13758389675510507 0.7109507233454353 0.05499657220870695 0.055353344866803766
0 0.14122704722264326 0.8001405573378241 0.044122704722264317 0.06584517589344294
0 0.4829145774732643 0.7281461295043958 0.06428975897699037 0.04167284684397003
0 0.4838407523376911 0.6188347965005903 0.05189884328594587 0.05991351087441501
0 0.5338417940993854 0.8895584733826164 0.06127384328594587 0.06029551285158128
0 0.351274733794535 0.9242969348278726 0.044122704722264317 0.06584517589344294
0 0.9123566377781145 0.9153145711779885 0.06270907825883124 0.038484179847775656