0 0.464124338809509 0.19826559923384773 0.05226387272903601 0.048284387305303156
0 0.4057382697140152 0.0749812119285446 0.05057382697140156 0.04667642319868044
0 0.5311840351759667 0.27503869939213227 0.05382637272903601 0.048329851411925875
0 0.55908512094136 0.4831694481384911 0.05057382697140156 0.04667642319868044
0 0.5150800294260909 0.4787714531530559 0.04913887272903601 0.048193459092057724
0 0.5471275127561913 0.39397055581862295 0.052518964244305265 0.05140938730530316
0 0.5124979369927379 0.23708405832590546 0.05057382697140156 0.04667642319868044
0 0.42378689698497923 0.028742709421262093 0.05382637272903601 0.048329851411925875
0 0.4638056033533765 0.15616902744709318 0.04706618969849785 0.041897994985435005
0 0.7626576915346657 0.4613419799417403 0.04888378121376702 0.04506845909205772
0 0.8739788603112004 0.16373485721791353 0.04901132697140156 0.04663095909205772
0 0.8565671882006859 0.4469277904457238 0.04212359818322877 0.03863660266556703
0 0.8970326915346657 0.46525189311129084 0.04888378121376693 0.04506845909205772
0 0.8409107530441158 0.3124163981258558 0.04732128121376693 0.04502299498543501
0 0.8245838645632642 0.41793897241989286 0.04888378121376702 0.04506845909205772
0 0.7750309194047544 0.2310012620741939 0.05057382697140156 0.04667642319868044
0 0.8535380409258426 0.3907232545523465 0.04888378121376702 0.04506845909205772
0 0.7849792306243405 0.42925690564770314 0.04901132697140156 0.04663095909205772
0 0.8043352663800354 0.37993886724704334 0.04888378121376693 0.04506845909205772
0 0.9489144427426137 0.35608749326957534 0.04563123545613248 0.04341503087881229
0 0.98984375 0.35390625 0.0203125 0.0421875
0 0.8456933321415493 0.4855811134861197 0.04732128121376702 0.04502299498543501
0 0.7722243969849792 0.34938754922121246 0.04888378121376693 0.04506845909205772
0 0.9742975957673329 0.20874113182851978 0.047448826971401556 0.04658549498543509
0 0.97890625 0.303125 0.0421875 0.04375
0 0.909884151526907 0.2598657111371218 0.04732128121376702 0.04502299498543501
0 0.8497758278894854 0.23005853919208263 0.04732128121376693 0.04502299498543501
0 0.978125 0.3890625 0.04375 0.04375
0 0.8888380700135776 0.3075757854311589 0.04888378121376702 0.04506845909205772
0 0.9859375 0.26640625 0.028125 0.0421875
0 0.9535385566776581 0.24087167022917955 0.04563123545613248 0.04341503087881238
0 0.9640625 0.49921875 0.04375 0.0390625
0 0.98984375 0.50546875 0.0203125 0.0265625
0 0.804303057595742 0.47502404671392995 0.04888378121376693 0.04506845909205772
0 0.9226706781987462 0.3974111752437445 0.04719373545613248 0.04346049498543501
0 0.88515625 0.50078125 0.0484375 0.0359375
0 0.8029325209219632 0.2863707236735341 0.04888378121376702 0.04506845909205772
0 0.00703125 0.65078125 0.0140625 0.0421875
0 0.21313592365681835 0.6670202962517116 0.04056109818322895 0.03859113855894432
0 0.00859375 0.73984375 0.0171875 0.0421875
0 0.06846115244499096 0.6706046343358023 0.04056109818322895 0.03859113855894432
0 0.13705165577897088 0.6897470909205775 0.0422511439408634 0.04019910266556703
0 0.0171875 0.70546875 0.034375 0.0421875
0 0.0614775709316616 0.7187238855894436 0.04056109818322895 0.03859113855894449
0 0.9625 0.5703125 0.075 0.084375
0 0.876146622439172 0.5648259957768579 0.09620506242753404 0.09009145407749272
0 0.97421875 0.6078125 0.0515625 0.078125
0 0.89375 0.54296875 0.09375 0.0484375
0 0.787084122439172 0.5622345416993652 0.10468724212409217 0.07942673871722902
0 0.8369555451779064 0.8676494674053281 0.10742960485118865 0.07483016693047428
0 0.8062484527445534 0.6251437186589692 0.10902405575957416 0.05617109514371954
0 0.8756042306243405 0.6536611752437445 0.10181733363936125 0.0824608105039836
0 0.8318859236568183 0.7100642879384413 0.0994576081851685 0.09174488229073816
0 0.93359375 0.52890625 0.0984375 0.0203125
0 0.7619560609297219 0.7127059031404207 0.07991038273097573 0.10052884890464338
0 0.9765625 0.6703125 0.046875 0.0875
0 0.8403358945690833 0.794484752045064 0.10522937606301594 0.06697220282385175
0 0.7281546300252156 0.8333079081549857 0.10577151000193971 0.05451766693047429
0 0.684659463664577 0.9115405567430598 0.07222542848861027 0.10186402837152997