0 0.10843858757465315 0.22716740608459843 0.047966027735416715 0.0487850098858317
0 0.07013980698944486 0.26157158098945815 0.049528527735416716 0.04884867688202625
0 0.04190701063666706 0.3252812539171517 0.049528527735416716 0.04884867688202625
0 0.06279877925402814 0.2149512489742358 0.049528527735416716 0.04884867688202617
0 0.6082229948690976 0.4969015859323741 0.025581881458888935 0.026018671939110227
0 0.7122545718070837 0.39725973019115546 0.025581881458888844 0.026018671939110227
0 0.51171875 0.50859375 0.0234375 0.0203125
0 0.542161583774931 0.4808255997725386 0.025581881458888935 0.026018671939110404
0 0.5996831430454865 0.46596992091334605 0.024019381458888843 0.02595500494291585
0 0.6492467319513199 0.44518257703512554 0.02554551386770836 0.024456171939110226
0 0.6790783958952782 0.38297173711123766 0.023983013867708357 0.02439250494291585
0 0.5730115402719449 0.46236475984865066 0.024019381458888843 0.02595500494291585
0 0.6859466449453476 0.4092795691264602 0.023983013867708357 0.02439250494291585
0 0.6178148939954171 0.4386434169590133 0.02554551386770836 0.024456171939110226
0 0.6628364532659726 0.424297074069376 0.023983013867708357 0.02439250494291585
0 0.5109375 0.4734375 0.021875 0.025
0 0.6591295718070838 0.39942440806176477 0.023983013867708357 0.02439250494291585
0 0.6377637180836115 0.4221907460084863 0.023983013867708357 0.02439250494291585
0 0.6348919848011115 0.3660044130046806 0.023983013867708357 0.02439250494291585
0 0.581804658813056 0.4369827578714844 0.024019381458888933 0.02595500494291585
0 0.6292238662600004 0.3912590809894582 0.023983013867708357 0.02439250494291585
0 0.5538614967689588 0.4459412638029834 0.023983013867708357 0.02439250494291585
0 0.5378351468452086 0.362139266768733 0.024019381458888933 0.02595500494291585
0 0.609855617209931 0.36546058494379097 0.023983013867708357 0.02439250494291585
0 0.6109830125365281 0.4138980849437909 0.025581881458888935 0.026018671939110404
0 0.5285705560395143 0.43445993574209363 0.02554551386770836 0.024456171939110406
0 0.5847828820275698 0.3633542568829012 0.023983013867708357 0.02439250494291585
0 0.509375 0.4453125 0.01875 0.025
0 0.5558591014423615 0.3973764298105946 0.023983013867708357 0.02439250494291585
0 0.5595296153100698 0.4206865958182059 0.023983013867708357 0.02439250494291585
0 0.514543117209931 0.3693442717116488 0.023983013867708357 0.02439250494291585
0 0.51015625 0.4203125 0.0203125 0.025
0 0.5843841449453476 0.41341792387909554 0.023983013867708357 0.02439250494291585
0 0.5599647199834725 0.3721854288220115 0.023983013867708357 0.02439250494291585
0 0.533693160712917 0.3857677677573161 0.025581881458888935 0.026018671939110227
0 0.532712542171806 0.41083143475351047 0.02554551386770836 0.024456171939110226
0 0.5806772634864588 0.3885452578714844 0.023983013867708357 0.02439250494291585
0 0.51015625 0.39375 0.0203125 0.025
0 0.6057136310776393 0.38908908593237407 0.023983013867708357 0.02439250494291585
0 0.5306785699072226 0.4578337687458992 0.02554551386770836 0.024456171939110406
0 0.17890625 0.96796875 0.0859375 0.0640625
0 0.05859375 0.83828125 0.1171875 0.1109375
0 0.0625 0.9375 0.125 0.09375
0 0.475 0.62109375 0.05 0.1390625
0 0.04296875 0.71484375 0.0859375 0.1390625
0 0.4070605383720839 0.8960606916364118 0.13790134992375017 0.08991402866891214
0 0.17286606990722264 0.846172074069376 0.09978440729444457 0.12894735376405214
0 0.252948387727153 0.5911078892786845 0.10003898043270851 0.13988485376405224
0 0.45390625 0.8078125 0.0921875 0.1
0 0.28125 0.94921875 0.0875 0.1015625
0 0.28569076538631977 0.721148216350991 0.13477634992375015 0.0897866946765233
0 0.14364612290951415 0.5986895790122919 0.11857077488562506 0.13127385771838496
0 0.41174411910979203 0.6941161896592453 0.12452983415618064 0.11902852570316255
0 0.13212935429215306 0.7086375819780414 0.09836737765916688 0.13513368676785795
0 0.5715932042159031 0.8267270542977124 0.04476829255305557 0.04553267589344294
0 0.521875 0.834375 0.04375 0.046875
0 0.5519729948690977 0.9244933922444339 0.04476829255305574 0.04553267589344294
0 0.583694467133681 0.8762813853243518 0.04476829255305557 0.04553267589344294
0 0.6706502596867365 0.9165297005336601 0.04633079255305557 0.04559634288963732
0 0.5918719494662504 0.9588392173395743 0.04636716014423605 0.04715884288963732
0 0.6988077080156253 0.715192693613578 0.04476829255305557 0.04553267589344294
0 0.6468074905006947 0.6312925374917986 0.04480466014423605 0.04709517589344294
0 0.51328125 0.76484375 0.0265625 0.0453125
0 0.6459372811538893 0.7282948714841873 0.04476829255305557 0.04553267589344294
0 0.7918303561920141 0.6801226738419145 0.047893292553055564 0.0456600098858317
0 0.5537121071419447 0.663237557263462 0.04476829255305557 0.04553267589344294