0 0.40234375 0.2234375 0.0734375 0.0625
0 0.343184903193211 0.22308726190017913 0.06619268577927465 0.09317167984777566
0 0.8439514961200295 0.3185324130790427 0.021203837946721472 0.022702670950527092
0 0.9649935079830275 0.3796211047898165 0.021203837946721472 0.022702670950527092
0 0.9161448311010012 0.3292735949039848 0.021203837946721472 0.022702670950527092
0 0.7623831611390575 0.3074092292769344 0.02276633794672147 0.02276633794672147
0 0.8717236690477229 0.3493022520143475 0.021203837946721472 0.022702670950527092
0 0.83125 0.40390625 0.021875 0.0109375
0 0.7310058271466687 0.3030108893530466 0.021203837946721472 0.022702670950527092
0 0.86328125 0.3984375 0.0234375 0.021875
0 0.9307803340667509 0.3439090978697342 0.021140170950527094 0.021140170950527094
0 0.7281010030401116 0.34656988836446345 0.02276633794672147 0.02276633794672165
0 0.7703125 0.40234375 0.021875 0.0140625
0 0.823991823192336 0.28808090912471007 0.021203837946721472 0.022702670950527092
0 0.848795505017278 0.36084724707143145 0.02120383794672165 0.022702670950527092
0 0.8071863251695023 0.2967555721665717 0.021140170950527094 0.021140170950527094
0 0.9502943380210835 0.3634231018240669 0.021203837946721472 0.022702670950527092
0 0.90625 0.4015625 0.021875 0.015625
0 0.8619321749792219 0.37698158304098667 0.02276633794672147 0.02276633794672165
0 0.8249468281352519 0.31151840912471007 0.021140170950527094 0.021140170950527094
0 0.7421875 0.4 0.021875 0.01875
0 0.870739489199947 0.28686591901054176 0.021140170950527094 0.021140170950527094
0 0.9002943380210835 0.3613857579458465 0.021203837946721472 0.022702670950527092
0 0.805653000074362 0.33569073817418305 0.02276633794672147 0.02276633794672165
0 0.8211798409868332 0.37220124113993264 0.02276633794672147 0.02276633794672165
0 0.9168743429639996 0.38545992790779043 0.021203837946721472 0.022702670950527092
0 0.7365209980971958 0.3235143903416297 0.02276633794672147 0.02276633794672165
0 0.7938241621276406 0.3133700692008222 0.021203837946721472 0.022702670950527092
0 0.8188825119373602 0.3923864071475437 0.021203837946721472 0.022702670950527092
0 0.9448720089716106 0.3834809338392894 0.021203837946721472 0.022702670950527092
0 0.7719199872227808 0.2734798982502952 0.021203837946721472 0.022702670950527092
0 0.7373778439525827 0.3828257233454352 0.02276633794672147 0.02276633794672165
0 0.9317353390096667 0.3673465978697342 0.021203837946721472 0.022702670950527092
0 0.7495940010629453 0.33808622631118473 0.02276633794672147 0.02276633794672165
0 0.7803983320895845 0.32842206623507264 0.021203837946721472 0.022702670950527092
0 0.7579450119373602 0.38990339429596244 0.021203837946721472 0.022702670950527092
0 0.7874760030401117 0.3489892342198502 0.021203837946721472 0.022702670950527092
0 0.8036740060058613 0.36368840418179416 0.021203837946721472 0.022702670950527092
0 0.9601548162722537 0.2608711047898165 0.021140170950527094 0.021140170950527094
0 0.7522388399982499 0.3647123933073793 0.02276633794672147 0.02276633794672165
0 0.7687260030401116 0.34822523026551766 0.021203837946721472 0.022702670950527092
0 0.7901845089716106 0.3771779012160447 0.021140170950527094 0.021140170950527094
0 0.9815204803026987 0.24926244273653797 0.021140170950527094 0.021140170950527094
0 0.7711161739906387 0.36860139726171204 0.021203837946721472 0.022702670950527092
0 0.1952461047898165 0.5140173735357157 0.04703150889724857 0.0440338428896375
0 0.4171875 0.421875 0.04375 0.025
0 0.28515625 0.41796875 0.0453125 0.0171875
0 0.19609375 0.42734375 0.0453125 0.0359375
0 0.8462700939154015 0.5919194694282837 0.05047484387822045 0.051973676882026254
0 0.896875 0.434375 0.053125 0.05
0 0.8709464417479549 0.6615608073750051 0.04884867688202625 0.0503475098858317
0 0.8695643083635882 0.8190549723940332 0.04728617688202626 0.0502838428896375
0 0.8697314516337865 0.7083084733826164 0.04884867688202608 0.0503475098858317
0 0.8832899328507062 0.6199463103407548 0.05047484387822045 0.051973676882026254
0 0.8894815830409867 0.5422033123179211 0.04872134288963732 0.047222509885831696