0 0.1171875 0.6015625 0.05625 0.015625
0 0.14202294570228746 0.3980479203170727 0.03842051285158128 0.06366068091374952
0 0.01875 0.35625 0.0375 0.059375
0 0.148747789580508 0.4476927228065836 0.06246550790866543 0.042117567636357836
0 0.2615952994663398 0.486161381725009 0.05934050790866543 0.041880769296031774
0 0.1694077994663398 0.49314693276462734 0.04923067885919252 0.06136447510489074
0 0.21430380539783886 0.5179567560000627 0.03842051285158128 0.0636606809137497
0 0.0702646453217266 0.5602178788252239 0.06252917490485962 0.04368006763635783
0 0.15078125 0.58125 0.0484375 0.05625
0 0.16863847832553222 0.5511962311049534 0.053599843878220456 0.05390717261537983
0 0.2609931215957305 0.432917982554846 0.04154551285158128 0.06389747925407559
0 0.2142958992388783 0.1715786634685955 0.06259284190105419 0.04524256763635792
0 0.2539022272997681 0.14350028504435688 0.038547846843970036 0.06678568091374952
0 0.22271848326844818 0.5706081593194107 0.061030341901054184 0.045124168466194804
0 0.2231747866147585 0.42794706263875854 0.0383568458553869 0.06209818091374952
0 0.1134124674511174 0.5036593028904963 0.05522601087441501 0.055588071785542856
0 0.045911949656620175 0.42413866886718027 0.0367943458553869 0.061979781743586496
0 0.14228293087353983 0.3274986219767467 0.05210101087441501 0.0553512734452168
0 0.02265625 0.5890625 0.0453125 0.040625
0 0.075 0.59140625 0.05625 0.0359375
0 0.20662927376317725 0.3680751551702257 0.050538510874414834 0.055232874275053766
0 0.01484375 0.55390625 0.0296875 0.0421875
0 0.01328125 0.51953125 0.0265625 0.0328125
0 0.2559581117098987 0.386279780895172 0.06240184091247105 0.040555067636357835
0 0.01953125 0.44765625 0.0390625 0.0609375
0 0.053493639390227624 0.5332768705268542 0.062338173916276676 0.03899256763635783
0 0.0719597965005903 0.4864251813147349 0.03835684585538672 0.06209818091374952
0 0.08423962060714726 0.4416095887832677 0.0430443458553869 0.062453378424238794
0 0.20126529452342384 0.4672230501912039 0.05940417490485963 0.04344326929603195
0 0.2634231018240669 0.33869438587419387 0.04148184585538672 0.062334979254075586
0 0.0469120810638203 0.2563591730163651 0.0625291749048598 0.04368006763635792
0 0.2328125 0.59609375 0.059375 0.0265625
0 0.18660593383928942 0.338245945212182 0.052037343878220454 0.05378877344521662
0 0.18322094866803695 0.4090320418928341 0.04903967787060921 0.05667697510489074
0 0.258244806386422 0.5193290792354981 0.060521005931498985 0.0326241684661948
0 0.09349260380123336 0.3609748954219635 0.03835684585538672 0.06209818091374952
0 0.17771641209045957 0.2354761427226711 0.0565975098858317 0.051018970955705886
0 0.22580108501815302 0.2616116676177804 0.041481845855386903 0.062334979254075586
0 0.7309289368050389 0.3735037419021229 0.02595500494291585 0.02533188672260849
0 0.7313401136870651 0.4220596410722859 0.02595500494291585 0.02533188672260849
0 0.8313109387822053 0.37530119501168946 0.02595500494291585 0.02533188672260849
0 0.7489785998469006 0.3548954518601667 0.02595500494291585 0.02533188672260849
0 0.8323296107213156 0.4003011950116894 0.02595500494291585 0.02533188672260849
0 0.0359375 0.99453125 0.071875 0.0109375
0 0.20288614433314348 0.9261029879534307 0.05729784684397003 0.06820647095570571
0 0.1484375 0.99296875 0.075 0.0140625
0 0.13125 0.6296875 0.0625 0.040625
0 0.08203125 0.9765625 0.0609375 0.046875
0 0.13044877574034358 0.7638882531002776 0.07190417490485981 0.04439046265733602
0 0.11347081726083692 0.962657639822886 0.05736151384016441 0.06976897095570589
0 0.14763095855386882 0.8393851605688105 0.046551347832553346 0.07206517676456467
0 0.0653224773369491 0.9349596149277767 0.0664818458553869 0.0642293659766839
0 0.18125 0.62578125 0.065625 0.0328125
0 0.08258427870609308 0.7816211273753314 0.04336268083635879 0.07026587842423862
0 0.04518243779362212 0.7484068082890809 0.04036501482874755 0.07315408008391273
0 0.10673275003718104 0.6434340431422341 0.05098417984777566 0.06617037427505376
0 0.18653163247014531 0.8709185804848978 0.04036501482874755 0.07315408008391255
0 0.072994419999125 0.6616638248858205 0.058605678859192524 0.06207487012586883
0 0.07476646151961823 0.8590124215664726 0.0419911818249421 0.07483497925407576
0 0.2377519397707884 0.743218710359029 0.04192751482874755 0.07327247925407558
0 0.19367828760334174 0.8155206854639196 0.049612680836358794 0.07073947510489073
0 0.02890625 0.6578125 0.0578125 0.065625
0 0.271875 0.97578125 0.0625 0.0484375
0 0.025 0.95859375 0.05 0.0703125
0 0.11019462555006321 0.843789240652723 0.04349001482874755 0.07339087842423861
0 0.209375 0.9765625 0.059375 0.046875
0 0.15553098326844808 0.9563358622284845 0.05123884783255335 0.07242037427505377
0 0.25301879551200707 0.8486399161678879 0.0706600098858317 0.05208456348717298
0 0.2258541176413978 0.7974093028904963 0.054109179847775656 0.06640717261537983
0 0.12771109490398472 0.6967007531002777 0.06884284190105419 0.04571616431700996
0 0.03359375 0.91171875 0.0671875 0.0546875
0 0.15167647140545001 0.9002042613986475 0.05573534684397004 0.06808807178554285
0 0.1623115879839025 0.6611650721865281 0.07072367688202626 0.053647063487172984
0 0.09779810182406692 0.7318812365035381 0.07190417490485963 0.04439046265733602
0 0.015625 0.8875 0.03125 0.046875
0 0.06214976190017909 0.7032360182471248 0.07190417490485981 0.04439046265733602
0 0.23971498227986493 0.9452548070396812 0.0404923488211363 0.07627908008391256
0 0.015625 0.78125 0.03125 0.05625
0 0.03344112456147998 0.8449032999907112 0.05573534684397004 0.06808807178554269
0 0.2708827747517605 0.7485448277856055 0.0388661818249421 0.07459818091374952
0 0.16661176882026138 0.7282341730163651 0.07203150889724856 0.04751546265733601
0 0.240625 0.63203125 0.071875 0.0453125
0 0.19119527475176046 0.7545831854639198 0.06204901384016459 0.0701241684661948
0 0.13640961566423143 0.7947830555897886 0.07302100593149899 0.03357136182749905
0 0.04447678364900902 0.808018606629407 0.06785334486680376 0.05966026514684693
0 0.2602689269192071 0.6803868236364207 0.04192751482874755 0.07327247925407558
0 0.2763236443331435 0.9205382269557685 0.04517984882113648 0.07663427759440164
0 0.01171875 0.7171875 0.0234375 0.071875
0 0.18957442494204085 0.6763397862937567 0.061985346843970036 0.06856166846619498
0 0.2701134536109529 0.8065941261259315 0.05130251482874755 0.07398287427505376
0 0.2198985949039848 0.6897152020606593 0.05117518083635879 0.07085787427505377
0 0.04609375 0.62421875 0.0703125 0.0296875
0 0.11111513840164448 0.904845139822886 0.05117518083635879 0.07085787427505377
0 0.2402933024320893 0.8825180086993551 0.07464717292769336 0.03525226099766208
0 0.9875 0.9203125 0.025 0.109375
0 0.8296875 0.9890625 0.121875 0.021875
0 0.7046875 0.959375 0.121875 0.08125
0 0.7848709733826164 0.9223179049697331 0.11319501977166357 0.10203794191141177
0 0.96171875 0.98828125 0.0765625 0.0234375