0 0.13846651295681003 0.17712216033306366 0.04372901603912886 0.04961956677218975
0 0.31062331277223987 0.24073471628470075 0.03601664558877822 0.050954746239076344
0 0.2536514219638235 0.20496235233636267 0.0507404796419344 0.03734688730530315
0 0.12312570789959273 0.367838088546309 0.04791586829088246 0.041943459092057725
0 0.23039798735695705 0.39746810108272135 0.046353368290882456 0.041897994985435005
0 0.14481903763381218 0.2970254833734596 0.03601664558877822 0.050954746239076344
0 0.1802163170911765 0.32874684481451527 0.046253238741233105 0.040335494985435004
0 0.11463328501291858 0.4273494808661772 0.037579145588778215 0.05100021034569906
0 0.18708807834994348 0.36753656017477915 0.05033996144333717 0.031096887305303154
0 0.2497883374492421 0.3625929959098719 0.0505402205426357 0.03422188730530316
0 0.1803746082687331 0.22892870124100595 0.037579145588778215 0.051000210345698974
0 0.20625 0.66328125 0.03125 0.0109375
0 0.2666334808785521 0.2700872471635131 0.05044009099298634 0.032659387305303156
0 0.3609656693429299 0.3312855084462842 0.04937823874123311 0.040426423198680436
0 0.3625257742155769 0.20959236487277494 0.04907785009228505 0.03573892319868044
0 0.18205582665190043 0.1540196294542513 0.04206638648947951 0.04801160266556703
0 0.11703878933185533 0.5114971603330638 0.04801599784053181 0.04350595909205772
0 0.3684567967331109 0.28739911612641617 0.03591651603912886 0.04939224623907634
0 0.12503056447028288 0.4597982680131956 0.05200259099298634 0.032704851411925875
0 0.28486424429678736 0.3506552855641729 0.031329145588778216 0.05081835391920819
0 0.07152123997785073 0.2726452604913483 0.03767927513842757 0.05256271034569906
0 0.3150757711332579 0.5119732187919832 0.046253238741233105 0.040335494985435004
0 0.2834834145625679 0.42087685735092756 0.0505402205426357 0.03422188730530316
0 0.38039319710225106 0.1498081879131708 0.039041516039128865 0.0494831744523216
0 0.20259435996677605 0.44194552678868426 0.03142927513842757 0.052380853919208194
0 0.04799980413436655 0.07994093494366994 0.05124112739018098 0.04515938730530311
0 0.29483762646733036 0.21935982145755023 0.037479016039128864 0.04943771034569897
0 0.1464840623108145 0.41706519873372355 0.028304275138427572 0.05228992570596276
0 0.2505731801402716 0.5450417830568904 0.05366522054263569 0.03431281551854859
0 0.34806994139903846 0.5811945802330388 0.047815738741233106 0.040380959092057724
0 0.6064364605204865 0.07963940657214001 0.033252590992986344 0.03215928213245363
0 0.6754496715023983 0.21955370124100596 0.033352720542635696 0.03372178213245362
0 0.7380707850129186 0.26451920876285334 0.0349152205426357 0.03376724623907634
0 0.8068207850129185 0.2625187880714554 0.0349152205426357 0.03376724623907634
0 0.7198400215946833 0.18395117036219358 0.033252590992986344 0.03215928213245363
0 0.8350087368955318 0.40674014951251103 0.03481509099298634 0.03220474623907634
0 0.8328988309708372 0.07460961111185123 0.033252590992986344 0.03215928213245363
0 0.863811264654853 0.22499004433966158 0.03481509099298634 0.03220474623907634
0 0.4677163170911765 0.6967119316449646 0.060916516039128864 0.05011967194503928
0 0.384375 0.6875 0.04375 0.0375
0 0.5144516147471381 0.7218650443396616 0.0696907387412331 0.04101745658477522
0 0.41796875 0.68984375 0.0484375 0.0421875
0 0.28051670574012444 0.6974801244396864 0.05506703423772628 0.056187815518548415
0 0.3850249306016968 0.7459056010827213 0.04745479333702498 0.05908549498543501
0 0.3546875 0.69296875 0.05625 0.0484375
0 0.35415925509412904 0.9355136703621936 0.04024307063492074 0.0682331744523216
0 0.2183986351052037 0.7663497963847256 0.06656573874123302 0.04092652837152997
0 0.27086230105204756 0.7507869808661771 0.04004281153562221 0.06510817445232178
0 0.5095476619416743 0.9200752238065482 0.04805557063492074 0.06846049498543501
0 0.18782855799187786 0.7079750067304246 0.06530362739018099 0.045568564264907255
0 0.3178212368955317 0.9428093448145152 0.03868057063492074 0.06818771034569907
0 0.5203125 0.671875 0.06875 0.00625
0 0.33828963294573533 0.7207524883880245 0.0679279796419344 0.03784699247815269
0 0.25078125 0.675 0.0671875 0.0125
0 0.4318603578073077 0.7694962137774183 0.06520349784053181 0.04400606426490725
0 0.5198795943890724 0.6858366161264161 0.06908996144333716 0.03164245658477531
0 0.45712117366186655 0.7890358239648327 0.06141716378737563 0.05793217194503928
0 0.4247301758213348 0.8320871419906636 0.06802810919158375 0.03940949247815269
0 0.5209648257290498 0.8635979032734348 0.03545544108527139 0.06653428213245363
0 0.20956385564783941 0.7338555451310844 0.06959060919158375 0.0394549565847754
0 0.34375 0.97890625 0.046875 0.0421875
0 0.30910517582133484 0.835451485880742 0.037118070634920744 0.06814224623907635
0 0.5218450077150226 0.8011888314866802 0.04306768198597286 0.06363660266556703
0 0.4379730505906222 0.9174790727111916 0.046292811535622216 0.06529003087881229
0 0.44470271437799785 0.8611381444979461 0.06141716378737563 0.05793217194503928
0 0.42109375 0.97109375 0.0390625 0.0578125
0 0.4902154734772964 0.8566946854058883 0.04004281153562204 0.06510817445232178
0 0.30826217150239826 0.7512583423072328 0.05047966378737563 0.05761392319868044
0 0.18515625 0.6828125 0.0640625 0.028125
0 0.3379520666297512 0.8720422037482883 0.03984255243632351 0.06198317445232178
0 0.41425135564783944 0.7278997471635131 0.05642927513842757 0.05310827962517113
0 0.24145420574012447 0.6986167271052535 0.05652940468807692 0.054670779625171126
0 0.2847455259136199 0.8018493756933276 0.02920544108527139 0.06635242570596293
0 0.4827825077150226 0.802325434152247 0.05067992288667433 0.06073892319868044
0 0.18007900987449102 0.8532420426238019 0.052542811535622215 0.06547188730530315
0 0.22507253239202493 0.9299121912118761 0.06762759099298643 0.03315949247815268
0 0.48683205275009056 0.9581662571926429 0.06716651603912886 0.05030152837152997
0 0.4703125 0.98515625 0.071875 0.0296875
0 0.25103185996677607 0.8168666219324038 0.04306768198597286 0.06363660266556703
0 0.3499490237541516 0.7578433114284204 0.05037953423772627 0.056051423198680436
0 0.4593635965485408 0.7297062880714554 0.05779151603912887 0.05002874373179385
0 0.13822907619047514 0.7031798581423503 0.03233044108527148 0.06644335391920828
0 0.13216074645625567 0.773537822248973 0.05692992288667416 0.06092077962517113
0 0.23332512338501132 0.8984803347853854 0.06959060919158375 0.0394549565847754
0 0.26082836212624444 0.8586904090794224 0.06530362739018099 0.045568564264907255
0 0.28006042104097284 0.9236334474800822 0.04911742288667433 0.06069345909205772
0 0.309375 0.68515625 0.05625 0.0328125
0 0.3925580259136199 0.7987123523363626 0.061878238741233105 0.04079013605166182
0 0.38665038248431005 0.8908998523363627 0.06752746144333699 0.03159699247815269
0 0.4714864574381675 0.9055868264721152 0.05078005243632351 0.06230142319868044
0 0.16274941240309956 0.7586115042231422 0.053704793337024805 0.05926735141192587
0 0.19921875 0.9734375 0.0515625 0.053125
0 0.3828125 0.97890625 0.05 0.0421875
0 0.36253056447028287 0.8292182062555709 0.0663654796419344 0.03780152837152997
0 0.29375 0.99375 0.0625 0.0125
0 0.38999662554447967 0.936030495909872 0.043267941085271565 0.06676160266556704
0 0.5123488942045024 0.7546775443396616 0.0696907387412331 0.0410174565847754
0 0.176632637264672 0.8096738990502926 0.04931768198597286 0.06381845909205772
0 0.0984375 0.99296875 0.065625 0.0140625
0 0.22849552591361996 0.8034860835317442 0.0521422933370248 0.05922188730530316
0 0.26875 0.9828125 0.065625 0.034375
0 0.12134435996677606 0.8206401427820864 0.04931768198597286 0.06381845909205772
0 0.29935064158360863 0.8903208423072329 0.05955427513842757 0.053199207838416564
0 0.12142590068290726 0.8923787504622185 0.06257914558877822 0.05172763605166182
0 0.16932318014027156 0.9237363990502926 0.04775518198597286 0.06377299498543501
0 0.3333832850129186 0.7973149883880245 0.061878238741233105 0.04079013605166182
0 0.12240860734588241 0.9500548581423504 0.06141716378737554 0.0579321719450391
0 0.3869903439276471 0.8612578164429852 0.0665657387412331 0.04092652837152997
0 0.2401573118493892 0.9622245860390265 0.0665657387412331 0.04092652837152997
0 0.15390625 0.98203125 0.0671875 0.0359375
0 0.19878943708010186 0.877651009237707 0.053704793337024895 0.05926735141192587
0 0.9234375 0.67890625 0.034375 0.0203125