0 0.334375 0.5328125 0.0296875 0.0296875
0 0.36875 0.6109375 0.0296875 0.0296875
0 0.3421875 0.5765625 0.0296875 0.0296875
0 0.353125 0.5109375 0.0296875 0.0296875
0 0.3859375 0.4671875 0.0296875 0.028125
0 0.4640625 0.43125 0.028125 0.0296875
0 0.525 0.578125 0.0296875 0.0296875
0 0.4171875 0.434375 0.028125 0.028125
0 0.5140625 0.65 0.0296875 0.03125
0 0.453125 0.6421875 0.0296875 0.0296875
0 0.475 0.5921875 0.0296875 0.0296875
0 0.3578125 0.7203125 0.0296875 0.03125
0 0.4984375 0.5640625 0.028125 0.0296875
0 0.7859375 0.440625 0.03125 0.0296875
0 0.40625 0.7578125 0.0296875 0.03125
0 0.628125 0.4109375 0.0296875 0.0296875
0 0.5546875 0.415625 0.0296875 0.028125
0 0.7328125 0.7171875 0.03125 0.03125
0 0.7171875 0.45625 0.0296875 0.0296875
0 0.696875 0.6109375 0.0296875 0.0296875
0 0.75625 0.684375 0.03125 0.03125
0 0.453125 0.384375 0.0296875 0.0296875
0 0.59375 0.421875 0.028125 0.028125
0 0.2203125 0.665625 0.0328125 0.03125
0 0.3765625 0.7828125 0.0296875 0.03125