0 0.07557544119181063 0.1618692304171267 0.09269842068857237 0.06518251387966068
0 0.01875 0.1671875 0.0375 0.09375
0 0.8628621647829409 0.3424183235695815 0.045277783665263985 0.046553627390180985
0 0.7067411395551972 0.4009689080841629 0.04684028366526398 0.046653756939830336
0 0.8130804195922643 0.3518724691583598 0.04684028366526398 0.04665375693983016
0 0.7209326143274538 0.44860537168696835 0.04684028366526398 0.046653756939830336
0 0.8443701143274538 0.440695137264672 0.045277783665263985 0.046553627390180985
0 0.6595189099736174 0.34918516502399327 0.04684028366526398 0.046653756939830336
0 0.8755457032575281 0.3917174167220362 0.045277783665263985 0.046553627390180985
0 0.9630109869227921 0.4299602914913236 0.04684028366526398 0.046653756939830336
0 0.884375 0.46484375 0.046875 0.0296875
0 0.4271925048941414 0.24349157927279413 0.04845734736759484 0.0483163864894796
0 0.9828125 0.2265625 0.034375 0.046875
0 0.6522817849312084 0.18678529457364257 0.045277783665263985 0.046553627390180985
0 0.9358383293962454 0.14512421653746613 0.04533234736759475 0.048116127390180986
0 0.759375 0.46875 0.046875 0.021875
0 0.7950000529873756 0.282561264654853 0.045277783665263985 0.046553627390180985
0 0.4870585782151192 0.25374915638611995 0.04684028366526398 0.046653756939830336
0 0.5110069989036916 0.31172234269102944 0.04840278366526398 0.046753886489479604
0 0.57265625 0.4671875 0.0484375 0.025
0 0.7143452753125615 0.1702801125876697 0.045277783665263985 0.046553627390180985
0 0.9360962789407585 0.24219947563676475 0.045277783665263985 0.046553627390180985
0 0.8430704760382008 0.1792569895164254 0.045277783665263985 0.046553627390180985
0 0.61171875 0.4875 0.0671875 0.015625
0 0.8598115758528664 0.5537983096899209 0.06942461179556503 0.06836807063492074
0 0.9213492765785058 0.5670807572535974 0.06942461179556503 0.06836807063492074
0 0.6135219076113646 0.6760690376338122 0.06953373920022674 0.07149307063492075
0 0.5476786528020412 0.6740244787190838 0.06947917549789598 0.06993057063492074