0 0.11437857904439816 0.1262864959420936 0.04724770472226432 0.06460794000636341
0 0.14872630796715924 0.13057400660409382 0.04566702400410509 0.061464758672817865
0 0.25750134426790455 0.23242631325591265 0.05655907220870695 0.05377952800763595
0 0.34342066354974526 0.2345513399109132 0.048764752926866176 0.05681362133990877
0 0.4467638321676561 0.19585137189691385 0.0519079336450254 0.059974984006999674
0 0.3076286092950191 0.20996951058245844 0.042532933645025396 0.05986589600572696
0 0.18500924161218482 0.0707808359325485 0.06741475897699054 0.039844297342454024
0 0.18018538622599048 0.09427287993318494 0.06741475897699037 0.039844297342454024
0 0.2143967597625574 0.12199789059518515 0.06428066861791085 0.0382454346753633
0 0.07856834407151277 0.10482966661363875 0.05970225292686626 0.05694089067472703
0 0.2697377238545956 0.277593362587549 0.06739657825883114 0.03671929734245403
0 0.3150138624182771 0.28331610391473117 0.03164997579950324 0.06911362667090888
0 0.3675399404807166 0.1170911199077315 0.03162270472226432 0.06442612667090888
0 0.1867262777165383 0.04420015459900313 0.06587953005422946 0.044513616008908664
0 0.22612407924078984 0.25466493992682154 0.06893180718159239 0.03204997867599957
0 0.2890625 0.30546875 0.03125 0.0265625
0 0.15727408529091402 0.2726524186028211 0.07053066861791084 0.03831816000954511
0 0.30336835617176117 0.1365865545830948 0.06581589754067192 0.03357611600890866
0 0.20639336222188537 0.15490129726291232 0.06892271682251269 0.030487478675999567
0 0.42625134426790445 0.23046272923300465 0.06582498789975162 0.03513861600890866
0 0.18887860929501912 0.2113512919319122 0.07051248789975162 0.035193160009544935
0 0.25991833802138853 0.08553313192236729 0.06735112646343318 0.02890679734245403
0 0.32972177791292995 0.17221497191282217 0.06119203005422928 0.04445907200827239
0 0.42090128981678665 0.07584795456718645 0.04720225292686635 0.056795440006363405
0 0.4159501694034777 0.12121499856782272 0.025363614363184794 0.06279090133672707
0 0.28126609719477075 0.17590359325273094 0.034756795081344015 0.06602498933799979
0 0.3942569765850701 0.09021953723745897 0.025354524004105095 0.061228401336727065
0 0.07913090457275485 0.2766864852800934 0.06907725292686626 0.05704997867599957
0 0.1578125 0.30625 0.075 0.025
0 0.27732400663929935 0.04783313725336731 0.06577953610435347 0.027326116008908663
0 0.2320296873574586 0.045235395926185216 0.03627384328594587 0.058230670671545234
0 0.2623706514494968 0.2011217692552764 0.05350679508134384 0.06624316534054522
0 0.3952195128858154 0.6536456905633684 0.04399543969514959 0.0426965773392725
0 0.32771385031802874 0.7091149879058225 0.04244203005422946 0.04424089600572696
0 0.2942922962596944 0.8141842959102767 0.04401362041330899 0.0458215773392725
0 0.3585547841594459 0.7790638612349137 0.04400453005422929 0.0442590773392725
0 0.3715183924725064 0.69923091056655 0.04400453005422929 0.044259077339272326
0 0.2737616276417835 0.8519206532463677 0.04400453005422946 0.0442590773392725
0 0.33957752518245543 0.8183445372374589 0.042451120413308986 0.04580339600572696
0 0.44533768755385045 0.6327513878899141 0.04555793969514958 0.04271475867281786
0 0.3864797962596943 0.8131115972310956 0.04400453005422929 0.044259077339272326
0 0.3174843565645446 0.8560990759070952 0.04400453005422929 0.044259077339272326
0 0.4609375 0.7390625 0.0375 0.04375
0 0.3454184590238727 0.888584311903277 0.04400453005422929 0.0442590773392725
0 0.4213093142136753 0.7345866078930958 0.04399543969514959 0.042696577339272325
0 0.4302388866187739 0.8110400198918232 0.04243293969514959 0.04267839600572696
0 0.42625134426790456 0.6907820638924596 0.04399543969514959 0.0426965773392725
0 0.3891684590238727 0.8880752345640047 0.04400453005422929 0.044259077339272326
0 0.40970821800086316 0.848776377227914 0.04400453005422929 0.0442590773392725
0 0.4703125 0.66484375 0.01875 0.0421875
0 0.47265625 0.8265625 0.0140625 0.04375
0 0.37020029040596186 0.92579341056655 0.04557612041330898 0.045839758672817865
0 0.4085729648776052 0.7753570585614594 0.04399543969514959 0.0426965773392725
0 0.3217718807650415 0.924794531906459 0.04557612041330898 0.045839758672817865
0 0.46171875 0.7859375 0.0359375 0.04375
0 0.4534400372827038 0.8513922998886414 0.04399543969514959 0.042696577339272325
0 0.47265625 0.878125 0.0140625 0.046875
0 0.47421875 0.7046875 0.0109375 0.04375
0 0.27193550722847454 0.8972513345799131 0.04400453005422929 0.044259077339272326
0 0.36594912764178356 0.8508479545671864 0.04400453005422946 0.044259077339272326
0 0.4154855193287229 0.9299536518937321 0.04557612041330898 0.045839758672817865
0 0.43290027830571337 0.8906911572247325 0.04400453005422929 0.0442590773392725
0 0.45859375 0.92109375 0.0421875 0.0484375
0 0.37752295277735676 0.7413456852323683 0.04400453005422929 0.0442590773392725
0 0.656537766205465 0.8870967266072756 0.12997839149054774 0.051509050684271786
0 0.7088274949318345 0.7614967426002758 0.10997496369925486 0.10439769334818116
0 0.6701184771742452 0.9697455946053666 0.12681703005422928 0.0452226880171807
0 0.7393229951282262 0.890820615929367 0.06630677693097127 0.11795111600890866
0 0.66796875 0.9953125 0.1234375 0.009375
0 0.6484707361512357 0.9309376332750027 0.12681703005422928 0.04522268801718106
0 0.7957548023098185 0.8589160879217308 0.06788745764913066 0.12109429734245403
0 0.75703125 0.95625 0.0671875 0.0875
0 0.56953125 0.9734375 0.0796875 0.053125