0 0.0171875 0.2109375 0.034375 0.04375
0 0.00546875 0.14453125 0.0109375 0.0421875
0 0.1571379544386545 0.08987921302658437 0.04360615626060227 0.04283595318850324
0 0.2378621647829407 0.11539046811496707 0.04366071996293321 0.04439845318850324
0 0.1913343943645207 0.17261646992398932 0.04209821996293313 0.04431656603337366
0 0.11949908909971034 0.26717205337021743 0.04366071996293312 0.04439845318850324
0 0.13735622249482185 0.19579502035353064 0.04360615626060227 0.04283595318850324
0 0.07668656260602251 0.07218045793820171 0.04360615626060227 0.04283595318850333
0 0.0329266720393349 0.2983202340574834 0.045223219962933124 0.04448034034363317
0 0.0046875 0.04921875 0.009375 0.0421875
0 0.10468258783376597 0.02218710199073639 0.04204365626060227 0.042754066033373485
0 0.16028280180624935 0.13510982587145454 0.04209821996293304 0.04431656603337366
0 0.0203125 0.08515625 0.040625 0.0421875
0 0.2660070121505356 0.1593108864777612 0.042043656260602094 0.042754066033373485
0 0.0484375 0.00546875 0.04375 0.0109375
0 0.17456853501602634 0.27524350294067607 0.04366071996293312 0.04439845318850324
0 0.07834829944399661 0.2990705065587207 0.04360615626060227 0.04283595318850324
0 0.10772826459760632 0.3335340377663852 0.04366071996293304 0.04439845318850324
0 0.05975203375008196 0.03549932948949923 0.04360615626060227 0.04283595318850324
0 0.04701890997361735 0.11913070104079679 0.04360615626060227 0.04283595318850324
0 0.00859375 0.3484375 0.0171875 0.04375
0 0.21915185951813038 0.20716188828678347 0.04209821996293321 0.04431656603337366
0 0.2598859869227921 0.20815782225341 0.04209821996293321 0.04431656603337366
0 0.02514888837407092 0.25489778267800245 0.04516865626060227 0.042917840343633176
0 0.12343756623421957 0.15582511759456869 0.04360615626060227 0.04283595318850324
0 0.22673123574166576 0.2897287268213942 0.04366071996293304 0.04439845318850324
0 0.25985127058805607 0.25198970940853976 0.04209821996293321 0.04431656603337366
0 0.15901794608595204 0.3230192616471033 0.04366071996293304 0.04439845318850324
0 0.06732151940692974 0.34191310379975876 0.04209821996293304 0.04431656603337366
0 0.901949490550989 0.4996769369073025 0.04366071996293304 0.04439845318850324
0 0.9569048306621898 0.37000272501237197 0.04366071996293321 0.04439845318850324
0 0.8941717068857251 0.45625448552782155 0.04366071996293321 0.04439845318850324
0 0.8088839929132419 0.34488761759456865 0.041989092558271324 0.041191566033373664
0 0.8532193246717401 0.449008551561195 0.04366071996293304 0.04439845318850324
0 0.8371925313878293 0.3934955359573628 0.04371528366526398 0.04596095318850324
0 0.99140625 0.25859375 0.0171875 0.0453125
0 0.9429911528020412 0.4646534837187993 0.04371528366526398 0.04596095318850324
0 0.8381498522617363 0.24160548733684384 0.045277783665263985 0.04604284034363308
0 0.8681796034428626 0.16019835707911906 0.04371528366526398 0.04596095318850333
0 0.853125 0.53984375 0.04375 0.0390625
0 0.9828125 0.39609375 0.034375 0.0453125
0 0.9184772477225653 0.34540551673548603 0.04366071996293321 0.04439845318850324
0 0.9665576275742976 0.5119445635469827 0.04366071996293321 0.04439845318850324
0 0.8276935350160264 0.4800881331984009 0.040481156260602266 0.042672178878243726
0 0.8613244905509891 0.5018060029406761 0.04209821996293313 0.044316566033373486
0 0.9698710782151192 0.20339507915081495 0.04371528366526398 0.04596095318850324
0 0.8124157645976062 0.5356763919048282 0.04371528366526398 0.04596095318850324
0 0.8829911263083534 0.2705626469932108 0.04366071996293304 0.04439845318850324
0 0.9777232729503087 0.29377441768542567 0.04366071996293321 0.04439845318850324
0 0.8017014315731638 0.18403200474969839 0.04209821996293313 0.04431656603337357
0 0.9680704760382008 0.15183257915081497 0.04371528366526398 0.04596095318850324
0 0.7610020205032381 0.13920418362794215 0.04533234736759475 0.04760534034363299
0 0.7615675048941414 0.2002235707830719 0.045277783665263985 0.046042840343633
0 0.7661707032575281 0.37686795793820166 0.045277783665263985 0.04604284034363317
0 0.9093502404661711 0.17369429104574552 0.04215278366526398 0.04587906603337348
0 0.9094395205032381 0.13142490389061576 0.04371528366526398 0.04596095318850324
0 0.8508482597034648 0.20180600294067608 0.045277783665263985 0.04604284034363308
0 0.8029167019915839 0.12918073043943892 0.04533234736759475 0.04760534034363299
0 0.99296875 0.17578125 0.0140625 0.0453125
0 0.9571726707733905 0.24319456354698268 0.04371528366526398 0.04596095318850324
0 0.98046875 0.47265625 0.0390625 0.0453125
0 0.7912748522617362 0.24406210199073639 0.04366071996293304 0.04439845318850324
0 0.8710119375636136 0.10682769561372982 0.04209821996293304 0.044316566033373486
0 0.8954018462712865 0.3121769369073025 0.043551592558271325 0.04127345318850324
0 0.7545933077966991 0.26946489371385046 0.045277783665263985 0.046042840343633
0 0.259375 0.5890625 0.0875 0.059375
0 0.38374512757429774 0.656969379241672 0.08543155771188111 0.0793400192218769
0 0.35558541123956167 0.7022752351891373 0.06717263103285873 0.09241987336031983
0 0.34140625 0.5921875 0.0609375 0.065625
0 0.30603678982534976 0.6281693498430299 0.05160219473518968 0.09316350180902226
0 0.39296875 0.60234375 0.0640625 0.0859375
0 0.4315129941791863 0.7249071517429092 0.08946429328391084 0.06083568068726599
0 0.8527976840202346 0.6740949242441464 0.04684028366526398 0.04612472749876275
0 0.7856796166897065 0.5899522976044662 0.045277783665263985 0.046042840343633
0 0.6842659388295579 0.6891887369981596 0.045277783665263985 0.04604284034363317
0 0.7940427321134687 0.7397885232942067 0.045223219962933214 0.044480340343633
0 0.8124455025318887 0.68403649027752 0.045223219962933214 0.04448034034363317
0 0.5601191106992568 0.67534532225341 0.045223219962933214 0.04448034034363317
0 0.6082143595181304 0.7526580947546473 0.04366071996293321 0.04439845318850324
0 0.79609375 0.98359375 0.0453125 0.0328125
0 0.5 0.634375 0.021875 0.046875
0 0.7137550313878294 0.726777268205824 0.045223219962933214 0.04448034034363317
0 0.8652084039831676 0.7157092141582382 0.04684028366526398 0.04612472749876275
0 0.70078125 0.578125 0.0453125 0.0375
0 0.9027282513507624 0.7591383095902537 0.045223219962933214 0.04448034034363317
0 0.6455407778444503 0.9698522388071819 0.04533234736759475 0.04760534034363299
0 0.5362252537130151 0.6186792424252265 0.04360615626060227 0.04283595318850324
0 0.5886508823836211 0.8648239020815934 0.04533234736759475 0.04760534034363317
0 0.8384177586071566 0.9346982315710927 0.04694941106992552 0.04924972749876275
0 0.596875 0.9859375 0.046875 0.028125
0 0.574990175667532 0.921892773632891 0.04533234736759475 0.04760534034363299
0 0.858759996541439 0.7551811499338869 0.04684028366526398 0.04612472749876275
0 0.6426489016209149 0.8870397388071819 0.045277783665263985 0.046042840343633
0 0.8012699003549704 0.6329653132082985 0.045223219962933214 0.04448034034363317
0 0.9135219076113646 0.7992719866594753 0.04684028366526398 0.04612472749876275
0 0.7244792549789595 0.854574719585305 0.045277783665263985 0.04604284034363317
0 0.7165675181409854 0.6280122195853051 0.045223219962933034 0.044480340343633
0 0.8219147609694092 0.7758964416570009 0.045223219962933214 0.04448034034363317
0 0.736309621583848 0.9243958966545265 0.04376984736759475 0.04752345318850324
0 0.795684621583848 0.9212841847595961 0.045277783665263985 0.046042840343633
0 0.5377927321134687 0.753218016735486 0.040481156260602266 0.042672178878243726
0 0.6990228979927178 0.7979905269122514 0.04371528366526398 0.04596095318850324
0 0.6630903763931715 0.9344945929456248 0.04533234736759475 0.04760534034363317
0 0.7521826143274538 0.75137447648271 0.045223219962933214 0.04448034034363317
0 0.6750050446346731 0.8274257213943272 0.045223219962933034 0.044480340343633
0 0.5683334039831676 0.731267773632891 0.045277783665263985 0.046042840343633
0 0.8005159653232458 0.8803316361390771 0.04533234736759475 0.04760534034363299
0 0.8399504544386545 0.6199806343300546 0.045223219962933034 0.04448034034363309
0 0.7469990626060226 0.60293697648271 0.045277783665263985 0.046042840343633
0 0.8398364148677588 0.9753232315710927 0.04689484736759475 0.04768722749876275
0 0.773338395630465 0.9537624920865422 0.04538691106992569 0.049167840343632994
0 0.6575248787554241 0.7751195929456248 0.045277783665263985 0.04604284034363317
0 0.9649752802067029 0.7934447105401935 0.048511911069925515 0.049331614653892686
0 0.7410715326537736 0.9711071223442669 0.04538691106992569 0.049167840343632994
0 0.7203125 0.98828125 0.046875 0.0234375
0 0.7683681203179036 0.676954330621153 0.041989092558271324 0.041191566033373664
0 0.5558185350160263 0.8211491451841886 0.045277783665263985 0.04604284034363317
0 0.50703125 0.8984375 0.0359375 0.046875
0 0.648690537378279 0.6566152544110141 0.04366071996293321 0.04439845318850324
0 0.6112500794810636 0.7947637075995174 0.045223219962933214 0.044480340343633
0 0.8478820386442234 0.8919375214851843 0.04694941106992552 0.04924972749876275
0 0.61953125 0.578125 0.0453125 0.0375
0 0.83671875 0.9953125 0.0453125 0.009375
0 0.5175000794810635 0.7996769369073025 0.04684028366526398 0.04612472749876275
0 0.5701340061600858 0.7828302736328909 0.04360615626060227 0.04283595318850324
0 0.895530821043543 0.687508971055643 0.046785719962933216 0.04456222749876275
0 0.8185913535276808 0.8152046031223902 0.04360615626060227 0.04283595318850324
0 0.6285218811176768 0.6169729002725711 0.04360615626060227 0.04283595318850324
0 0.98359375 0.8984375 0.0328125 0.046875
0 0.9828125 0.84609375 0.034375 0.0484375