0 0.7578125 0.6171875 0.0578125 0.034375
0 0.6671875 0.6828125 0.05625 0.0375
0 0.6734375 0.4859375 0.053125 0.046875
0 0.6921875 0.5796875 0.0484375 0.0515625
0 0.7765625 0.8921875 0.05 0.0515625
0 0.5421875 0.6125 0.0484375 0.053125
0 0.7453125 0.7859375 0.0546875 0.0359375
0 0.73125 0.3953125 0.040625 0.05625
0 0.65625 0.6375 0.034375 0.0578125
0 0.73125 0.7421875 0.0359375 0.0578125
0 0.6515625 0.5734375 0.046875 0.053125
0 0.6984375 0.89375 0.0515625 0.0515625
0 0.4875 0.7015625 0.0578125 0.040625
0 0.7171875 0.696875 0.053125 0.0375
0 0.4453125 0.66875 0.0609375 0.0390625
0 0.7734375 0.7375 0.0515625 0.0296875
0 0.690625 0.7265625 0.046875 0.0515625
0 0.4796875 0.8453125 0.0453125 0.0578125
0 0.73125 0.659375 0.034375 0.053125
0 0.7671875 0.6609375 0.0375 0.0546875
0 0.5609375 0.515625 0.0609375 0.0375
0 0.6578125 0.8421875 0.0546875 0.0421875
0 0.6828125 0.809375 0.046875 0.05
0 0.7703125 0.7078125 0.053125 0.0453125
0 0.7 0.425 0.05625 0.0390625
0 0.4859375 0.753125 0.04375 0.0578125
0 0.6109375 0.7953125 0.05625 0.04375
0 0.5671875 0.9015625 0.05625 0.0453125
0 0.759375 0.5734375 0.0453125 0.0546875
0 0.540625 0.7671875 0.0609375 0.0328125
0 0.6015625 0.946875 0.0390625 0.05625
0 0.3890625 0.4234375 0.0578125 0.0546875
0 0.6453125 0.7390625 0.046875 0.0515625
0 0.396875 0.6359375 0.0484375 0.0578125
0 0.621875 0.8265625 0.0546875 0.0453125
0 0.6203125 0.8734375 0.04375 0.053125
0 0.59375 0.775 0.053125 0.040625
0 0.5484375 0.8 0.059375 0.0375
0 0.6953125 0.775 0.0546875 0.04375
0 0.75625 0.8203125 0.05 0.0515625
0 0.71875 0.50625 0.040625 0.059375
0 0.5640625 0.828125 0.0609375 0.0390625
0 0.7125 0.6046875 0.046875 0.0515625
0 0.509375 0.6546875 0.0375 0.0578125
0 0.575 0.66875 0.0375 0.053125
0 0.4140625 0.7515625 0.059375 0.0453125
0 0.60625 0.728125 0.0421875 0.05625
0 0.4921875 0.8015625 0.053125 0.0421875
0 0.7015625 0.9359375 0.059375 0.03125
0 0.3984375 0.703125 0.04375 0.0578125
0 0.5109375 0.865625 0.03125 0.059375
0 0.55 0.696875 0.0453125 0.05
0 0.6109375 0.6109375 0.0375 0.05625
0 0.44375 0.796875 0.0421875 0.05625
0 0.4390625 0.71875 0.053125 0.046875
0 0.6125 0.6828125 0.0421875 0.05
0 0.6984375 0.646875 0.0453125 0.0453125