0 0.19453125 0.01328125 0.0796875 0.0265625
0 0.8988270796829273 0.08624079941348857 0.050308575934727706 0.047769114653892684
0 0.905267256447492 0.12982702510322905 0.050308575934727706 0.047769114653892684
0 0.9703720381910784 0.16092653889803898 0.05187107593472771 0.04785100180902226
0 0.41166081163629525 0.24040591474474962 0.051989475104890735 0.049413501809022264
0 0.6464609415104263 0.17162718000989763 0.050308575934727706 0.047769114653892684
0 0.08630376889504658 0.7502435029406761 0.047065176764564676 0.046042840343633
0 0.13379592076450192 0.8387394369073025 0.04718357593472753 0.04760534034363317
0 0.12491413777151558 0.6180175011316538 0.043821777594401645 0.04431656603337366
0 0.15879407553374233 0.7338948066495778 0.0471835759347277 0.04760534034363317
0 0.05514701204656931 0.6703036974227521 0.050308575934727706 0.047769114653892684
0 0.21771694441021133 0.6006042718238687 0.04538427759440165 0.04439845318850324
0 0.12988874814912216 0.7871769369073025 0.04730197510489074 0.049167840343633175
0 0.12796920540787352 0.6790368882867834 0.047065176764564676 0.04604284034363317
0 0.16338464192070043 0.60815782225341 0.04538427759440165 0.04439845318850324
0 0.497121024494124 0.6767661386254679 0.04862767676456468 0.04612472749876275
0 0.6102074846526604 0.3680794561291794 0.048746075934727705 0.04768722749876275
0 0.5911311336223306 0.6545835221625529 0.041904080083912554 0.03954717887824373
0 0.631496024494124 0.6697238432843091 0.04862767676456468 0.04612472749876275
0 0.5762613049883106 0.5204541836279422 0.047065176764564676 0.046042840343633
0 0.8393999224148871 0.4737208672558843 0.04694677759440165 0.04448034034363309
0 0.5593124485593963 0.6280143781100183 0.04862767676456468 0.04612472749876275
0 0.5108479473099964 0.4438783955228727 0.050308575934727706 0.04776911465389251
0 0.893495426564072 0.463042316826343 0.04370337842423862 0.042754066033373485
0 0.5884312634964618 0.5982516350074232 0.04862767676456468 0.04612472749876275
0 0.5196346419207004 0.6426434441433917 0.048746075934727705 0.04768722749876275
0 0.5392833684754837 0.5914151368164455 0.04862767676456468 0.04612472749876275
0 0.7602811074778215 0.5061039993226315 0.04538427759440165 0.04439845318850333
0 0.6840271834125493 0.5555927442342489 0.04538427759440165 0.04439845318850333
0 0.7384778850722232 0.5496016938047076 0.04694677759440165 0.04448034034363309
0 0.5800286128764063 0.6943830065587207 0.047065176764564676 0.046042840343633
0 0.5073462842423863 0.5632834927639108 0.04862767676456468 0.04612472749876275
0 0.9413427759440165 0.5562257507929695 0.04538427759440165 0.04439845318850333
0 0.710279262247062 0.40518995251113477 0.0471835759347277 0.04760534034363299
0 0.8770882539486923 0.41213491406738106 0.0471835759347277 0.04760534034363299
0 0.781113825734235 0.4705006919956852 0.04538427759440165 0.04439845318850324
0 0.7175016116270064 0.5005024525111348 0.045502676764564674 0.04596095318850324
0 0.6455548340326048 0.4619179873368438 0.047065176764564676 0.04604284034363308
0 0.8895686336223306 0.6389430755327703 0.04538427759440182 0.04439845318850324
0 0.9442561336223306 0.636077025103229 0.04538427759440182 0.04439845318850324
0 0.8588854734545055 0.5652532700148464 0.04538427759440165 0.04439845318850324
0 0.97890625 0.4359375 0.0421875 0.046875
0 0.5856111489696703 0.4368228120766447 0.047065176764564676 0.046042840343633
0 0.7146385659859728 0.5869312754419133 0.04538427759440165 0.04439845318850324
0 0.6242252083076585 0.5116656818189199 0.04862767676456468 0.04612472749876275
0 0.7287225315430939 0.462265468114967 0.042140878424238616 0.042672178878243726
0 0.7873190493892332 0.6144963534610743 0.04538427759440165 0.04439845318850324
0 0.97734375 0.66015625 0.0453125 0.0453125
0 0.9126043145360804 0.6738160425160835 0.047065176764564676 0.04604284034363317
0 0.7742522095570583 0.6904789993226315 0.047065176764564676 0.046042840343633
0 0.6893281448204854 0.439230759838081 0.04538427759440165 0.04439845318850333
0 0.7581965439906485 0.4371902250123719 0.042140878424238616 0.042672178878243816
0 0.8972375784335274 0.5538310911366026 0.043821777594401645 0.04431656603337357
0 0.7631245327924937 0.6471384350982803 0.04694677759440165 0.04448034034363317
0 0.9796875 0.5234375 0.040625 0.04375
0 0.6997258062377105 0.7006595827688595 0.04370337842423862 0.04275406603337366
0 0.8392852137062434 0.6792272388071818 0.04370337842423862 0.042754066033373485
0 0.98828125 0.47734375 0.0234375 0.0421875
0 0.6173421265733607 0.8555728120766446 0.050426975104890734 0.049331614653892505
0 0.984375 0.7046875 0.03125 0.046875
0 0.7616822771934164 0.7523172580290588 0.0455026767645645 0.04596095318850324
0 0.716559953957981 0.798605759838081 0.045502676764564674 0.04596095318850324
0 0.9267385921304818 0.7154303324301752 0.045502676764564674 0.04596095318850324
0 0.7252730257435238 0.8514850983726918 0.0471835759347277 0.04760534034363299
0 0.758510655617655 0.7932698066495778 0.043821777594401645 0.04431656603337366
0 0.8250791585174401 0.5952616745828306 0.04394017676456467 0.04587906603337366
0 0.8972412688950466 0.7608999626879001 0.04694677759440165 0.04448034034363317
0 0.8297703489789591 0.802084884668739 0.0471835759347277 0.04760534034363317
0 0.7381729995990146 0.7111942910457455 0.04538427759440165 0.04439845318850324
0 0.5386932178554281 0.6871370725920942 0.04862767676456468 0.04612472749876275
0 0.6697334207645019 0.8638080359573628 0.0471835759347277 0.04760534034363317
0 0.8315444913006449 0.7219879488930901 0.045502676764564674 0.04596095318850324
0 0.657536461006951 0.599336100181714 0.04694677759440165 0.04448034034363317
0 0.8004846680652097 0.7675394663059446 0.045502676764564674 0.04596095318850324
0 0.6205119029183626 0.711085827680477 0.04850927759440164 0.04456222749876275
0 0.5384294182657022 0.49733758819592644 0.04862767676456468 0.04612472749876275
0 0.8846694913006449 0.7192037856186786 0.047065176764564676 0.04604284034363317
0 0.8424353697248836 0.7622035131174414 0.045502676764564674 0.04596095318850324