0 0.634375 0.55625 0.08125 0.034375
0 0.4875 0.5765625 0.078125 0.0484375
0 0.54375 0.465625 0.06875 0.0609375
0 0.3921875 0.6796875 0.059375 0.075
0 0.6046875 0.6 0.075 0.0484375
0 0.65 0.4640625 0.0390625 0.078125
0 0.5484375 0.5875 0.03125 0.078125
0 0.4453125 0.6296875 0.065625 0.0640625
0 0.375 0.3890625 0.0703125 0.0578125
0 0.471875 0.540625 0.0765625 0.046875
0 0.7328125 0.2609375 0.0796875 0.040625
0 0.509375 0.634375 0.059375 0.071875
0 0.2828125 0.4578125 0.05625 0.075
0 0.40625 0.43125 0.0546875 0.0734375
0 0.396875 0.8078125 0.0640625 0.0765625
0 0.3859375 0.58125 0.0578125 0.071875
0 0.4859375 0.428125 0.04375 0.0765625
0 0.29375 0.6265625 0.084375 0.0328125
0 0.34375 0.5890625 0.0515625 0.0765625
0 0.434375 0.4890625 0.0765625 0.040625
0 0.4453125 0.4328125 0.05 0.0734375
0 0.3453125 0.45 0.0546875 0.0734375
0 0.371875 0.525 0.078125 0.040625
0 0.6421875 0.259375 0.04375 0.0765625