0 0.49296875 0.25390625 0.0921875 0.0578125
0 0.3582060113991664 0.30442186200941357 0.08648432028847228 0.09209777110331832
0 0.2438889382609025 0.31336839366603875 0.08183318787965295 0.09357845048646736
0 0.3098061854111108 0.23479910876300267 0.0833229526972918 0.09048072402541765
0 0.521875 0.29296875 0.034375 0.0796875
0 0.45475370307854135 0.3201753214243347 0.09960126291777768 0.05171823295387146
0 0.3971607150463887 0.2425764269442217 0.10138196846486132 0.06112050649282175
0 0.4794978235195136 0.3987639715864904 0.0941149823325695 0.08442163879807012
0 0.5234375 0.19921875 0.03125 0.0765625
0 0.521875 0.14140625 0.034375 0.0640625
0 0.18640766584381935 0.09665245210802513 0.10294446846486113 0.061147780031772084
0 0.3509780056995832 0.14485594723676115 0.09106271751493064 0.08749209172016936
0 0.25718641242534684 0.4136411290555421 0.0848854526972918 0.09050799756436803
0 0.19308493199263843 0.5485149610364789 0.08339568787965286 0.09360572402541774
0 0.4526430763693051 0.478015094963285 0.09705814437666671 0.0766636858759707
0 0.10177547986402757 0.24054672808260746 0.08186955547083344 0.09514095048646735
0 0.48488022701423594 0.16751397158649042 0.0555252610179167 0.10405230032431159
0 0.13298258016902728 0.578728566556366 0.10163654160312507 0.07205800649282175
0 0.5171875 0.59296875 0.04375 0.0984375
0 0.8539146356398607 0.48222312824146796 0.05352634992375016 0.08527502678536117
0 0.6296875 0.6671875 0.09375 0.04375
0 0.5484375 0.53828125 0.01875 0.0890625
0 0.515625 0.8984375 0.046875 0.0625
0 0.55703125 0.96015625 0.0359375 0.0359375