0 0.89609375 0.01796875 0.0359375 0.0359375
0 0.7568190409465533 0.10631715789021516 0.03604881596343468 0.0383412341605581
0 0.7120887378034002 0.0969857165564056 0.03604881596343468 0.0383412341605581
0 0.21335175475751092 0.6154186423028749 0.10985449710451593 0.11825796312533629
0 0.35078125 0.9828125 0.0796875 0.034375
0 0.11501695450984192 0.7204117809225791 0.0882705955329393 0.12297831411407198
0 0.22421875 0.95234375 0.0796875 0.0953125
0 0.42910507154951516 0.8650915883282616 0.1221704065339754 0.08174130891829172
0 0.3088825785788286 0.6040662430395092 0.08983309553293921 0.12308757475773371
0 0.22674635897690262 0.829404732647949 0.09266699710451584 0.11705609604505725
0 0.0125 0.940625 0.025 0.11875
0 0.5296875 0.8875 0.059375 0.109375
0 0.4935357526905964 0.7858304232254539 0.11799232878371627 0.09235102698730664
0 0.33169503226010094 0.7161620514535978 0.12068068114108108 0.08319454827463009
0 0.12100578122664363 0.8258969564169469 0.1169392510334573 0.10317926634364483
0 0.51796875 0.62109375 0.0828125 0.1265625
0 0.03203125 0.8234375 0.0640625 0.121875
0 0.11842012862160978 0.9148501957732851 0.12246150496239867 0.08799130891829172
0 0.19797500372405366 0.711495966808507 0.08961477171162172 0.11840007475773362
0 0.31711018569370425 0.928989833384583 0.08045809553293921 0.12243201089576328
0 0.44201610215247705 0.6882013063972764 0.11083480024766904 0.10586722376899797
0 0.82265625 0.35625 0.0546875 0.053125
0 0.8229750037240535 0.4962644507169637 0.055599336641599176 0.056839861884498966
0 0.8777738196874884 0.45661208883246474 0.05396406203449331 0.05516810124083724
0 0.9020161484712046 0.37081670046486215 0.054036836641599174 0.056730601240837245
0 0.782101754757511 0.40412050938315397 0.055599336641599176 0.056839861884498966
0 0.9305691799027361 0.493412966304304 0.055599336641598995 0.056839861884498966
0 0.9559031277930401 0.3841800779367014 0.055599336641599176 0.056839861884498966
0 0.9170204102580289 0.416489833384583 0.052328787427387446 0.05349634059717552