0 0.06660958878326766 0.45328377894075855 0.02677598755244537 0.024310519237293705
0 0.201316475505876 0.4329216936388812 0.025095088382282426 0.022693455534962936
0 0.1779022862937568 0.45247030180624925 0.025095088382282426 0.022693455534962936
0 0.14004708878326766 0.4558482729503087 0.025213487552445367 0.024255955534962938
0 0.6145464908532157 0.4331994905509891 0.02857528589277152 0.02749008293962447
0 0.69453125 0.47890625 0.0296875 0.0203125
0 0.7037758568298997 0.3720834304768553 0.02857528589277152 0.02749008293962447
0 0.39464503609326407 0.5827927188666248 0.0471835759347277 0.04684028366526398
0 0.4279255970816374 0.8878820121505356 0.047065176764564676 0.045277783665263985
0 0.27051491616788786 0.9184177056197809 0.04862767676456468 0.04533234736759475
0 0.47534781658745073 0.7375744773041453 0.0471835759347277 0.04684028366526398
0 0.4284513510303296 0.6121726840202345 0.04886447510489074 0.04845734736759475
0 0.44715472945456824 0.5720933210435429 0.0471835759347277 0.04684028366526398
0 0.19916382488582052 0.7435962656939147 0.048746075934727705 0.04689484736759475
0 0.4737116937622895 0.8832143595181303 0.047065176764564676 0.045277783665263985
0 0.43900849750120025 0.7002728847458739 0.048746075934727705 0.04689484736759484
0 0.5364718028904962 0.9026389713136954 0.047065176764564676 0.045277783665263985
0 0.16895241616788786 0.9148710649682752 0.048746075934727705 0.04689484736759475
0 0.4696646564196256 0.8125744773041452 0.04526587842423861 0.04209821996293321
0 0.32873477094641707 0.6462897344757214 0.048746075934727705 0.04689484736759475
0 0.49071455269000364 0.6174802321134687 0.04874607593472753 0.04689484736759484
0 0.2533544174172877 0.7313889315731638 0.04538427759440165 0.04366071996293321
0 0.4219897087086439 0.5320486744015875 0.045502676764564674 0.045223219962933124
0 0.3625 0.984375 0.046875 0.03125
0 0.5200450099487549 0.7266022609694092 0.04718357593472753 0.04684028366526398
0 0.34914420455945894 0.5216716803920374 0.04730197510489074 0.04840278366526398
0 0.39724428214457186 0.8586111744015875 0.04862767676456468 0.04533234736759475
0 0.2582302489510928 0.7910913137871489 0.04862767676456468 0.04533234736759475
0 0.20287713027511645 0.9426885301218849 0.04886447510489074 0.04845734736759475
0 0.28152419376228954 0.8765030241314351 0.04862767676456468 0.04533234736759475
0 0.3609086535198405 0.6145139448200077 0.04886447510489074 0.04845734736759484
0 0.35617084148256 0.780411763331662 0.04862767676456468 0.04533234736759475
0 0.27781273360375314 0.5740129411918107 0.0471835759347277 0.04684028366526398
0 0.30574940206994805 0.5154563967267733 0.04898287427505377 0.05001984736759475
0 0.35718612197674665 0.9324107729503087 0.0471835759347277 0.04684028366526398
0 0.5188861742657649 0.6591965061600857 0.04886447510489074 0.04845734736759475
0 0.32326140786951807 0.9045933077966991 0.04862767676456468 0.04533234736759475
0 0.4741601344243014 0.9599951143274538 0.04694677759440165 0.04371528366526398
0 0.49118261367837696 0.9214236876484314 0.047065176764564676 0.045277783665263985
0 0.3564327958415263 0.6942560085223385 0.0471835759347277 0.04684028366526398
0 0.2203125 0.9828125 0.05 0.034375
0 0.4346277282051684 0.758085384745874 0.048746075934727705 0.04689484736759475
0 0.3238049369138123 0.9594444989036915 0.04862767676456468 0.04533234736759475
0 0.55859375 0.7625 0.0421875 0.046875
0 0.20844189127277857 0.869251030121885 0.04694677759440165 0.04371528366526398
0 0.5671875 0.909375 0.025 0.04375
0 0.24748108048489792 0.8502480589778255 0.047065176764564676 0.045277783665263985
0 0.23858336762706917 0.6368750397405318 0.04886447510489074 0.04845734736759484
0 0.2830437626480473 0.6290278234057957 0.047065176764564676 0.045277783665263985
0 0.5140299630583214 0.8266568246717402 0.047065176764564676 0.045277783665263985
0 0.5197364340140272 0.7720238883740709 0.04862767676456468 0.04533234736759475
0 0.5551751813147349 0.8625596083370042 0.048746075934727705 0.04689484736759475
0 0.55625 0.81796875 0.046875 0.0453125
0 0.565625 0.9546875 0.028125 0.046875
0 0.46973827924478684 0.6668800313878294 0.0471835759347277 0.04684028366526398
0 0.23095550869935505 0.9029365493591787 0.04694677759440165 0.04371528366526398
0 0.32312523360375317 0.5755952885594053 0.045502676764564674 0.045223219962933034
0 0.38145426139864747 0.8188939099736172 0.04862767676456468 0.04533234736759475
0 0.3483117199067986 0.7394048174153459 0.04538427759440165 0.04366071996293304
0 0.7356448539301146 0.9171231119652011 0.050308575934727706 0.04694941106992552
0 0.6475062365035382 0.8811459172300115 0.048746075934727705 0.04689484736759475
0 0.690497374676039 0.9547123920022681 0.050426975104890734 0.048511911069925695
0 0.5875 0.9421875 0.015625 0.046875
0 0.6955885389930491 0.8875248920022679 0.048746075934727705 0.04689484736759475
0 0.653125 0.98671875 0.05 0.0265625
0 0.7794433207366357 0.8559872045234724 0.050308575934727526 0.046949411069925694
0 0.8157844850536456 0.7898909785700896 0.050308575934727706 0.046949411069925694
0 0.73782450579957 0.8263344208582085 0.050308575934727706 0.046949411069925694
0 0.7981681647179953 0.9396727237607662 0.05187107593472771 0.04700397477225664
0 0.7613067821445718 0.9712848223094873 0.051989475104890735 0.04856647477225664
0 0.745922270946417 0.7608185482628702 0.048746075934727705 0.04689484736759484
0 0.82109375 0.9765625 0.0515625 0.046875
0 0.9200468551795143 0.7371330555192644 0.05343357593472788 0.04705853847458741
0 0.58515625 0.8171875 0.0109375 0.046875
0 0.8736202958415262 0.8122768992586622 0.05187107593472788 0.047003974772256464
0 0.7092277543496776 0.7282044557045989 0.050308575934727706 0.046949411069925694