0 0.6578125 0.3953125 0.05 0.06875
0 0.8392582124568435 0.2947862531249461 0.06266686597668389 0.06742969468185844
0 0.784375 0.415625 0.05625 0.028125
0 0.6971424900512451 0.34543724246042806 0.05797936597668389 0.06715667889684288
0 0.7863233892214081 0.34181244254513266 0.047397063487172986 0.0712071420651399
0 0.8978995066479847 0.3023565584430877 0.06602866431700996 0.0707367052052021
0 0.73984375 0.40625 0.0484375 0.046875
0 0.9030857593472769 0.3915100637047596 0.06399256763635783 0.06439569994353037
0 0.8690855771841276 0.17063612158314986 0.07047936597668389 0.06788472099021767
0 0.58359375 0.409375 0.0671875 0.040625
0 0.9890625 0.4015625 0.021875 0.05625
0 0.935279262247062 0.19502990585460406 0.05435745850815117 0.0809461631118273
0 0.7143514556083661 0.22045265301200664 0.07230197510489074 0.05087923151356133
0 0.98515625 0.28984375 0.0296875 0.0765625
0 0.8505760659859728 0.38201323733993053 0.04763386182749905 0.07433214206513998
0 0.95546875 0.39921875 0.0515625 0.0609375
0 0.865625 0.4234375 0.075 0.0125
0 0.9256226875617342 0.3368379742563381 0.06302206348717299 0.07211719468185836
0 0.97734375 0.35234375 0.0453125 0.0484375
0 0.9033170219953242 0.0838949847796818 0.07926237012586893 0.060618252560248734
0 0.94765625 0.03984375 0.0515625 0.0796875
0 0.258343789640971 0.7883681951053815 0.08224566016782511 0.07945925782192056
0 0.18199662242417594 0.9199359844973332 0.08236405933798814 0.08102175782192056
0 0.2560727398507524 0.8826642266754124 0.08236405933798814 0.08102175782192056
0 0.18156780208852563 0.7692989476656302 0.08224566016782511 0.07945925782192056
0 0.15888916391602467 0.8428120423757235 0.08380816016782511 0.07955026308359248
0 0.3930506763635794 0.8056327478632742 0.07900226099766208 0.0777147472985769
0 0.46040319710950384 0.7624750110880412 0.08044636182749905 0.07624325256024882
0 0.53125 0.7734375 0.0375 0.078125
0 0.7292985975290667 0.8473483529555368 0.03709818091374952 0.03793961575678075
0 0.6556457647458617 0.7245170686840827 0.038542281743586496 0.036468121018452496
0 0.6277594083169473 0.8328601897025353 0.036979781743586494 0.03637711575678075
0 0.593456185911349 0.8772318159826596 0.03866068091374952 0.03803062101845249
0 0.5701352398507524 0.7765793685993782 0.03866068091374952 0.03803062101845249