0 0.7625264469597586 0.15843653550307762 0.08176521046687384 0.06659435775648763
0 0.691849925913071 0.14850161352223878 0.07008425782192056 0.08000176051544958
0 0.8854935100998207 0.18357373360319826 0.08894067363517096 0.056066293532136414
0 0.8139671205949295 0.2125375373120999 0.0761522472985769 0.07720430913596861
0 0.804820362773009 0.13572937584671063 0.07891322625188942 0.07111808344622812
0 0.7128596469032887 0.2150273722286661 0.07311825256024881 0.07860303482570892
0 0.9543484678652716 0.32270483265325856 0.059601784130279965 0.08724105042954129
0 0.5734191733528223 0.06752385119776685 0.07789675782192056 0.08041119629109836
0 0.60771566254713 0.36217460990419414 0.07348227360693613 0.08485303482570909
0 0.834629689137838 0.08588650610443546 0.05629477360693613 0.08395227611928187
0 0.5038948996047118 0.13086265490666857 0.09059417889684288 0.057710680687265994
0 0.8707169205102249 0.30430231343138175 0.08231124203690499 0.07596935775648764
0 0.4645146102127601 0.043123637493814024 0.09629814732681181 0.048663229307785105
0 0.7489806154744321 0.05958959972742885 0.043976784130279965 0.08642217887824373
0 0.51328125 0.54609375 0.0578125 0.0859375
0 0.8798665944277445 0.06021812075832802 0.0518802893919517 0.0883941146538925
0 0.712782594145396 0.3474304364530173 0.05049979991529554 0.09143722749876275
0 0.5807597784450851 0.24704757688750742 0.05353379465362353 0.09003850180902226
0 0.8762696995200073 0.2391686363621602 0.09013915258848364 0.049898180687265994
0 0.9163193048946185 0.12443775101605281 0.08185621572854593 0.06815685775648764
0 0.5215051467621145 0.3529833163720578 0.07210178413027979 0.08789614767057934
0 0.9523603046122698 0.4222953968776098 0.04599431043863902 0.09431656603337366
0 0.7984375 0.040625 0.0625 0.08125
0 0.8897538887990194 0.44393802351728995 0.09179265785015538 0.05154256784239593
0 0.34921875 0.9859375 0.0328125 0.028125
0 0.24791791538972738 0.9208214280852743 0.03297909997176518 0.03132524310259512
0 0.33752644695975853 0.9348639959276701 0.03297909997176518 0.03132524310259512
0 0.3101448996047118 0.9194094142904644 0.03297909997176518 0.03132524310259512
0 0.7531177097610022 0.9578766135222387 0.04252069994353036 0.06142217887824373
0 0.834566588883724 0.7783329556748942 0.03461719468185844 0.05945024310259513
0 0.97734375 0.89765625 0.0453125 0.0546875
0 0.98515625 0.734375 0.0296875 0.05625
0 0.7811223414439729 0.8503031309350935 0.04996917889684287 0.05558161465389251
0 0.990625 0.690625 0.01875 0.04375
0 0.9534384152485531 0.7331576537750149 0.048315673635170954 0.05393722749876275
0 0.9152859678652716 0.746735474896771 0.060178636803468064 0.0436548247398008
0 0.9022105732398827 0.629220426276252 0.05999662628012441 0.0405298247398008
0 0.97421875 0.77734375 0.0515625 0.0359375
0 0.98203125 0.8265625 0.0359375 0.03125
0 0.9628442363517102 0.6806877510160528 0.04840667889684269 0.05549972749876275
0 0.8328991311182733 0.6427230042954132 0.048224668373499216 0.05237472749876275
0 0.9238110994070677 0.7861255235172899 0.06110409997176518 0.032799211894930555
0 0.793805810015116 0.6936370511069099 0.05870714206513981 0.04513543758467105
0 0.7563212205666947 0.6651911465389255 0.06146812101845249 0.03904921189493056
0 0.8309403309206292 0.8497985198992455 0.048224668373499216 0.05237472749876275
0 0.9095203572289885 0.8617053776557331 0.060087631541796326 0.042092324739800804
0 0.9859375 0.65078125 0.028125 0.0578125