0 0.5078125 0.621875 0.03125 0.03125
0 0.4171875 0.7 0.0328125 0.0328125
0 0.6421875 0.56875 0.03125 0.03125
0 0.503125 0.6984375 0.03125 0.03125
0 0.615625 0.5984375 0.03125 0.03125
0 0.6015625 0.7421875 0.03125 0.0328125
0 0.6875 0.5875 0.03125 0.03125
0 0.7171875 0.503125 0.03125 0.0296875
0 0.6890625 0.7125 0.0328125 0.0328125
0 0.64375 0.64375 0.03125 0.03125
0 0.76875 0.5234375 0.03125 0.03125
0 0.5375 0.6 0.03125 0.03125
0 0.6328125 0.709375 0.03125 0.0328125
0 0.846875 0.6421875 0.034375 0.0328125
0 0.5828125 0.65 0.03125 0.03125
0 0.53125 0.534375 0.03125 0.03125
0 0.5515625 0.690625 0.03125 0.03125
0 0.5984375 0.571875 0.03125 0.03125
0 0.6 0.6921875 0.03125 0.0328125
0 0.6671875 0.6875 0.03125 0.03125
0 0.740625 0.55625 0.03125 0.03125
0 0.571875 0.61875 0.03125 0.03125
0 0.846875 0.7171875 0.034375 0.0328125
0 0.6109375 0.503125 0.03125 0.0296875
0 0.8421875 0.565625 0.0328125 0.03125
0 0.8453125 0.603125 0.0328125 0.03125
0 0.7953125 0.6765625 0.0328125 0.0328125
0 0.5921875 0.5359375 0.03125 0.0296875
0 0.81875 0.54375 0.03125 0.03125
0 0.346875 0.725 0.0328125 0.0328125
0 0.796875 0.640625 0.03125 0.03125
0 0.840625 0.5203125 0.0328125 0.03125
0 0.7640625 0.6671875 0.03125 0.0328125
0 0.69375 0.6234375 0.03125 0.03125
0 0.703125 0.6546875 0.0328125 0.03125
0 0.7109375 0.5484375 0.03125 0.03125
0 0.8125 0.60625 0.03125 0.03125
0 0.7703125 0.5796875 0.03125 0.03125
0 0.734375 0.6765625 0.0328125 0.03125
0 0.765625 0.6359375 0.0328125 0.03125
0 0.8015625 0.575 0.03125 0.03125
0 0.7296875 0.6359375 0.0328125 0.03125
0 0.7546875 0.60625 0.0328125 0.03125