0 0.25625 0.5175248850476402 0.0234375 0.023573855386194255
0 0.6453125 0.23359375 0.0125 0.0546875
0 0.79375 0.3302350050681655 0.053125 0.053434072208706954
0 0.65703125 0.05 0.0359375 0.05625
0 0.3 0.5913350897699045 0.0765625 0.0535704275949012
0 0.234375 0.8893907946885605 0.0421875 0.08305793969514959
0 0.3859375 0.6012100595192834 0.0765625 0.042632927594901206
0 0.4078125 0.8857123245463981 0.078125 0.0551420179539809
0 0.378125 0.6542896077238853 0.071875 0.06448065651766247
0 0.2828125 0.8896725958200287 0.059375 0.08159543364502539
0 0.3296875 0.8993203065924172 0.071875 0.06448065651766229
0 0.1546875 0.5811146863755 0.0734375 0.06136474687674198
0 0.3359375 0.8181066680287357 0.0609375 0.0753545240041051
0 0.378125 0.7808521077238854 0.0703125 0.06447156615858277
0 0.425 0.7701873184962739 0.0328125 0.07831589754067192
0 0.3890625 0.9418532402374427 0.075 0.055123837235821684