0 0.12958542252673572 0.9826112938774431 0.025145445745273866 0.02572742570596276
0 0.23638993443059242 0.8842072346271008 0.025145445745273776 0.025727425705962936
0 0.03125 0.99140625 0.025 0.0171875
0 0.00625 0.98125 0.0125 0.025
0 0.06406950683569113 0.9657707863555958 0.025145445745273866 0.02572742570596276
0 0.12195472970832806 0.9515886144105565 0.023582945745273864 0.02568196159934022
0 0.17206381401728343 0.9313837629986308 0.025136355386194253 0.024164925705962757
0 0.20366833802138853 0.869536980866177 0.023573855386194255 0.024119461599340218
0 0.09541950078556694 0.9476740042231422 0.023582945745273955 0.02568196159934022
0 0.20976380191703506 0.8959176244396865 0.023573855386194255 0.024119461599340218
0 0.14085926581268157 0.9244805451310845 0.025136355386194253 0.024164925705962757
0 0.18624448868531845 0.9106620860390265 0.023573855386194255 0.024119461599340218
0 0.03130245863108918 0.958913032594672 0.025145445745273953 0.025727425705962936
0 0.1832649344305924 0.8857530142522719 0.023573855386194255 0.024119461599340218
0 0.01015625 0.94296875 0.0203125 0.0265625
0 0.16126266940347778 0.9082645117449897 0.023573855386194255 0.024119461599340218
0 0.16002742233034395 0.8520599758516122 0.023573855386194255 0.024119461599340218
0 0.01632287412574209 0.8484301736608988 0.025145445745273953 0.025727425705962936
0 0.1049399465308408 0.922401219583406 0.023582945745273864 0.02568196159934022
0 0.15363197658507008 0.8772418322781028 0.023573855386194255 0.024119461599340218
0 0.0767694947354427 0.9310320735026142 0.023573855386194255 0.024119461599340218
0 0.00859375 0.89453125 0.0171875 0.0265625
0 0.0631978741257421 0.8470662504622183 0.023582945745273955 0.02568196159934022
0 0.00859375 0.87109375 0.0171875 0.0265625
0 0.1350365126894236 0.8512249015575751 0.023573855386194255 0.024119461599340218
0 0.13475471155795543 0.8996624015575752 0.025145445745273866 0.02572742570596276
0 0.05184221760807963 0.9192594992085772 0.025136355386194253 0.024164925705962757
0 0.11005469340758282 0.8488273272635378 0.023573855386194255 0.024119461599340218
0 0.029903585094522355 0.9308334967012947 0.025145445745273953 0.025727425705962936
0 0.08017629586691086 0.882503645289369 0.023573855386194255 0.024119461599340218
0 0.08316494048071661 0.9058502170761236 0.023573855386194255 0.024119461599340218
0 0.039724012689423605 0.8539982120615587 0.023573855386194255 0.024119461599340218
0 0.03161153083979622 0.9057880325946719 0.025136355386194253 0.024164925705962938
0 0.10820130191703506 0.8988727913701606 0.023573855386194255 0.024119461599340218
0 0.08500924161218473 0.857367252969501 0.023573855386194255 0.024119461599340218
0 0.0583740187395478 0.8706401427820865 0.025145445745273866 0.025727425705962936
0 0.05666607299427393 0.8956856068887091 0.025136355386194253 0.024164925705962757
0 0.10522174766230896 0.873963719583406 0.023573855386194255 0.024119461599340218
0 0.03332856694414969 0.8791800684880494 0.023573855386194255 0.024119461599340218
0 0.1302126573032293 0.8747987938774431 0.023573855386194255 0.02411946159934004
0 0.05326836222188538 0.9426515351019547 0.025136355386194253 0.024164925705962938
0 0.009375 0.91796875 0.01875 0.0265625