0 0.553125 0.528125 0.0421875 0.040625
0 0.2421875 0.3828125 0.0453125 0.0421875
0 0.2390625 0.475 0.04375 0.040625
0 0.603125 0.35625 0.040625 0.0390625
0 0.621875 0.4609375 0.0421875 0.0390625
0 0.3109375 0.296875 0.0421875 0.040625
0 0.4421875 0.2625 0.0390625 0.0390625
0 0.6890625 0.359375 0.040625 0.0390625
0 0.4703125 0.3625 0.04375 0.040625
0 0.334375 0.35625 0.0421875 0.040625
0 0.5140625 0.2640625 0.0390625 0.0390625
0 0.578125 0.265625 0.0375 0.0390625
0 0.45 0.321875 0.040625 0.0390625
0 0.525 0.3578125 0.040625 0.0390625
0 0.5109375 0.315625 0.0390625 0.0390625
0 0.5546875 0.328125 0.0390625 0.0390625
0 0.6296875 0.2734375 0.0390625 0.0390625
0 0.1515625 0.2671875 0.04375 0.0421875
0 0.6390625 0.3203125 0.0390625 0.0390625
0 0.375 0.3171875 0.040625 0.0390625
0 0.41875 0.2953125 0.0390625 0.0390625
0 0.4796875 0.284375 0.040625 0.0390625
0 0.5453125 0.2875 0.0390625 0.0375
0 0.6984375 0.2671875 0.0390625 0.0390625
0 0.125 0.3078125 0.0453125 0.0421875
0 0.6671875 0.29375 0.0375 0.0375
0 0.6046875 0.303125 0.0390625 0.0390625
0 0.3921875 0.2625 0.040625 0.0390625