0 0.00859375 0.4765625 0.0171875 0.03125
0 0.026276068137876953 0.33238762101555147 0.030833505931499073 0.03020095222957302
0 0.10586540905034791 0.2909870888324647 0.029334672927693362 0.03165419158591121
0 0.16081821140807512 0.4336009237296571 0.03089717292769336 0.03176345222957302
0 0.05886307505795916 0.2973899081423168 0.029271005931498985 0.030091691585911205
0 0.1469520295831332 0.5062407482352892 0.030960839923887918 0.03332595222957302
0 0.08633286456410509 0.5026894133380969 0.03089717292769336 0.03176345222957302
0 0.11024520844232555 0.4511597643268326 0.03089717292769336 0.03176345222957302
0 0.1348287143738247 0.42139585467190654 0.029334672927693362 0.03165419158591121
0 0.4273584070731816 0.27785439623814734 0.03245967292769336 0.031872712873234656
0 0.034746506845720136 0.6215922326479489 0.030960839923887828 0.03332595222957302
0 0.270755580000875 0.2592022212479825 0.03089717292769336 0.03176345222957302
0 0.19712707901229187 0.26902497150008403 0.030833505931498983 0.03020095222957302
0 0.36296434874677425 0.5581317581226463 0.032523339923887916 0.03343521287323466
0 0.3579717371112377 0.2982868645592636 0.03089717292769336 0.03176345222957302
0 0.3313562044879929 0.4543947529268662 0.03089717292769336 0.03176345222957302
0 0.3877388556668565 0.5236803484677203 0.032523339923887916 0.03343521287323466
0 0.09683791893617961 0.24487691333809686 0.03089717292769336 0.03176345222957293
0 0.23593491102751435 0.2725434554085407 0.029271005931499162 0.030091691585911205