0 0.4376384600164946 0.453039566756814 0.06078438730530315 0.04912839067472703
0 0.3571446294542513 0.3723884560789054 0.045568564264907255 0.06300907733927233
0 0.41738344748008227 0.3433918467536324 0.06542642319868044 0.047620434675363296
0 0.446875 0.48828125 0.04375 0.0546875
0 0.45078125 0.58125 0.0359375 0.0375
0 0.36621810108272135 0.4365782254137235 0.05797763605166182 0.060029528007635946
0 0.333876962523777 0.47371459874281463 0.0640457796251713 0.05385225334181776
0 0.313576485880742 0.365629378739633 0.04418792069139812 0.06924089600572696
0 0.42672970374828845 0.39820661608845054 0.062483279625171126 0.05383407200827221
0 0.39962163446881627 0.41664753341817795 0.05944920783841638 0.05692270934118149
0 0.3437855084462843 0.5629225494111783 0.04588681301126592 0.0739465773392725
0 0.42538982726353797 0.22938389075426868 0.04864810015828454 0.06148294000636332
0 0.3569460526529317 0.32549527474536005 0.06211956677218975 0.041334072008272216
0 0.28211118870459356 0.2652293894016332 0.04097199247815268 0.06607953333863606
0 0.3106573890211628 0.14364529073836035 0.0640457796251713 0.05385225334181776
0 0.36097563776752145 0.13328959341181457 0.05342652837152997 0.06466248400699967
0 0.4609375 0.55703125 0.015625 0.0671875
0 0.3888085034317193 0.5196816267504507 0.06961381802583091 0.030487478675999567
0 0.27399716033306376 0.32921916406745144 0.04235263605166182 0.0598477146721816
0 0.2870092888628782 0.2043282520687241 0.03748327962517113 0.05354317067154524
0 0.2739229524946472 0.3854873454009969 0.05288095909205772 0.045912484006999675
0 0.22578125 0.56640625 0.0296875 0.0671875
0 0.98125 0.4859375 0.0375 0.078125
0 0.9572522780423256 0.4627225547421784 0.058295884798020656 0.07096702800763595
0 0.9890625 0.1984375 0.021875 0.05
0 0.028125 0.98984375 0.021875 0.0203125
0 0.1033209474800822 0.9190089174092693 0.02251149749271768 0.022129538669636163