0 0.20666837301400393 0.13787310688870918 0.03637711575678067 0.03537521034569906
0 0.0987648677523321 0.13944763024567414 0.03637711575678075 0.03537521034569906
0 0.060854615050909014 0.21411266112448651 0.03803062101845249 0.0369831744523216
0 0.10283074147220769 0.10176577381918346 0.03793961575678066 0.035420674452321776
0 0.09762657295753421 0.20052152256554212 0.03793961575678066 0.035420674452321776
0 0.0318657940889262 0.11948212272382674 0.03803062101845249 0.0369831744523216
0 0.0831105046969745 0.03190791488541027 0.03793961575678066 0.035420674452321776
0 0.0711704887707846 0.17624894827150506 0.03793961575678066 0.035420674452321776
0 0.13884383618230095 0.1288905634734844 0.03793961575678075 0.035420674452321776
0 0.16593695720075355 0.16410063776752146 0.03793961575678075 0.035420674452321776
0 0.03236705205202113 0.04747073040395868 0.03793961575678066 0.035420674452321776
0 0.06618060993041146 0.06370348416488233 0.03628611049510884 0.03381271034569906
0 0.0653307414722077 0.10285691237812777 0.03793961575678066 0.035420674452321776
0 0.0390625 0.0125 0.0375 0.025
0 0.31030858348087786 0.1974634040648576 0.034814615756780756 0.035329746239076344
0 0.031244167808801813 0.08193665861720412 0.03793961575678066 0.035420674452321776
0 0.2819259782474409 0.16698629387744307 0.034814615756780756 0.035329746239076344
0 0.26995659926589344 0.20333297083704718 0.036468121018452496 0.03693771034569906
0 0.327906336182301 0.12338940657214001 0.03628611049510884 0.03381271034569906
0 0.03430752560248755 0.18827758683044937 0.03793961575678066 0.035420674452321776
0 0.06117386249066024 0.13897626880461847 0.03637711575678067 0.03537521034569906
0 0.4303480676958623 0.18927516785491108 0.03637711575678075 0.03537521034569906
0 0.14789958874254977 0.20375417115361644 0.03803062101845249 0.03698317445232178
0 0.31202373094886404 0.0925485835317442 0.03472361049510884 0.03376724623907634
0 0.9097625519108469 0.1765812880714554 0.02314907366340595 0.02251149749271768
0 0.9154063361823009 0.11224600343171928 0.023240078925077866 0.024073997492717502
0 0.9615980676958624 0.1797684725529069 0.021495568401734035 0.020903533386094787
0 0.8900114940324565 0.15993935735092757 0.023149073663405774 0.022511497492717504
0 0.9747505150791438 0.16373429559330271 0.021586573663405773 0.022466033386094965
0 0.9578668519673166 0.1157059725529069 0.02158657366340595 0.022466033386094784
0 0.9719139414157378 0.14190475969992544 0.021495568401734035 0.020903533386094787
0 0.9520872888272545 0.09709236487277498 0.019842063140062295 0.019295569279472246
0 0.8981124203690506 0.13779157271119152 0.02158657366340595 0.022466033386094965
0 0.9480214151073788 0.13477422129926567 0.021495568401734035 0.020903533386094787
0 0.9374633467056448 0.11473450593900178 0.021495568401734035 0.020903533386094963
0 0.9430454887707846 0.15683107772575636 0.02158657366340595 0.022466033386094965
0 0.9227329887707846 0.1574221111118513 0.021495568401734035 0.020903533386094963
0 0.9364160571725186 0.17737089825886976 0.02158657366340595 0.022466033386094965
0 0.9246749203690505 0.1370186828986059 0.02158657366340595 0.022466033386094784
0 0.2852344468185842 0.6249806503039338 0.029763094710093262 0.028943353919208194
0 0.1212027679217413 0.57653845328607 0.03132559471009326 0.02898881802583091
0 0.10316539946353753 0.6161919866721648 0.03132559471009326 0.02898881802583091
0 0.25142088894019377 0.6087478965430101 0.029763094710093262 0.028943353919208194
0 0.2867507151638485 0.7047590785171792 0.02985409997176518 0.03050585391920819
0 0.1865995257436619 0.6513278531277855 0.029763094710093262 0.028943353919208194
0 0.22639152588483621 0.5014809658224824 0.03132559471009326 0.02898881802583091
0 0.17721057323988285 0.5169983172344081 0.03132559471009326 0.02898881802583091
0 0.13822366794997615 0.5463053840065978 0.03132559471009326 0.02898881802583091
0 0.09476063623877069 0.6868681995251463 0.03141659997176518 0.030551318025830908
0 0.21505772568719211 0.7099754274218226 0.03141659997176518 0.030551318025830908
0 0.13661493629524046 0.6261747404330885 0.03132559471009326 0.02898881802583091
0 0.33705601009982067 0.49356551425227196 0.029672089448421347 0.027380853919208192
0 0.15810904664917497 0.8071064916867299 0.03297909997176518 0.030596782132453627
0 0.3033334574831022 0.4788952604913483 0.029763094710093262 0.028943353919208194
0 0.09500283092062914 0.7447716277383917 0.03141659997176518 0.030551318025830908
0 0.229984046649175 0.8050151427820864 0.03141659997176518 0.030551318025830908
0 0.22108239960471185 0.4640718940357277 0.029763094710093262 0.028943353919208194
0 0.3963554153897274 0.46366741409398743 0.029763094710093262 0.028943353919208194
0 0.4395579257718968 0.6142297037482883 0.029763094710093262 0.028943353919208194
0 0.2337306729292993 0.8424696786754637 0.03141659997176518 0.030551318025830908
0 0.5487061416416169 0.5457357680131956 0.05999662628012441 0.039182171945039104
0 0.6796677153050228 0.5638372471635131 0.05705363680346807 0.04221624373179385
0 0.7055175837632266 0.5239563932443049 0.058525131541796324 0.04069920783841656
0 0.6487509152485531 0.6242124575092121 0.0587981473268119 0.045386707838416564
0 0.6284692363517103 0.5715875626820617 0.042247684158514785 0.05582410266556703
0 0.6025885467903492 0.6646843448145152 0.059071163111827474 0.05007420783841639
0 0.5468104416980866 0.48631530390657296 0.05134966837349921 0.05140938730530316
0 0.5895733363234753 0.6024571294542513 0.061741136803468065 0.04235263605166182
0 0.6521349785297896 0.49420670876285333 0.048315673635170954 0.05288095909205772
0 0.6879646046687397 0.6794167830568905 0.06045165258848364 0.046994671945039104
0 0.5424267785862593 0.4379232680131956 0.05263915258848364 0.046767351411925784
0 0.6094770416698518 0.5142297037482885 0.04215667889684287 0.05426160266556703
0 0.5705671891378379 0.4104969499873647 0.058252115756780756 0.03601170783841656
0 0.6347206943995097 0.41019542161583483 0.04197466837349921 0.051136602665567035
0 0.490625 0.515625 0.021875 0.05
0 0.7079299522214304 0.4847575009244368 0.05125866311182729 0.04984688730530316
0 0.49453125 0.45546875 0.0296875 0.0359375
0 0.7046523047534443 0.5897177855641729 0.045463689420186526 0.057477530878812466
0 0.5939738680346808 0.46303091660126994 0.03903167889684287 0.05417067445232169
0 0.6666077312312126 0.4202236394833812 0.046662168373499215 0.05127299498543501
0 0.7457616941171611 0.704342575218474 0.0426117052052021 0.06207410266556703