0 0.178125 0.41875 0.046875 0.021875
0 0.35953377894075855 0.3080796835938173 0.04689484736759475 0.04795165258848364
0 0.06433040634542024 0.2940046891378379 0.04845734736759475 0.04804265785015556
0 0.07377981741534594 0.3413347154461971 0.04689484736759484 0.04795165258848364
0 0.22292664554564706 0.3702927153050227 0.04689484736759475 0.04795165258848364
0 0.015625 0.33671875 0.03125 0.0484375
0 0.10419151451278826 0.27449582594130595 0.04689484736759475 0.04795165258848364
0 0.4268701010806099 0.4055608993223633 0.04845734736759475 0.04804265785015538
0 0.04453125 0.421875 0.0484375 0.015625
0 0.047073473675948205 0.38032162073610387 0.04845734736759475 0.04804265785015556
0 0.2640625 0.41640625 0.046875 0.0265625
0 0.48125 0.40078125 0.0375 0.0484375
0 0.30579370924797794 0.3766784941736308 0.04689484736759475 0.04795165258848364
0 0.4352778234057958 0.28910144141573796 0.04689484736759475 0.04795165258848364
0 0.31665679817805226 0.3305315362670056 0.04684028366526398 0.04638915258848364
0 0.3171875 0.415625 0.046875 0.028125
0 0.16411215153609682 0.2935790258848362 0.04689484736759475 0.04795165258848364
0 0.41871037149902995 0.35050937827567574 0.04845734736759475 0.04804265785015538
0 0.36275303737827896 0.4002671835938173 0.04845734736759475 0.04804265785015538
0 0.2718899352013608 0.34351738367852197 0.04684028366526398 0.04638915258848364
0 0.06651793283910808 0.8690340521931954 0.030669646641955418 0.02985409997176518
0 0.12682051577873263 0.8990547521367258 0.03072421034428636 0.03141659997176518
0 0.00546875 0.890625 0.0109375 0.03125
0 0.08561516242068805 0.9247226100715858 0.030724210344286185 0.03141659997176518
0 0.05521833429038701 0.9026810100998206 0.03072421034428636 0.03141659997176518
0 0.05249014917384418 0.8245560100998206 0.03066964664195524 0.02985409997176518
0 0.28466773211346863 0.8645872888272544 0.032232146641955416 0.02994510523343692
0 0.09467764917384418 0.8270131521649606 0.02910714664195524 0.029763094710093262
0 0.13766873574166577 0.9417882837067568 0.030724210344286185 0.03141659997176518
0 0.19371534989948352 0.8499339836502872 0.030669646641955418 0.02985409997176518
0 0.12220244844820476 0.8114637468750538 0.029107146641955416 0.029763094710093262
0 0.12719748329459507 0.7758902679217413 0.030669646641955418 0.02985409997176518
0 0.20672627058805607 0.90994602048199 0.03072421034428636 0.03141659997176518
0 0.1947520602437698 0.8796214836502871 0.030669646641955418 0.02985409997176518
0 0.19718260108060992 0.7706105046969745 0.030669646641955418 0.02985409997176518
0 0.10369055062512293 0.8618431784733198 0.030669646641955418 0.02985409997176518
0 0.19035224772256534 0.7982804783886153 0.030669646641955418 0.02985409997176518
0 0.6673760831092606 0.961494567978211 0.01778770072563951 0.018188557878390375
0 0.6957739016209148 0.9709451626883043 0.01778770072563951 0.018188557878390375
0 0.7357441371929445 0.9545612994917724 0.01778770072563951 0.0181885578783902
0 0.6199008823836211 0.9415769101280557 0.01778770072563951 0.018188557878390375
0 0.7314534520764018 0.8763452942301004 0.017733137023308566 0.016626057878390377
0 0.5733334172300115 0.903000257539572 0.017787700725639333 0.018188557878390375
0 0.6909921431833943 0.8786666574266324 0.01778770072563951 0.018188557878390375
0 0.6513691371929445 0.9496470153614925 0.01778770072563951 0.0181885578783902
0 0.691830446085952 0.9473256521649607 0.01778770072563951 0.018188557878390375
0 0.6089980987183572 0.8972808785580245 0.017787700725639333 0.0181885578783902
0 0.7288939364673052 0.937009778445085 0.017733137023308566 0.0166260578783902
0 0.6584723090626434 0.9297895416698518 0.01778770072563951 0.018188557878390375
0 0.6514038535276806 0.9059880206231643 0.017787700725639333 0.018188557878390375
0 0.7785119905509892 0.928984446818584 0.017733137023308566 0.016626057878390377
0 0.6786211179556508 0.9262851100715859 0.01622520072563951 0.01809755261671846
0 0.6748413535276806 0.9073530995482422 0.017787700725639333 0.0181885578783902
0 0.7273115890997104 0.8916972784450851 0.017733137023308566 0.0166260578783902
0 0.6018403631463274 0.9155758522496653 0.01778770072563951 0.0181885578783902
0 0.7282937357416657 0.919822278445085 0.01778770072563951 0.0181885578783902
0 0.6885764713136955 0.8987971469032887 0.017787700725639333 0.0181885578783902