0 0.42982911105980615 0.19159189473263324 0.019842063140062295 0.018968176002545432
0 0.34527210053646246 0.19373510272117933 0.019842063140062115 0.018968176002545432
0 0.44636416367652465 0.17614870806808777 0.019842063140062115 0.018968176002545255
0 0.39995960053646246 0.1943714493952699 0.019842063140062295 0.018968176002545432
0 0.4700144953030255 0.2264577907383604 0.019842063140062295 0.018968176002545432
0 0.654144384525568 0.3009487133990879 0.03132559471009326 0.028470445337363426
0 0.7401728897872399 0.30038618674408735 0.02976309471009344 0.02845226400381797
0 0.7813593319088495 0.31806458274981436 0.03132559471009326 0.028470445337363426
0 0.7704974266189428 0.2897941320814508 0.029763094710093262 0.02845226400381797
0 0.8105609844973332 0.2730611654200869 0.029763094710093262 0.02845226400381797
0 0.4109375 0.98125 0.090625 0.0375
0 0.1890625 0.9890625 0.134375 0.021875
0 0.96036647951801 0.6923362347230884 0.04629814732681172 0.0442590773392725
0 0.9392965743692777 0.8124851027211794 0.04473564732681172 0.044240896005727136
0 0.859375 0.5953125 0.046875 0.03125
0 0.9024182006494019 0.7745305693825432 0.04638915258848364 0.0458215773392725
0 0.9309365847514469 0.6607226080521794 0.04473564732681181 0.044240896005727136
0 0.9271143637612292 0.7263476080521795 0.04638915258848364 0.04582157733927232
0 0.9714551689381965 0.6361771413908155 0.04629814732681185 0.044259077339272326
0 0.82421875 0.5875 0.0453125 0.015625
0 0.9421875 0.59296875 0.04375 0.0265625
0 0.98359375 0.7984375 0.0328125 0.046875
0 0.8864585426580721 0.672713530712907 0.04473564732681172 0.044240896005727136
0 0.8796023269295263 0.736739668045816 0.04638915258848364 0.04582157733927232
0 0.847653647891509 0.6409908160407254 0.04473564732681172 0.044240896005727136
0 0.90390625 0.58984375 0.0453125 0.0203125
0 0.960640953350825 0.848695322724361 0.04482665258848364 0.04580339600572714
0 0.9633557006494019 0.7752396413908155 0.04638915258848364 0.04582157733927232
0 0.892131689984884 0.6289998933799978 0.04629814732681172 0.0442590773392725