0 0.01328125 0.50234375 0.0265625 0.0296875
0 0.1437702642415477 0.4654577004983372 0.028288626463433175 0.029927331893687813
0 0.11410094495970693 0.4704851619416742 0.028288626463433175 0.029927331893687813
0 0.07676457142314011 0.501013271133258 0.028288626463433175 0.029927331893687813
0 0.15078125 0.51484375 0.0296875 0.0078125
0 0.26640625 0.50390625 0.0296875 0.0296875
0 0.02942596311007959 0.4243296576227376 0.028288626463433175 0.029927331893687813
0 0.706833866504484 0.4585649552786991 0.01886817466803503 0.021514054595791875
0 0.620187318496274 0.3421970805094118 0.01885908430895533 0.019951554595791877
0 0.7624748124461496 0.3502727914913236 0.01885908430895533 0.019951554595791877
0 0.7219043546006274 0.36225115978220596 0.01885908430895533 0.019951554595791877
0 0.7430440772768725 0.5031369756367647 0.020430674668035033 0.02161418414544123
0 0.5575600534691592 0.3243272624953846 0.01884999394987581 0.018389054595791876
0 0.5553804508134395 0.4870275215946833 0.01885908430895533 0.019951554595791877
0 0.4863850111182898 0.4492457217792534 0.02042158430895542 0.02005168414544123
0 0.6654816377781146 0.3361683235695815 0.01728749394987581 0.018288925046142525
0 0.5036997761454044 0.4700192967331109 0.018859084308955422 0.019951554595791877
0 0.5624293606507516 0.35527687384643675 0.01728749394987581 0.018288925046142525
0 0.5358759510098312 0.3585415761904752 0.01884999394987581 0.018389054595791876
0 0.728125 0.51640625 0.01875 0.0046875
0 0.5141191256778661 0.3802558898855656 0.018859084308955422 0.019951554595791877
0 0.5944702218906783 0.48921178285345024 0.01885908430895533 0.019951554595791877
0 0.602028191836449 0.44496113510520363 0.01885908430895533 0.019951554595791877
0 0.4939611617822197 0.4081200740310068 0.01729658430895542 0.019851425046142523
0 0.4815429750139362 0.4229836104282014 0.018859084308955422 0.019951554595791877
0 0.5847861496819713 0.43668756015134613 0.01885908430895533 0.019951554595791877
0 0.6452145895735126 0.34528250771502267 0.01728749394987581 0.018288925046142525
0 0.5692611436318471 0.4548763556478394 0.01885908430895533 0.019951554595791877
0 0.5888747277444107 0.7822980536729413 0.042669289031219734 0.08551599784053163
0 0.762284956667172 0.7664961736618665 0.07844316256778647 0.059693977482466035
0 0.73046875 0.54453125 0.0734375 0.0515625
0 0.6373122277444108 0.7791940376338122 0.059847698672140126 0.08505492288667434
0 0.6842417698988885 0.7855651511443327 0.07224770472226431 0.0686684592838688
0 0.6900190712267483 0.7039146329457353 0.06137383723582168 0.07890505243632351
0 0.7319884026088375 0.6637111351052036 0.07068520472226432 0.06856832973421945
0 0.7787997700952802 0.649769748615724 0.033267017953980904 0.08022772054263569
0 0.7438622095940381 0.8239477282576584 0.07531816256778665 0.059493718383167506