0 0.015625 0.5328125 0.03125 0.034375
0 0.09296875 0.5421875 0.0359375 0.034375
0 0.17109375 0.98046875 0.1015625 0.0390625
0 0.08203125 0.9828125 0.1171875 0.034375
0 0.0125 0.9515625 0.025 0.065625
0 0.10449330589307335 0.9420089707192704 0.12112088317182242 0.05761360001590852
0 0.06351838065080702 0.8570885307129069 0.11393109604505716 0.08875451201463562
0 0.2940035561451749 0.8707168680776327 0.10085194183801285 0.10265338001272664
0 0.24765625 0.98828125 0.0828125 0.0234375
0 0.24925950267476465 0.9515123347389967 0.12112088317182242 0.05761360001590852
0 0.021875 0.88984375 0.04375 0.0703125
0 0.41855507793670144 0.5962226613621805 0.030091691585911205 0.02845226400381797
0 0.4401351469944519 0.6230578813653622 0.030091691585911205 0.02845226400381797
0 0.48617962051134833 0.5907544587046346 0.029982430942249484 0.026889764003817974
0 0.56015625 0.56953125 0.0296875 0.0203125
0 0.41226151927051113 0.6414987986950896 0.03165419158591121 0.028470445337363516
0 0.6906271838691157 0.7307453014003606 0.03176345222957302 0.030032945337363514
0 0.46484375 0.56328125 0.0296875 0.0078125
0 0.5733304232254539 0.7309442013844523 0.03176345222957302 0.030032945337363514
0 0.72378888115501 0.5919555214035422 0.030091691585911205 0.02845226400381797