0 0.27265625 0.2328125 0.0328125 0.075
0 0.2703125 0.2953125 0.0375 0.075
0 0.22556151873954775 0.2949456761334428 0.0535886083130606 0.08061480032431163
0 0.228277452580965 0.36531272321134356 0.07381020472226432 0.06534435633066593
0 0.278125 0.375 0.021875 0.075
0 0.13359375 0.4140625 0.0515625 0.05
0 0.1595819947354427 0.3547376874975285 0.056704517953980904 0.07910684740221222
0 0.2234375 0.41640625 0.078125 0.0453125
0 0.7923581332991242 0.19704573863261904 0.04399543969514959 0.042951159090609536
0 0.6381160608940255 0.11778315827653536 0.04399543969514976 0.042951159090609536
0 0.6222547115579554 0.15813542288703192 0.04400453005422929 0.04451365909060954
0 0.5961921813073344 0.0717342727248762 0.04556703005422928 0.044540932629559826
0 0.6989444765850701 0.1375968262955986 0.04243293969514959 0.04292388555165907
0 0.7427399283804682 0.13054798538620815 0.04244203005422946 0.04448638555165907
0 0.7738353922761148 0.15765595616521483 0.04243293969514959 0.04292388555165907
0 0.706375181503726 0.20335819399035024 0.03928975897699054 0.03974433847375849
0 0.6788410548439013 0.10130477028924414 0.042442030054229286 0.04448638555165907
0 0.8171490550402931 0.2334196152558244 0.04243293969514959 0.04292388555165907
0 0.6642513140172835 0.19168430843869108 0.04400453005422929 0.04451365909060954
0 0.7432479467272325 0.31182525892515844 0.04243293969514959 0.04292388555165925
0 0.7435661092950191 0.25713775892515844 0.04243293969514959 0.04292388555165925
0 0.6990343384141721 0.3907490998345489 0.042451120413308986 0.04604888555165907
0 0.6623797418085765 0.2447820348997408 0.04400453005422929 0.04451365909060954
0 0.8229172660090732 0.3163412094116258 0.04243293969514959 0.04292388555165925
0 0.9109717779129299 0.2225560275928448 0.04399543969514959 0.042951159090609536
0 0.9184661153451433 0.2773798952875966 0.04085225897699054 0.03977161201270896
0 0.7164945491865605 0.34417410876300264 0.042442030054229286 0.04448638555165907
0 0.8412865126894236 0.11351621834007952 0.04243293969514959 0.04292388555165925
0 0.8054853680756178 0.0894514269442217 0.040879530054229465 0.04445911201270878
0 0.5975183319712644 0.11238654626382649 0.04242384933607006 0.04136138555165925
0 0.88331947658507 0.14081510389173868 0.04243293969514959 0.04292388555165907
0 0.8384614945390509 0.06189917126217885 0.042442030054229286 0.04448638555165925
0 0.8278592960633026 0.27267303002847676 0.04085225897699054 0.03977161201270896
0 0.9175581211988758 0.16485262174864612 0.04243293969514976 0.04292388555165907
0 0.9701013382177803 0.26577992207295775 0.04399543969514959 0.042951159090609536
0 0.7059479346269841 0.27679569399035026 0.04243293969514959 0.04292388555165907
0 0.79296875 0.41953125 0.0421875 0.0390625
0 0.6652593021134268 0.28702408197764145 0.04400453005422929 0.04451365909060954
0 0.8913683259211401 0.1003264715864904 0.04399543969514959 0.042951159090609536
0 0.90625 0.42265625 0.04375 0.0328125
0 0.9540137716664141 0.07641741314450404 0.04401362041330899 0.04607615909060954
0 0.9398047841594458 0.36994922483290127 0.04400453005422929 0.04451365909060954
0 0.74296875 0.425 0.0421875 0.028125
0 0.53125 0.02109375 0.05 0.0421875
0 0.72890625 0.01015625 0.0421875 0.0203125
0 0.7615161576960128 0.39496504139256255 0.042442030054229286 0.04448638555165925
0 0.8255968384141721 0.3929582564895265 0.042442030054229286 0.04448638555165925
0 0.8539036455957645 0.3621991801906326 0.04243293969514959 0.04292388555165907
0 0.884375 0.0140625 0.04375 0.028125
0 0.98203125 0.1015625 0.0359375 0.04375
0 0.7964558017206433 0.029912785710519696 0.04243293969514959 0.04292388555165925
0 0.6711184166730032 0.3543206761334428 0.04401362041330899 0.04607615909060954
0 0.9339648920797229 0.0307503571381496 0.04400453005422946 0.04451365909060954
0 0.6217001996540988 0.25344792288703194 0.04400453005422929 0.04451365909060954
0 0.6931308138208918 0.062487732139797234 0.040861349336070066 0.04133411201270887
0 0.6235808622218854 0.19878769642598232 0.0440136204133089 0.04607615909060954
0 0.9303581030485031 0.11350831006024897 0.040861349336070066 0.04133411201270896
0 0.5846092658126816 0.18248085795222374 0.04556703005422928 0.04454093262956001
0 0.9520422055078311 0.14670263960555374 0.04085225897699054 0.03977161201270896
0 0.5430580909482547 0.07236947240056461 0.04713862041330898 0.046130706168510206
0 0.8975627420049681 0.3785878392812421 0.040870439695149585 0.04289661201270878
0 0.8640625 0.4234375 0.040625 0.03125
0 0.18571724785870067 0.9648913522668856 0.050272710772388506 0.047747753246410875
0 0.01171875 0.8359375 0.0234375 0.04375
0 0.25652062724900004 0.881743661519651 0.05183521077238851 0.04777502678536116
0 0.15708422951193626 0.7831231550268292 0.048701120413308985 0.046157979707460585
0 0.22561606089402558 0.8218231907406441 0.05183521077238851 0.04777502678536116
0 0.048744488685318464 0.8718662808392557 0.04713862041330898 0.046130706168510116
0 0.07143762100248416 0.7316231103845604 0.04713862041330898 0.046130706168510206
0 0.20167859114464654 0.907351587656389 0.05183521077238851 0.04777502678536116
0 0.11328125 0.978125 0.0515625 0.04375
0 0.7334456998504905 0.989432061685102 0.020430674668035033 0.020667056006354302
0 0.5 0.99296875 0.021875 0.0140625
0 0.7555025070320829 0.9585638912304069 0.020430674668035033 0.020667056006354302
0 0.6866161516458886 0.9808013555165918 0.020430674668034852 0.020667056006354302
0 0.6930661395456401 0.9465354496723931 0.01886817466803503 0.020639782467404187
0 0.53032979020957 0.9843240016215578 0.020430674668035033 0.02066705600635448
0 0.7151411274453918 0.9125422792176978 0.020430674668035033 0.020667056006354302
0 0.6538036516458886 0.9802286111986346 0.020430674668035033 0.020667056006354302
0 0.5914945491865605 0.9463251696406211 0.020430674668035033 0.02066705600635448
0 0.6573377178044714 0.9099706582765353 0.020430674668035033 0.020667056006354302
0 0.5741706938003663 0.9694626607121674 0.020430674668035033 0.020667056006354302
0 0.60234375 0.99296875 0.0203125 0.0140625
0 0.7838547660090733 0.9199923149315129 0.020430674668035033 0.020667056006354302
0 0.58203125 0.9890625 0.0203125 0.021875
0 0.6335729648776052 0.9658115551922803 0.020430674668035033 0.020667056006354302
0 0.5538036516458886 0.9784831047058129 0.020430674668035033 0.020667056006354302
0 0.6103899949318345 0.921652452108025 0.020430674668035033 0.020667056006354302
0 0.6711275070320829 0.9570911201270883 0.020430674668035033 0.020667056006354302
0 0.6133150070320829 0.9560819991859258 0.020430674668035033 0.02066705600635448
0 0.6399502299047197 0.9440456493480817 0.01886817466803503 0.020639782467404187
0 0.6338002238545956 0.9267490551922803 0.020430674668035033 0.020667056006354302
0 0.6696922720591975 0.9351888465881381 0.020421584308955333 0.0191045560063543