0 0.640625 0.6875 0.021875 0.021875
0 0.5734375 0.6453125 0.021875 0.021875
0 0.525 0.753125 0.021875 0.021875
0 0.6515625 0.7265625 0.021875 0.021875
0 0.6734375 0.7546875 0.021875 0.0234375
0 0.565625 0.7296875 0.021875 0.021875
0 0.5359375 0.7078125 0.021875 0.021875
0 0.6 0.690625 0.021875 0.021875
0 0.45625 0.7515625 0.021875 0.0234375
0 0.6203125 0.725 0.021875 0.021875
0 0.4421875 0.7703125 0.021875 0.0234375
0 0.6375 0.7078125 0.021875 0.021875
0 0.5328125 0.7765625 0.021875 0.021875
0 0.48125 0.7546875 0.021875 0.021875
0 0.60625 0.759375 0.021875 0.021875
0 0.4796875 0.68125 0.021875 0.021875
0 0.621875 0.784375 0.021875 0.021875
0 0.48125 0.78125 0.021875 0.021875
0 0.6359375 0.76875 0.021875 0.021875
0 0.6265625 0.7484375 0.021875 0.021875
0 0.578125 0.625 0.021875 0.021875
0 0.559375 0.603125 0.021875 0.021875
0 0.6109375 0.6140625 0.021875 0.021875
0 0.5078125 0.76875 0.021875 0.021875
0 0.5109375 0.6375 0.021875 0.021875