0 0.10220797169590243 0.17568053286631907 0.04633079255305557 0.04480466014423605
0 0.10801894776020778 0.3285873273192356 0.04636716014423605 0.04636716014423605
0 0.08243967914284678 0.21986694396048562 0.04636716014423605 0.04636716014423605
0 0.10009865140743006 0.2663055328663191 0.04636716014423605 0.04636716014423605
0 0.058891769948541214 0.2922510902370135 0.04633079255305557 0.04480466014423623
0 0.20336781535138843 0.32480640425722174 0.04636716014423605 0.04636716014423605
0 0.06198301519888858 0.1594385902370135 0.04636716014423605 0.04636716014423623
0 0.025210367022499725 0.12906141242534686 0.04476829255305574 0.04476829255305557
0 0.15671232731923562 0.24937129958381893 0.04636716014423605 0.04636716014423605
0 0.20293271067798563 0.2764052718484022 0.04633079255305557 0.04480466014423605
0 0.16332469681027728 0.3007519616279161 0.04636716014423605 0.04636716014423605
0 0.15885409593659663 0.3586371968102773 0.04792966014423605 0.046403527735416714
0 0.15664089855763857 0.18534516717499958 0.04636716014423605 0.04636716014423605
0 0.0140625 0.17109375 0.028125 0.0453125
0 0.16085170060999943 0.40700196162791624 0.04792966014423605 0.046403527735416714
0 0.060962109804304984 0.33749085505465237 0.04792966014423605 0.046403527735416714
0 0.99765625 0.43984375 0.0046875 0.0328125
0 0.971875 0.453125 0.03125 0.0125
0 0.9818954716959023 0.4128155505337495 0.028779616641249995 0.028779616641249995
0 0.9625 0.9828125 0.065625 0.034375
0 0.84765625 0.99140625 0.0609375 0.0171875
0 0.9574422919843748 0.739743032866319 0.06239220364722229 0.06391833605604172