0 0.6140625 0.8546875 0.0328125 0.034375
0 0.50625 0.3296875 0.025 0.0234375
0 0.359375 0.3953125 0.0265625 0.025
0 0.6328125 0.378125 0.025 0.0234375
0 0.5796875 0.3625 0.0234375 0.0234375
0 0.646875 0.3640625 0.0234375 0.021875
0 0.309375 0.3359375 0.0265625 0.025
0 0.53125 0.3359375 0.0234375 0.0234375
0 0.5359375 0.421875 0.025 0.0234375
0 0.6546875 0.421875 0.025 0.0234375
0 0.5765625 0.540625 0.0265625 0.025
0 0.68125 0.3859375 0.025 0.0234375
0 0.3875 0.4015625 0.0265625 0.025
0 0.303125 0.63125 0.0328125 0.0296875
0 0.4765625 0.4 0.025 0.0234375
0 0.5953125 0.565625 0.025 0.0234375
0 0.59375 0.7109375 0.034375 0.0328125
0 0.55625 0.5 0.0265625 0.025
0 0.446875 0.40625 0.025 0.0234375
0 0.459375 0.475 0.0265625 0.025
0 0.6078125 0.53125 0.0265625 0.025
0 0.3421875 0.3125 0.025 0.0234375
0 0.5234375 0.4390625 0.025 0.0234375
0 0.4578125 0.515625 0.028125 0.0265625
0 0.615625 0.58125 0.028125 0.0265625
0 0.521875 0.4640625 0.0265625 0.0234375
0 0.61875 0.553125 0.0265625 0.025
0 0.4984375 0.61875 0.0296875 0.0296875