0 0.421875 0.62109375 0.015625 0.0359375
0 0.365571263803013 0.6070638465881381 0.03974433847375849 0.03974433847375849
0 0.43828125 0.48984375 0.0171875 0.0546875
0 0.4617450600701348 0.5162443831160272 0.05561480032431154 0.05407957386326192
0 0.46087230682372393 0.5662443831160271 0.05561480032431154 0.054079573863261746
0 0.43828125 0.60078125 0.0171875 0.0515625
0 0.4375 0.53984375 0.015625 0.0546875
0 0.415625 0.7375 0.028125 0.078125
0 0.3625 0.65390625 0.075 0.0296875
0 0.415625 0.66171875 0.028125 0.0453125
0 0.2680337905883742 0.7027388108743231 0.05295345048646736 0.08058752678536116
0 0.41875 0.8328125 0.021875 0.053125
0 0.29296875 0.65234375 0.0578125 0.0265625
0 0.35884970536102656 0.6933831761334428 0.07902502678536116 0.05292617694751698
0 0.5386304829571668 0.9651648985373027 0.046048885551659244 0.042978432629559825
0 0.9000316331193225 0.9449025860348312 0.04130683847375849 0.03977161201270887
0 0.6088805275994355 0.8804274342511176 0.04289661201270878 0.04136138555165925
0 0.7407305454563429 0.8483434115229462 0.03974433847375849 0.03974433847375849
0 0.98203125 0.9484375 0.0359375 0.040625
0 0.7671100389635211 0.9488343352240524 0.04445911201270878 0.041388659090609535
0 0.6312816331193225 0.9402115373353727 0.04289661201270878 0.04136138555165925
0 0.8125782719173926 0.8511604943146619 0.03974433847375849 0.03974433847375849
0 0.8766134983784422 0.8538412094116257 0.038181838473758486 0.0397170649348082
0 0.74750665097623 0.9078547792176981 0.04130683847375849 0.039771612012708776
0 0.8218793595803721 0.9451014090873142 0.04130683847375849 0.039771612012708776
0 0.8085532451320313 0.9026684472367611 0.03974433847375849 0.03974433847375849
0 0.8520850568204285 0.9159321063273707 0.03974433847375849 0.03974433847375849
0 0.9280396306836906 0.862553736196987 0.03974433847375849 0.03974433847375849
0 0.45078125 0.846875 0.0421875 0.04375
0 0.9365964245151803 0.909592377430689 0.03974433847375849 0.03974433847375849
0 0.672588471593081 0.9018581493480816 0.04130683847375849 0.03977161201270887
0 0.7167203011383857 0.8807468084386911 0.03974433847375849 0.03974433847375849
0 0.7778487159110381 0.8708729764577544 0.04130683847375849 0.039771612012708776
0 0.8434191688331374 0.8751434650936687 0.0397170649348082 0.038181838473758486
0 0.98828125 0.85703125 0.0234375 0.0390625
0 0.4375 0.8875 0.015625 0.04375
0 0.965185074677336 0.8835208011317952 0.0381545649348082 0.0381545649348082
0 0.902521433443634 0.8918048595737815 0.03974433847375849 0.03974433847375849
0 0.6907305454563428 0.8474706582765353 0.04130683847375849 0.039771612012708776