0 0.02578125 0.39375 0.0515625 0.059375
0 0.2609375 0.4390625 0.06875 0.021875
0 0.7530398269295263 0.27050742206329853 0.11915879465362363 0.09547602698730664
0 0.6 0.39765625 0.08125 0.1046875
0 0.603125 0.259375 0.0875 0.1
0 0.6078125 0.12890625 0.096875 0.0953125
0 0.7574682636482898 0.1406014007759751 0.11576077886860787 0.09057000569998319
0 0.61171875 0.025 0.1046875 0.05
0 0.74921875 0.403125 0.1234375 0.09375
0 0.76328125 0.03046875 0.1140625 0.0609375
0 0.17825265855602712 0.9606518208224614 0.019933068401734033 0.021623627723940685
0 0.2167537164344175 0.946086576270343 0.019933068401734033 0.021623627723940685
0 0.04003856896643141 0.8286155809619199 0.021404563140062116 0.020170388367602498
0 0.1419650900131188 0.8294675227999327 0.019842063140062295 0.020061127723940864
0 0.2781154216396196 0.8891917200858271 0.019842063140062295 0.020061127723940864
0 0.067541942686307 0.8681915331914929 0.019842063140062115 0.020061127723940864
0 0.08565490585460407 0.8804401609154338 0.019842063140062205 0.020061127723940687
0 0.16745093742463518 0.876746714385844 0.019842063140062115 0.020061127723940864
0 0.21029088480791672 0.8954310124083726 0.019842063140062295 0.020061127723940687
0 0.11517580588283893 0.9123128737886684 0.019842063140062205 0.020061127723940864
0 0.2076965058263692 0.8591657304773873 0.018188557878390375 0.01838936708027905
0 0.13658036902290113 0.894983262156271 0.018188557878390375 0.018389367080279228
0 0.13142243216296334 0.875796219581624 0.018279563140062117 0.019951867080279052
0 0.18885550056469738 0.8594171027534465 0.01497255261671846 0.016608345792955604
0 0.11305186376122926 0.894906852501345 0.018279563140062204 0.019951867080279052
0 0.571875 0.71640625 0.025 0.0515625
0 0.565625 0.69140625 0.0125 0.0484375
0 0.6263386319653192 0.7742658426139879 0.038758663111827296 0.05095049480421991
0 0.6175404846385074 0.8175788000393409 0.05089464206513981 0.0455745799535137
0 0.6231674003105836 0.6940320393956793 0.050439615756780756 0.0377620799535137
0 0.6422506002541137 0.6357496458322965 0.03866765785015538 0.04938799480421992
0 0.571875 0.98984375 0.025 0.0203125