0 0.3467492199067987 0.41917145472627004 0.05729228174358667 0.03501134667409058
0 0.340625 0.47109375 0.046875 0.0171875
0 0.3948315223963096 0.4244225760661788 0.05729228174358667 0.03501134667409058
0 0.17480244231239697 0.459395370703362 0.06318708423309741 0.030396572008272216
0 0.37734375 0.46328125 0.0359375 0.0328125
0 0.40390625 0.46640625 0.0296875 0.0265625
0 0.44765625 0.45859375 0.0234375 0.0328125
0 0.17546621575761376 0.409359008036271 0.06053568091374952 0.03661020934118149
0 0.21336988007462382 0.34255331604072536 0.03551237012586892 0.05661362667090888
0 0.23822632488582052 0.4272919427116343 0.0616245842330974 0.030378390674726852
0 0.2984375 0.46875 0.059375 0.021875
0 0.73203125 0.47265625 0.0734375 0.0140625
0 0.8452584975012003 0.34302712539781516 0.07578217261537964 0.052398841343090474
0 0.7477915016503852 0.34971238271799765 0.07433807178554286 0.05394316000954511
0 0.7848645265454944 0.3970600973901792 0.06157796265733602 0.07096702800763595
0 0.7524090692867431 0.2887748827179976 0.0615779626573361 0.07096702800763595
0 0.8140625 0.4703125 0.046875 0.01875
0 0.8506079257156575 0.3962612133990879 0.06290366431700996 0.06786020934118149
0 0.9513649423123971 0.42871118141308723 0.05111405933798814 0.07708975867281787
0 0.8263649423123971 0.4272566747294516 0.05376546265733602 0.07087612133990877
0 0.7859375 0.459375 0.04375 0.040625
0 0.18668713567370113 0.6581805054105418 0.06470296265733602 0.07100339067472686
0 0.09632224480190796 0.6743316693984516 0.07625576929603177 0.05864884134309047
0 0.19208318546391984 0.7520759560789054 0.06482136182749905 0.07256589067472703
0 0.08687731243826588 0.6132305373965425 0.0803512734452168 0.050890885343726745
0 0.0109375 0.76953125 0.021875 0.0546875
0 0.13443386097908458 0.8937180160725422 0.06193316016782511 0.07565452800763595
0 0.26339134563174493 0.6778395720878141 0.0779366684661948 0.06022952267663584
0 0.01953125 0.65234375 0.0390625 0.0734375
0 0.20597881948723576 0.8163566320814507 0.07867037427505377 0.04931020401018138
0 0.1326130970816374 0.7732782467377239 0.07216026514684692 0.06640679734245403
0 0.33450563857348625 0.8538213640992682 0.0866012734452168 0.050963610677908555
0 0.15649903774364926 0.8501861920750875 0.06314046265733601 0.0709852093411815
0 0.09609375 0.49765625 0.0609375 0.0359375
0 0.01015625 0.86640625 0.0203125 0.0796875
0 0.2550549369138123 0.8497691160884505 0.0650581601678251 0.07569089067472703
0 0.3651440223963096 0.6352349961011772 0.05892655933798814 0.07718066534054505
0 0.30744807633571297 0.736215693427723 0.07914397095570572 0.05556020401018138
0 0.05993445890913644 0.7004941800604517 0.07324916846619481 0.060174978675999566
0 0.3725080817342977 0.5586906774347227 0.08250576929603196 0.05872156667727228
0 0.02890625 0.72578125 0.0578125 0.0640625
0 0.11033627799538692 0.7370498454009968 0.0748116684661948 0.06019316000954511
0 0.02265625 0.60234375 0.0453125 0.0546875
0 0.044804521146909734 0.81760895472627 0.0850620842330975 0.03065111067790873
0 0.9016949838042457 0.543500934754905 0.04694677759440165 0.042696577339272325
0 0.7639563402331602 0.6482418840706331 0.045502676764564674 0.04424089600572696
0 0.8498490638881584 0.5053645880808144 0.047065176764564676 0.044259077339272326
0 0.8045328734266392 0.7112691427434511 0.04562107593472771 0.04580339600572714
0 0.6623472186573988 0.6063987347230884 0.047065176764564676 0.0442590773392725
0 0.7422715169977249 0.604200982733906 0.04538427759440165 0.042678396005727134
0 0.639167982554846 0.7265476027211794 0.045502676764564674 0.044240896005727136
0 0.5637931647179955 0.5035999040419981 0.047065176764564676 0.0442590773392725
0 0.7619901759161501 0.715465746737724 0.04394017676456467 0.0442227146721816
0 0.6029470626387585 0.6885930693825432 0.0471835759347277 0.0458215773392725
0 0.6334652020606593 0.5747851080521794 0.045502676764564674 0.044240896005727136
0 0.7531157738462021 0.5230055267345424 0.045502676764564674 0.04424089600572696
0 0.6284924369138123 0.6404101080521795 0.0471835759347277 0.04582157733927232
0 0.6744220887832676 0.5502396413908155 0.047065176764564676 0.044259077339272326
0 0.7283955033007704 0.7666828014003606 0.04562107593472771 0.04580339600572714
0 0.528125 0.49453125 0.046875 0.0296875
0 0.8497754410629972 0.6508043574156326 0.047065176764564676 0.0442590773392725
0 0.734375 0.49453125 0.046875 0.0296875
0 0.646875 0.5 0.04375 0.040625
0 0.6917960750863131 0.713085086728179 0.0471835759347277 0.0458215773392725
0 0.5887680086993551 0.586776030712907 0.045502676764564674 0.044240896005727136
0 0.5807886427226711 0.650802168045816 0.0471835759347277 0.04582157733927232
0 0.5505109921026156 0.5550533160407254 0.045502676764564674 0.044240896005727136
0 0.8457050929324526 0.5600520880808144 0.04358497925407558 0.039535214672181594
0 0.7286574576597367 0.6806725760661788 0.04562107593472771 0.04580339600572696
0 0.6078125 0.496875 0.046875 0.034375
0 0.7565241937622895 0.5605782520687241 0.04358497925407558 0.039535214672181594
0 0.6598823016410964 0.762757822724361 0.04562107593472771 0.04580339600572714
0 0.7704646041306074 0.7687361974060876 0.04562107593472771 0.04580339600572696
0 0.6638845626387585 0.6893021413908155 0.0471835759347277 0.04582157733927232
0 0.8051966468718561 0.6612327800763602 0.043821777594401645 0.0426602146721816
0 0.5952081854639197 0.5430623933799978 0.047065176764564676 0.0442590773392725