0 0.30646633741820783 0.38418861533325765 0.06723105866619043 0.04904371572854575
0 0.21729530473091793 0.15491136803468075 0.05426116510280767 0.06384966837349922
0 0.4671875 0.4015625 0.04375 0.046875
0 0.4091435871661062 0.3170304783886152 0.055605143815484225 0.06081567363517095
0 0.367196023808339 0.45152730475344427 0.0643245799535137 0.0519867052052021
0 0.46401675746469395 0.3451246572854581 0.04219820767745475 0.06937162628012424
0 0.3655578421097848 0.20556235737016273 0.041979686390131124 0.06624662628012441
0 0.22488855548722259 0.3747688417263214 0.07024679802252862 0.047663226251889415
0 0.1502056297407532 0.30817360495108825 0.0528079257464694 0.0653211631118273
0 0.40051126836045725 0.4161204257718968 0.05437042574646931 0.06541216837349921
0 0.21757880003934096 0.33699582594130595 0.07082595222957302 0.03369173151356133
0 0.14906946463794551 0.24741811547443202 0.06734031930985207 0.050606215728545935
0 0.28251538518863484 0.3532270416698518 0.06835651609154336 0.04288472099021767
0 0.4613837943393578 0.24071017307047365 0.04354218639013112 0.06633763154179614
0 0.25971203369569607 0.22740799431480516 0.04488616510280767 0.06330363680346807
0 0.48046875 0.1421875 0.0171875 0.065625
0 0.35696980992669813 0.127255346846819 0.05727690445914604 0.06246917889684287
0 0.06037830523512104 0.2920488050357929 0.06912134059717552 0.053822220990217676
0 0.2444797896477807 0.4101448996047118 0.07170003737886681 0.046191731513561506
0 0.43491984730556493 0.1738110994070677 0.055823665102807674 0.06394067363517095
0 0.1433543322224277 0.41047955759604166 0.05291718639013112 0.0668836631118273
0 0.4734375 0.196875 0.03125 0.04375
0 0.09611942725907867 0.2023184471009328 0.07304401609154336 0.04315773677523325
0 0.3171875 0.4625 0.05 0.034375
0 0.44191325645628776 0.051283652023786264 0.046885707677454744 0.06964464206513998
0 0.4426773530055481 0.2847485994070677 0.06690327673520499 0.044356215728545936
0 0.09723344905060523 0.35177241553090177 0.04822968639013112 0.06661064732681173
0 0.4076253737886685 0.1395425152203182 0.05873014381548423 0.06099768415851479
0 0.042163900775975094 0.2318547576807463 0.055823665102807674 0.06394067363517095
0 0.2976597839477976 0.302756604809914 0.04488616510280767 0.06330363680346807
0 0.47734375 0.44765625 0.0234375 0.0609375
0 0.38203125 0.025 0.0609375 0.05
0 0.30334206537457964 0.16147915742663246 0.04354218639013112 0.06633763154179614
0 0.22886622528160724 0.2536218838196963 0.05258940445914586 0.062196163111827296
0 0.3770852039942838 0.25914238367852194 0.06679401609154337 0.042793715728545755
0 0.08933383171822458 0.26105641026922993 0.06163662252816078 0.05805469468185827
0 0.17816710275344652 0.19620422596954085 0.0449954257464694 0.06486613680346806
0 0.34886165102807665 0.32285627318341314 0.06018338317182241 0.059526189420186525
0 0.17890625 0.44453125 0.0390625 0.0703125
0 0.3200260928660894 0.42232565216496065 0.06276207995351371 0.05189569994353036
0 0.414760166615417 0.21932102048199004 0.056839861884499146 0.05621917889684287
0 0.41652975226891387 0.3781499889119589 0.06298060124083733 0.05502069994353036
0 0.15435753419989914 0.36754860495108826 0.06443384059717552 0.0535492052052021
0 0.3047731614196369 0.24870614164161697 0.05091764381548423 0.060542657850155376
0 0.04004438988021182 0.15703676820408993 0.05883940445914586 0.06256018415851479
0 0.2374442777436113 0.042486962744774016 0.06701253737886681 0.04591871572854576
0 0.92109375 0.4609375 0.0765625 0.0375
0 0.9071554802252859 0.37904608902489845 0.07155792574646931 0.06641322625188958
0 0.9703125 0.09609375 0.059375 0.0765625
0 0.36095745944216545 0.7386493312029778 0.09361859604505707 0.09259629465362344
0 0.20631351810835574 0.774770299774121 0.06847648441265974 0.1113617052052021
0 0.359383523808339 0.894171289109603 0.06255426634364483 0.11568518415851478
0 0.11733886339710826 0.6373165314288568 0.11418246832111634 0.0751203683170294
0 0.4185407304773873 0.6719770416698518 0.0975412715394249 0.08193181043863902
0 0.19937583121402153 0.5642878260824803 0.0953996173323806 0.09581229991529536
0 0.45546875 0.64453125 0.0671875 0.0859375
0 0.3367444272590786 0.6594322680629157 0.08602461733238051 0.09526626834526439
0 0.46171875 0.7359375 0.0546875 0.090625
0 0.402642942846419 0.5558970153614926 0.054086202481674485 0.10585515785015538
0 0.48046875 0.5890625 0.0171875 0.1
0 0.07284618220275722 0.5351324051487324 0.11454310124083729 0.05802387357870131
0 0.23736641217594148 0.9072943734375268 0.09136768119435104 0.10491428413027978
0 0.45625 0.53359375 0.065625 0.0984375
0 0.1369293696012946 0.8952200366905286 0.09002370248167449 0.10794827886860787
0 0.98671875 0.99140625 0.0265625 0.0171875
0 0.7463486562238567 0.9022120312876825 0.03165419158591121 0.02985409997176518
0 0.91622411364921 0.9058816048099139 0.02674817029858776 0.026456084186749607
0 0.9033970596745965 0.6779386153332576 0.02674817029858776 0.026456084186749607
0 0.8840129111675352 0.8013005206231643 0.028419930942249393 0.028109589448421346
0 0.8755998416055817 0.6809880206231644 0.025076409654926125 0.02480257892507769
0 0.9847448846844318 0.8398463521084908 0.023513909654926123 0.024711573663405772
0 0.99296875 0.6484375 0.0140625 0.025
0 0.9554730119041694 0.7105382837067568 0.023513909654926123 0.024711573663405862
0 0.9692948473055649 0.7969308100151161 0.025076409654926125 0.02480257892507769
0 0.9457373789844485 0.7270887468750539 0.02674817029858776 0.026456084186749607
0 0.99296875 0.86328125 0.0140625 0.0234375
0 0.8857503737886685 0.7593860364081799 0.026638909654925946 0.024893584186749605
0 0.7929294532379791 0.6559432470162282 0.028419930942249573 0.028109589448421436
0 0.8202567777436112 0.6684278364646496 0.028419930942249573 0.028109589448421436
0 0.9337622668478481 0.6003442363517102 0.02518567029858776 0.02636507892507778
0 0.9414540705703598 0.7548497258283665 0.02674817029858776 0.026456084186749607
0 0.7439349423422159 0.5783950996894165 0.030091691585911205 0.029763094710093262
0 0.9562928307098184 0.6109933100151161 0.025076409654926125 0.02480257892507769
0 0.7746714901126429 0.5506187101845252 0.029982430942249484 0.028200594710093264