0 0.1266732899566491 0.279176233290911 0.061179694681858444 0.05848520934118149
0 0.41505252147021043 0.20711723058564005 0.06127069994353018 0.06004770934118149
0 0.29824445306847636 0.22877514926800302 0.05483868942018653 0.05684998400699968
0 0.24070642690129151 0.3855887706079118 0.0613617052052021 0.061610209341181485
0 0.28671875 0.490625 0.0609375 0.05625
0 0.28953876905113596 0.4318637866009121 0.0597992052052021 0.06159202800763595
0 0.29552970576989945 0.3021944679344575 0.05640118942018653 0.056868165340545215
0 0.21022924260160242 0.292256941279457 0.05961719468185844 0.058467028007635945
0 0.3292074847796818 0.36738311592936695 0.05649219468185844 0.05843066534054522
0 0.34731898990017934 0.21727402792809425 0.05474768415851479 0.055287484006999676
0 0.506740221554915 0.6670013079249125 0.044553636803468064 0.04111589600572696
0 0.20390625 0.53203125 0.0484375 0.0265625
0 0.19577190045175788 0.6175307559675469 0.046116136803468065 0.041134077339272504
0 0.6234375 0.5453125 0.109375 0.053125