0 0.13514786705426465 0.10166981493170812 0.052943329734219446 0.07341651603912887
0 0.3231041517534162 0.31711793492063356 0.059193329734219445 0.07381703423772627
0 0.3419986443521606 0.0978277143779978 0.060555570634920744 0.07079216378737554
0 0.1901519494093778 0.2989663170911765 0.05324371838316751 0.07810401603912887
0 0.4989099784053167 0.07365212986341638 0.05450582973421945 0.07351664558877831
0 0.04896574490587095 0.3237031061092647 0.05646884793281668 0.07986677513842758
0 0.41381308759690044 0.1167593846437784 0.07215440468807692 0.05753070018457009
0 0.37943569246954745 0.24133788248431004 0.07477875693983034 0.0499184592838688
0 0.20205356723883483 0.16641463294573527 0.07109255243632351 0.06524307063492074
0 0.4989261721114818 0.2697656662606109 0.07800388648947969 0.051681218383167506
0 0.30818245372831443 0.20668108266888013 0.06953005243632351 0.06514294108527138
0 0.0752326465116289 0.07256210826873306 0.06826794108527148 0.06973031153562212
0 0.460867362735328 0.1655182572535973 0.07507914558877822 0.0546059592838688
0 0.1702819355297172 0.2092424830380204 0.07674177513842757 0.05626858883351815
0 0.08821231029900449 0.12821133097083717 0.07029151603912895 0.052743070634920744
0 0.4283132834625339 0.26958399599483035 0.05753070018457009 0.07215440468807692
0 0.28244197408638005 0.17224552591361997 0.07381703423772627 0.059193329734219445
0 0.2647748102990045 0.11689669186046388 0.07225453423772628 0.059093200184570094
0 0.18524799660391392 0.1000281693429299 0.05743057063492074 0.07059190468807693
0 0.35854339913252264 0.18462680753045255 0.05889294108527139 0.06912953423772628
0 0.24867014651162886 0.06144772825765843 0.07644138648947951 0.051581088833518154
0 0.1742313510151357 0.050528817091176494 0.07644138648947969 0.051581088833518154
0 0.4921875 0.0171875 0.075 0.034375
0 0.0796875 0.02109375 0.05625 0.0421875
0 0.04113705119970583 0.12809021746031676 0.03918121838316742 0.07720285009228504
0 0.3392507834625339 0.2752913803248417 0.05899307063492074 0.07069203423772627
0 0.2340230629198981 0.24908743060169689 0.08002746144333699 0.03469397748246603
0 0.23482649444444573 0.1392117828534502 0.07079216378737563 0.060555570634920744
0 0.5347029858065724 0.6911586073458824 0.11041586829088228 0.047533938925803196
0 0.4322974814876357 0.7824425462716855 0.09340764342931003 0.09779475478036197
0 0.3074395789590271 0.694739892045034 0.07555880937615385 0.11065570018457009
0 0.26796875 0.62265625 0.0953125 0.0453125
0 0.12662966995201347 0.7377050493540046 0.09380816162790725 0.10404475478036197
0 0.38984375 0.6359375 0.0953125 0.071875