0 0.36149797645775433 0.4022236487450698 0.027026150162155815 0.027180749050069508
0 0.40524797645775446 0.40324194129812535 0.0222295560063543 0.020821646276527873
0 0.27079115584090335 0.3954268284565975 0.0253272824674041 0.019331881458888846
0 0.4578125 0.48671875 0.021875 0.0046875
0 0.4861627857105197 0.4754091884483337 0.02225682954530477 0.02238414627652787
0 0.5567559293798536 0.4036445976426394 0.02225682954530477 0.02238414627652787
0 0.59140625 0.290625 0.0234375 0.028125
0 0.06135370048317208 0.7014248681598614 0.04607615909060954 0.04480466014423605
0 0.2693025681779238 0.7140742577868755 0.04451365909060954 0.04476829255305557
0 0.11234345616521493 0.6698124986688198 0.04451365909060954 0.04476829255305574
0 0.08031043181548565 0.5347465144363892 0.04451365909060954 0.04476829255305557
0 0.2919685008074836 0.7598959040634033 0.04610343262955983 0.04636716014423605
0 0.10225143587267542 0.717995425530556 0.04451365909060954 0.04476829255305557
0 0.37831510389173867 0.785333621578334 0.04610343262956 0.04636716014423623
0 0.2787514805149442 0.8080060957427783 0.04610343262956 0.04636716014423605
0 0.2114003392812421 0.7970672893220143 0.04448638555165925 0.043205792553055566
0 0.1980082207757115 0.6561877161837504 0.04451365909060954 0.04476829255305557
0 0.22315249675029386 0.5755559652338199 0.04451365909060954 0.04476829255305557
0 0.19894697807931214 0.8889274810013893 0.04607615909060954 0.04480466014423605
0 0.0816503839235108 0.8799499116628475 0.04610343262955983 0.04636716014423623
0 0.24905607223511356 0.8963412439191671 0.04610343262956 0.04636716014423605
0 0.4516356014561067 0.8698190307726396 0.04766593262956 0.046403527735416714
0 0.21062877191080193 0.8423434217308337 0.04607615909060954 0.04480466014423623
0 0.3238730657422918 0.7981232558870144 0.04451365909060954 0.04476829255305557
0 0.1418708636309713 0.9297693801277088 0.046130706168510116 0.04792966014423605
0 0.23865258603483125 0.7477219059632644 0.04448638555165925 0.043205792553055566
0 0.42104807467074556 0.817565546540209 0.04766593262956 0.046403527735416714
0 0.39750938879477477 0.7217439002636812 0.04451365909060954 0.04476829255305557
0 0.37603558359919925 0.8336983863959728 0.04610343262955983 0.04636716014423605
0 0.03937751460720129 0.6056395894745142 0.04451365909060954 0.04476829255305557
0 0.30908999675029386 0.5775561827487505 0.04448638555165907 0.04320579255305575
0 0.09672636444504557 0.5804226903481948 0.04451365909060954 0.04476829255305557
0 0.28579241314450404 0.8534640661075006 0.04451365909060954 0.04476829255305557
0 0.3532799220729578 0.8722153725282645 0.04610343262955983 0.04636716014423605
0 0.29905607223511355 0.897505006836945 0.04607615909060954 0.04480466014423605
0 0.39022654301412024 0.9308643271254173 0.04769320616851012 0.047966027735416715
0 0.19658563716992167 0.9326047458190283 0.04610343262955983 0.04636716014423605
0 0.8964263555165918 0.5341659393982642 0.08522047970746058 0.05040134992375016
0 0.7518775146072013 0.5745337534184725 0.09155230032431164 0.055234320288472284
0 0.7405230032431156 0.639867812689028 0.09155230032431154 0.05523432028847246
0 0.8850991176914565 0.6010624986688198 0.08845457386326191 0.056724085106111134
0 0.7625 0.5109375 0.090625 0.04375
0 0.8753071063273706 0.6664329255305559 0.08845457386326175 0.056724085106111134
0 0.8640071420411857 0.7348919848011114 0.09001707386326192 0.0567604526972918
0 0.8511174042160501 0.8017521764804865 0.09157957386326192 0.056796820288472286
0 0.7277150860348313 0.7114155043684031 0.08993525324641087 0.0520729526972918
0 0.7163605746707455 0.7767495636389585 0.08996252678536117 0.053635452697291794