0 0.2421875 0.4203125 0.0734375 0.06875
0 0.4453125 0.6 0.0765625 0.065625
0 0.259375 0.59375 0.0828125 0.05625
0 0.284375 0.3703125 0.08125 0.05625
0 0.253125 0.4984375 0.071875 0.071875
0 0.321875 0.675 0.08125 0.065625
0 0.1578125 0.4609375 0.0828125 0.0546875
0 0.340625 0.7671875 0.0828125 0.0703125
0 0.484375 0.5359375 0.078125 0.0625
0 0.4828125 0.6375 0.0546875 0.084375
0 0.4046875 0.7015625 0.0796875 0.0625
0 0.3765625 0.3609375 0.05625 0.0828125
0 0.4046875 0.496875 0.06875 0.075
0 0.321875 0.4546875 0.053125 0.08125
0 0.3734375 0.621875 0.0578125 0.08125
0 0.346875 0.5328125 0.059375 0.0796875
0 0.4625 0.7796875 0.08125 0.0640625
0 0.4875 0.46875 0.065625 0.078125
0 0.4234375 0.371875 0.0609375 0.0828125
0 0.54375 0.809375 0.0515625 0.0921875
0 0.1578125 0.55625 0.0734375 0.0703125