0 0.11781135558049982 0.30894353501602634 0.033736382573423464 0.03390377404661713
0 0.021627130275116445 0.0690228847458739 0.0319370842330974 0.03072421034428636
0 0.10827318006533507 0.1660467068857252 0.03361798340326061 0.03234127404661713
0 0.14453125 0.0109375 0.0265625 0.021875
0 0.103125 0.00390625 0.028125 0.0078125
0 0.13997531118886605 0.03712309871835719 0.030137785892771517 0.02754464664195542
0 0.12096520206065922 0.01922627058805606 0.026894386722608486 0.025873019237293703
0 0.7630594589091365 0.024122068596472347 0.025213487552445367 0.024255955534962938
0 0.9827548070396812 0.12265880543444636 0.023532588382282428 0.022638891832631992
0 0.9611399161678879 0.13913697730414523 0.023532588382282428 0.022638891832631992
0 0.9605497655478323 0.04355165879249103 0.025213487552445457 0.024255955534962938
0 0.9544396302751166 0.16553578619715265 0.023532588382282428 0.022638891832631992
0 0.9029022862937568 0.08070442921091106 0.023532588382282428 0.022638891832631992
0 0.9619220887832677 0.08746534989948351 0.023532588382282428 0.022638891832631992
0 0.99140625 0.14140625 0.0171875 0.0234375
0 0.9007011688671802 0.047728238103918484 0.023532588382282428 0.022638891832631992
0 0.358795243552508 0.9380457032575282 0.016927390871793336 0.017733137023308566
0 0.36641941201870304 0.8787798306621898 0.016927390871793336 0.017733137023308566
0 0.3213437103590291 0.8740724832945951 0.018489890871793334 0.01778770072563951
0 0.36502193276462747 0.9178968943645207 0.016808991701630305 0.016170637023308388
0 0.3815941261259315 0.9059425313878293 0.016808991701630305 0.016170637023308565
0 0.4031372394033232 0.9317609869227921 0.018489890871793334 0.01778770072563951
0 0.3914660335944644 0.9203869773041452 0.016927390871793336 0.017733137023308566
0 0.3185505970816374 0.8489087921876024 0.016808991701630305 0.016170637023308565
0 0.3643366937622895 0.8442411395551973 0.016808991701630305 0.016170637023308388
0 0.21504708878326767 0.8296280241314351 0.018489890871793247 0.01778770072563951