0 0.43433065015697014 0.14316566033373546 0.0723530348257091 0.0723530348257091
0 0.41953125 0.034375 0.0703125 0.06875
0 0.8375242492070305 0.16618708050555203 0.0762150192218769 0.0865793091359686
0 0.57890625 0.02890625 0.0796875 0.0578125
0 0.5234375 0.1953125 0.06875 0.08125
0 0.7723972161903437 0.14251720714523222 0.06856629353213642 0.08929487336031983
0 0.7014429070543751 0.06712105947465279 0.09908595318850325 0.04726450361804453
0 0.760545669378847 0.18396772274906442 0.07588747060135788 0.08032930913596861
0 0.6265625 0.0328125 0.08125 0.065625
0 0.5 0.325 0.021875 0.0875
0 0.6148856886007239 0.25891905585660824 0.10212906603337357 0.04586577792830404
0 0.8847201537750149 0.2044993080043148 0.08361808344622794 0.07917624491161739
0 0.8476628098133372 0.062318452056849515 0.09488977611928177 0.056393842152655436
0 0.7683448812737776 0.24358838421445358 0.09752345318850324 0.04718261646291495
0 0.8786538602428784 0.11847992084918513 0.08493492198083885 0.07457063206674697
0 0.7203125 0.02578125 0.096875 0.0515625
0 0.9498870511069099 0.05053550429541307 0.040686954997525504 0.09250840456798422
0 0.6678734905006032 0.14015576775153882 0.10056656603337358 0.04578389077317446
0 0.5965384803238379 0.2953545228399214 0.10122166327441154 0.05828389077317446
0 0.98125 0.2203125 0.0375 0.0625
0 0.534375 0.00859375 0.090625 0.0171875
0 0.7100477023955338 0.20157794662978254 0.10081222749876276 0.05047139077317446
0 0.7876548032546165 0.3147197557657512 0.06272572930778501 0.0967798247398008
0 0.6155540739468313 0.21220783016686778 0.10064845318850332 0.047346390773174464
0 0.984375 0.02890625 0.03125 0.0578125
0 0.8333900271353347 0.2656957575747735 0.04389384215265544 0.09423467887824373
0 0.8066150859326189 0.11158811171321652 0.040686954997525504 0.09250840456798422
0 0.24365033921197926 0.9427163602428784 0.02137703301668683 0.02137703301668683
0 0.21487024197094123 0.9287423914505428 0.021377033016686652 0.02137703301668683
0 0.2348551933504222 0.9235569244672297 0.019732645861557076 0.019732645861557076
0 0.26076259610938424 0.9124490061044355 0.021295145861557074 0.019814533016686654
0 0.157139629126071 0.927275066710742 0.021377033016686652 0.021377033016686652
0 0.6482625961093842 0.6836202419709412 0.04439845318850324 0.04439845318850324
0 0.805426642920881 0.649785231794176 0.04439845318850324 0.04439845318850324
0 0.7756506117132165 0.6762724886915809 0.04283595318850324 0.04431656603337366
0 0.8113358061952924 0.7030740061044355 0.04448034034363317 0.04596095318850324
0 0.7465230336940554 0.7448653584338562 0.04448034034363317 0.04596095318850324
0 0.924196575078485 0.5671918170494263 0.04612472749876275 0.04760534034363299
0 0.7122365649017197 0.7150207281761313 0.04439845318850324 0.04439845318850324
0 0.7235569244672296 0.8418288896415206 0.04439845318850324 0.04439845318850324
0 0.8990195126631562 0.6219678482570907 0.04604284034363317 0.04604284034363308
0 0.726422974896771 0.8965163896415206 0.04596095318850324 0.04448034034363317
0 0.921706740161919 0.6683448812737776 0.04612472749876275 0.04760534034363299
0 0.6704585006773686 0.7206222749876281 0.04439845318850324 0.04439845318850324
0 0.8548335006773685 0.7302849592929388 0.044480340343633 0.04596095318850324
0 0.860516934643995 0.6900693950685876 0.04604284034363317 0.046042840343633
0 0.6872033446390462 0.8617385979184066 0.04448034034363317 0.04596095318850324
0 0.7956842299851536 0.820677585932619 0.04439845318850324 0.04439845318850324
0 0.761601399818286 0.6163242786056726 0.04448034034363317 0.04596095318850324
0 0.9002345318850329 0.7046165739468313 0.04275406603337366 0.04275406603337366
0 0.8493537053362099 0.5959918464480685 0.04612472749876275 0.04760534034363299
0 0.98359375 0.59921875 0.0328125 0.0484375
0 0.8872166327441157 0.8130089280852744 0.04604284034363317 0.04604284034363317
0 0.6817102611928181 0.7866567107632768 0.042754066033373485 0.04275406603337366
0 0.6086202419709412 0.7002411759375677 0.04604284034363317 0.04604284034363317
0 0.7672383254171693 0.7833480042954132 0.04439845318850324 0.04439845318850324
0 0.5639761273170487 0.6511552227490645 0.04760534034363308 0.04612472749876275
0 0.8904368080043149 0.7555239767057933 0.04439845318850324 0.04439845318850324
0 0.91640625 0.49140625 0.0453125 0.0453125
0 0.6602779172311404 0.645294726367109 0.04275406603337366 0.042754066033373485
0 0.9558294346439951 0.6950645115315024 0.04604284034363317 0.046042840343633
0 0.8047117492070305 0.9037357473980082 0.04439845318850324 0.04439845318850324
0 0.8405652035271876 0.5472267978275495 0.04612472749876275 0.04760534034363299
0 0.6483710594746528 0.5667602905914603 0.04612472749876275 0.04760534034363299
0 0.6390314382620396 0.7750707575747735 0.04604284034363317 0.046042840343633
0 0.6666363805964091 0.5287623236081471 0.04612472749876275 0.04760534034363299
0 0.9488025859326189 0.8583081399802049 0.04596095318850324 0.04448034034363317
0 0.9246015253263125 0.9614397840327396 0.046042840343633 0.04604284034363317
0 0.6455071675698247 0.8689026447299032 0.04596095318850324 0.044480340343633
0 0.7000176051544958 0.9278549208491851 0.04448034034363317 0.04596095318850324
0 0.897895183173657 0.8681058638609229 0.042672178878243726 0.04119156603337348
0 0.6928580438708206 0.5831156309350933 0.04448034034363317 0.04596095318850333
0 0.8636817989592032 0.5125994923096255 0.04612472749876275 0.04760534034363308
0 0.7064358649925768 0.5448720024863908 0.04448034034363317 0.04596095318850333
0 0.7642483649925769 0.5479018272261917 0.04612472749876275 0.04760534034363299
0 0.6000375373120999 0.8337973043862702 0.04604284034363317 0.04604284034363317
0 0.796875 0.48203125 0.046875 0.0265625
0 0.6852867198083883 0.9738291621427578 0.044480340343633 0.04596095318850324
0 0.6401712143813214 0.8265513704196437 0.04604284034363317 0.046042840343633
0 0.6552783152404041 0.9364176933504222 0.04604284034363317 0.04604284034363317
0 0.5950424208491851 0.7384848043862702 0.04604284034363317 0.04604284034363317
0 0.50859375 0.54453125 0.0390625 0.0484375
0 0.7344856218899818 0.5151778584338562 0.04448034034363317 0.04596095318850333
0 0.71953125 0.48359375 0.0453125 0.0296875
0 0.8071064088633975 0.8602314088633974 0.042672178878243726 0.041191566033373664
0 0.5987339868825586 0.7791916915413999 0.046042840343633 0.04604284034363317
0 0.8383364767057934 0.9506859905006031 0.04439845318850324 0.04439845318850324
0 0.7711667503386843 0.5015181501569701 0.04612472749876275 0.04760534034363299
0 0.67265625 0.4890625 0.0453125 0.040625
0 0.8109375 0.978125 0.046875 0.04375
0 0.5661051933504223 0.6917802227490644 0.044316566033373486 0.04283595318850324
0 0.5588526153312611 0.7615195126631562 0.04760534034363308 0.04612472749876275
0 0.746875 0.978125 0.04375 0.04375
0 0.78125 0.99296875 0.046875 0.0140625
0 0.8829053482570908 0.9686038308442363 0.04275406603337366 0.04275406603337366
0 0.9238291621427578 0.7385754941186479 0.04275406603337366 0.042754066033373485
0 0.51171875 0.64921875 0.0453125 0.0484375
0 0.5046875 0.5953125 0.03125 0.05