0 0.83203125 0.31328125 0.1140625 0.0734375
0 0.9328125 0.3125 0.096875 0.075
0 0.4653783774156864 0.894372406439126 0.043970175893442945 0.04497753087881229
0 0.3924210384803817 0.9188435575344827 0.043970175893442945 0.04497753087881229
0 0.5140625 0.815625 0.009375 0.04375
0 0.4308468685184378 0.9356051602000498 0.04071784190105419 0.041761602665567034
0 0.3422008625869387 0.9611841702291797 0.043970175893442945 0.04497753087881229
0 0.5109375 0.9375 0.015625 0.04375
0 0.2864627875289796 0.5246723572179135 0.04715884288963732 0.04663095909205772
0 0.43389756714929373 0.7839517319868043 0.043906508897248744 0.04341503087881229
0 0.41209155133196296 0.8584061627073322 0.045469008897248565 0.04346049498543501
0 0.47366040410743204 0.7679008346523715 0.04234400889724856 0.043369566772189574
0 0.37382754737763024 0.8760650241483878 0.043906508897248564 0.04341503087881229
0 0.3368368833471854 0.8624738855894435 0.04228034190105419 0.04180706677218957
0 0.4543188606097724 0.9738325859060126 0.04553267589344294 0.04502299498543501
0 0.3913227479856526 0.7154457728947465 0.045469008897248565 0.04346049498543501
0 0.272612557263462 0.8261893931112908 0.04709517589344294 0.04506845909205772
0 0.4444424307991778 0.6403381243066724 0.043906508897248564 0.04341503087881247
0 0.47803488631293495 0.8525031551854848 0.04228034190105419 0.04180706677218957
0 0.25403760669262077 0.5909960391920827 0.04553267589344294 0.04502299498543501
0 0.28373042387909553 0.6685132854311588 0.04709517589344294 0.04506845909205772
0 0.16157158098945823 0.7103250492212124 0.04709517589344294 0.04506845909205772
0 0.2057089001530994 0.7788764724198929 0.04709517589344294 0.04506845909205772
0 0.3648584070731816 0.7506558471887838 0.043906508897248564 0.04341503087881229
0 0.503125 0.740625 0.03125 0.04375
0 0.4270931047154544 0.6054175550272002 0.04071784190105419 0.041761602665567034
0 0.3107041007611217 0.6208032111371218 0.04553267589344294 0.04502299498543501
0 0.23503825589431798 0.6733538981258558 0.04553267589344294 0.04502299498543501
0 0.23810490608459842 0.7516607545523465 0.04709517589344294 0.04506845909205772
0 0.381618778631731 0.5696786318285197 0.04559634288963732 0.04658549498543509
0 0.393389266768733 0.626337808788124 0.04071784190105419 0.041761602665567034
0 0.21859621931674056 0.8465186134861197 0.04553267589344294 0.04502299498543501
0 0.16457456418354424 0.7901944056477032 0.04709517589344294 0.04506845909205772
0 0.41960425688290115 0.6740311627073321 0.043906508897248564 0.04341503087881247
0 0.3568442717116488 0.6018091702291796 0.043906508897248564 0.04341503087881238
0 0.1900494080617648 0.7408763672470433 0.04709517589344294 0.04506845909205772
0 0.23425039422160038 0.8078652904457237 0.04059050790866543 0.03863660266556703
0 0.25683104836621345 0.8679677161516868 0.04221667490485981 0.04024456677218975
0 0.4715355355146322 0.9352247269722394 0.040654174904859806 0.04019910266556703
0 0.23671875 0.99296875 0.0484375 0.0140625
0 0.4060617272254059 0.8144288421742187 0.043906508897248564 0.04341503087881229
0 0.13817389026726765 0.8238419799417404 0.04709517589344294 0.04506845909205772
0 0.4984375 0.646875 0.040625 0.04375
0 0.17891027270023196 0.5919387620741939 0.048721342889637365 0.04667642319868044
0 0.17835322129390688 0.83596154671393 0.04384284190105418 0.041852530878812286
0 0.20018309482962265 0.6457457236735341 0.04709517589344294 0.04506845909205772
0 0.30666390509601527 0.7583486752437445 0.04059050790866543 0.03863660266556703
0 0.3396329139932638 0.7170704573761981 0.043906508897248564 0.04341503087881229
0 0.34375 0.99453125 0.046875 0.0109375
0 0.37773509186387316 0.6649911318285198 0.043970175893442945 0.04497753087881238
0 0.3845156965793275 0.959286701107992 0.04228034190105419 0.04180706677218975
0 0.50703125 0.89453125 0.0234375 0.0453125
0 0.8250770295831332 0.6888618555020539 0.0456600098858317 0.048147994985435004
0 0.7885903843357686 0.5861172887298641 0.03953734387822046 0.051091138558944496
0 0.8731855602292116 0.5447768863808663 0.03335101087441501 0.052471782132453626
0 0.8368023912558508 0.5546687119285446 0.0440975098858317 0.04810253087881229
0 0.8647072153624078 0.5992825299543755 0.03022601087441501 0.052380853919208194
0 0.7965832509514021 0.42835025283648687 0.0510823389353046 0.02801735141192587
0 0.8063800622063779 0.533446929796091 0.023912343878220454 0.05063649749271768
0 0.8324677183281575 0.5842652837152993 0.0455963428896375 0.046585494985435
0 0.8771674060845985 0.485447350487489 0.04703150889724857 0.04350595909205772
0 0.8529128695070209 0.6583847453146395 0.03028967787060921 0.053943353919208195
0 0.8216522351340714 0.5041686067556951 0.0440975098858317 0.04810253087881229
0 0.8277510434232976 0.6232368555020539 0.03953734387822046 0.051091138558944316
0 0.8003078398495257 0.7976458221159591 0.030353344866803765 0.05550585391920819
0 0.8586428991645162 0.5177597453146395 0.04559634288963732 0.046585494985435
0 0.8830645790122919 0.4558962428073571 0.04559634288963732 0.046585494985435
0 0.7257030651721275 0.5170202962517115 0.039410009885831696 0.04796613855894431
0 0.84524624403132 0.46261760424841264 0.027037343878220453 0.050727425705962934
0 0.7592795691264602 0.4992250424907879 0.023912343878220454 0.0506364974927175
0 0.8218724110275144 0.4603731426490724 0.027037343878220453 0.050727425705962934
0 0.7715593932330173 0.5433842194503921 0.05127333992388792 0.032704851411925875
0 0.7998700770351255 0.46286164515635486 0.030226010874414833 0.052380853919208194
0 0.6631155404575481 0.6325256243066724 0.03022601087441501 0.052380853919208194
0 0.8234270048685538 0.8061402837152993 0.031915844866803766 0.05555131802583091