0 0.5516035858834826 0.32751954256845905 0.03913427759440165 0.042605670671545234
0 0.3485466730163651 0.49380016526100334 0.048035680913749525 0.036464758672817864
0 0.42293321160842884 0.3774115492520947 0.04768048340326061 0.03177725867281787
0 0.24655904314223392 0.4387864959420936 0.037690176764564674 0.04414998933799978
0 0.46393671990679863 0.39254565324636764 0.039252676764564676 0.044168170671545326
0 0.365625 0.59921875 0.03125 0.0390625
0 0.435384744801908 0.4397115545830948 0.05213118506293455 0.028706802673454136
0 0.4527838871235937 0.5191263345799131 0.03167697510489074 0.047202264003817974
0 0.23181314937065567 0.26255125994591155 0.048035680913749525 0.036464758672817864
0 0.35108152239630963 0.3985422092616397 0.03757177759440165 0.04258748933799979
0 0.3165396564196256 0.4629501545990031 0.03456517676456468 0.04411362667090888
0 0.39658050869935507 0.5603694999204583 0.046709979254075586 0.0395715773392725
0 0.4795850306946793 0.41265815857736776 0.03624607593472771 0.04569430800445442
0 0.5290862779953869 0.5010661305697317 0.05127908008391273 0.038063621339908774
0 0.31258401699772487 0.5769581105983668 0.028670374275053766 0.04872840133672707
0 0.29125439127277863 0.5288115119350939 0.04647318091374952 0.036446577339272326
0 0.5386514547599516 0.45724340523554996 0.0376901767645645 0.04414998933799978
0 0.5317162157576137 0.3839513559039135 0.0491245842330974 0.030232940006363406
0 0.41457349210261557 0.5289376865850037 0.05056868506293455 0.028688621339908772
0 0.35351759293245255 0.5312092585932761 0.05056868506293437 0.028688621339908772
0 0.3562910858834826 0.32979220926163966 0.042140878424238616 0.04107953333863614
0 0.28671875 0.61015625 0.0515625 0.0171875
0 0.31256439667136326 0.35059560526736666 0.03901587842423861 0.04104317067154524
0 0.4491368236364206 0.5878581532463676 0.050687084233097576 0.03025112133990877
0 0.2806236219767467 0.5866967372692756 0.037690176764564674 0.04414998933799978
0 0.8835388248858205 0.17599559460536646 0.04694677759440165 0.0426965773392725
0 0.8865920472914188 0.2181103692711847 0.047065176764564676 0.044259077339272326
0 0.8391968290350054 0.18431717194463887 0.045502676764564674 0.044240896005727136
0 0.8230963871235938 0.29378307861236613 0.04694677759440165 0.0426965773392725
0 0.9032341730163651 0.26631151193509395 0.04694677759440165 0.042696577339272325
0 0.803125 0.1390625 0.028125 0.04375
0 0.91161351284854 0.34114787993318496 0.045502676764564674 0.044240896005727136
0 0.8585136688671803 0.2590262706079118 0.04694677759440165 0.0426965773392725
0 0.8388900983310373 0.12655921594527522 0.045502676764564674 0.04424089600572696
0 0.97890625 0.01953125 0.0421875 0.0390625
0 0.9796875 0.44375 0.040625 0.04375
0 0.8078125 0.35859375 0.0375 0.0421875
0 0.9488067821445718 0.2829535719287305 0.04538427759440165 0.042678396005727134
0 0.98671875 0.23515625 0.0265625 0.0421875
0 0.87890625 0.01796875 0.0453125 0.0359375
0 0.8109375 0.08203125 0.04375 0.0421875
0 0.9114233360839753 0.384861517266094 0.04538427759440165 0.042678396005727134
0 0.8910930609883734 0.0557012759389119 0.04538427759440165 0.04267839600572696
0 0.990625 0.06484375 0.01875 0.0421875
0 0.8723896825641347 0.09650808927436634 0.047065176764564676 0.0442590773392725
0 0.9475080817342978 0.09407288526418496 0.04694677759440165 0.0426965773392725
0 0.46663659003266755 0.7508490492520947 0.043821777594401645 0.0426602146721816
0 0.2609375 0.99140625 0.046875 0.0171875
0 0.4232884091189179 0.7872592639242763 0.04538427759440165 0.04267839600572705
0 0.5169451659673953 0.7049911092457313 0.0471835759347277 0.0458215773392725
0 0.3543500775851129 0.7287387866009121 0.045502676764564674 0.044240896005727046
0 0.28270818546391974 0.9325183146085483 0.047065176764564676 0.0442590773392725
0 0.5073799892028306 0.7488138345799131 0.04370337842423862 0.041097714672181596
0 0.4728148124382659 0.7929274612508219 0.045502676764564674 0.04424089600572696
0 0.5949014547599516 0.8711240919000955 0.04850927759440164 0.04271475867281786
0 0.4291617460513078 0.6685456265913671 0.04562107593472771 0.04580339600572696
0 0.23076717716555 0.9175114799490933 0.047065176764564676 0.044259077339272326
0 0.09466650165038515 0.7770330253023651 0.050308575934727706 0.04585794000636341
0 0.490625 0.625 0.046875 0.0125
0 0.17804584148256003 0.8509966892902747 0.04862767676456468 0.044277258672817864
0 0.4035660597389735 0.8827172145926397 0.04538427759440165 0.042678396005727134
0 0.33744784273195993 0.6633683252705483 0.0471835759347277 0.0458215773392725
0 0.4408525721865281 0.9057001812540036 0.045502676764564674 0.04424089600572696
0 0.40703125 0.63359375 0.0453125 0.0296875
0 0.29693755144060374 0.8683467266072755 0.045502676764564674 0.044240896005727136
0 0.524328845631745 0.854772933243186 0.04538427759440165 0.042678396005727134
0 0.10013432903500537 0.8284864373010924 0.05019017676456468 0.04429544000636341
0 0.29765625 0.9796875 0.0453125 0.040625
0 0.47265625 0.978125 0.0453125 0.04375
0 0.2980068344335901 0.6482160399427299 0.047065176764564676 0.0442590773392725
0 0.40184038422380863 0.7406751652610033 0.045502676764564674 0.04424089600572696
0 0.35 0.98515625 0.04375 0.0296875
0 0.328125 0.62890625 0.046875 0.0203125
0 0.5502275721865282 0.9044274879058225 0.04358497925407558 0.039535214672181594
0 0.5625 0.99140625 0.04375 0.0171875
0 0.3791328995711483 0.9579353905951852 0.04538427759440165 0.042678396005727134
0 0.39453125 0.99296875 0.0453125 0.0140625
0 0.51484375 0.99296875 0.0453125 0.0140625
0 0.6 0.97734375 0.05 0.0453125
0 0.3758913456317449 0.8565001599300033 0.045502676764564674 0.04424089600572696
0 0.19251016056881048 0.8867341946212749 0.04526587842423861 0.04111589600572714
0 0.275 0.628125 0.046875 0.01875
0 0.26613783733337515 0.8421660346117298 0.04694677759440165 0.042696577339272325
0 0.4834940485408187 0.6725967799172765 0.0471835759347277 0.0458215773392725
0 0.2029255970816374 0.9553023812858203 0.047065176764564676 0.044259077339272326
0 0.2465571979114744 0.9563558039465481 0.047065176764564676 0.0442590773392725
0 0.2794684767552759 0.7280489906110935 0.047065176764564676 0.0442590773392725
0 0.28254685517951456 0.6874239906110935 0.0471835759347277 0.0458215773392725
0 0.26765371575761376 0.8015592159452753 0.04526587842423861 0.04111589600572714
0 0.5386532999907112 0.7687445265754588 0.04370337842423862 0.041097714672181596
0 0.1279507531002777 0.8734353106301835 0.05019017676456468 0.04429544000636341
0 0.23384555558978862 0.8768864799490933 0.047065176764564676 0.044259077339272326
0 0.5111669174172877 0.801847927912186 0.04538427759440165 0.042678396005727134
0 0.23879685517951454 0.6879330679503659 0.0471835759347277 0.0458215773392725
0 0.5625 0.62421875 0.046875 0.0109375
0 0.23562523360375315 0.6473807932845477 0.048746075934727705 0.045839758672817865
0 0.4634845887832677 0.9366592799172766 0.04526587842423879 0.04111589600572714
0 0.556859770946417 0.7138933945735497 0.045502676764564674 0.04424089600572696
0 0.38192970331005915 0.7768126599300033 0.045502676764564674 0.04424089600572696
0 0.2328125 0.6234375 0.046875 0.009375
0 0.3270501813147349 0.9241967372692758 0.04202247925407558 0.03951703333863606
0 0.23391917841494986 0.7317012492839113 0.047065176764564676 0.0442590773392725
0 0.33476943816321214 0.8429285559357302 0.04538427759440165 0.042678396005727134
0 0.80234375 0.98671875 0.0265625 0.0265625