0 0.09502707208781418 0.5065461664125002 0.023710220003181702 0.023983013867708357
0 0.2109375 0.5765625 0.025 0.00625
0 0.050149829407996546 0.40865287385944465 0.025290901336727067 0.025581881458888844
0 0.1377600120941775 0.5544030913743752 0.025290901336727067 0.025581881458888844
0 0.06846457208781417 0.5059279173624308 0.025272720003181703 0.024019381458888843
0 0.07998278007636013 0.4218438580918752 0.025272720003181703 0.024019381458888843
0 0.16879183609163215 0.5363804431979864 0.025290901336727067 0.025581881458888844
0 0.08192708808081446 0.4546927256830558 0.025272720003181703 0.024019381458888843
0 0.059375 0.5765625 0.025 0.00625
0 0.23984375 0.57578125 0.0234375 0.0078125
0 0.04486344008590511 0.49131990349472243 0.025272720003181703 0.024019381458888843
0 0.049004405394633556 0.31021537385944464 0.02685340133672707 0.025618249050069507
0 0.04767935741563258 0.46483013867708356 0.025290901336727067 0.025581881458888844
0 0.0906486547580867 0.5329995636389586 0.025290901336727067 0.025581881458888844
0 0.22218955609481378 0.5610544412981253 0.023728401336727246 0.02554551386770836
0 0.12028161075745034 0.5290030478713892 0.025290901336727067 0.025581881458888844
0 0.0875 0.571875 0.025 0.015625
0 0.07064523742835926 0.5590892849536113 0.025290901336727158 0.025581881458888844
0 0.06969980808399612 0.4778392849536113 0.025272720003181703 0.024019381458888843
0 0.044173644096086484 0.5662835359035419 0.025290901336727067 0.025581881458888844
0 0.05872485073199698 0.340121079406528 0.025272720003181703 0.024019381458888843
0 0.053602093411814565 0.4368506090418057 0.025272720003181703 0.024019381458888843
0 0.043610022756177716 0.5178460359035418 0.025272720003181703 0.024019381458888843
0 0.1234375 0.57421875 0.025 0.0109375
0 0.25621911075745035 0.5321670283040976 0.023710220003181702 0.023983013867708357
0 0.24657139075426873 0.5085113227570142 0.025272720003181703 0.024019381458888843
0 0.0640861547580867 0.5323813145888892 0.025272720003181703 0.024019381458888843
0 0.3296875 0.575 0.025 0.009375
0 0.8209703120623608 0.3660705560395144 0.025290901336727244 0.025581881458888844
0 0.7640625 0.409375 0.009375 0.025
0 0.7879759987269063 0.3496818366247226 0.023710220003181702 0.023983013867708357
0 0.7945350813971789 0.37638980698944485 0.023710220003181702 0.023983013867708357
0 0.7712612133990879 0.3899067931217365 0.023710220003181702 0.023983013867708357
0 0.76953125 0.3640625 0.0203125 0.025