0 0.03828125 0.43203125 0.0421875 0.0546875
0 0.07987732139536945 0.4229042970811959 0.04968693317629622 0.050790932629559825
0 0.01171875 0.371875 0.0234375 0.046875
0 0.1521624245056472 0.4263372142894804 0.06224572177194432 0.03384889448011279
0 0.08495580066018427 0.39151792938644425 0.058378427992499836 0.04314207386326174
0 0.0796875 0.45 0.05 0.01875
0 0.01484375 0.4078125 0.0296875 0.05625
0 0.125 0.44609375 0.0625 0.0265625
0 0.23984375 0.45078125 0.0578125 0.0171875
0 0.02734375 0.453125 0.0546875 0.0125
0 0.00703125 0.3390625 0.0140625 0.034375
0 0.03858935711629554 0.3266020413991531 0.04812443317629622 0.050763659090609536
0 0.20399832657916567 0.4285621875041191 0.048261134213055355 0.05232615909060954
0 0.13841299132935098 0.3765008555231824 0.06380822177194431 0.033876168019063256
0 0.09579626437361037 0.3365576939969409 0.05810502591898139 0.04001707386326192
0 0.14915641875620303 0.26677129951682793 0.05851512902925933 0.04470457386326192
0 0.25703125 0.4453125 0.0234375 0.028125
0 0.8373590477854623 0.2875008108809137 0.04404252591898139 0.039771612012708776
0 0.6264215477854622 0.29118273863920957 0.045741726955740705 0.04136138555165925
0 0.28984375 0.24296875 0.0421875 0.0453125
0 0.5321056197929623 0.25057710389832927 0.045741726955740705 0.041361385551659156
0 0.6792731457119437 0.287130438314898 0.045741726955740705 0.041361385551659156
0 0.4061869602265733 0.31380558117015783 0.049003427992499834 0.042978432629559825
0 0.71796875 0.44375 0.0484375 0.03125
0 0.6633556197929623 0.2482861266265007 0.04404252591898139 0.039771612012708776
0 0.7065000270502771 0.25848724107484156 0.04248002591898157 0.03974433847375849
0 0.572516006315092 0.22952821834667012 0.04248002591898139 0.03974433847375849
0 0.60595322290324 0.2539827475676633 0.04404252591898139 0.03977161201270887
0 0.6938442021680549 0.22115088230854357 0.042343324882222075 0.038181838473758486
0 0.5930827845431476 0.19630661526241502 0.04248002591898139 0.03974433847375849
0 0.7803462131012954 0.38708379951682803 0.045741726955740705 0.041361385551659066
0 0.813141006315092 0.22532809334831777 0.042343324882222075 0.038181838473758486
0 0.7738638928372217 0.2056701582831259 0.04248002591898139 0.03974433847375849
0 0.7542731457119437 0.2858213084452817 0.04404252591898139 0.03977161201270887
0 0.8390787897269438 0.1998371696472116 0.04248002591898139 0.03974433847375849
0 0.6619694855799069 0.19666907954860005 0.04248002591898139 0.03974433847375849
0 0.40942812035861015 0.40451240178700887 0.049003427992499925 0.042978432629560005
0 0.7873399239399993 0.25238151704942385 0.04248002591898139 0.03974433847375849
0 0.5430827845431476 0.1971793685088259 0.04404252591898139 0.03977161201270887
0 0.7528870114988883 0.234204261367381 0.04248002591898139 0.03974433847375849
0 0.7233170886901845 0.2002929115295368 0.042343324882222075 0.038181838473758486
0 0.4947614446751845 0.2887862159110381 0.0473042269557407 0.041388659090609535
0 0.6310708000945364 0.2191168238665572 0.04404252591898139 0.039771612012708776
0 0.467828506315092 0.23135554545634288 0.04560502591898139 0.039798885551659245
0 0.3089811866166661 0.20439539935137688 0.0473042269557407 0.041388659090609535
0 0.6447217799249991 0.8378201850684871 0.07136644354388881 0.06677048863591431
0 0.7839783524981472 0.9449314813356089 0.0679680414703702 0.06359094155801373
0 0.6153062649392582 0.966654297081196 0.06626884043361088 0.06200116801906326