0 0.384375 0.521875 0.05 0.015625
0 0.79609375 0.484375 0.0515625 0.090625
0 0.09375 0.975 0.084375 0.05
0 0.15226206759768174 0.8579006539128846 0.12474465060882309 0.08104734577334831
0 0.021875 0.584375 0.04375 0.109375
0 0.2861905285080069 0.8991240360834276 0.1192279742462448 0.1086716980251019
0 0.20707737123122402 0.7868057063492081 0.12094997091226496 0.09168445712440061
0 0.04765625 0.69453125 0.0953125 0.0828125
0 0.21256261243723226 0.6255072609449999 0.0879460233378591 0.12531897748246604
0 0.047478714872524995 0.9071415854374321 0.0845659318225902 0.1219937183831675
0 0.14253689698497923 0.6816385425618325 0.11428538273097573 0.10524630937615384
0 0.7240417306243405 0.9665561582318212 0.05889651000193972 0.05506703423772628
0 0.86171875 0.98828125 0.0609375 0.0234375
0 0.77265625 0.98671875 0.0578125 0.0265625