0 0.27540918844833373 0.2651911465389256 0.058685322188333444 0.0405298247398008
0 0.3125 0.38671875 0.034375 0.0515625
0 0.2755897199834726 0.20589803369405538 0.04960126291777787 0.05253850180902227
0 0.30625 0.3234375 0.046875 0.04375
0 0.27289982465687534 0.1573786465389256 0.051054660144236055 0.047932888964152195
0 0.32265625 0.23828125 0.0140625 0.0546875
0 0.3015625 0.13125 0.05625 0.0375
0 0.20436933662472256 0.23025622455808675 0.05112739532659738 0.0510578889641522
0 0.21079986815986143 0.17129066033373547 0.05861258700597229 0.0374048247398008
0 0.3171875 0.1859375 0.025 0.05625
0 0.7004104948690977 0.4184998530067892 0.025581881458888935 0.0263101944820761
0 0.8044420718070837 0.32875567955561225 0.025581881458888844 0.0263101944820761
0 0.6037900680073616 0.42436034938874456 0.025581881458888844 0.0263101944820761
0 0.572176392095556 0.40709760628614955 0.025581881458888844 0.0263101944820761
0 0.5728673763279866 0.4367851062861495 0.025581881458888844 0.0263101944820761
0 0.634349083774931 0.3963105924913396 0.025581881458888935 0.0263101944820761
0 0.6918706430454866 0.38684041723114043 0.024019381458888843 0.026228307326946164
0 0.7414342319513199 0.37071080619529245 0.02554551386770836 0.0247476944820761
0 0.7712658958952782 0.31141104929788754 0.023983013867708357 0.024665807326946166
0 0.6651990402719449 0.38076083559393464 0.024019381458888843 0.026228307326946344
0 0.7781341449453476 0.33830109791840657 0.023983013867708357 0.024665807326946166
0 0.7100023939954171 0.3612605630926975 0.02554551386770836 0.0247476944820761
0 0.7550239532659726 0.35113529059146026 0.023983013867708357 0.024665807326946166
0 0.6013547458190283 0.3867784622336149 0.025581881458888935 0.0263101944820761
0 0.7513170718070837 0.32597151628120075 0.023983013867708357 0.024665807326946166
0 0.5775535699072226 0.36992515490666855 0.025581881458888935 0.0263101944820761
0 0.7299512180836115 0.34670009610938424 0.023983013867708357 0.024665807326946343
0 0.7270794848011115 0.29036820895425447 0.023983013867708357 0.024665807326946343
0 0.5831476468452086 0.27502209068231737 0.025581881458888935 0.0263101944820761
0 0.673992158813056 0.3562521585247131 0.024019381458888933 0.026228307326946164
0 0.7214113662600004 0.31504066033373557 0.023983013867708357 0.024665807326946166
0 0.6460489967689588 0.3625906897323777 0.023983013867708357 0.024665807326946166
0 0.5733011745806254 0.32132388059640904 0.025581881458888935 0.0263101944820761
0 0.6300226468452086 0.2774787053362099 0.024019381458888933 0.026228307326946164
0 0.572755660712917 0.29788638059640904 0.025581881458888935 0.0263101944820761
0 0.702043117209931 0.28749551447217847 0.023983013867708357 0.024665807326946343
0 0.7031705125365282 0.3359330144721785 0.025581881458888935 0.0263101944820761
0 0.6207580560395143 0.3487804952503016 0.02554551386770836 0.0247476944820761
0 0.6769703820275698 0.2830603199901024 0.023983013867708357 0.024665807326946166
0 0.5991376291777782 0.35857157507848514 0.025581881458888844 0.0263101944820761
0 0.6480466014423615 0.3143169640426372 0.023983013867708357 0.024665807326946166
0 0.6517171153100698 0.3379182383528967 0.023983013867708357 0.024665807326946166
0 0.6067306172099309 0.28250039800926363 0.023983013867708357 0.024665807326946343
0 0.6001182477188893 0.3336534622336149 0.02554551386770836 0.0247476944820761
0 0.6765716449453476 0.33297843283497264 0.023983013867708357 0.024665807326946166
0 0.6521522199834726 0.28956262550802647 0.023983013867708357 0.024665807326946166
0 0.625880660712917 0.3006705438708206 0.025581881458888935 0.0263101944820761
0 0.624900042171806 0.3255886567156908 0.02554551386770836 0.0247476944820761
0 0.6728647634864587 0.3078146585247131 0.023983013867708357 0.024665807326946166
0 0.6010624986688198 0.30717284938874456 0.023983013867708357 0.024665807326946343
0 0.6979011310776393 0.3106873530067892 0.023983013867708357 0.024665807326946343
0 0.6228660699072226 0.3722998824054313 0.02554551386770836 0.0247476944820761
0 0.5754091884483337 0.34484326775153884 0.025581881458888844 0.0263101944820761
0 0.31328125 0.7765625 0.0328125 0.09375
0 0.2297693801277088 0.8059666327441157 0.10029224715020853 0.08484639077317446
0 0.3 0.81640625 0.059375 0.0921875
0 0.24223431895729206 0.8721648428300238 0.10581489532659738 0.05392393939369331
0 0.25703125 0.95546875 0.0921875 0.0890625
0 0.1828125 0.95 0.071875 0.1
0 0.29296875 0.9046875 0.0734375 0.08125
0 0.6786459040634033 0.7450689970593238 0.031977351823611146 0.032887743102595124
0 0.8540446411456255 0.7043222455889859 0.030414851823611144 0.03280585594746519
0 0.7372948586605561 0.7840363217991249 0.03201371941479181 0.034450243102595125
0 0.7549538309251395 0.7381439676606817 0.030378484232430482 0.03124335594746519
0 0.7919070106366671 0.6495661465389256 0.030378484232430482 0.03124335594746519
0 0.7746117142838893 0.7110835006773686 0.031977351823611146 0.032887743102595124
0 0.9186175938429173 0.796660231794176 0.03201371941479163 0.034450243102595125
0 0.8948904595342366 0.8500375373120999 0.03201371941479163 0.034450243102595125
0 0.853501740119445 0.8150959712787265 0.030451219414791807 0.03436835594746519
0 0.8833697716545839 0.7573587143813214 0.030414851823611144 0.03280585594746519
0 0.7844634122315284 0.9332041621427578 0.030487587005972115 0.03593085594746519
0 0.7436929418668062 0.9248250961093841 0.0320500870059723 0.03601274310259513
0 0.8701073586605561 0.7909967299851537 0.030414851823611144 0.032805855947465365
0 0.8505572716545838 0.7556390841235967 0.030414851823611144 0.03280585594746519