0 0.4505941641011426 0.48809037639317143 0.0398029796419344 0.037247028855940556
0 0.5142351619416743 0.4480308607840747 0.039702850092285046 0.035684528855940555
0 0.537251159782206 0.8607094208582085 0.026501943244739933 0.024310519237293705
0 0.5051395666297512 0.8486260831092606 0.02483931369509058 0.022693455534962936
0 0.5381337368955318 0.9202481119652012 0.023276813695090583 0.022638891832631812
0 0.4652574413990386 0.9333631816579817 0.026702202344038462 0.027435519237293704
0 0.501635032392025 0.9033135831092606 0.02483931369509058 0.022693455534962936
0 0.7174764851974886 0.799489145545647 0.050719495681063265 0.08595734736759475
0 0.7743296576227376 0.9142262573412122 0.04915699568106326 0.08590278366526398
0 0.6962442304171267 0.8864435085223384 0.056869366131414 0.08461310217691817
0 0.8109375 0.96171875 0.053125 0.0765625
0 0.7705013556478394 0.8029068114248961 0.0702309592838688 0.07416667549789598
0 0.66171875 0.81640625 0.0640625 0.0546875
0 0.646875 0.96015625 0.034375 0.0796875
0 0.7671875 0.53671875 0.08125 0.0359375
0 0.7099271961794005 0.9417312092479779 0.08182979333702481 0.06054068511654283
0 0.8262507078995928 0.812683604708807 0.06846820018457009 0.07098711179556502
0 0.65546875 0.7734375 0.0515625 0.053125
0 0.6660956554632692 0.8681647344757213 0.06584384793281677 0.07869048439090331
0 0.9053164466408259 0.7762947261230189 0.0747182001845701 0.07120536660488845
0 0.8390930644702829 0.9055258691367772 0.08102875693983017 0.048040685116542824
0 0.7266698149317081 0.7293403366526396 0.07033108883351816 0.07572917549789597
0 0.8722269370801019 0.950530834290387 0.08435401603912887 0.05127481252120454
0 0.9246300462716857 0.9147768727649744 0.08435401603912887 0.05127481252120454
0 0.6766698149317082 0.7275942981780522 0.07481832973421945 0.07276786660488846
0 0.6578125 0.60234375 0.05625 0.0609375
0 0.98203125 0.87734375 0.0359375 0.0765625
0 0.965625 0.73671875 0.06875 0.0640625
0 0.8677768738464368 0.8000397609694092 0.06125647748246621 0.08008929328391083
0 0.825 0.55390625 0.05625 0.0703125
0 0.7879448812476924 0.579578438829558 0.08475453423772628 0.05752481252120454
0 0.9609375 0.8578125 0.078125 0.075
0 0.8902082880952376 0.5721875794810635 0.07638082973421945 0.0728224303072194
0 0.7411514219638236 0.6499802188666248 0.08787953423772628 0.057633939925866254
0 0.975 0.98671875 0.05 0.0265625
0 0.6390625 0.7375 0.01875 0.0625
0 0.990625 0.9546875 0.01875 0.084375
0 0.6640625 0.64296875 0.06875 0.0484375
0 0.9487894370801019 0.9532044557045989 0.07814358883351816 0.07600199400955035
0 0.7123836767441856 0.5612798174153459 0.08621690468807693 0.05601687622353539
0 0.7396332850129186 0.8691667284852717 0.03811936613141391 0.0839583377489479
0 0.8027340623108146 0.8619742765785059 0.08289164558877822 0.05278274881887377
0 0.97734375 0.66875 0.0453125 0.084375
0 0.8202381446659276 0.6621379676854984 0.08076794108527138 0.06829862141421197
0 0.6875 0.53046875 0.0875 0.0234375
0 0.9106838695275 0.7169742898253497 0.0657437183831675 0.07712798439090332
0 0.6862240900701357 0.6762500529873756 0.08767927513842758 0.05450893992586625
0 0.81815401295681 0.6213492765785059 0.08389294108527139 0.06840774881887368
0 0.879752847009966 0.63759432467174 0.05344397748246621 0.07981647477225647
0 0.884375 0.54140625 0.084375 0.0453125
0 0.65234375 0.55 0.0453125 0.05
0 0.7643095172757466 0.7040328018062494 0.07159320018457009 0.07109623920022674
0 0.862847146825396 0.7059078150530932 0.05843186613141391 0.08466766587924912
0 0.76015625 0.975 0.0765625 0.05
0 0.928169363049095 0.5907391720393349 0.06448160703211539 0.08176092068857255
0 0.8044548534883711 0.7618105854715133 0.08894138648947951 0.0498760036281972
0 0.8821211736618665 0.8694445253973795 0.08289164558877822 0.05278274881887359
0 0.9277502560169797 0.6705903631463275 0.06145673658176456 0.08321429328391083
0 0.9625 0.54765625 0.075 0.0578125
0 0.67421875 0.98203125 0.0890625 0.0359375
0 0.9659301789036538 0.6124157645976063 0.06604410703211538 0.08181548439090332
0 0.875 0.984375 0.090625 0.03125
0 0.8287329626799547 0.7250744773041452 0.07628070018457009 0.0712599303072194
0 0.9316996715023983 0.8288939364673051 0.08964229333702498 0.06081350362819702
0 0.96328125 0.77890625 0.0734375 0.0671875
0 0.7408300493540045 0.606121091461963 0.08914164558877821 0.05300100362819702