0 0.21509371035902908 0.08914222970832811 0.040199870125868745 0.05645907825883114
0 0.02616922985555359 0.31514216920708604 0.04644987012586883 0.056495439695149585
0 0.1357614078695181 0.08491833802138853 0.04945647095570589 0.05495112041330898
0 0.10978536802805446 0.38649901873954773 0.05511447510489074 0.04717498184962743
0 0.21946894396278216 0.3405683743221338 0.05475927759440165 0.04248748184962743
0 0.3900703995711483 0.06782069985049048 0.04176237012586874 0.05646816861791084
0 0.339808445212182 0.15401272990471976 0.038874168466194806 0.059574987899751616
0 0.2532053265362057 0.3075740671405415 0.04633147095570571 0.054932939695149584
0 0.19823625185087784 0.16733086222188537 0.04465057178554286 0.05336134933607006
0 0.10533651159914008 0.2803217416121848 0.062334979254075586 0.03940793364502539
0 0.0551696456224561 0.34464786202549363 0.03418666846619498 0.0595477168225127
0 0.17093635558049983 0.36271608509452236 0.04476897095570589 0.054923849336070064
0 0.37671644936136695 0.16160706128680893 0.04332487012586892 0.05647725897699054
0 0.3393777796457721 0.40702864559576424 0.05378877344521662 0.05029089149054755
0 0.04854298255484597 0.22598876561628992 0.04668666846619498 0.05962043969514959
0 0.3262643182378359 0.29153091062287906 0.057529080083912554 0.03781816256778665
0 0.04463580993946614 0.27755126561628984 0.056558575934727705 0.045621572208706954
0 0.3221221925128896 0.24313886241827715 0.038874168466194806 0.059574987899751616
0 0.13057515517022572 0.1739717476623089 0.04789397095570589 0.054942030054229284
0 0.18386517591615012 0.21270699473544274 0.04176237012586892 0.05646816861791084
0 0.0078125 0.26640625 0.015625 0.0578125
0 0.16203864272267107 0.15036153083979623 0.04031826929603177 0.05802157825883114
0 0.11859352819587965 0.31148083802138854 0.06366068091374952 0.03629202400410527
0 0.28002978089517205 0.22151839247250643 0.05101897095570571 0.05496021077238851
0 0.31329256678794337 0.19477408529091403 0.05764747925407558 0.039380662567786474
0 0.3020483360839753 0.13705248888171032 0.04910127344521662 0.050263620413308986
0 0.2622521302751165 0.12635133821778027 0.038874168466194806 0.059574987899751616
0 0.13671875 0.42890625 0.0390625 0.0421875
0 0.26758009293245255 0.05603883821778029 0.052344672615379825 0.05184430113146821
0 0.176856314088651 0.28459108509452236 0.060772479254075765 0.039398843285945874
0 0.2453125 0.4375 0.0625 0.025
0 0.1805015323450645 0.31892972365820393 0.05464087842423861 0.04092498184962743
0 0.09205802944527948 0.1257796873574586 0.04019987012586892 0.05645907825883114
0 0.05881855434038874 0.17282740417997128 0.05956517676456467 0.04407725292686635
0 0.025 0.13515625 0.05 0.0390625
0 0.01328125 0.1859375 0.0265625 0.053125
0 0.31206379874131135 0.06671271780447138 0.05546967261537965 0.051862481849627426
0 0.22463188587419386 0.23121155504029306 0.05546967261537983 0.051862481849627426
0 0.2729976082797922 0.2730990731906656 0.05343357593472771 0.04560339149054773
0 0.33012671450821396 0.09628204313643636 0.05402557178554286 0.05341589149054773
0 0.3578125 0.00859375 0.04375 0.0171875
0 0.3327977381539234 0.32897636846840134 0.058476273445216796 0.05031816256778647
0 0.2632692560000628 0.17476156714054145 0.0589731809137497 0.03626475292686617
0 0.3712467767459871 0.21317865164588862 0.057884277594401644 0.04250566256778647
0 0.37558092446625757 0.11475933236404785 0.062098180913749704 0.0362829336450254
0 0.3656353941725635 0.24600933236404784 0.05681868506293455 0.02844316256778647
0 0.2525881746667503 0.39816270570422285 0.058476273445216796 0.05031816256778683
0 0.16144480164109645 0.26125357904439817 0.06209818091374952 0.0362829336450254
0 0.10469789417256363 0.24752742233034394 0.06318708423309741 0.030042024004105095
0 0.28178614812125585 0.5145967476623089 0.04034158008391255 0.037718168617910844
0 0.23964342446625767 0.6585285548439013 0.041904080083912554 0.037727258976990544
0 0.12943963027511646 0.6701023799794745 0.050331886722608396 0.02528180113146803
0 0.2940241937622895 0.6004251633533535 0.04732528589277134 0.026826120413308986
0 0.66640625 0.99375 0.0359375 0.0125