0 0.4780267454476535 0.17092228562200223 0.07401181301126591 0.0780434592838688
0 0.5002701553184987 0.32106198796604063 0.06753449247815269 0.0698304410852714
0 0.4932592888628783 0.2392112106681447 0.06597199247815269 0.06973031153562212
0 0.49693455516021423 0.38189935841639133 0.06753449247815269 0.06983044108527156
0 0.67109375 0.453125 0.0734375 0.053125
0 0.60234375 0.44765625 0.0671875 0.0640625
0 0.7368702672217728 0.4287953423772624 0.07070495658477523 0.07159320018457009
0 0.8203125 0.44609375 0.078125 0.0671875
0 0.92265625 0.45390625 0.0796875 0.0515625
0 0.5202069191085524 0.7546311613141402 0.048147994985435004 0.04675388648947969
0 0.460315093560874 0.7147886088778167 0.046585494985435 0.046653756939830336
0 0.15571852177411935 0.692138346696199 0.04502299498543501 0.046553627390180985
0 0.39824099089530696 0.7499460564414931 0.04341503087881229 0.04489099784053163
0 0.1241455760098968 0.5398353670542646 0.04506845909205772 0.048116127390180986
0 0.15 0.978125 0.046875 0.04375
0 0.25391198086617717 0.653033878774457 0.04346049498543501 0.046453497840531634
0 0.096875 0.97578125 0.046875 0.0484375
0 0.4331328164429854 0.7881865360834276 0.04502299498543501 0.046553627390180985
0 0.0405314424655173 0.6158786304725 0.04663095909205772 0.04821625693983034
0 0.07530359606815647 0.7120317396640836 0.04502299498543509 0.046553627390180985
0 0.14104094167409453 0.9275751989479524 0.04350595909205772 0.048015997840531635
0 0.0078125 0.60859375 0.015625 0.0484375
0 0.10301472209068852 0.5666586829088235 0.04506845909205772 0.048116127390180986
0 0.10286630641385548 0.6793589420081221 0.04506845909205772 0.048116127390180986
0 0.01171875 0.528125 0.0234375 0.046875
0 0.05317253180324921 0.7732300555186425 0.04663095909205772 0.04821625693983034
0 0.41036055766749674 0.7100219632890383 0.04341503087881229 0.04489099784053163
0 0.1338722655059132 0.6359489034514592 0.04346049498543501 0.04645349784053181
0 0.0171875 0.74453125 0.034375 0.0484375
0 0.24282606518934405 0.7650332310262103 0.041852530878812286 0.04479086829088228
0 0.01484375 0.6859375 0.0296875 0.05
0 0.01171875 0.77890625 0.0234375 0.0484375
0 0.17555966033306375 0.6558399012919909 0.04346049498543501 0.046453497840531634
0 0.04422342913768218 0.8117919077703959 0.04658549498543509 0.04665375693983016
0 0.46533756268206156 0.757376627076414 0.04493206677218957 0.04342862739018098
0 0.06050897334432972 0.5748926850682918 0.04663095909205772 0.04821625693983034
0 0.39605401675955443 0.6637081677925452 0.04346049498543501 0.046453497840531634
0 0.28978729638472556 0.603674228866742 0.04502299498543501 0.046553627390180985
0 0.2761841344688163 0.7483859515688461 0.04341503087881229 0.04489099784053181
0 0.467979177884041 0.827989515725362 0.04663095909205772 0.04821625693983016
0 0.3570249575092122 0.7676551881506108 0.041852530878812286 0.04479086829088228
0 0.18413772380654816 0.8990286967884842 0.04350595909205772 0.048015997840531635
0 0.04486462364826358 0.951154796419344 0.04667642319868044 0.04977875693983034
0 0.30850855265293176 0.6596634130121831 0.04024456677218975 0.0431282387412331
0 0.1605016470052286 0.8505516239940949 0.04341503087881229 0.04489099784053163
0 0.39745607772575636 0.8845213155407918 0.04346049498543501 0.046453497840531634
0 0.19514943164496473 0.8433794740863799 0.04346049498543501 0.046453497840531634
0 0.13458766785491108 0.7189616625507579 0.04341503087881229 0.04489099784053181
0 0.25903007521847393 0.8537347856220021 0.04180706677218975 0.04322836829088246
0 0.5190248523363626 0.7952561613141402 0.04810253087881229 0.04519138648947969
0 0.17282711691783897 0.5883520126430429 0.04180706677218975 0.04322836829088246
0 0.4466831879131708 0.9142879611295701 0.04506845909205772 0.048116127390180986
0 0.1220756444979461 0.826173385252862 0.041852530878812466 0.044790868290882455
0 0.18396789073702244 0.7972659376891855 0.04502299498543501 0.046553627390180985
0 0.3081950009244368 0.8318388016611312 0.04350595909205772 0.04801599784053181
0 0.33201293415224703 0.8740658744555203 0.04346049498543501 0.046453497840531634
0 0.3137295985754389 0.7492265607604297 0.04024456677218975 0.0431282387412331
0 0.2532059725529069 0.8924968969730542 0.04350595909205772 0.04801599784053181
0 0.25405776722177287 0.970822156072353 0.04663095909205772 0.04821625693983052
0 0.19669051425227196 0.6290165854374321 0.04341503087881229 0.04489099784053163
0 0.0234375 0.4875 0.046875 0.015625
0 0.36251878807145543 0.8478433358988575 0.04346049498543501 0.046453497840531634
0 0.3043592955933027 0.9098636721114819 0.04350595909205772 0.048015997840531635
0 0.4836663623654925 0.8806534407715045 0.046585494985435 0.04665375693983016
0 0.518541467538342 0.8656687908637896 0.04502299498543501 0.046553627390180985
0 0.4437687880714554 0.853050072480622 0.04506845909205772 0.048116127390180986
0 0.14424747585161218 0.6021746807493551 0.041897994985435005 0.046353368290882456
0 0.2659954775674718 0.937148062919898 0.04346049498543501 0.04645349784053181
0 0.2239898339939625 0.9281945650793665 0.04350595909205772 0.048015997840531635
0 0.20657031644298537 0.773667751384276 0.041897994985435005 0.04635336829088228
0 0.4117626186336986 0.930835111037285 0.04502299498543501 0.046553627390181165
0 0.18300112114098113 0.9380911967884842 0.04029003087881229 0.0446907387412331
0 0.3479729032734348 0.9173547995016629 0.04346049498543501 0.046453497840531634
0 0.32031926471449046 0.9531525971576243 0.04502299498543501 0.046553627390181165
0 0.7894235835317441 0.5729272717423417 0.03215928213245363 0.033252590992986344
0 0.780077327263538 0.5175388648947964 0.03215928213245363 0.03325259099298643
0 0.8728893013992906 0.6095842674234049 0.03211381802583091 0.03169009099298634
0 0.8247700501456492 0.5955427513842759 0.030596782132453627 0.03315246144333717
0 0.8895479524946472 0.6826608220191968 0.03215928213245363 0.033252590992986344
0 0.7653041219324039 0.5948628284976017 0.03215928213245363 0.033252590992986344
0 0.853213298892008 0.5864075832779637 0.030551318025830908 0.03158996144333699
0 0.8558214733443297 0.5505702128276131 0.03215928213245363 0.033252590992986344
0 0.6475088681714802 0.5544404827242534 0.03372178213245362 0.033352720542635696
0 0.6961449449727998 0.6045196283130316 0.035329746239076344 0.03501535009228505