0 0.01640625 0.0578125 0.0328125 0.071875
0 0.030451969971523198 0.08534080004772501 0.0574227621748646 0.06784202800763595
0 0.21362693425770818 0.15623619740608757 0.04198867694751698 0.0785977146721816
0 0.29255077516709865 0.2009134454169052 0.0434966298696164 0.07549089600572714
0 0.123500766238645 0.2161373613939972 0.07118525324641087 0.05081816000954511
0 0.25000871916074435 0.22073504941117825 0.05435230925276535 0.07093066534054522
0 0.09796675243892725 0.06737259739017923 0.06808752678536116 0.05234429734245403
0 0.12941557549141028 0.14587940539463345 0.05435230925276535 0.07093066534054522
0 0.3515625 0.0203125 0.05625 0.040625
0 0.3203125 0.0109375 0.065625 0.021875
0 0.19141674351047352 0.08565097740290586 0.04341480925276535 0.07080339600572713
0 0.0125 0.02265625 0.025 0.0453125
0 0.20623144562179396 0.22178847207190575 0.04969208279171564 0.07243862133990878
0 0.08498373701765179 0.18443282805536104 0.07266593262955982 0.046148841343090476
0 0.28598494967898375 0.03986685741563249 0.07102161201270878 0.04144316000954511
0 0.14954506899858852 0.2461339440642698 0.06509889448011297 0.0601204346753633
0 0.09916323945328376 0.26742714139081547 0.06378185633066594 0.07416475334181775
0 0.30773149026406266 0.1370145774188143 0.05281708279171564 0.07247498400699967
0 0.1234375 0.01796875 0.028125 0.0359375
0 0.24730073052483004 0.2863418680776328 0.0497466298696164 0.07556362133990877
0 0.039262133933396635 0.20734306938254318 0.05753185633066593 0.07409202800763595
0 0.30398710714803545 0.2619963960852688 0.06364548863591431 0.06635225334181775
0 0.36472578409555245 0.1845622867599957 0.07282957386326191 0.05552384134309048
0 0.3104122053610266 0.07297025875235974 0.06674321509696401 0.06482611600890884
0 0.3977758376662749 0.08180091343090456 0.037246629869616396 0.07541817067154533
0 0.056457542213227276 0.2966237453850885 0.04516822402541774 0.08175907733927232
0 0.059375 0.01953125 0.05625 0.0390625
0 0.0859375 0.02734375 0.046875 0.0546875
0 0.0109375 0.2125 0.021875 0.046875
0 0.16575072159637633 0.3025839387332697 0.057450035713814886 0.06940452800763594
0 0.3015625 0.325 0.059375 0.06875
0 0.3836200600701348 0.2660486440960865 0.04977390340856651 0.07712612133990895
0 0.3888996696472116 0.1426475067631774 0.05128185633066593 0.07401930267345413
0 0.0125 0.1390625 0.025 0.071875
0 0.246875 0.0125 0.06875 0.025
0 0.3671875 0.32890625 0.065625 0.0609375
0 0.01328125 0.2953125 0.0265625 0.08125
0 0.178125 0.00859375 0.071875 0.0171875
0 0.06529852841350961 0.14825897071927036 0.07724433847375849 0.03995338534372692
0 0.07064059334831777 0.11081351471990661 0.07422843262955992 0.04616702267663584
0 0.33943368344692926 0.29053956675681397 0.04352390340856651 0.07705339600572714
0 0.24731218750411915 0.1066180054105419 0.07401024431795715 0.033667022676635835
0 0.20352345698587965 0.2873952907383604 0.05753185633066593 0.07409202800763595
0 0.39296875 0.021875 0.0453125 0.04375
0 0.17281101948505578 0.16670098273390596 0.0403716298696164 0.07545453333863605
0 0.3635917524389273 0.07046342409290478 0.04190685633066593 0.07391021467218159
0 0.24325197889997696 0.07062596140990554 0.06951365909060954 0.044549978675999566
0 0.11065411851212117 0.3253850920591791 0.07891593262955983 0.046221566677272105
0 0.2126292702958347 0.034324834738996654 0.06789661201270895 0.041406797342454026
0 0.1458042345820198 0.102311218730088 0.06200116801906326 0.06164657200827239
0 0.34385990503671504 0.12649524809035953 0.05591480925276535 0.0709488466740904
0 0.2542246607187579 0.15827141207826917 0.045031856330665934 0.07394657733927232
0 0.3485007662386449 0.21875547342454124 0.0787522913958579 0.036846566677272284
0 0.15470767614003336 0.039902125397815166 0.0388091298696164 0.07543635200509051
0 0.23546320373946877 0.33777709874281464 0.07716251785690745 0.03526588534372692
0 0.4234375 0.98125 0.053125 0.0375
0 0.49765625 0.9875 0.0734375 0.025
0 0.4212133376662749 0.8379043680776327 0.06504434740221221 0.0569954346753633
0 0.5095042702958347 0.7936100227561778 0.048075035713814884 0.06929544000636341
0 0.5091418060096498 0.7248418414226323 0.06965002678536117 0.052362478675999566
0 0.4655985373419633 0.8915566267504508 0.06808752678536116 0.05234429734245403
0 0.376707586855496 0.9702259720719058 0.07113070616851011 0.04769316000954511
0 0.3328125 0.9859375 0.05625 0.028125
0 0.35896670779665857 0.9121952960693605 0.055860262174864596 0.0678238466740904
0 0.3465133465947286 0.8198441640674513 0.05583298863591431 0.06626134667409059
0 0.3054326047124034 0.9350146307288153 0.06518071509696384 0.0648079346753633
0 0.2810871696472116 0.8972237293920882 0.06822389448011297 0.0601567973424542
0 0.07549173458201981 0.8573237933640895 0.07274775324641088 0.05083634134309047
0 0.12762697889997693 0.8251112773710891 0.051254582791715644 0.07245680267345414
0 0.16006555763450278 0.9364487667090889 0.07433752678536125 0.05241702267663584
0 0.07164180600964971 0.7197510680299077 0.05287162986961631 0.07559998400699967
0 0.2502929115295368 0.7812169213876339 0.07581820616851012 0.04774770401018138
0 0.2633462905883742 0.839193053389543 0.07126707386326192 0.05550566000954511
0 0.0656451761400334 0.7946965240292714 0.06830571509696393 0.06484429734245403
0 0.09605324513203133 0.574693106699544 0.07748980032431155 0.05401588534372683
0 0.17765425243892724 0.8241305800445435 0.05432503571381488 0.06936816534054505
0 0.17074177922428851 0.7724771733768161 0.07433752678536117 0.05241702267663584
0 0.060314568184514306 0.6524181173615442 0.0683329886359143 0.06640679734245421
0 0.19520421672511232 0.8930987560470888 0.06825116801906325 0.06171929734245403
0 0.23163264042621848 0.8653919267186339 0.06973184740221221 0.05704997867599957
0 0.028644008120970142 0.8552158533577263 0.038836403408566686 0.07699885200509068
0 0.2494588888013653 0.649930558720543 0.05278980925276535 0.07091248400699968
0 0.15896234821628638 0.5519828600413617 0.06372730925276535 0.07103975334181775
0 0.22336439854389326 0.9809442013844523 0.08179547077900677 0.03219542934436319
0 0.6859375 0.828125 0.0125 0.021875
0 0.7147996964325729 0.8952259720719058 0.02384660308425506 0.023710220003181702