0 0.29845904052775935 0.02378437220695977 0.027726893713693725 0.026237168320799586
0 0.303125 0.31875 0.03125 0.03125
0 0.4171578064484128 0.4161815798171736 0.031070217535011314 0.031070217535011223
0 0.46316381926869443 0.46665676881613755 0.03099744292790536 0.029507717535011226
0 0.48728621587787224 0.3820292117440431 0.03099744292790536 0.029507717535011226
0 0.542016565339753 0.48592049917143054 0.031070217535011314 0.031070217535011223
0 0.4351501352321291 0.5012115512811264 0.031070217535011223 0.031070217535011223
0 0.01484375 0.64453125 0.0296875 0.0484375
0 0.30546875 0.9671875 0.0265625 0.046875
0 0.01328125 0.69765625 0.0265625 0.0484375
0 0.2524144863511489 0.7126886302697304 0.04905823821317572 0.04905823821317572
0 0.30078125 0.70234375 0.0359375 0.0484375
0 0.12488029941909948 0.8533050140586266 0.047350188998963996 0.04586046360606986
0 0.20143849131354763 0.7898290190210254 0.04749573821317572 0.048985463606069854
0 0.009375 0.87421875 0.01875 0.0453125
0 0.00859375 0.92109375 0.0171875 0.0453125
0 0.4561774569865321 0.7041610769216895 0.01955052067816441 0.01806079528527036
0 0.5026885839510028 0.6985318151348652 0.017915246071058634 0.01642552067816432
0 0.49178962530733167 0.7323246182780183 0.019550520678164495 0.01806079528527036
0 0.44458929362813127 0.7566311054577367 0.01962329528527036 0.01962329528527036
0 0.4239856951997078 0.7494350355653607 0.017988020678164407 0.017988020678164317
0 0.472859842842343 0.7610660483856423 0.019550520678164495 0.01806079528527036
0 0.475509653843379 0.7175343722069598 0.01955052067816441 0.01806079528527036
0 0.4973504205926019 0.751292942099336 0.017915246071058634 0.016425520678164496
0 0.4446963014860141 0.7254538800648426 0.017988020678164407 0.017988020678164317
0 0.46722627294996677 0.7405352245643246 0.01955052067816441 0.01806079528527036