0 0.4546875 0.584375 0.021875 0.021875
0 0.425 0.5640625 0.021875 0.021875
0 0.5203125 0.60625 0.0203125 0.0203125
0 0.425 0.5875 0.021875 0.021875
0 0.5953125 0.5765625 0.021875 0.021875
0 0.5671875 0.58125 0.021875 0.021875
0 0.571875 0.6546875 0.021875 0.021875
0 0.4703125 0.6015625 0.0203125 0.021875
0 0.4390625 0.6265625 0.021875 0.021875
0 0.496875 0.6046875 0.0203125 0.021875
0 0.484375 0.5796875 0.0203125 0.0203125
0 0.5296875 0.5859375 0.0203125 0.0203125
0 0.4453125 0.603125 0.021875 0.021875
0 0.525 0.55625 0.0203125 0.0203125
0 0.5546875 0.5140625 0.0203125 0.021875
0 0.5 0.5640625 0.0203125 0.0203125
0 0.565625 0.5578125 0.021875 0.0203125
0 0.475 0.55625 0.0203125 0.0203125
0 0.540625 0.615625 0.021875 0.021875
0 0.4015625 0.5578125 0.021875 0.021875
0 0.6015625 0.534375 0.021875 0.0203125
0 0.575 0.5171875 0.0203125 0.0203125
0 0.440625 0.525 0.021875 0.021875
0 0.44375 0.546875 0.021875 0.0203125
0 0.54375 0.5453125 0.0203125 0.0203125
0 0.3984375 0.534375 0.021875 0.021875
0 0.41875 0.528125 0.0203125 0.021875
0 0.3953125 0.6171875 0.021875 0.021875