0 0.24598875126050768 0.29879050724768796 0.039903734160558105 0.037436098183228864
0 0.2769109693295225 0.2915520920949972 0.03165419158591121 0.030548369395056164
0 0.21619199061684605 0.2996513766427441 0.03176345222957302 0.03211086939505616
0 0.2866901609154338 0.3190393633068246 0.03332595222957302 0.0322384151526907
0 0.22215776735205103 0.34002128512747504 0.03332595222957302 0.0322384151526907
0 0.25609572477740417 0.3309652784595153 0.03332595222957302 0.0322384151526907
0 0.2727804802252859 0.36731736664080444 0.03332595222957302 0.0322384151526907
0 0.29609375 0.38828125 0.0359375 0.0234375
0 0.14631653319149293 0.3116409357362982 0.03165419158591121 0.030548369395056164
0 0.42761009185768317 0.3342502908773509 0.03488845222957302 0.032365960910325245
0 0.31085963443233017 0.35006622269994103 0.03332595222957302 0.0322384151526907
0 0.14872026735205104 0.3460159357362982 0.03332595222957302 0.03223841515269079
0 0.18687583121402157 0.35232983755306935 0.03332595222957302 0.0322384151526907
0 0.3285827299731842 0.2889055820930576 0.03321669158591121 0.030675915152690792
0 0.10420544284641897 0.3386497169500652 0.03176345222957302 0.03211086939505616
0 0.4421860440872562 0.36291742481627465 0.03488845222957302 0.032365960910325245
0 0.49503752849991595 0.648056409982543 0.07827781930985207 0.05299719636645772
0 0.3718621084534297 0.7068251163509404 0.055353771539425 0.08064396424430527
0 0.3018559750295057 0.5821119008986873 0.059822750252101556 0.07790160151720862
0 0.38778276735205114 0.5075267469558842 0.07435514381548422 0.0635520590935541
0 0.42198280473091804 0.5471633318031934 0.058260250252101645 0.07777405575957416
0 0.4998892834435945 0.5376610439214666 0.04743201089576328 0.07844373545613248
0 0.46115456537457966 0.5455371878623301 0.05357275025210164 0.07739141848667064
0 0.4401743379224109 0.9196760605913662 0.06930701089576327 0.08022937606301603
0 0.47470288518863485 0.7392871878623302 0.06854218639013113 0.06929187606301604
0 0.36224717181119703 0.5693251163509403 0.059822750252101556 0.07790160151720879
0 0.50546875 0.68125 0.0671875 0.05625
0 0.52109375 0.73828125 0.0359375 0.0765625
0 0.45258794854640216 0.6028075539234063 0.07795003737886681 0.048309696366457724
0 0.42663672578581036 0.7934961978642697 0.06294775025210164 0.07815669303247788
0 0.39405418270696035 0.6421568384711532 0.079403276735205 0.04687474212409217
0 0.41194080523512105 0.6956964266524425 0.06283848960843982 0.07659419303247787
0 0.3245936245449731 0.7499690805952455 0.08510697351689647 0.03957242515463033
0 0.6072097465689307 0.7134580114997517 0.04848105866619044 0.04901132697140156
0 0.5625 0.66640625 0.046875 0.0484375
0 0.6216550227999328 0.6054223708928682 0.048371798022528625 0.047448826971401556
0 0.5484375 0.45 0.01875 0.05
0 0.6545989267548755 0.5147337269520048 0.046918558666190435 0.04888378121376693
0 0.6548931297407532 0.7661367302859847 0.048481058666190256 0.04901132697140156
0 0.6425581126408036 0.432431409982543 0.046918558666190255 0.04888378121376693
0 0.5453125 0.51953125 0.0125 0.0484375
0 0.54921875 0.87578125 0.0203125 0.0515625