0 0.27890625 0.26328125 0.0609375 0.0515625
0 0.290625 0.32421875 0.0375 0.0296875
0 0.27734375 0.29921875 0.0640625 0.0328125
0 0.18989592380952486 0.3018799254130779 0.0483559592838688 0.07340278366526398
0 0.240625 0.3234375 0.06875 0.03125
0 0.23214398056478505 0.27691464174781394 0.05088018198597286 0.0641369110699257
0 0.07061950184570129 0.6764185900263826 0.03395349784053163 0.04327877404661713
0 0.23512448796604063 0.5798461464723194 0.03804022054263569 0.03406746515360961
0 0.09539825878553163 0.7209671981937507 0.030928627390180985 0.04473214664195542
0 0.11269067858988677 0.47763386044480266 0.030728368290882456 0.04160714664195524
0 0.19289502004429854 0.6784126212445759 0.03521560919158375 0.0386458377489479
0 0.1669123133813235 0.7372618315888622 0.030928627390181162 0.04473214664195542
0 0.2325397085086764 0.6128223375793119 0.03804022054263569 0.03406746515360961
0 0.24219650832410622 0.5435812642583342 0.030528109191583754 0.038482146641955414
0 0.22098044724990942 0.6523759109002897 0.04398983189368781 0.029598219962933037
0 0.22991775138427598 0.49859614647231937 0.041165220542635696 0.034176592558271324
0 0.17915389265411755 0.635044567160892 0.03385336829088246 0.04171627404661713
0 0.2005911967884842 0.4808282931142747 0.03229086829088246 0.04166171034428636
0 0.1321367951827262 0.7322122330401409 0.029466256939830338 0.04624008293962447
0 0.21451399444444563 0.4537201560909662 0.0366779796419344 0.03713790145127884
0 0.12451075570321261 0.4177132234214941 0.032190738741233106 0.04009921034428636
0 0.13752759715762436 0.6208382234214941 0.0398029796419344 0.037247028855940556
0 0.16737578346253387 0.597871949374877 0.041165220542635696 0.034176592558271324
0 0.18186218074935515 0.4329364301375834 0.04232720234403846 0.02798115626060227
0 0.14920797192691176 0.5343005226958548 0.04388970234403846 0.028035719962933213
0 0.07460849012550899 0.5431695804077359 0.03229086829088246 0.04166171034428636
0 0.14602002004429854 0.6800495323145016 0.04262759099298634 0.03266865626060209
0 0.1857462492248077 0.542420557542245 0.03365310919158375 0.03859127404661713
0 0.2083989065337782 0.7248511116259291 0.04242733189368782 0.02954365626060227
0 0.20193245372831442 0.5261953568166057 0.03521560919158375 0.0386458377489479
0 0.1101688510151357 0.3649701693378101 0.03940246144333699 0.030997028855940557
0 0.07641321714654978 0.4491467618960815 0.039602720542635694 0.03412202885594055
0 0.14732649444444562 0.4560663952911931 0.04378957279438911 0.026473219962933215
0 0.08011801048357459 0.5069592618960815 0.041165220542635696 0.034176592558271324
0 0.09664657155777139 0.39832830636111866 0.030628238741233105 0.040044646641955416
0 0.1570834238095248 0.3883878219702154 0.032090609191583755 0.038536710344286185
0 0.26219003084164016 0.46458324502104065 0.03501535009228505 0.035520837748947896
0 0.23671036705426474 0.40909713685367255 0.027503238741233105 0.0399355192372937
0 0.4715836196751583 0.776096186212851 0.059293459283868796 0.07378472958158007
0 0.5010126989479524 0.6732787210592415 0.07790375693983034 0.04793155771188111
0 0.4982858220191968 0.8017856669755574 0.060555570634920744 0.06915179328391083
0 0.5052253254152828 0.37246026552427863 0.07205427513842758 0.053963302902557686
0 0.40151334669619904 0.6845832980084162 0.07013082973421944 0.07260417549789597
0 0.6870665222037668 0.8640971501005165 0.04563147748246603 0.07954365626060209
0 0.7695576495939479 0.9050644012816427 0.0469937183831675 0.07647321996293303
0 0.6019090746400904 0.9281447811333752 0.07351664558877821 0.052455366604888455
0 0.7286718337393892 0.9268501212445759 0.057630829734219444 0.07216766587924912
0 0.43312429210040715 0.6646874602594682 0.06504281153562222 0.0661904843909035
0 0.5577237739018098 0.6540723640729997 0.043768588833518154 0.07480159255827132
0 0.5047036937061652 0.41319439292894033 0.07896560919158366 0.04017362141421192
0 0.5164188510151357 0.5960068929289404 0.06650518198597286 0.06468254809323426
0 0.6769792119047624 0.4134423856725462 0.07517927513842756 0.05407243030721935
0 0.7758939805647851 0.5885118183420183 0.06912953423772628 0.056979175497895974
0 0.5600687214654864 0.5929166092636764 0.06504281153562204 0.0661904843909034
0 0.5642717674234049 0.7806894277753307 0.07049177513842757 0.05390873920022674
0 0.6904361443521606 0.647871949374877 0.05118057063492074 0.06882441106992569
0 0.602090744905871 0.8576685900263825 0.057630829734219444 0.07216766587924912
0 0.588137954964932 0.3711308893007432 0.07497901603912886 0.050947430307219356
0 0.8133915854374321 0.709350107997732 0.05899307063492074 0.06909722958158007
0 0.7184424259689932 0.5717261116259291 0.05743057063492074 0.06904266587924912
0 0.4089625061646379 0.825262861710747 0.0724547933370249 0.060213302902557685
0 0.7810401603912895 0.6932538820443491 0.06973031153562222 0.06635417549789598
0 0.6591231924695474 0.7946031056354792 0.04669332973421945 0.07178571996293322
0 0.46066710363602936 0.7279315047245054 0.057630829734219444 0.07216766587924894
0 0.6850219632890384 0.9299404049098399 0.0530434592838688 0.07356647477225664
0 0.6535369216500565 0.6585564782308175 0.06338018198597287 0.06457342068857255
0 0.6030362739018098 0.652490016705405 0.061917811535622036 0.0660813569862416
0 0.5750161937061652 0.4107390263240518 0.07059190468807693 0.05547123920022683
0 0.5608439836471041 0.8982588736916466 0.07477875693983016 0.0478224303072194
0 0.7498693059800677 0.7444542834956279 0.07291586829088245 0.043080366604888454
0 0.6303740360834276 0.9569046981937508 0.06786742288667433 0.06161211179556503
0 0.39740564003322393 0.7426686165200704 0.0608559592838688 0.07383929328391084
0 0.58046875 0.97109375 0.0671875 0.0578125
0 0.7795148380583258 0.8405108279606651 0.0561684592838688 0.07367560217691818
0 0.5849661967884842 0.712628908538037 0.03283108883351815 0.07441964664195541
0 0.73125 0.9765625 0.053125 0.046875
0 0.5170334268918438 0.9232787210592415 0.06095608883351815 0.07540179328391083
0 0.7859627020302714 0.9655653916629958 0.06670544108527139 0.06780754809323426
0 0.7751139281284616 0.5274651909373566 0.0467934592838688 0.07334821996293313
0 0.6306210533591742 0.6186408063611187 0.07926599784053164 0.04486112141421197
0 0.5984327097452941 0.45846719819375065 0.07654151603912887 0.05100199400955017
0 0.4497763618124774 0.38692455880818943 0.059093200184570094 0.07065972958157998
0 0.8403312245478054 0.8853669709744235 0.07537953423772628 0.057197430307219396
0 0.7769720265227036 0.7763937642583343 0.06973031153562204 0.06635417549789598
0 0.8649726742709503 0.7811506969278064 0.0407437183831675 0.07625496515360979
0 0.6828868553340723 0.5056298856725462 0.045130829734219446 0.07173115626060227
0 0.540625 0.984375 0.05 0.03125
0 0.5181024645256561 0.5489682018219477 0.07467862739018098 0.0462599303072194
0 0.8054046005537103 0.41365566208141596 0.06806768198597286 0.06473711179556507
0 0.521204085437432 0.719553520333602 0.059093200184570094 0.07065972958158007
0 0.7187218306570701 0.6249602390305908 0.06474242288667416 0.06150298439090331
0 0.7210086165928393 0.46514872941194396 0.0561684592838688 0.07367560217691818
0 0.5486677513842759 0.7326884373939775 0.05001858883351815 0.07501984736759475
0 0.4643089450904411 0.9313838869384906 0.07644138648947969 0.04943949400955035
0 0.7564850416389819 0.4811358279606651 0.0577309592838688 0.07373016587924912
0 0.65078125 0.98828125 0.0609375 0.0234375
0 0.6311636690291629 0.5293600515517952 0.07235466378737562 0.05865080290255768
0 0.7737097193060181 0.6277380094490108 0.06766716378737563 0.058487111795565025
0 0.5632752621816176 0.5207687907520221 0.07634125693983033 0.047876994009550165
0 0.4545196283130316 0.6075644410221746 0.07507914558877822 0.0525099303072194
0 0.4580685255998529 0.4430108677011969 0.07926599784053164 0.04486112141421197
0 0.4210805767995588 0.8921775431990928 0.07139294108527147 0.06797123920022692
0 0.865625 0.96328125 0.053125 0.0734375
0 0.5303440437984502 0.4467509373939775 0.07790375693983034 0.04793155771188111
0 0.8610652267072737 0.8423610154394605 0.05470608883351815 0.0751835384745874
0 0.472102856256923 0.8575098773198437 0.0561684592838688 0.07367560217691818
0 0.7495551187523077 0.4218699553653268 0.07507914558877822 0.0525099303072194
0 0.6624766209117761 0.38262889529119304 0.07644138648947951 0.04943949400955026
0 0.7084036967884841 0.7083183760538994 0.07175388648947952 0.04927580290255769
0 0.4135756508305656 0.5306944061757842 0.07109255243632351 0.06328373920022674
0 0.4953125 0.9859375 0.0375 0.028125
0 0.6773167782207465 0.5653322678865313 0.051480959283868796 0.07351191106992569
0 0.7388388618124774 0.3768302738769811 0.07381703423772627 0.0571428666048885
0 0.6393533081395362 0.706031678956457 0.07311612739018099 0.046205366604888456
0 0.5382285040051696 0.8630307018219477 0.0790657387412331 0.04173612141421188
0 0.5405128948135859 0.8253670107149553 0.07634125693983033 0.047876994009550165
0 0.6472683328165385 0.5851735419331485 0.06640505243632351 0.06312004809323427
0 0.5562847825396833 0.48499498185901463 0.07780362739018098 0.046369057711881115
0 0.39464398056478506 0.6018253617107471 0.03928134793281668 0.07776290145127884
0 0.8234375 0.9765625 0.046875 0.046875
0 0.7166748766149886 0.8129513123515684 0.07554022054263569 0.03537699400955034
0 0.8369154164082693 0.392197324332468 0.06211807063492074 0.0692063569862417
0 0.7314640576781108 0.5305554746026205 0.0546059592838688 0.07362103847458741
0 0.627780248301957 0.4276884241471336 0.051581088833518154 0.0750744110699257
0 0.8351502621816176 0.5112747065464531 0.0775032387412331 0.04168155771188111
0 0.68671875 0.97890625 0.0609375 0.0421875
0 0.8556792149870814 0.7094393880347989 0.04825582973421945 0.07184028366526399
0 0.4046875 0.96640625 0.075 0.0671875
0 0.6471424290513121 0.8764533063611187 0.043868718383167506 0.07636409255827133
0 0.8009965052417873 0.4670534805930703 0.04543121838316751 0.07641865626060226
0 0.8298967674234049 0.7714135983790851 0.04533108883351815 0.07485615626060227
0 0.7096843969730543 0.7771775034585611 0.07155362739018098 0.046150802902557686
0 0.47503478253968323 0.4878322943802192 0.07507914558877822 0.0525099303072194
0 0.5898167782207466 0.5683878352170593 0.0648425524363235 0.06306548439090331
0 0.6761314173311199 0.7423312775051782 0.06979086829088246 0.04297123920022692
0 0.8356089420081222 0.6161804613557765 0.07760336829088246 0.04324405771188111
0 0.8342281122739028 0.5457588339511148 0.07533996144333717 0.032251994009550165
0 0.4012783050572172 0.41210809728277675 0.051781347932816676 0.07819941106992565
0 0.61491211751569 0.8133729530030742 0.0648425524363235 0.0630654843909035
0 0.8458083574935408 0.4576586332254754 0.0544057001845701 0.07049603847458741
0 0.8344679441675904 0.5739383976534457 0.0771027205426357 0.03543155771188111
0 0.4471286304725 0.5655406321291672 0.07527940468807692 0.0556349303072194
0 0.8147514312107805 0.8283183628070555 0.059193329734219445 0.07222222958158006
0 0.48671276218161763 0.523442412166234 0.07906573874123293 0.04173612141421188
0 0.410271375692138 0.4791319061757842 0.07381703423772627 0.05714286660488845
0 0.7468258466961991 0.6725247197932971 0.07029151603912887 0.05078373920022674
0 0.7277916517534162 0.8642409938399143 0.04845608883351815 0.07496528366526398
0 0.8269090746400904 0.9202876079977319 0.0804279796419344 0.03866568511654282
0 0.8365496807493551 0.6552975250581075 0.07467862739018098 0.04625993030721922
0 0.6273983189368778 0.4950396152541261 0.07517927513842756 0.0540724303072194
0 0.6187194355297171 0.7506001344914198 0.042306218383167504 0.07630952885594056
0 0.6823070619970475 0.4477082582678845 0.06474242288667434 0.061502984390903404
0 0.48464721930601806 0.6378322943802192 0.07936612739018098 0.04642362141421188