0 0.4796875 0.0203125 0.071875 0.040625
0 0.6102690661607106 0.18511977719341638 0.060486513840164416 0.07000576929603178
0 0.4668612588600675 0.05043435602792905 0.0649193458553869 0.06411096680652095
0 0.34140625 0.159375 0.0453125 0.046875
0 0.35 0.125 0.0625 0.053125
0 0.56796875 0.01875 0.0484375 0.0375
0 0.4289155898867068 0.0585302759440165 0.07234984387822045 0.055327962657336104
0 0.6188694278334282 0.050981575533742385 0.06204901384016441 0.07012416846619489
0 0.6476655898867067 0.07510615976683983 0.06947951186299814 0.06134116431700996
0 0.6815949209133461 0.08864844151042632 0.05729784684397003 0.0682064709557059
0 0.35885775787148433 0.04695231328668044 0.07828150889724857 0.04798905933798814
0 0.34375 0.23515625 0.05 0.0609375
0 0.5056797252482396 0.2132429319626567 0.04342634783255335 0.07182837842423861
0 0.3828497203053237 0.22744529668994087 0.049867348821136484 0.07698947510489074
0 0.3884975424347144 0.28116229254075603 0.05905134783255317 0.07301237012586874
0 0.515651585932374 0.0839106294731458 0.0737850098858317 0.052321361827499045
0 0.59609375 0.0265625 0.0578125 0.053125
0 0.597318080000875 0.11831078549178606 0.043617348821136305 0.07651587842423861
0 0.5018252133852414 0.2693745327924937 0.07215884288963732 0.050640462657336016
0 0.4671875 0.32109375 0.075 0.0359375
0 0.5024857410655704 0.1377693352820047 0.04211851581733086 0.07795997925407558
0 0.4509975424347144 0.28589825934727686 0.07353034190105419 0.04607136182749905
0 0.4125 0.02109375 0.078125 0.0421875
0 0.665625 0.03046875 0.06875 0.0609375
0 0.51953125 0.3140625 0.0734375 0.05
0 0.703125 0.0328125 0.059375 0.065625
0 0.403125 0.3125 0.053125 0.053125
0 0.676785404107432 0.1682175423402633 0.07834517589344295 0.04955155933798814
0 0.38377023315690495 0.16638939751977783 0.052928681824942016 0.0756637734452168
0 0.525 0.01796875 0.05 0.0359375
0 0.5671318784042695 0.28215979793934076 0.07266817885919252 0.06314046265733601
0 0.46221356813787695 0.16449685602792902 0.06791701186299814 0.06122276514684692
0 0.46505472524823954 0.2101645535384181 0.05267401384016459 0.06941377344521679
0 0.6890599110275143 0.1362338365314045 0.07659167490485981 0.04474566016782511
0 0.46750324600848625 0.11160865436825507 0.0419911818249421 0.07483497925407559
0 0.5629775720922096 0.1533244029183626 0.04368101581733086 0.07807837842423862
0 0.6352743833471854 0.2638134622563507 0.07515650889724856 0.047752260997662076
0 0.6296875 0.30859375 0.059375 0.0609375
0 0.74375 0.0328125 0.040625 0.065625
0 0.5423175622063778 0.19877861287640625 0.06029551285158128 0.06531826929603177
0 0.4323403843357686 0.24373407013515766 0.07522017589344294 0.04931476099766208
0 0.34375 0.27578125 0.05 0.0515625
0 0.7237824209133461 0.09184521910482797 0.04642401384016441 0.06894017676456468
0 0.33828125 0.203125 0.0390625 0.05625
0 0.3515625 0.01015625 0.065625 0.0203125
0 0.5689675869209573 0.08324870125868866 0.04349001482874755 0.07339087842423861
0 0.6328735780237087 0.1304089664055356 0.054363847832553346 0.07265717261537966
0 0.35078125 0.31484375 0.0609375 0.0484375
0 0.42388589718734987 0.18196777594401645 0.045116181824941926 0.07507177759440165
0 0.5279897598486507 0.05036442366428702 0.07333934091247088 0.04138386182749905
0 0.3927579139932638 0.09967549420042995 0.04830484882113639 0.07687107593472771
0 0.6680178991645163 0.19106304648944822 0.0769100098858317 0.05255816016782511
0 0.6508648912558508 0.227379054787818 0.07359400889724857 0.04763386182749905
0 0.35 0.0828125 0.0625 0.046875
0 0.5339904090503479 0.1338873186852651 0.0326798488211363 0.0756870842330974
0 0.58203125 0.30703125 0.0640625 0.0640625
0 0.5512813853243518 0.24804490706754745 0.07365767589344294 0.04919636182749905
0 0.4266872450199031 0.11321777594401645 0.0482411818249421 0.0753085759347277
0 0.593243392244434 0.21831078549178606 0.05567167984777566 0.06652557178554268
0 0.05120708395520772 0.5148017415011376 0.06195085475263547 0.10594326929603196
0 0.10386787444993684 0.7225443091374955 0.10031301779449713 0.09171574855010753
0 0.04453125 0.60078125 0.0890625 0.0953125
0 0.0484375 0.6734375 0.096875 0.084375
0 0.01796875 0.90625 0.0359375 0.10625
0 0.18828125 0.96796875 0.1109375 0.0640625
0 0.18905200486855378 0.9014048601771139 0.10362901878308026 0.0966400468904336
0 0.04755952464021727 0.7966437373519527 0.07601335475263546 0.10700886182749905
0 0.01171875 0.76171875 0.0234375 0.1046875
0 0.0390625 0.85546875 0.078125 0.0890625
0 0.08538849399413886 0.9452714141165174 0.10229201186299805 0.0638275468904336
0 0.5915959565023403 0.5446327966899409 0.047222509885831696 0.050308575934727706
0 0.5783027776431479 0.6016165024987996 0.047222509885831696 0.050308575934727706
0 0.3793957509514021 0.7134975053985848 0.05034750988583174 0.05054537427505359
0 0.488383431787761 0.6543611489696703 0.0503475098858317 0.05054537427505377
0 0.571514266768733 0.6528238049883106 0.0487850098858317 0.050426975104890734
0 0.52546693771926 0.62895932988342 0.047222509885831786 0.050308575934727706
0 0.33515625 0.68828125 0.0328125 0.0515625
0 0.7473021284414505 0.5313543145360803 0.0487850098858317 0.050426975104890734
0 0.340625 0.734375 0.04375 0.05
0 0.4444477479856526 0.7325327705454316 0.0503475098858317 0.05054537427505377
0 0.6437367766545646 0.6112767676456468 0.04872134288963732 0.04886447510489074
0 0.5419487835746468 0.5706499224148871 0.047286176882026076 0.05187107593472771
0 0.37865560471545445 0.6162673078880957 0.05034750988583174 0.05054537427505377
0 0.33828125 0.59609375 0.0390625 0.0515625
0 0.3766182608372339 0.6662673078880956 0.05028384288963732 0.04898287427505377
0 0.328125 0.54453125 0.01875 0.0515625
0 0.33828125 0.46171875 0.0390625 0.0546875
0 0.48417077566598155 0.6038875522890182 0.04715884288963732 0.048746075934727705
0 0.4397841057040376 0.6161973755244536 0.04878500988583179 0.050426975104890734
0 0.42543776281440027 0.6605626821631494 0.05028384288963732 0.04898287427505377
0 0.44098846144525616 0.5097105771841275 0.0487850098858317 0.050426975104890734
0 0.44520111756703573 0.5601841738647797 0.04884867688202617 0.051989475104890735
0 0.38081496539958887 0.4863430095477696 0.05034750988583174 0.05054537427505377
0 0.4853751314072001 0.4974007539486922 0.04884867688202608 0.051989475104890735
0 0.3591999505708413 0.5552347195058134 0.05041117688202616 0.05210787427505377
0 0.5300509614452562 0.5164593298834199 0.04884867688202608 0.051989475104890735
0 0.4134019723196711 0.45589849295103 0.05041117688202612 0.05210787427505377
0 0.3994084565023403 0.530069698759889 0.05041117688202616 0.05210787427505377
0 0.49402061954420196 0.5544795481398334 0.04884867688202617 0.051989475104890735
0 0.4053109466165086 0.5775366946107041 0.04884867688202617 0.051989475104890735
0 0.34296875 0.5109375 0.0484375 0.05
0 0.3359375 0.64296875 0.034375 0.0515625