0 0.07128441852568734 0.3480147528425975 0.03263271753501122 0.03150760523343692
0 0.025971918525687344 0.350653905431081 0.03263271753501131 0.03150760523343692
0 0.037602931345968926 0.39854537386104993 0.03263271753501131 0.03150760523343692
0 0.024152553348040916 0.311591405431081 0.030997442927905405 0.02985409997176518
0 0.09341197559778189 0.3185246739175197 0.03099744292790536 0.02985409997176518
0 0.10409691852568734 0.3461036423474885 0.03099744292790545 0.02985409997176518
0 0.29468337716935855 0.30053499516185117 0.030997442927905537 0.02985409997176518
0 0.0666012266312392 0.4156572791509566 0.032705492142117085 0.03307010523343692
0 0.13106183291754547 0.38683505816073904 0.032705492142117085 0.03307010523343692
0 0.09930241066780451 0.377717663394176 0.03263271753501122 0.03150760523343692
0 0.05002584863331121 0.32888532124433145 0.03099744292790545 0.02985409997176509
0 0.06656268527491038 0.38119127388928487 0.031070217535011223 0.03141659997176518
0 0.21048815963434722 0.27567077403045914 0.03099744292790536 0.02985409997176518
0 0.058972817201779826 0.45370331072098774 0.034267992142117086 0.033161110495108836
0 0.24032120884855895 0.27706667405869406 0.029434942927905362 0.029763094710093262
0 0.10467480727698235 0.29123413182414487 0.03099744292790545 0.02985409997176518
0 0.051695356491194035 0.29745331072098774 0.031070217535011223 0.03141659997176518
0 0.3886131596343471 0.2652961741998684 0.030997442927905537 0.02985409997176509
0 0.2712801104201355 0.268996568825257 0.029434942927905362 0.029763094710093262
0 0.30997873738460624 0.2589089372834608 0.02943494292790554 0.029763094710093262
0 0.07596761042013549 0.2803722265342382 0.03099744292790545 0.02985409997176509
0 0.03327068817039449 0.27189186859937814 0.031070217535011314 0.03141659997176518
0 0.15209346277750035 0.2665379687123176 0.03099744292790545 0.02985409997176518
0 0.057397392885124174 0.2516857844126285 0.029434942927905362 0.029763094710093262
0 0.13607035649119403 0.29253902659070796 0.03099744292790536 0.02985409997176518
0 0.18163541356328863 0.26168386874055244 0.02943494292790545 0.029763094710093262
0 0.11593763895618277 0.2639435897307701 0.02943494292790545 0.029763094710093262
0 0.0872304420993359 0.2530816844408634 0.029507717535011312 0.03132559471009326
0 0.48961500330525975 0.3519910793486007 0.01962329528527036 0.019842063140062295
0 0.635257143090012 0.38424359527479063 0.01962329528527036 0.019842063140062115
0 0.6699574747692123 0.35558797425633804 0.01806079528527036 0.0197510578783902
0 0.6737716794839421 0.33656495847132256 0.01806079528527036 0.019751057878390377
0 0.4978299176971179 0.39381455830191336 0.01962329528527036 0.019842063140062295
0 0.585766565339753 0.3980932636482898 0.01962329528527036 0.019842063140062295
0 0.7179968684829061 0.37785781640618266 0.019696069892376045 0.021404563140062293
0 0.5614215368037057 0.41361184783503935 0.01962329528527036 0.019842063140062295
0 0.5445251352321291 0.42086290571342977 0.01962329528527036 0.019842063140062295
0 0.4642554383752822 0.41300417405869394 0.019696069892376045 0.021404563140062293
0 0.6707965368037057 0.40724147951801 0.019696069892376045 0.021404563140062293
0 0.5334763192686944 0.3854714372834609 0.01962329528527036 0.019842063140062295
0 0.6191954954473768 0.37577864789150917 0.01962329528527036 0.019842063140062295
0 0.6651586588057776 0.3198324847796818 0.01962329528527036 0.019842063140062115
0 0.5683607415184355 0.39440682152668016 0.01962329528527036 0.019842063140062295
0 0.5154497572342012 0.33481898990017933 0.01962329528527036 0.019842063140062295
0 0.6198847001621065 0.3569376426298373 0.01806079528527036 0.019751057878390377
0 0.6424489048768363 0.3368225637047596 0.01962329528527036 0.019842063140062295
0 0.5113829954473769 0.38205801094686664 0.01962329528527036 0.019842063140062295
0 0.529478023983424 0.36690344780680456 0.01806079528527036 0.0197510578783902
0 0.6465884412707664 0.2911460426580721 0.01962329528527036 0.019842063140062295
0 0.5239900033052598 0.34998896359182013 0.01962329528527036 0.019842063140062295
0 0.599931765092084 0.29856370050822767 0.01806079528527036 0.0197510578783902
0 0.5939043970189534 0.3709847320782587 0.017988020678164317 0.018188557878390375
0 0.5579668970189534 0.37307785309671126 0.01806079528527036 0.0197510578783902
0 0.5289642936281312 0.2885964372834609 0.01962329528527036 0.019842063140062295
0 0.6380139619489308 0.30887957422810325 0.01806079528527036 0.019751057878390377
0 0.6152314334128836 0.3243071531531809 0.01962329528527036 0.019842063140062295
0 0.5375045396991899 0.3037664109751016 0.01962329528527036 0.019842063140062115
0 0.49458929362813125 0.29059855304024146 0.01962329528527036 0.019842063140062295
0 0.5439386302697304 0.3409933951900861 0.01962329528527036 0.019842063140062295
0 0.5765713478047416 0.368860789956649 0.01806079528527036 0.0197510578783902
0 0.5702828064484129 0.33475880574166456 0.01806079528527036 0.0197510578783902
0 0.5288572857702484 0.3199374425451326 0.01962329528527036 0.019842063140062295
0 0.5772562444139195 0.2826502741716335 0.01806079528527036 0.019751057878390377
0 0.5783478635205074 0.3060877741716335 0.01962329528527036 0.019842063140062115
0 0.6038230525194714 0.3484726952465557 0.01962329528527036 0.019842063140062295
0 0.5494608841986718 0.3250043741433986 0.01962329528527036 0.019842063140062295
0 0.6006595111631425 0.31418870050822767 0.01962329528527036 0.019842063140062295
0 0.5600002779123656 0.34945834257336755 0.01962329528527036 0.019842063140062115
0 0.599897531841307 0.33146720576989946 0.01962329528527036 0.019842063140062115
0 0.5864172286981539 0.3447862531249461 0.017988020678164317 0.018188557878390375
0 0.4344609305173995 0.44607427929213106 0.021258569892376133 0.021495568401734035
0 0.1421448821317572 0.9376570216113848 0.035976041356328814 0.03637711575678075
0 0.09679384077542838 0.9058301689381965 0.03434076674922295 0.03472361049510884
0 0.14821079156121666 0.8997019953030254 0.03434076674922295 0.03472361049510884
0 0.17630155831043962 0.930967405854604 0.03434076674922295 0.03472361049510884
0 0.20907982505966266 0.9619598006211671 0.03434076674922295 0.03472361049510884
0 0.12433233581302963 0.8243225637047595 0.03434076674922295 0.03472361049510884
0 0.0859633486333112 0.8751262005082276 0.034267992142117086 0.033161110495108836
0 0.08222622663123928 0.9630812268165869 0.03753854135632899 0.036468121018452496
0 0.01015625 0.903125 0.0203125 0.034375
0 0.8851671360606985 0.6011874425451327 0.057234611248705033 0.057872684158514785
0 0.7515625 0.9765625 0.065625 0.046875
0 0.8113315297743924 0.6305556951053815 0.057234611248705033 0.057872684158514785
0 0.7835833271265773 0.8421148213855059 0.06065070967712849 0.06430469468185826