0 0.5140625 0.7359375 0.0484375 0.05
0 0.3578125 0.8125 0.046875 0.0484375
0 0.6734375 0.8109375 0.046875 0.05
0 0.4859375 0.6453125 0.046875 0.046875
0 0.4125 0.8109375 0.0453125 0.0484375
0 0.5828125 0.8125 0.0453125 0.0484375
0 0.153125 0.653125 0.05 0.046875
0 0.25 0.4296875 0.046875 0.0453125
0 0.528125 0.4890625 0.0453125 0.04375
0 0.3265625 0.5359375 0.046875 0.046875
0 0.5390625 0.8140625 0.0453125 0.0484375
0 0.446875 0.7703125 0.0453125 0.046875
0 0.546875 0.76875 0.0453125 0.046875
0 0.6390625 0.775 0.0453125 0.046875
0 0.103125 0.3921875 0.05 0.046875
0 0.2578125 0.6078125 0.0484375 0.046875
0 0.4984375 0.79375 0.0453125 0.0484375
0 0.4578125 0.815625 0.0453125 0.0484375
0 0.59375 0.765625 0.04375 0.046875
0 0.3796875 0.5359375 0.046875 0.046875
0 0.628125 0.81875 0.046875 0.05
0 0.28125 0.46875 0.046875 0.046875
0 0.3203125 0.6515625 0.046875 0.046875