0 0.3299953224888198 0.359375 0.08730289406758578 0.13125
0 0.39609375 0.3984375 0.0859375 0.121875
0 0.36640625 0.44296875 0.1171875 0.0328125
0 0.4893046205113484 0.315625 0.12843063861970413 0.09375
0 0.23028952547469742 0.109375 0.08439641535490913 0.134375
0 0.3431394507169637 0.19375 0.09489687278026224 0.128125
0 0.250405647498655 0.2015625 0.11320983020561534 0.121875
0 0.43180846680850704 0.1546875 0.10685056956195353 0.1203125
0 0.471875 0.053125 0.084375 0.10625
0 0.20463468956909886 0.3421875 0.13221120248167448 0.103125
0 0.4204560675451412 0.25 0.12003898441265974 0.1078125
0 0.2609375 0.40859375 0.0875 0.1015625
0 0.9515753915465703 0.340625 0.05982275025210164 0.0734375
0 0.08456285416770344 0.965625 0.04524679802252853 0.04375