0 0.5921875 0.2796875 0.04375 0.0890625
0 0.5890625 0.4796875 0.078125 0.071875
0 0.48125 0.2609375 0.0765625 0.071875
0 0.5203125 0.34375 0.0859375 0.05
0 0.4421875 0.3375 0.071875 0.0765625
0 0.3390625 0.2171875 0.0890625 0.0484375
0 0.6359375 0.646875 0.0609375 0.0859375
0 0.65625 0.3078125 0.0828125 0.0640625
0 0.3953125 0.4890625 0.0703125 0.078125
0 0.484375 0.396875 0.0734375 0.0765625
0 0.565625 0.54375 0.08125 0.0640625
0 0.3859375 0.403125 0.071875 0.078125
0 0.56875 0.409375 0.084375 0.04375
0 0.6046875 0.3546875 0.0859375 0.0453125
0 0.65 0.3875 0.08125 0.0640625
0 0.265625 0.3421875 0.0671875 0.08125
0 0.671875 0.596875 0.04375 0.090625
0 0.340625 0.60625 0.06875 0.0828125
0 0.6546875 0.2578125 0.084375 0.053125
0 0.6578125 0.49375 0.0515625 0.0875
0 0.2875 0.6328125 0.084375 0.0625
0 0.61875 0.8609375 0.0453125 0.096875
0 0.659375 0.875 0.05 0.0984375