0 0.64375 0.7578125 0.021875 0.021875
0 0.653125 0.69375 0.021875 0.0234375
0 0.6953125 0.7625 0.0203125 0.0203125
0 0.625 0.740625 0.021875 0.021875
0 0.709375 0.746875 0.0203125 0.021875
0 0.6953125 0.6984375 0.0203125 0.021875
0 0.7078125 0.725 0.0203125 0.0203125
0 0.690625 0.6796875 0.01875 0.01875
0 0.634375 0.71875 0.0203125 0.021875
0 0.684375 0.7171875 0.0203125 0.0203125
0 0.675 0.696875 0.0203125 0.0203125
0 0.678125 0.7390625 0.0203125 0.021875
0 0.6578125 0.7390625 0.0203125 0.0203125
0 0.6703125 0.759375 0.0203125 0.021875
0 0.6609375 0.71875 0.0203125 0.021875