0 0.9307012075995175 0.3767416053800071 0.023021420171816586 0.023532588382282428
0 0.9843661974227521 0.21393302944527948 0.023021420171816586 0.023532588382282338
0 0.8431679873368438 0.23552645475995165 0.0263101944820761 0.0268943867226084
0 0.8084920149264636 0.3626576398228861 0.027954581637205676 0.02857528589277152
0 0.8147973258714545 0.24234513982288605 0.024665807326946166 0.025213487552445367
0 0.905209884668739 0.3880109921026156 0.023103307326946165 0.025095088382282426
0 0.9418445047496984 0.19381070620984414 0.023103307326946165 0.02509508838228234
0 0.8916121313893786 0.2614251813147349 0.023103307326946165 0.02509508838228234
0 0.8949208378572422 0.3467706854639198 0.024665807326946166 0.025213487552445457
0 0.8797738726829513 0.27944147550587606 0.0263101944820761 0.0268943867226084
0 0.915625 0.403125 0.025 0.0125
0 0.8153904681149671 0.320114942312397 0.026228307326946164 0.025331886722608398
0 0.7346118588881414 0.22818939667136334 0.027954581637205766 0.02857528589277143
0 0.7606011488022331 0.2371141107785919 0.027954581637205766 0.02857528589277143
0 0.8832817322484612 0.15311577384620206 0.0247476944820761 0.026775987552445278
0 0.99453125 0.19765625 0.0109375 0.0234375
0 0.8720499038906159 0.3080400721865281 0.0263101944820761 0.0268943867226084
0 0.9890625 0.2640625 0.021875 0.025
0 0.6947924423343694 0.15650457343592797 0.02959896879233561 0.03025618506293437
0 0.9046654093176827 0.16083318546391973 0.024665807326946166 0.02521348755244528
0 0.7291607982818348 0.12433069086250448 0.029517081637205855 0.028693685062934415
0 0.93515625 0.39765625 0.0234375 0.0234375
0 0.41875 0.72890625 0.040625 0.0796875
0 0.08837650949939677 0.773073076335713 0.07728619629109837 0.07900226099766208
0 0.33977523518913727 0.7571358099394662 0.08197369629109837 0.07935745850815117
0 0.1607361883776406 0.728682613678377 0.0787668091359686 0.0775581601678251
0 0.25202292967121326 0.7388845626387586 0.07884869629109836 0.07912066016782511
0 0.6934468690649067 0.8083020265454944 0.050232373360319826 0.06761447510489074
0 0.7275762075995174 0.8103847448019079 0.048506099050060314 0.06437107593472771
0 0.8315466553609537 0.9052218028904961 0.05903416327441171 0.05738737012586874
0 0.9173203810506942 0.9018348485315301 0.05138543758467122 0.05992037427505377
0 0.8826930755327703 0.8795580294452794 0.04529921189493056 0.06257177759440165
0 0.7666254194944481 0.7482865638881584 0.06923467887824372 0.044153664317010045
0 0.7607096121675017 0.7720792613986475 0.06923467887824372 0.044153664317010136
0 0.7936106433751662 0.7975994796550608 0.06602779172311397 0.04235436597668389
0 0.6586557892367232 0.789150207459244 0.06232293758467104 0.060749168466194804
0 0.841671927862191 0.9495871095291921 0.06907090456798422 0.04102866431700995
0 0.886656879241672 0.9524035335944644 0.034853034825709096 0.07111798340326062
0 0.9468994176854256 0.7828713609790846 0.034607373360319826 0.06643048340326044
0 0.7695800011316537 0.7216056647179954 0.06791784034363317 0.048722765146847015
0 0.7991502351891373 0.9294647862937568 0.07038774310259513 0.03645956348717298
0 0.85859375 0.98125 0.0328125 0.0375
0 0.7294994764827101 0.9518618497809298 0.07227779172311415 0.042827962657336016
0 0.8818542718238687 0.8064757269557685 0.0673446302577247 0.03778526514684692
0 0.7840785131174414 0.831003975505876 0.07030585594746537 0.03489706348717299
0 0.9828125 0.89140625 0.034375 0.0390625
0 0.7639430755327703 0.8885563663776693 0.07211401741285464 0.03970296265733601
0 0.8408065479431505 0.7582284037203333 0.06866146879233562 0.03321616431700995
0 0.9065333672558843 0.8404004410629972 0.06323034034363317 0.048367567636357835
0 0.7110791836279422 0.5906409298648423 0.06783595318850325 0.047160265146847014
0 0.98828125 0.7375 0.0234375 0.059375
0 0.98984375 0.78359375 0.0203125 0.0640625
0 0.8579320929456248 0.8471958153380509 0.03781426051544958 0.06822978174358649
0 0.9748539993226315 0.7542960750863131 0.028193599050060313 0.06283188672260831
0 0.6512107021724505 0.9609068082890809 0.07169793758467105 0.061459563487172984
0 0.728125 0.98515625 0.075 0.0296875
0 0.8599593396662645 0.71942601284854 0.06701708163720568 0.031535265146847014
0 0.814810613976524 0.7197345887832677 0.0389673247398008 0.06053568091374952
0 0.8378718984635487 0.8736166053800073 0.056564260515449584 0.06965057178554286