0 0.07667156117044213 0.04657793376492734 0.02749008293962456 0.027644838935304606
0 0.0046875 0.12578125 0.009375 0.0296875
0 0.04413187968209642 0.040102440685009545 0.02749008293962456 0.027644838935304606
0 0.040768777505178155 0.09172860768120392 0.02905258293962456 0.027708505931498983
0 0.016497953003074085 0.027185946616508617 0.02749008293962447 0.027644838935304606
0 0.11507929674247186 0.06373625886006754 0.029107146641955416 0.029271005931498985
0 0.25002967170006285 0.22050622920257226 0.03072421034428636 0.03089717292769336
0 0.01864080636111871 0.05518361262411986 0.029107146641955416 0.029271005931499162
0 0.13278760799773198 0.22684375391715167 0.030724210344286185 0.03089717292769336
0 0.003125 0.0140625 0.00625 0.028125
0 0.27832334120750907 0.0804887242596564 0.029107146641955416 0.029271005931498985
0 0.24889379075202206 0.8276767420541535 0.04825893992586625 0.08622134288963731
0 0.3090277041842004 0.9375663952101835 0.04669643992586607 0.08615767589344295
0 0.23021322342149414 0.9158134120160975 0.0544543762235354 0.08491351087441501
0 0.34765625 0.971875 0.0515625 0.05625
0 0.3019642270496912 0.8270745641835443 0.0681349303072194 0.07454901384016441
0 0.18255946262172093 0.8506632558943179 0.08617560217691818 0.05500051779449713
0 0.13671875 0.96171875 0.0671875 0.0765625
0 0.165625 0.9765625 0.065625 0.046875
0 0.29141862976691446 0.5482147351340714 0.08030754809323426 0.06568334980971957
0 0.24453125 0.96953125 0.0796875 0.0609375
0 0.058119968612170725 0.9290667815974805 0.0669543762235354 0.08542284684397003
0 0.12886897823081758 0.9137017667687329 0.06221231252120454 0.08366934585538673
0 0.3579414085380369 0.8325950523205462 0.06646330290255768 0.07136034684397004
0 0.16684518258465406 0.8091760928524563 0.08924603847458741 0.05356535178688589
0 0.19956342414713357 0.8998992519399852 0.06361112141421196 0.07904551285158128
0 0.43586800109630836 0.7904128695070209 0.07271330290255769 0.07161501482874763
0 0.3734721501005165 0.9240185483662134 0.07970734736759474 0.04849584980971962
0 0.31013391343217833 0.5037643981759331 0.08633929328391084 0.05968801779449713
0 0.1290574951058586 0.7295814347535104 0.08343254809323426 0.06581068380210837
0 0.2560366573569106 0.7571732410655704 0.06818949400955017 0.07611151384016442
0 0.4078818664352525 0.9663042074537425 0.08294147477225663 0.05174818380210837
0 0.45919139529119307 0.926766863575522 0.08294147477225663 0.05174818380210837
0 0.20603665735691062 0.7592105849437909 0.07276786660488846 0.07317751482874764
0 0.1697221898410482 0.637428426844845 0.0848313569862416 0.06118685079830275
0 0.5308679878494644 0.8848393487467743 0.06355655771188111 0.07748301285158128
0 0.5029116573569106 0.7471138556668565 0.08025298439090349 0.06412084980971962
0 0.39905748185901463 0.816877210419492 0.058978185116542826 0.08041701186299796
0 0.35002973793428244 0.5676703892786844 0.05450893992586625 0.08647601087441492
0 0.3128918364830036 0.6035097301911555 0.08315972958157988 0.057998183802108326
0 0.09984619945969504 0.6277934416735926 0.08181548439090332 0.064184516805914
0 0.49558525227743466 0.8675536896592453 0.07750993030721923 0.07493101581733086
0 0.4148362823993196 0.58843387543852 0.07433036660488845 0.07324118182494202
0 0.2681944061757843 0.677103739088404 0.08628472958158007 0.05812551779449713
0 0.52265625 0.98984375 0.0671875 0.0203125
0 0.13685014773826376 0.7745119327763441 0.08332342068857254 0.06268568380210837
0 0.54296875 0.95859375 0.0515625 0.0828125
0 0.18080353358044596 0.6775440908752899 0.08908234736759484 0.04887785178688588
0 0.48359375 0.96171875 0.0765625 0.0765625
0 0.23687497350631218 0.5910044130046807 0.08466766587924912 0.05649935079830275
0 0.2730554878494644 0.8953444031188489 0.035704376223535304 0.08414950692008212
0 0.3358828700634495 0.8834227232710733 0.08143353847458741 0.053247016805913816
0 0.21649304083684004 0.5044594179475965 0.08019842068857255 0.06255834980971957
0 0.5099999602594683 0.6781728546782734 0.051329376223535304 0.08478617688202617
0 0.06831840254758718 0.7710632806088974 0.04055556733052797 0.08902800790866543
0 0.09621525717157615 0.5530481096583703 0.05768850362819702 0.08816584486680368
0 0.0681695804077358 0.8646859466165087 0.07778274881887359 0.08274351581733086
0 0.09771821506879164 0.6887309416735927 0.07896330290255768 0.07186968281352524
0 0.34755452396179914 0.6832317222824901 0.07885417549789579 0.06874468281352523
0 0.5828125 0.9609375 0.046875 0.078125
0 0.21173112976691444 0.5514617519399854 0.08584821996293304 0.045625517794497125
0 0.10799597224036779 0.8412192717116488 0.06975199400955016 0.0761751808363588
0 0.4395039217848808 0.7309742025108266 0.06355655771188111 0.07748301285158128
0 0.21408725953382884 0.7073934169590134 0.08617560217691826 0.05500051779449713
0 0.34428568022240136 0.6427977232710733 0.08197917549789598 0.068872016805914
0 0.4062946069014236 0.6543135434232976 0.051165685116542826 0.08009867688202607
0 0.40838787495759094 0.549689710419492 0.08337798439090349 0.06424818380210837
0 0.15589779201796644 0.586502596806789 0.0875744110699257 0.0503766847906915
0 0.29290174029653515 0.7291464001530994 0.06958830290255769 0.07148768083635879
0 0.3913938039988659 0.7235728793928528 0.05601687622353531 0.08497717787060939
0 0.29609375 0.98671875 0.0734375 0.0265625
0 0.593978145376011 0.5967371708761651 0.05892362141421188 0.0788545118629981
0 0.4532985816736802 0.6040297005336602 0.06215774881887359 0.08210684585538688
0 0.3346874470126243 0.7836137242596564 0.0875744110699257 0.0503766847906915
0 0.41540667895645705 0.8848632064651593 0.08143353847458741 0.053247016805913996
0 0.5808679878494644 0.8828020048685538 0.05278274881887377 0.08172484387822046
0 0.4552033328548065 0.6835261995450771 0.05908731252120454 0.08354201186299814
0 0.49232636533894414 0.5587516926249949 0.08477679328391083 0.05962435079830275
0 0.49165175354337903 0.6227505256288005 0.06372024881887359 0.08217051285158128
0 0.3924553401112007 0.5144525473776304 0.08617560217691818 0.05500051779449713
0 0.5550991838505984 0.5483925127772192 0.0759474303072194 0.0748673488211364
0 0.5918551393855612 0.5234906718647482 0.06829862141421188 0.07923651384016442
0 0.15339284011120072 0.5241935977953721 0.06366568511654283 0.08060801285158128
0 0.41171875 0.9921875 0.0890625 0.015625
0 0.5721527306778883 0.7302500078343033 0.08886409255827132 0.042627851786885884
0 0.3578719758685649 0.7452223863129349 0.07427580290255768 0.07167868182494201
0 0.4637548989193901 0.8407656965793275 0.0879563569862416 0.061314184790691506
0 0.49675093739397747 0.7894923566554397 0.07723711179556503 0.06711851581733078
0 0.5451586994596951 0.6096483477581911 0.05143850362819702 0.0879111768820261
0 0.4816815312181932 0.50613602859455 0.08187004809323425 0.06574701680591397
0 0.2665971898410482 0.6334810730807928 0.0876835384745874 0.053501684790691506
0 0.5717360684268362 0.6975011748304977 0.08875496515360978 0.03950285178688588
0 0.5777876609851077 0.6582476738419145 0.08751984736759474 0.04881418479069151
0 0.5674255359426986 0.8209386748304978 0.0876835384745874 0.053501684790691506
0 0.5705158196079626 0.7771250078343033 0.08762897477225647 0.051939184790691505
0 0.80859375 0.9734375 0.0953125 0.053125
0 0.68515625 0.97578125 0.0921875 0.0484375
0 0.8138640263240517 0.8632720493547966 0.09518850362819702 0.0896938527754692
0 0.6998065047245055 0.7337357410655704 0.09050100362819702 0.08950285178688588
0 0.8216269410221745 0.7303322153624079 0.0873760036281972 0.08937551779449712
0 0.6920981537287135 0.8651130750579592 0.09206350362819701 0.08956651878308027