0 0.2926703892786845 0.2201100838321121 0.03408583992388792 0.033736382573423464
0 0.2946547005336603 0.32527118051276427 0.03414950692008212 0.035298882573423465
0 0.2605874011416825 0.16125530208852562 0.032523339923887916 0.03361798340326061
0 0.17105005726346204 0.20462494855939628 0.0341495069200823 0.035298882573423465
0 0.2926358971873498 0.1824916846619491 0.032523339923887916 0.03361798340326043
0 0.23785555528629576 0.21909111287640623 0.032523339923887916 0.03361798340326061
0 0.12704538927868453 0.2075597717948316 0.03408583992388792 0.033736382573423464
0 0.1102743833471854 0.2345007800932013 0.03408583992388783 0.03373638257342364
0 0.08450506220637788 0.17455709503026692 0.0341495069200823 0.035298882573423465
0 0.33359375 0.153125 0.0109375 0.034375
0 0.22258338235860223 0.24771302034493914 0.032523339923887916 0.03361798340326061
0 0.23332456418354433 0.1764300161957542 0.032523339923887916 0.03361798340326043
0 0.1599507311797387 0.16930275519809204 0.032523339923887916 0.03361798340326061
0 0.19544256220637787 0.18296343611184157 0.032523339923887916 0.03361798340326061
0 0.08160555528629568 0.2072511958601039 0.03408583992388783 0.033736382573423464
0 0.32734375 0.21484375 0.0234375 0.0328125
0 0.30911774304273665 0.12418227719341637 0.03245967292769336 0.03205548340326061
0 0.1867095493547966 0.24342733943118952 0.032523339923887916 0.03361798340326043
0 0.10112487642710319 0.2667212842423862 0.03414950692008221 0.035298882573423465
0 0.04901323117973862 0.1608964141165174 0.0341495069200823 0.03529888257342364
0 0.2764325770351255 0.11857089461999282 0.032523339923887916 0.03361798340326043
0 0.1479017173395741 0.23421736017711395 0.032523339923887916 0.03361798340326043
0 0.11214990114168258 0.15000738092303828 0.03408583992388774 0.03373638257342364
0 0.03607287939285273 0.24768601909553922 0.0341495069200823 0.035298882573423465
0 0.0773584070731816 0.11915920000928874 0.03258700692008221 0.03518048340326061
0 0.25013537939285263 0.26390670540787353 0.032523339923887916 0.03361798340326043
0 0.11029824106557036 0.1185205825827123 0.03414950692008221 0.035298882573423465
0 0.04572640509601524 0.1261662166060283 0.03414950692008221 0.035298882573423465
0 0.3875 0.01015625 0.084375 0.0203125
0 0.5697077331569049 0.054153197109503726 0.08912084980971961 0.08463695435896632
0 0.62890625 0.03046875 0.0671875 0.0609375
0 0.48300622920257225 0.0663912427505375 0.0992943458553869 0.06671574855010753
0 0.3771382311797386 0.04896509917945178 0.07244268577927464 0.09583456348717298
0 0.4625 0.01171875 0.071875 0.0234375
0 0.611773216350991 0.13727427304423143 0.09498884783255335 0.07573555103961845
0 0.39994437840426955 0.1431653850722232 0.07556768577927472 0.09607136182749905
0 0.35078125 0.2 0.0234375 0.071875
0 0.5623515365032153 0.1962222979393408 0.09773184585538672 0.0665973493799445
0 0.35078125 0.13125 0.0234375 0.084375
0 0.6690816975679107 0.23095434068058934 0.09562551779449713 0.09136055103961845
0 0.5008171758190809 0.3216474278134719 0.06501218775644109 0.10461756763635784
0 0.4728778596211892 0.23802944441021143 0.0647575197716634 0.09836756763635783
0 0.6763318289751108 0.39920743321205665 0.10292868182494211 0.0794525468904336
0 0.399984187682079 0.25758308258271223 0.06638368676785786 0.10004846680652087
0 0.7005625078343034 0.34305252159433886 0.10592634783255335 0.07656434523075965
0 0.4310829959713052 0.37905626349646193 0.09948534684397004 0.07140324855010718