0 0.25877664027480396 0.159117177275639 0.053108279625171305 0.053724984006999675
0 0.3888900376092369 0.19665244525782163 0.05306281551854859 0.052162484006999674
0 0.36704847835889465 0.3031206212603671 0.05150031551854859 0.052144302673454136
0 0.2593723706787626 0.2996876332750027 0.05306281551854859 0.052162484006999674
0 0.33470264278208645 0.1801012919319122 0.054716243731793845 0.05530566534054513
0 0.3119805451310844 0.263150149268003 0.05150031551854859 0.052144302673454136
0 0.21678771707612357 0.20646489194782056 0.0530628155185485 0.052162484006999674
0 0.350526219583406 0.22677629726291232 0.05145485141192587 0.050581802673454225
0 0.56484375 0.48984375 0.0734375 0.0390625
0 0.49296875 0.48671875 0.0734375 0.0453125
0 0.96875 0.475 0.0625 0.06875
0 0.6306202672217729 0.46551153325909433 0.07070495658477523 0.06798747867599957
0 0.4421875 0.4734375 0.046875 0.071875
0 0.7140625 0.47734375 0.078125 0.0640625
0 0.81640625 0.48125 0.0796875 0.05625
0 0.10396946832976477 0.808135385264185 0.054716243731793845 0.05530566534054513
0 0.1360712629986307 0.8858603959261853 0.05627874373179385 0.055323846674090585
0 0.0296875 0.73828125 0.059375 0.0484375
0 0.05316783478538536 0.8899490066040938 0.06818771034569907 0.03515679734245403
0 0.1940656194251215 0.8789376865850038 0.03784699247815269 0.06604317067154515
0 0.09770274795493598 0.7551012919319122 0.054579851411925874 0.050618165340545127
0 0.10789610187414418 0.7268672039306395 0.05770485141192587 0.050654528007636035
0 0.13407816864633393 0.6859513025939125 0.06193771034569906 0.03508407200827231
0 0.0328125 0.68046875 0.065625 0.0359375
0 0.16138481472712565 0.7137490385900944 0.056187815518548415 0.05219884667409058
0 0.015625 0.71953125 0.03125 0.0484375
0 0.7008946294542513 0.5214888132559127 0.019295569279472246 0.018968176002545255
0 0.74296875 0.5125 0.0203125 0.00625
0 0.7828125 0.51640625 0.01875 0.0140625