0 0.4671875 0.4046875 0.053125 0.028125
0 0.40859375 0.41171875 0.0828125 0.0140625
0 0.3278128980092636 0.2558206695998695 0.08387038896415203 0.050472698672140125
0 0.5234375 0.4140625 0.08125 0.009375
0 0.83359375 0.409375 0.0328125 0.01875
0 0.8784679952503016 0.27053767545360197 0.0619953889641522 0.050345433645025396
0 0.9692567695605611 0.2731354346269841 0.03765048620519007 0.06269998789975162
0 0.8095475768875074 0.2975092416121847 0.04538109905006031 0.06118293969514967
0 0.92421875 0.4125 0.0671875 0.0125
0 0.97578125 0.40078125 0.0484375 0.0359375
0 0.947538899818286 0.3060842900131784 0.05278416327441171 0.05341589149054773
0 0.947361837402957 0.3623524707313376 0.05442855042954129 0.05498748184962734
0 0.7782842887824379 0.35708422951193636 0.05895227611928178 0.05188975292686617
0 0.7348684814554917 0.33389216920708603 0.06290279172311405 0.03785452400410509
0 0.984375 0.3078125 0.03125 0.05
0 0.98125 0.35703125 0.0375 0.0578125
0 0.9094457575747736 0.3844547297083281 0.06446529172311397 0.03786361436318479
0 0.98671875 0.25234375 0.0265625 0.0546875
0 0.34638135006611315 0.8843547357584522 0.056393842152655436 0.09248748184962743
0 0.27964315015697017 0.7143785790443982 0.07958568068726599 0.08793633723582168
0 0.31796875 0.9703125 0.0796875 0.059375
0 0.3144828968776098 0.842339952580965 0.05951884215265544 0.09250566256778665
0 0.2816770409301446 0.8128342597625574 0.05951884215265544 0.09250566256778665
0 0.23574266395178006 0.6521149283804683 0.09143058344622812 0.07550906010845856
0 0.24085953188503292 0.5708103862259905 0.07966756784239593 0.08949883723582168
0 0.20598872342643296 0.9492535487937772 0.09447369629109836 0.07396474082661779
0 0.21481708955066353 0.8194751452029809 0.0943918091359686 0.0724022408266178
0 0.35630082541716934 0.6561024707313375 0.09998671189493055 0.059938602262936416
0 0.3302097161903438 0.7547217779129299 0.05960072930778502 0.09406816256778665
0 0.3645913602428784 0.7248251996540989 0.07021068068726617 0.08788179508134383
0 0.1411272840327396 0.8449114824388027 0.06132700361804462 0.09720225292686635
0 0.48456302351728997 0.7772684227231274 0.056475729307785015 0.09404998184962743
0 0.6692788602428784 0.6133705909482547 0.08500352103089917 0.13170451795398092
0 0.7418023134313818 0.655149024789672 0.0831953595655099 0.1270079275949012
0 0.7209785583429991 0.7349819705349458 0.11510710085908257 0.1100113251355733
0 0.8232360198992454 0.568711555040293 0.12678822930778502 0.09445904800821019
0 0.6726096573930593 0.7962194523845733 0.0910078595655099 0.12705337939029934
0 0.66328125 0.46484375 0.0890625 0.0921875
0 0.74453125 0.44296875 0.1046875 0.0484375
0 0.7859218848918222 0.8408865368899203 0.12958568068726617 0.0882272287263696
0 0.9151247060135784 0.8010604467272324 0.11535276232447185 0.1146988251355733
0 0.7463592593837959 0.5035138019170351 0.118150213703953 0.10846700585373252
0 0.911406563770066 0.8792308985226306 0.1317280348257091 0.06949540944452863
0 0.634375 0.6765625 0.03125 0.13125