0 0.375 0.66875 0.0453125 0.0609375
0 0.4453125 0.465625 0.0296875 0.0625
0 0.4984375 0.3046875 0.059375 0.05
0 0.5890625 0.3078125 0.034375 0.0625
0 0.3953125 0.55 0.0453125 0.059375
0 0.428125 0.33125 0.0421875 0.0609375
0 0.696875 0.525 0.0515625 0.053125
0 0.6421875 0.459375 0.0625 0.03125
0 0.5375 0.4578125 0.065625 0.03125
0 0.6453125 0.40625 0.028125 0.0625
0 0.5953125 0.440625 0.0578125 0.0453125
0 0.5296875 0.5390625 0.059375 0.0453125
0 0.446875 0.540625 0.0421875 0.0578125
0 0.61875 0.4859375 0.0625 0.0328125
0 0.565625 0.340625 0.05 0.053125
0 0.5625 0.396875 0.0515625 0.0546875
0 0.609375 0.5640625 0.0515625 0.0546875
0 0.39375 0.390625 0.05625 0.0515625
0 0.3515625 0.3671875 0.0609375 0.0375
0 0.615625 0.34375 0.053125 0.05
0 0.6015625 0.3921875 0.0421875 0.0578125
0 0.5234375 0.41875 0.0625 0.0375
0 0.6546875 0.3625 0.0609375 0.0328125
0 0.68125 0.5875 0.025 0.0609375
0 0.6234375 0.2875 0.0546875 0.0546875