0 0.24037698262709525 0.2049414965682807 0.031070217535011223 0.030551318025830908
0 0.2640713478047417 0.24464049406099822 0.03277826674922295 0.03372178213245362
0 0.29140625 0.2421875 0.0171875 0.03125
0 0.8405139156302033 0.3470213479802065 0.08757708271265763 0.07120506175762475
0 0.660937731593638 0.37768501161197554 0.08786818114108108 0.07745506175762476
0 0.6704882059530748 0.2812191885715796 0.07416955417661039 0.08485838479802066
0 0.7825857915612167 0.24235056835503538 0.08027400496239885 0.08191524122451135
0 0.788621775845451 0.30494149656828073 0.08772263192686935 0.07433006175762476
0 0.7277185090962279 0.2704013605166188 0.06032537799792799 0.08913670783841657
0 0.7423332808078497 0.38317414515635484 0.06196065260503385 0.0907446719450391
0 0.6442852708830522 0.2211622269722394 0.052658427212139716 0.09203438730530315
0 0.70625 0.4109375 0.053125 0.05625
0 0.79453125 0.40234375 0.0640625 0.0734375
0 0.7883948358130296 0.16606085299477144 0.054075377997927984 0.08895485141192579
0 0.046057710086904 0.8975548939027137 0.03441354135632881 0.035329746239076344
0 0.06652414391858148 0.46592446067490345 0.02609161910658777 0.024164925705962757
0 0.003125 0.58125 0.00625 0.025
0 0.013844407772320367 0.6079468246232416 0.02609161910658777 0.024164925705962938
0 0.019049946233165117 0.7532138605166189 0.03590326674922295 0.03381271034569906
0 0.024743366415991553 0.573935537476223 0.02772689371369381 0.025772889812585475
0 0.034884653843379 0.6241628580093364 0.0293621683207995 0.027380853919208192
0 0.03669971091547346 0.5961287862225817 0.02772689371369381 0.025772889812585475
0 0.6119479598820161 0.546059275402029 0.04535104135632899 0.03564799498543501
0 0.55047111248705 0.6332122829238764 0.04124573821317572 0.04801160266556703
0 0.6183820504525568 0.5836956677218972 0.04982021753501122 0.031096887305303154
0 0.680809275845451 0.5839517319868043 0.04825771753501122 0.03105142319868044
0 0.6634419933804623 0.6130936627073321 0.04393409057054054 0.03872753087881229
0 0.678125 0.446875 0.04375 0.015625
0 0.5572262266312392 0.5772350675636126 0.04393409057054054 0.03872753087881229
0 0.7171875 0.45703125 0.0375 0.0359375
0 0.6940669470617346 0.5000768371596538 0.04662244292790554 0.02944345909205772
0 0.6372091331652145 0.652900308788124 0.031943512820281586 0.04930131802583091
0 0.7581809127347191 0.737560116784825 0.047131865177646406 0.040380959092057724
0 0.7178726282028158 0.5756678705457487 0.028672963606069857 0.046085389812585476
0 0.792217656738863 0.5637876476636373 0.04549659057054054 0.038772994985435
0 0.5761902423470049 0.5153715650563301 0.030235463606069858 0.046130853919208195
0 0.60859375 0.45859375 0.0359375 0.0390625
0 0.7367253279551468 0.47791233214508894 0.031725188998963996 0.044613818025830906
0 0.7194394363083676 0.6428099064391259 0.04825771753501122 0.03105142319868044
0 0.8008093684829062 0.815259219450392 0.035286836641599 0.05407974623907634
0 0.5813572394515207 0.6263090650563301 0.02405823821317572 0.04751149749271768
0 0.7965755169541108 0.523344504090128 0.03782963978475227 0.041670674452321775
0 0.552547342842343 0.7112918188172538 0.04407963978475227 0.041852530878812466
0 0.6921578064484128 0.7606051602000496 0.05152826674922295 0.03426735141192587
0 0.7890625 0.4546875 0.04375 0.03125
0 0.5062030740262053 0.48680864436493215 0.037975188998963995 0.04479567445232178
0 0.6519780703021517 0.9029912370013692 0.03223461124870504 0.05555131802583091
0 0.5596663300220615 0.6631271034569899 0.051382717535011224 0.031142351411925874