0 0.21875 0.06210187137526875 0.0453125 0.0471835759347277
0 0.428125 0.02796736017711394 0.04375 0.045502676764564674
0 0.2359375 0.12434176224706199 0.0453125 0.0471835759347277
0 0.434375 0.07062845685776606 0.04375 0.047065176764564676
0 0.384375 0.03246468341254927 0.0421875 0.04694677759440165
0 0.3046875 0.09205132573423506 0.04375 0.045502676764564674
0 0.16875 0.11456309793005195 0.0453125 0.0471835759347277
0 0.58671875 0.015625 0.0265625 0.03125
0 0.3125 0.02109375 0.04375 0.0421875
0 0.3765625 0.14124768756173411 0.04375 0.045502676764564674
0 0.246875 0.17204555643820313 0.0453125 0.0471835759347277
0 0.4546875 0.12060514606988537 0.04375 0.045502676764564674
0 0.58671875 0.18203125 0.0265625 0.0453125
0 0.46875 0.19667073860135256 0.0421875 0.04694677759440165
0 0.409375 0.10935907013515767 0.04375 0.045502676764564674
0 0.54765625 0.30078125 0.0421875 0.0359375
0 0.3609375 0.2056886958601039 0.0453125 0.04562107593472771
0 0.5015625 0.14134462117477603 0.0421875 0.04538427759440165
0 0.2265625 0.2173813672260838 0.0453125 0.0471835759347277
0 0.546875 0.09790319710950372 0.04375 0.045502676764564674
0 0.471875 0.24065753694167863 0.0421875 0.04538427759440165
0 0.575 0.050034382172438184 0.04375 0.045502676764564674
0 0.24375 0.26868375809787715 0.0453125 0.04718357593472753
0 0.7796875 0.08655649710021499 0.046875 0.04886447510489074
0 0.99296875 0.190625 0.0140625 0.05
0 0.784375 0.04316169461070407 0.046875 0.04886447510489074
0 0.9078125 0.06345272905358294 0.04375 0.047065176764564676
0 0.953125 0.03563630498831065 0.04375 0.047065176764564676
0 0.9015625 0.15360413237293083 0.0453125 0.048746075934727705
0 0.84140625 0.01015625 0.0453125 0.0203125
0 0.8375 0.11437476639624684 0.0453125 0.0471835759347277
0 0.98671875 0.13671875 0.0265625 0.0453125
0 0.8359375 0.0705063672260838 0.04375 0.045502676764564674
0 0.875 0.03284134648015939 0.046875 0.04886447510489056
0 0.8921875 0.10758123735195273 0.04375 0.045502676764564674
0 0.98984375 0.04296875 0.0203125 0.0453125
0 0.240625 0.4349240647365729 0.040625 0.056203378424238615
0 0.2515625 0.5607528589277141 0.028125 0.05838118506293455
0 0.1796875 0.745931497100215 0.040625 0.05932837842423862
0 0.4 0.5016882800932014 0.0390625 0.05764747925407558
0 0.2078125 0.48868768216314945 0.053125 0.049338071785542684
0 0.4390625 0.5155857593472769 0.0265625 0.06138778589277152
0 0.3890625 0.4227344859020602 0.0328125 0.057173882573423464
0 0.4203125 0.4047899693053207 0.0484375 0.05054537427505377
0 0.16875 0.4654152029090738 0.053125 0.03371307178554286
0 0.4125 0.5901354734545056 0.0578125 0.03563076929603195
0 0.4125 0.45732297345450557 0.05 0.050663773445216796
0 0.3671875 0.45388939751977786 0.0484375 0.053670374275053764
0 0.328125 0.6353044182657023 0.05625 0.04801237012586892
0 0.203125 0.6367699846526603 0.04375 0.05800267676456468
0 0.3640625 0.5052150991794517 0.046875 0.05355197510489074
0 0.4484375 0.4756711543682551 0.05625 0.03238737012586892
0 0.3265625 0.5211235190955392 0.0578125 0.03719326929603195
0 0.4375 0.565467360177114 0.05625 0.03238737012586892
0 0.4015625 0.6611816792633644 0.046875 0.053551975104890556
0 0.3921875 0.5448462842423862 0.0546875 0.04476897095570589
0 0.25 0.6309469597575511 0.0421875 0.05632177759440164
0 0.3375 0.5594523132866804 0.059375 0.0326241684661948
0 0.3046875 0.4147784307132569 0.053125 0.047775571785542856
0 0.484375 0.6315193352820047 0.046875 0.051989475104890735
0 0.4671875 0.6911544444102115 0.021875 0.057907588382282424
0 0.815625 0.8635748186852652 0.040625 0.04526587842423861
0 0.778125 0.8763582386013524 0.040625 0.04526587842423861
0 0.8609375 0.9341958946199928 0.0421875 0.04538427759440165
0 0.8859375 0.9001527813426012 0.04375 0.047065176764564676
0 0.696875 0.7873889817528753 0.0421875 0.04694677759440165
0 0.7421875 0.9017600576876031 0.040625 0.04526587842423861
0 0.871875 0.772524688811134 0.0421875 0.04538427759440165
0 0.8359375 0.7901140078973844 0.0421875 0.04538427759440165
0 0.878125 0.98046875 0.04375 0.0390625
0 0.6296875 0.7916728174358653 0.04375 0.045502676764564674
0 0.7171875 0.8264281709649947 0.0421875 0.04538427759440165
0 0.8359375 0.9744890078973845 0.0421875 0.04694677759440165
0 0.84375 0.8328935037481996 0.0421875 0.04538427759440165
0 0.9140625 0.9350964664055358 0.04375 0.045502676764564674
0 0.94375 0.895158550638633 0.0421875 0.04538427759440165
0 0.81171875 0.99140625 0.0421875 0.0171875
0 0.6625 0.8222842000092887 0.0421875 0.04538427759440165
0 0.6578125 0.9016165024987999 0.0421875 0.04538427759440165
0 0.975 0.8287765340418936 0.0421875 0.04538427759440165
0 0.6171875 0.92734375 0.034375 0.0453125
0 0.6859375 0.7459351875617342 0.0421875 0.04538427759440165
0 0.9703125 0.98046875 0.04375 0.0390625
0 0.75390625 0.9859375 0.0421875 0.028125
0 0.703125 0.9081750784335274 0.0390625 0.04358497925407576
0 0.78125 0.7500325369416786 0.040625 0.04526587842423861
0 0.98359375 0.7875 0.0328125 0.046875
0 0.9953125 0.90625 0.009375 0.046875
0 0.7703125 0.7913912427505374 0.0390625 0.04202247925407558
0 0.853125 0.7289163987691777 0.0421875 0.04538427759440165
0 0.609375 0.97109375 0.01875 0.0453125
0 0.6984375 0.98828125 0.040625 0.0234375
0 0.9 0.6902808738740684 0.0421875 0.04694677759440165
0 0.7296875 0.7461253643262988 0.0421875 0.04538427759440165
0 0.859375 0.6887649954498298 0.040625 0.04370337842423862
0 0.9109375 0.7879846680652096 0.040625 0.042140878424238616
0 0.62109375 0.7453125 0.0421875 0.046875
0 0.98984375 0.6453125 0.0203125 0.05
0 0.9515625 0.6301255464894482 0.04375 0.05019017676456468
0 0.71875 0.7046715701351577 0.0421875 0.04538427759440165
0 0.815625 0.7104498186852651 0.0421875 0.04538427759440165
0 0.896875 0.6369190755337424 0.0453125 0.050308575934727706
0 0.7734375 0.7088155410908634 0.0421875 0.04694677759440165
0 0.7890625 0.6709370327924937 0.04375 0.04862767676456468