0 0.43359375 0.30390625 0.0328125 0.0296875
0 0.34453125 0.28828125 0.0390625 0.0609375
0 0.4220540944277446 0.1370327587523597 0.044356215728545756 0.0645352146721816
0 0.43203125 0.0203125 0.0359375 0.040625
0 0.33607036277300895 0.21566574140672384 0.053367194681858444 0.058394302673454135
0 0.3626945049793232 0.10979754941117825 0.06090667889684287 0.053797709341181485
0 0.39453676820408995 0.03990322008272349 0.06679265785015538 0.047620434675363296
0 0.38808788908136815 0.2240782254137236 0.05640118942018653 0.05686816534054504
0 0.21911110495108826 0.13779418539145186 0.06642863680346807 0.0413704346753633
0 0.2005724785297896 0.2484407840547247 0.05345819994353018 0.059956802673454136
0 0.23984375 0.303125 0.0421875 0.03125
0 0.02734375 0.3109375 0.0515625 0.015625
0 0.0265625 0.2578125 0.053125 0.05625
0 0.28512948905313334 0.2525475760661788 0.0410492052052021 0.06137385200509069
0 0.08125 0.30078125 0.071875 0.0359375
0 0.3921875 0.296875 0.05625 0.04375
0 0.16015625 0.290625 0.0421875 0.05625
0 0.2828125 0.3125 0.05 0.0125
0 0.0234375 0.0234375 0.046875 0.046875
0 0.413436499576477 0.2571634454169052 0.054929694681858446 0.05841248400699968
0 0.9859375 0.1234375 0.028125 0.04375
0 0.9206721469032887 0.2815634614099055 0.0462981473268119 0.044259077339272326
0 0.7960515785015547 0.25981463605981536 0.0462071420651398 0.042696577339272325
0 0.723190931174743 0.21524647605027045 0.04786064732681172 0.044277258672817864
0 0.95 0.30859375 0.046875 0.0203125
0 0.9543051523061349 0.13517935741563258 0.04638915258848364 0.0458215773392725
0 0.9359037628012438 0.1677555000795418 0.0462981473268119 0.0442590773392725
0 0.8990268471291678 0.04397255474217836 0.04638915258848364 0.0458215773392725
0 0.723343578642729 0.11063170138445218 0.04638915258848364 0.0458215773392725
0 0.7708093838196963 0.20174759739017922 0.044553636803468064 0.04111589600572696
0 0.9560804839326359 0.08523390141626894 0.04464464206513998 0.04267839600572696
0 0.7386353786991988 0.05147487738699752 0.04795165258848364 0.045839758672817865
0 0.8528798892225424 0.05592711473581504 0.0462981473268119 0.0442590773392725
0 0.9515889469597585 0.22258845074790531 0.0462071420651398 0.042696577339272325
0 0.8312624944559793 0.08690439473263334 0.04638915258848364 0.0458215773392725
0 0.895051978670964 0.08296232940799655 0.04638915258848364 0.0458215773392725
0 0.7875 0.0109375 0.046875 0.021875
0 0.8046875 0.30625 0.046875 0.025
0 0.97890625 0.1984375 0.0421875 0.04375
0 0.8127700996894165 0.11791803739654254 0.04795165258848364 0.045839758672817865
0 0.86171875 0.0140625 0.0453125 0.028125
0 0.99140625 0.27421875 0.0171875 0.0390625
0 0.8842950311465081 0.24678847207190574 0.04464464206513981 0.042678396005727134
0 0.763422547072698 0.10172941605663377 0.04299113680346807 0.041097714672181596
0 0.8544717522779001 0.16368507073517868 0.04629814732681172 0.0442590773392725
0 0.74375 0.0078125 0.046875 0.015625
0 0.7807318734375269 0.05040327339272457 0.04473564732681172 0.04424089600572696
0 0.8631788943430401 0.2059452960693605 0.044553636803468064 0.04111589600572714
0 0.04497492591307113 0.4735305960375437 0.04464464206513998 0.04267839600572696
0 0.01484375 0.44453125 0.0296875 0.0421875
0 0.01015625 0.50390625 0.0203125 0.0421875
0 0.01015625 0.35859375 0.0203125 0.0421875
0 0.04376249445597944 0.3454783213717255 0.04473564732681172 0.04424089600572696
0 0.1 0.33671875 0.04375 0.0359375
0 0.18980303654935432 0.3596691853914519 0.0447356473268119 0.04424089600572696
0 0.1393171891378379 0.4043635200509067 0.04464464206513998 0.04267839600572696
0 0.32265625 0.3328125 0.0421875 0.028125
0 0.1515625 0.32734375 0.04375 0.0171875
0 0.2411835260260105 0.3571441693984515 0.04464464206513981 0.04267839600572696
0 0.36875 0.3390625 0.04375 0.040625
0 0.28125 0.325 0.04375 0.0125
0 0.6629954257718967 0.6631225440801781 0.019842063140062115 0.018968176002545432
0 0.7279525678370368 0.706037297421996 0.021404563140062293 0.018986357336090796
0 0.7148001204537552 0.7214986654200869 0.019842063140062295 0.018968176002545255
0 0.7004044205102249 0.6619963960852688 0.019842063140062295 0.018968176002545432
0 0.718046946818584 0.6700088907542687 0.019842063140062295 0.018968176002545432