0 0.0546875 0.53359375 0.08125 0.0328125
0 0.31796875 0.5421875 0.0671875 0.015625
0 0.0546875 0.99140625 0.053125 0.0171875
0 0.1125 0.9859375 0.071875 0.028125
0 0.22174214350880597 0.8590864103208986 0.07427656203449332 0.05742960485118864
0 0.12450327047327665 0.8589910733475575 0.07278683664159917 0.05886455909355419
0 0.16294503226010093 0.9091822630460555 0.05952485731976367 0.07490414727484325
0 0.12734148015040508 0.7980535733475576 0.05952485731976358 0.07490414727484325
0 0.1953125 0.98671875 0.04375 0.0265625
0 0.22864280686720678 0.912976684866706 0.06094180810555194 0.07190669303247788
0 0.3303123147250897 0.9526447048705853 0.048878455748187125 0.08026132697140156
0 0.2053123147250897 0.9424410442598224 0.05171235731976367 0.07426641848667064
0 0.16640625 0.975 0.0421875 0.05