0 0.275 0.7421875 0.028125 0.028125
0 0.3 0.778125 0.0265625 0.0265625
0 0.3421875 0.7796875 0.0265625 0.028125
0 0.36875 0.78125 0.0265625 0.0265625
0 0.3296875 0.75 0.0265625 0.028125
0 0.275 0.778125 0.028125 0.028125
0 0.203125 0.7625 0.028125 0.028125
0 0.2515625 0.753125 0.0265625 0.028125
0 0.2265625 0.75 0.028125 0.028125
0 0.1984375 0.7375 0.028125 0.028125
0 0.246875 0.7796875 0.0265625 0.028125
0 0.2234375 0.7765625 0.0265625 0.0265625
0 0.2015625 0.7125 0.028125 0.028125
0 0.2109375 0.6875 0.028125 0.0265625
0 0.440625 0.778125 0.0265625 0.0265625