0 0.06520342558271394 0.14475694633444908 0.0551438569862416 0.05812157220870704
0 0.42421875 0.25390625 0.0578125 0.0296875
0 0.3636607729503088 0.18834227810932172 0.039627984390903315 0.061155668617910844
0 0.23228179817805222 0.14065927791292995 0.0488938569862416 0.058085210772388506
0 0.42819449890369166 0.1567104830279778 0.050238102176918174 0.051844301131468026
0 0.4828125 0.26328125 0.059375 0.0109375
0 0.38984375 0.0203125 0.0578125 0.040625
0 0.06313498329459506 0.21978421741168788 0.05207342068857255 0.059665891490547907
0 0.29609375 0.259375 0.0421875 0.01875
0 0.23722724772256534 0.23752518755385035 0.04727679328391084 0.056513620413308985
0 0.4444395469969259 0.2191286697962612 0.03801092068857255 0.05958407825883114
0 0.25976690271722325 0.0326649707313376 0.06548115626060227 0.040997704722264314
0 0.4836657381039185 0.22358891081927074 0.0426438569862416 0.05804884933607006
0 0.31224211668970653 0.14800816959986945 0.039627984390903315 0.061155668617910844
0 0.35953377894075855 0.11491386846840132 0.05185516587924912 0.05341589149054773
0 0.1930754544386545 0.18152062724900003 0.041190484390903316 0.061164758976990544
0 0.26760422848527166 0.21234338037225803 0.039573420688572544 0.05959316861791066
0 0.1651339929132419 0.23169334407151282 0.06246528366526398 0.0441045240041051
0 0.3073214929132419 0.2308661213952675 0.044151793283910834 0.056495439695149585
0 0.11678577295030879 0.18977855484390133 0.06849702885594056 0.03789088544042354
0 0.47583339073632364 0.1783127722555892 0.062192465153609613 0.0362920240041051
0 0.3716568114248962 0.23830591667300327 0.06213790145127884 0.034729524004105096
0 0.40784728256895564 0.20058774805509233 0.05018353847458741 0.05028180113146803
0 0.10703125 0.24296875 0.0578125 0.0515625
0 0.40528278855940536 0.12715024805509242 0.05336310217691818 0.051862481849627426
0 0.07578125 0.2609375 0.0609375 0.015625
0 0.4818998522617363 0.12826732046019113 0.0426438569862416 0.05804884933607006
0 0.44150797603820086 0.04567298907810198 0.04431548439090349 0.06118293969514967
0 0.7750843678708328 0.11103541042648732 0.06155754809323426 0.0628454336450254
0 0.8140030241314351 0.1514422418085765 0.0582688569862416 0.05813975292686617
0 0.051889948448204715 0.682302398129847 0.043551592558271415 0.039307939695149584
0 0.09240084264308938 0.5445387777165382 0.04193452885594055 0.03773634933607006
0 0.10472228256895563 0.6288592355620606 0.05098214664195542 0.02841589149054773
0 0.5609375 0.359375 0.021875 0.0625
0 0.6455258426430894 0.40150587432213386 0.08913691106992569 0.04738406010845857
0 0.6410764448200077 0.4531047357584523 0.08751984736759474 0.045812469749379046
0 0.56484375 0.440625 0.0296875 0.084375
0 0.56953125 0.78046875 0.0390625 0.0890625
0 0.67509432467174 0.6216911092950191 0.0652827488188736 0.0800511143631848
0 0.6349554195922641 0.5015876875538503 0.08919147477225664 0.04894656010845857
0 0.6134474965414389 0.6017331332991243 0.08343254809323426 0.06297269867214013
0 0.6830556468115914 0.7154138382177803 0.054563503628197195 0.08623748184962743
0 0.5731647477225653 0.522263801917035 0.040501003628197196 0.08615566861791084