0 0.821875 0.0203125 0.05 0.040625
0 0.782305730439439 0.09813258933666776 0.06108798620519007 0.06654264381548422
0 0.984375 0.20234375 0.03125 0.0640625
0 0.9699208378572421 0.23135000887895094 0.05944359905006032 0.06487088317182241
0 0.9859375 0.12421875 0.028125 0.0703125
0 0.8472822772509356 0.13562188165921318 0.050478034825709096 0.07202781930985207
0 0.9054975689740496 0.09418849848739068 0.07104284034363299 0.04855746832111638
0 0.965625 0.046875 0.06875 0.05
0 0.9063496607880207 0.22645469526908207 0.07112472749876275 0.050119968321116384
0 0.871875 0.0328125 0.05625 0.065625
0 0.8844259938955645 0.37743804106203765 0.06865482473980081 0.06240144703379293
0 0.7880843396662646 0.19580526483103564 0.06544793758467105 0.0606204257464694
0 0.9367188342391977 0.3301917004648621 0.06824538896415203 0.05458894703379293
0 0.7769963534610744 0.2588515680493444 0.05195864767057934 0.07057457995351371
0 0.759375 0.47578125 0.05625 0.0484375
0 0.9553183480340074 0.39116205145359784 0.056482373360319825 0.06777736188449897
0 0.97265625 0.46171875 0.0546875 0.0703125
0 0.8921875 0.47578125 0.071875 0.0484375
0 0.6052851277713339 0.6721606791775386 0.0624048247398008 0.06196440445914604
0 0.9031959260531686 0.8692770717325151 0.06248671189493056 0.06352690445914604
0 0.8547938048405556 0.6640539761916611 0.06232293758467104 0.06040190445914604
0 0.6038664699239893 0.5804102217521856 0.0608423247398008 0.06185514381548422
0 0.7657113726829513 0.5815471148113651 0.06248671189493056 0.06352690445914595
0 0.8593728414752867 0.5469757368353229 0.06076043758467105 0.06029264381548423
0 0.7151580947546472 0.6847156734775555 0.06404921189493056 0.06363616510280767
0 0.710853454320157 0.5589179979831876 0.06092421189493056 0.06341764381548423
0 0.9003586103584794 0.685776156881809 0.06067855042954129 0.05873014381548423