0 0.79375 0.646875 0.046875 0.0453125
0 0.925 0.56875 0.0484375 0.0453125
0 0.85 0.6578125 0.046875 0.0453125
0 0.3765625 0.50625 0.0453125 0.0453125
0 0.7359375 0.7171875 0.046875 0.046875
0 0.2828125 0.6703125 0.046875 0.0453125
0 0.321875 0.41875 0.0453125 0.0453125
0 0.465625 0.5375 0.04375 0.04375
0 0.3671875 0.415625 0.0453125 0.04375
0 0.25625 0.46875 0.0453125 0.0453125
0 0.515625 0.55 0.04375 0.04375
0 0.5046875 0.7578125 0.0453125 0.0453125
0 0.9359375 0.6734375 0.0484375 0.0453125
0 0.521875 0.6828125 0.0453125 0.04375
0 0.89375 0.64375 0.046875 0.0453125
0 0.3765625 0.359375 0.0453125 0.0453125
0 0.340625 0.7390625 0.046875 0.0453125
0 0.2796875 0.5421875 0.046875 0.04375
0 0.925 0.721875 0.0484375 0.0453125
0 0.4078125 0.7671875 0.0453125 0.0453125
0 0.165625 0.4875 0.046875 0.0453125
0 0.3265625 0.35625 0.0453125 0.0453125
0 0.6734375 0.640625 0.046875 0.04375
0 0.434375 0.4578125 0.04375 0.04375
0 0.775 0.6890625 0.046875 0.0453125
0 0.81875 0.7125 0.0453125 0.0453125
0 0.7796875 0.7359375 0.046875 0.0453125
0 0.21875 0.5296875 0.046875 0.0453125
0 0.8625 0.725 0.046875 0.0453125
0 0.9296875 0.6140625 0.0484375 0.04375
0 0.24375 0.7125 0.046875 0.0453125
0 0.3671875 0.559375 0.0453125 0.0453125
0 0.8921875 0.690625 0.0484375 0.0453125
0 0.2703125 0.7625 0.046875 0.046875
0 0.3046875 0.7125 0.046875 0.046875
0 0.3078125 0.4640625 0.0453125 0.04375
0 0.821875 0.7578125 0.046875 0.04375
0 0.4609375 0.7828125 0.0453125 0.046875
0 0.6125 0.7515625 0.0453125 0.0453125
0 0.3671875 0.784375 0.046875 0.046875
0 0.3109375 0.7828125 0.046875 0.046875
0 0.9078125 0.7828125 0.0484375 0.046875
0 0.8921875 0.4859375 0.0484375 0.04375