0 0.146875 0.4046875 0.0359375 0.0328125
0 0.284375 0.375 0.0328125 0.03125
0 0.4375 0.44375 0.03125 0.03125
0 0.3546875 0.621875 0.0328125 0.0328125
0 0.4984375 0.421875 0.03125 0.0296875
0 0.6296875 0.5953125 0.034375 0.03125
0 0.5125 0.4765625 0.0328125 0.03125
0 0.3984375 0.4671875 0.03125 0.03125
0 0.35 0.3453125 0.03125 0.0296875
0 0.1765625 0.509375 0.0375 0.034375
0 0.621875 0.765625 0.0359375 0.0359375
0 0.3625 0.4109375 0.0328125 0.03125
0 0.321875 0.5109375 0.0328125 0.03125
0 0.54375 0.5234375 0.034375 0.0328125
0 0.559375 0.4359375 0.0328125 0.0296875
0 0.25625 0.5109375 0.0328125 0.03125
0 0.453125 0.3765625 0.03125 0.0296875
0 0.3859375 0.353125 0.03125 0.0296875
0 0.7125 0.728125 0.0359375 0.034375
0 0.31875 0.36875 0.03125 0.03125
0 0.453125 0.3390625 0.03125 0.0296875
0 0.3515625 0.3765625 0.03125 0.0296875
0 0.4171875 0.3515625 0.03125 0.0296875
0 0.5109375 0.3921875 0.03125 0.028125
0 0.5015625 0.35 0.0328125 0.03125
0 0.1703125 0.3703125 0.034375 0.0328125
0 0.5171875 0.78125 0.0359375 0.0375
0 0.2296875 0.5390625 0.0328125 0.0328125