0 0.47578125 0.32421875 0.0078125 0.0234375
0 0.3828125 0.3671875 0.025 0.025
0 0.34904968074935516 0.3048659938399142 0.024939443244739935 0.024255955534962938
0 0.46875 0.3046875 0.021875 0.025
0 0.37216580813953615 0.347906665709613 0.024939443244739935 0.024255955534962938
0 0.44375 0.37265625 0.025 0.0140625
0 0.44582455119970577 0.2999205442954011 0.024939443244739935 0.024255955534962938
0 0.46875 0.3421875 0.021875 0.025
0 0.40625 0.3734375 0.025 0.0125
0 0.4208245511997058 0.3007935635326948 0.024939443244739935 0.024255955534962938
0 0.3973870511997058 0.30161201906765767 0.024939443244739935 0.024255955534962757
0 0.46565499228497736 0.3649999072720925 0.026602072794389107 0.025873019237293703
0 0.39736606723883483 0.35015864647231937 0.024939443244739935 0.024255955534962757
0 0.37424993984865385 0.3071179746026205 0.024939443244739935 0.024255955534962938
0 0.42326723318567866 0.36334812723502574 0.024939443244739935 0.024255955534962938
0 0.3613889944444457 0.32635904792359816 0.024939443244739935 0.024255955534962938
0 0.4550388648947964 0.3215227257837469 0.024939443244739935 0.024255955534962938
0 0.40660136489479637 0.32321420055600336 0.024939443244739935 0.024255955534962938
0 0.42030291949058823 0.3415276909373565 0.024939443244739935 0.024255955534962938
0 0.43003886489479637 0.3223957450210406 0.025039572794389287 0.025818455534962936
0 0.44374041949058823 0.3407092354023937 0.023376943244739934 0.02420139183263199
0 0.38502675354374427 0.32866559238863535 0.024939443244739935 0.024255955534962757
0 0.69921875 0.01796875 0.0953125 0.0359375
0 0.8385264975267646 0.22534716334736035 0.0857348457733483 0.12147818511654265
0 0.5784110178848303 0.19841267423195158 0.09218510487264701 0.12482143992586625
0 0.7890625 0.0140625 0.096875 0.028125
0 0.6019510425618325 0.07700890018533446 0.10468510487264701 0.1252579495445131
0 0.8859375 0.35 0.121875 0.059375
0 0.98671875 0.13203125 0.0265625 0.0828125
0 0.7181768198597285 0.08234618621285109 0.12692105027685524 0.10732640507947586
0 0.9288115360834276 0.1924404049098399 0.08709708667404961 0.11840774881887377
0 0.8281525971576243 0.08790172704969121 0.10115958667404978 0.1188988221398514
0 0.92890625 0.009375 0.1296875 0.01875
0 0.7224218337393891 0.17302574991518202 0.131869366131414 0.08723215988879929
0 0.9625 0.2875 0.075 0.121875
0 0.615233490125509 0.8666070804077357 0.07800388648947969 0.04949405771188111
0 0.7502884130121832 0.9213987294119439 0.07810401603912887 0.05105655771188111
0 0.49921875 0.91875 0.0390625 0.078125
0 0.6932373766149886 0.9108630226958547 0.03469397748246621 0.07916171034428636
0 0.7646980598375792 0.5842062642583342 0.04709384793281668 0.07803571996293313
0 0.5125 0.72109375 0.065625 0.0609375
0 0.5427996807493551 0.7626487559056317 0.05783108883351815 0.07529266587924913
0 0.7756097856220022 0.8766665827699885 0.08189035009228504 0.03715774881887359
0 0.6207244216500565 0.756795570789089 0.0469937183831675 0.07647321996293321
0 0.5819623102990045 0.7628471633473604 0.05314358883351815 0.07512897477225663
0 0.5943783744555203 0.9565971633473603 0.06816781153562221 0.06629961179556502
0 0.49609375 0.78125 0.0328125 0.075
0 0.6331614697674434 0.9019989433844273 0.07976664558877822 0.05267362141421188
0 0.6571787631044683 0.9591021152541261 0.0655434592838688 0.0740029843909035
0 0.5730669740863801 0.8195336729660072 0.07770349784053163 0.04480655771188111
0 0.5453125 0.98515625 0.0625 0.0296875
0 0.51640625 0.85546875 0.0734375 0.0421875
0 0.7854272717423416 0.7854959457466799 0.04250647748246603 0.07943452885594056
0 0.5318993584163914 0.910233084035933 0.0624184592838688 0.0738938569862416
0 0.6824024012919909 0.7906596501005165 0.0726550524363235 0.06333830290255768
0 0.8553230598375791 0.5810415695231447 0.08072836829088229 0.043353185116542826