0 0.36825977844508495 0.4085913270339928 0.04638915258848364 0.04684028366526398
0 0.1828125 0.625 0.05 0.028125
0 0.40841434158514717 0.4287054195922641 0.04795165258848364 0.04689484736759475
0 0.32450977844508494 0.4070635433687288 0.04795165258848364 0.04689484736759475
0 0.14081658888372406 0.49264883538669524 0.04951415258848364 0.046949411069925694
0 0.3195800837632266 0.34919647966639805 0.04786064732681172 0.04533234736759475
0 0.08657162073610385 0.20383930653075472 0.05107665258848364 0.047003974772256464
0 0.5432891415004425 0.6052480722246694 0.0181885578783902 0.01778770072563951
0 0.50703125 0.63515625 0.0140625 0.0078125
0 0.01484375 0.67734375 0.0296875 0.0328125
0 0.07734375 0.6546875 0.0328125 0.03125
0 0.04609375 0.6484375 0.0328125 0.01875
0 0.01484375 0.6484375 0.0296875 0.01875
0 0.01171875 0.7140625 0.0234375 0.03125
0 0.5602190362670056 0.78624510108061 0.04820925782192056 0.07809028366526398
0 0.7382082573983976 0.70981655425332 0.06043624203690499 0.07383929328391084
0 0.8021489310335685 0.7635070386442233 0.06034523677523325 0.07227679328391083
0 0.8002532310900383 0.7041866023465543 0.0695382262518894 0.0694791754978958
0 0.70234375 0.65546875 0.0765625 0.0328125
0 0.8015625 0.66640625 0.06875 0.0546875
0 0.8110072625188952 0.8620536660488851 0.06953822625188959 0.0694791754978958
0 0.8531808100151161 0.7294247045234725 0.04820925782192056 0.07809028366526398
0 0.7515625 0.65390625 0.0375 0.0296875
0 0.85859375 0.66171875 0.0515625 0.0453125
0 0.8473396046687396 0.8165427586071565 0.046646757821920556 0.07803571996293321