0 0.009375 0.509375 0.01875 0.05
0 0.0653407942113308 0.5157922037482884 0.04939396424430509 0.05131845909205772
0 0.18785249149587244 0.1989109291376822 0.04732128121376711 0.04502299498543501
0 0.13306939664662343 0.22076920876285336 0.04563123545613248 0.04341503087881229
0 0.20500829846339458 0.25608693164496465 0.0425062354561323 0.043324102665567035
0 0.23182614785457148 0.3285696854058884 0.04913887272903601 0.048193459092057724
0 0.01796875 0.0765625 0.0359375 0.046875
0 0.1544344714919931 0.30276335484364514 0.04563123545613248 0.04341503087881229
0 0.13109205058942647 0.13041699340258947 0.045631235456132305 0.04341503087881229
0 0.17570343573629826 0.2522632496707956 0.04263378121376711 0.04488660266556703
0 0.01875 0.190625 0.0375 0.05
0 0.64375 0.62109375 0.0875 0.0953125