0 0.6244297252482396 0.3258010979184066 0.022702670950527092 0.021458920171816588
0 0.6824968932330171 0.32258092265820737 0.022702670950527092 0.021458920171816588
0 0.709064710419492 0.40069927860567267 0.021140170950527094 0.02137703301668683
0 0.4892562292025723 0.29992691542211813 0.02276633794672147 0.023021420171816586
0 0.7374788704956041 0.43350513455313794 0.021140170950527094 0.02137703301668683
0 0.6807832015222435 0.4414946969684669 0.022702670950527092 0.021458920171816588
0 0.7208643734613537 0.41854187584671065 0.021140170950527094 0.021377033016686652
0 0.6870278843357686 0.3650959712787264 0.021140170950527094 0.021377033016686652
0 0.6277802183281573 0.35885925938379587 0.022702670950527092 0.021458920171816588
0 0.6881155404575481 0.41525974558898593 0.021140170950527094 0.021377033016686652
0 0.3359375 0.7203125 0.046875 0.059375
0 0.303125 0.9859375 0.071875 0.028125
0 0.33046875 0.8921875 0.0578125 0.059375
0 0.38359375 0.65546875 0.0484375 0.0890625
0 0.4440631570360005 0.9019541621427578 0.11173067885919252 0.06354460085908258
0 0.4437395048685538 0.8330403878324983 0.10362901878308026 0.09430327792830404
0 0.375 0.87890625 0.03125 0.0609375