0 0.03321514598549609 0.3800907707230657 0.02609161910658786 0.024456171939110406
0 0.11708503184130699 0.4330300869209573 0.026164393713693633 0.026018671939110404
0 0.15078125 0.46015625 0.0265625 0.0171875
0 0.21973915094789476 0.4523292321683218 0.024529119106587772 0.02439250494291585
0 0.3375 0.46171875 0.025 0.0140625
0 0.6819308200972639 0.2526237094309088 0.06733735731976367 0.07292284684397003
0 0.687602931345969 0.30718387543852 0.07322348428423435 0.06536501482874754
0 0.5700558664159916 0.3714612341454881 0.0764940334984459 0.0686173488211363
0 0.6578125 0.45703125 0.059375 0.0234375
0 0.6128641046291673 0.416680892244434 0.04753427956950453 0.08303267589344294
0 0.7314642473094036 0.34140236654127143 0.07620293507002245 0.06236734882113648
0 0.5817510376322753 0.2864495641835442 0.0643579065339754 0.07592051285158127
0 0.5591825248119937 0.23883973513407133 0.04426373035529281 0.07978034190105418
0 0.6867595612059239 0.18824287444993684 0.04553513192686935 0.07359400889724857
0 0.80078125 0.4515625 0.0765625 0.034375
0 0.6436389156302033 0.3715938853243518 0.05349318114108108 0.07703734387822045
0 0.691678309343897 0.39468387543852 0.05505568114108108 0.07710101087441483
0 0.68125 0.4390625 0.071875 0.059375
0 0.6314599392038518 0.27816222030532367 0.05200345574818712 0.07853617688202626
0 0.009375 0.803125 0.01875 0.0375
0 0.5293238585581086 0.6343432361226545 0.030997442927905537 0.029334672927693362
0 0.5899360268789083 0.6584863902672676 0.031070217535011223 0.03089717292769336
0 0.4586860268789083 0.6638344179475965 0.03263271753501122 0.030960839923887918
0 0.4236902886657325 0.6182964248676788 0.03263271753501122 0.030960839923887918
0 0.5490584698068137 0.6883303991645162 0.031070217535011223 0.03089717292769336
0 0.5184248999144374 0.6692275720922096 0.031070217535011223 0.03089717292769336
0 0.5147861695591447 0.5911025720922096 0.030997442927905537 0.029334672927693362
0 0.7472733378799442 0.6082423566554397 0.03255994292790536 0.029398339923887917
0 0.5569736695591446 0.589383563194961 0.02943494292790554 0.029271005931499162
0 0.6012759412707664 0.7002918882901012 0.031070217535011223 0.03089717292769336
0 0.6562116902373092 0.6025600424347145 0.030997442927905537 0.029334672927693362
0 0.5842981488809802 0.571050057263462 0.02943494292790554 0.029271005931498985
0 0.4392767473094036 0.5832210879095404 0.03255994292790545 0.029398339923887917
0 0.5888743329175454 0.5348578892786845 0.030997442927905537 0.029334672927693362
0 0.6699146253073317 0.6614893734613536 0.031070217535011223 0.03089717292769336
0 0.6575944077723204 0.6322475424347145 0.030997442927905537 0.029334672927693362
0 0.6587501852749102 0.5226178744499368 0.030997442927905537 0.029334672927693362
0 0.5663872109154735 0.6234402282139891 0.030997442927905537 0.029334672927693362
0 0.6522476282028158 0.5510612094309089 0.030997442927905537 0.029334672927693362