0 0.20877000463270373 0.5290198358130297 0.05486677513842757 0.05396406203449331
0 0.47358678285345024 0.18717489991443753 0.04489099784053181 0.04415241439185813
0 0.4730885302325566 0.31722627294996675 0.04821625693983034 0.04742296360606986
0 0.37977622609819006 0.15929814888098023 0.046553627390180985 0.045787688998963995
0 0.42246676897378965 0.2756894363083677 0.04489099784053163 0.04415241439185813
0 0.36645660086747744 0.24487177584545092 0.04489099784053163 0.04415241439185813
0 0.4446373673680316 0.027543034736791094 0.044790868290882455 0.04258991439185813
0 0.29720355799187786 0.12724332009726388 0.04322836829088228 0.042517139784752446
0 0.46309176897378973 0.27758157609311995 0.04322836829088246 0.042517139784752266
0 0.5203125 0.296875 0.021875 0.05
0 0.515625 0.3546875 0.0125 0.05
0 0.8947422871723869 0.18763716459674598 0.046553627390180985 0.04578768899896417
0 0.5140625 0.3984375 0.009375 0.05
0 0.789456405001844 0.3143751389561828 0.04821625693983034 0.04742296360606986
0 0.9131942936507919 0.3154368329175455 0.046553627390180985 0.045787688998963995
0 0.9396542689737896 0.19599762820281583 0.046553627390180985 0.04578768899896417
0 0.8685593214101133 0.13156694706173466 0.046553627390180985 0.045787688998963995
0 0.8484914435585068 0.3469008486333112 0.04821625693983034 0.04742296360606986
0 0.8307613278885182 0.25674672952672334 0.048015997840531635 0.04429796360606986
0 0.6970686459025452 0.31320643713693713 0.05144138648947969 0.04913101282028158
0 0.9555772624953847 0.06979900123834507 0.046553627390180985 0.045787688998963995
0 0.5467496684200792 0.38456339867609246 0.05154151603912895 0.05069351282028158
0 0.8984656693429299 0.056168840775428386 0.046453497840531634 0.044225188998963993
0 0.98984375 0.365625 0.0203125 0.05
0 0.8667198118493893 0.3070035947043698 0.046653756939830336 0.047350188998963996
0 0.851951614747138 0.07280837716935853 0.046453497840531634 0.044225188998964174
0 0.016936264654852984 0.9226628279551468 0.031489831893687814 0.029507717535011226
0 0.09736424429678739 0.8903640583104396 0.03002746144333699 0.030997442927905537
0 0.05028898519748868 0.8913058200972639 0.029927331893687813 0.02943494292790554
0 0.41863846699889146 0.9147306273742462 0.03315246144333717 0.031142992142117087
0 0.2627284284422286 0.8776928920565548 0.03158996144333699 0.031070217535011223
0 0.18899053979328057 0.8789599855225794 0.031489831893687814 0.029507717535011226
0 0.3488871715023983 0.9271535446615886 0.03158996144333699 0.031070217535011223
0 0.08943063078626708 0.8429796360606986 0.03158996144333699 0.031070217535011223
0 0.22765252159468333 0.8870293507002259 0.029927331893687813 0.029434942927905362
0 0.68515625 0.99375 0.0265625 0.0125