0 0.11361234540099688 0.09427585588993334 0.045839758672817865 0.04689484736759475
0 0.442391873408633 0.16198423337941303 0.04740225867281787 0.046949411069925694
0 0.1115782254137236 0.18791672848527163 0.04740225867281787 0.046949411069925694
0 0.10163960407381474 0.1391518462712865 0.04740225867281787 0.046949411069925694
0 0.21875437873963302 0.13699412394610064 0.0442590773392725 0.045277783665263985
0 0.35225776941435993 0.20100703864422345 0.047420440006363404 0.048511911069925695
0 0.24777026408335984 0.21453877058805607 0.04585794000636341 0.04845734736759475
0 0.2721339174092693 0.16072428982534975 0.045839758672817865 0.04689484736759475
0 0.01640625 0.0140625 0.0328125 0.028125
0 0.4038929947485417 0.20905764082114162 0.047420440006363404 0.048511911069925695
0 0.4541828014003606 0.10148324299805989 0.04740225867281787 0.046949411069925694
0 0.1597237293920882 0.03028776695985904 0.045839758672817865 0.04689484736759475
0 0.3631214493952699 0.06081854826287021 0.04740225867281787 0.04694941106992552
0 0.46790095074790533 0.20660725261670673 0.04896475867281787 0.047003974772256464
0 0.17484074673772393 0.12140384028083666 0.04582157733927232 0.04533234736759475
0 0.2009850760661788 0.08639392322046131 0.045839758672817865 0.04689484736759475
0 0.42396804272754274 0.05513403265377361 0.04740225867281787 0.046949411069925694
0 0.24255441072563366 0.034742143183394344 0.045839758672817865 0.04689484736759475
0 0.30436461473581494 0.11187012757429766 0.045839758672817865 0.04689484736759475
0 0.25390625 0.00546875 0.0453125 0.0109375
0 0.25405553206554243 0.08356158909971034 0.045839758672817865 0.04689484736759475
0 0.35546875 0.0140625 0.0484375 0.028125
0 0.29904076806172447 0.05701893646730518 0.04740225867281787 0.046949411069925694
0 0.29311912675045065 0.2192461179556508 0.045839758672817865 0.04689484736759475
0 0.10747252808717782 0.23775303737827908 0.047420440006363404 0.048511911069925695
0 0.18476118674408734 0.1686062224948218 0.0458215773392725 0.04533234736759475
0 0.20859375 0.0125 0.0453125 0.025
0 0.165625 0.9640625 0.103125 0.071875
0 0.04375 0.828125 0.0875 0.103125
0 0.17306226010499515 0.8385219076113646 0.10268974267981754 0.10042164065150558
0 0.0421875 0.959375 0.084375 0.08125
0 0.1776395774188142 0.694990162420688 0.10421588001272682 0.09735120435383653
0 0.0484375 0.53671875 0.096875 0.1015625
0 0.0453125 0.68359375 0.090625 0.0984375
0 0.18686803206554242 0.548497108337004 0.10265338001272664 0.09729664065150559
0 0.9178100440801782 0.8662352237607662 0.04740225867281787 0.046949411069925694
0 0.5957510413749072 0.5707292284852716 0.045839758672817865 0.04689484736759475
0 0.9646668627466326 0.8663096348306919 0.04582157733927232 0.04533234736759475
0 0.9609375 0.978125 0.046875 0.04375
0 0.98515625 0.73671875 0.0296875 0.0453125
0 0.9003327374283593 0.9749554593327959 0.04740225867281787 0.046949411069925694
0 0.5964237507160887 0.6285417284852717 0.044277258672817864 0.04684028366526398
0 0.6075441587364514 0.7788691106992568 0.044259077339272326 0.045277783665263985
0 0.9370145774188142 0.9059524881887364 0.04738407733927232 0.04538691106992569
0 0.6877385467059073 0.5567609869227921 0.045839758672817865 0.04689484736759475
0 0.6928453120623608 0.7271826143274538 0.044259077339272326 0.045277783665263985
0 0.7726600813971789 0.7409028631463275 0.0442590773392725 0.045277783665263985
0 0.5476953493793616 0.601850253713015 0.045839758672817865 0.04689484736759484
0 0.9243862133990879 0.7602580422724206 0.04582157733927232 0.04533234736759475
0 0.8758941693984517 0.7538790675001639 0.04582157733927232 0.04533234736759475
0 0.8524555747135434 0.6187401756675319 0.0458215773392725 0.04533234736759484
0 0.53671875 0.54453125 0.0359375 0.0484375
0 0.8375 0.990625 0.046875 0.01875
0 0.769028193427723 0.9656846083370041 0.045839758672817865 0.04689484736759475
0 0.6885385253819069 0.6255109869227921 0.044259077339272326 0.045277783665263985
0 0.8517134240929047 0.9576389845605394 0.045839758672817865 0.04689484736759475
0 0.98828125 0.82890625 0.0234375 0.0453125
0 0.53515625 0.79140625 0.0328125 0.0453125
0 0.53359375 0.48515625 0.0296875 0.0484375
0 0.8901941214194506 0.9090030771188108 0.04582157733927232 0.04533234736759475
0 0.9155908267027255 0.5412897874630971 0.045839758672817865 0.04689484736759475
0 0.93125 0.99453125 0.046875 0.0109375
0 0.8256214493952699 0.7286955290255765 0.044259077339272326 0.045277783665263985
0 0.6372487453850886 0.6471478847458738 0.0442590773392725 0.045277783665263985
0 0.8423736920750875 0.826116166048885 0.04424089600572696 0.04371528366526398
0 0.9667737080680878 0.7789187622353536 0.04580339600572714 0.04376984736759475
0 0.7740214920432708 0.5894494905509892 0.04582157733927232 0.04533234736759484
0 0.6049271413908155 0.6881895469969258 0.04582157733927232 0.04533234736759475
0 0.7984407840547247 0.674642946085952 0.04580339600572714 0.04376984736759475
0 0.8984044213876338 0.6750100230351268 0.04580339600572696 0.04376984736759475
0 0.9471669960216353 0.436185625212045 0.047420440006363404 0.048511911069925695