0 0.3071728692711847 0.10482815571965372 0.034884077339272325 0.0461537341605581
0 0.3453125 0.33515625 0.028125 0.0453125
0 0.346875 0.19765625 0.025 0.0390625
0 0.346875 0.2875 0.025 0.034375
0 0.35390625 0.02109375 0.0109375 0.0421875
0 0.34609375 0.25546875 0.0265625 0.0453125
0 0.5549012972629124 0.32987171438584395 0.11208292401336309 0.10619500569998319
0 0.4 0.19453125 0.08125 0.0671875
0 0.71364104527373 0.2612195393956792 0.08728291868236297 0.12163433540139543
0 0.7374967159452752 0.22692094905060528 0.08401246801399935 0.10891581411407199
0 0.6446365066040938 0.27828707107456285 0.0762181493475449 0.10993201089576328
0 0.58046875 0.49453125 0.1171875 0.0890625
0 0.6136955892743663 0.2495393582013282 0.07776246801399936 0.10847877153942491
0 0.44016608792173084 0.37970818739853734 0.09980110001590833 0.12407092055068922
0 0.719453598583731 0.43364084261398794 0.1412431653405452 0.06295845792955604
0 0.41640625 0.271875 0.1140625 0.10625
0 0.587569441279457 0.21018192725907864 0.08393974267981755 0.1026658141140718
0 0.05099340523554989 0.7852469012801782 0.06322725334181775 0.06687042574646931
0 0.0140625 0.58203125 0.028125 0.0640625
0 0.028125 0.6359375 0.05625 0.059375
0 0.39414451591345856 0.6997586074450235 0.018968176002545346 0.020061127723940864
0 0.47575814258436744 0.6741901609154338 0.018968176002545346 0.020061127723940687
0 0.4755217852482766 0.6945026609154338 0.01894999466899989 0.018498627723940685
0 0.4119319999204582 0.6493979745253027 0.01894999466899989 0.018498627723940685
0 0.39772404925209465 0.660914628732347 0.01894999466899989 0.018498627723940862