0 0.16033829302400618 0.41378656326932317 0.01905000892845372 0.017951503954332714
0 0.19134283117345313 0.429122403193211 0.017487508928453722 0.017887836958138337
0 0.1219655397775953 0.46225855536065774 0.0190772824674041 0.019514003954332716
0 0.13555648133560894 0.40026789133021284 0.017487508928453722 0.017887836958138337
0 0.1575757573101912 0.4824728962731288 0.01751478246740401 0.019450336958138338
0 0.1844655397775953 0.4648052352084335 0.017487508928453722 0.017887836958138337
0 0.20313371916074424 0.4702567391627661 0.015897735389503433 0.016261669961943958
0 0.1304326047124035 0.4250768903416297 0.017487508928453722 0.017887836958138337
0 0.10521441640080073 0.4365582184025195 0.017487508928453722 0.017887836958138337
0 0.14869168101129734 0.45396589429596246 0.0175147824674041 0.019450336958138338
0 0.7616280576345028 0.6002227648659286 0.017487508928453722 0.017887836958138337
0 0.7896166899397511 0.6091812707974278 0.017487508928453722 0.017887836958138337
0 0.8305689724071552 0.592086612698482 0.017487508928453722 0.017887836958138337
0 0.7150530665629565 0.5811252549800969 0.017487508928453722 0.017887836958138337
0 0.8303701493546722 0.5138979457022875 0.01746023538950343 0.016325336958138335
0 0.6703678579588144 0.5433414120904596 0.017487508928453722 0.017887836958138337
0 0.7896633287378212 0.5169301038012334 0.017487508928453722 0.017887836958138337
0 0.7461939724071552 0.5886485949039848 0.017487508928453722 0.017887836958138337
0 0.7869007930240062 0.5856164368050389 0.017487508928453722 0.017887836958138337
0 0.7064417256535661 0.5369932530029307 0.017487508928453722 0.017887836958138337
0 0.824618981335609 0.5746444447137043 0.01746023538950343 0.016325336958138335
0 0.7543610284135096 0.5686544298849567 0.017487508928453722 0.017887836958138337
0 0.7485201314977646 0.5449622619001792 0.017487508928453722 0.017887836958138337
0 0.8748098961082613 0.5657442885919248 0.017460235389503254 0.016325336958138335
0 0.7747553490303606 0.5647946008354838 0.01592500892845372 0.01782416996194396
0 0.7719576314977646 0.545917266843095 0.017487508928453722 0.017887836958138337
0 0.8254099139651687 0.5293319447137044 0.01746023538950343 0.016325336958138335
0 0.698301943186162 0.5554249180219586 0.017487508928453722 0.017887836958138337
0 0.8249189902640627 0.5574569447137043 0.017487508928453722 0.017887836958138337
0 0.7861837727314668 0.5371152698088445 0.017487508928453722 0.017887836958138337
0 0.10513969318286667 0.6958589170333754 0.05728639448011288 0.0616670118629981
0 0.22574074513203132 0.8633886097327323 0.06046594155801355 0.0649193458553869
0 0.26253163311932254 0.9055416176413977 0.05725912094116268 0.060104511862998145
0 0.89375 0.978125 0.04375 0.04375