0 0.2859375 0.5578125 0.03125 0.03125
0 0.4234375 0.471875 0.0296875 0.0296875
0 0.478125 0.515625 0.03125 0.03125
0 0.4421875 0.5515625 0.03125 0.03125
0 0.421875 0.5296875 0.0296875 0.0296875
0 0.178125 0.621875 0.0328125 0.03125
0 0.3609375 0.5265625 0.0296875 0.0296875
0 0.3875 0.5109375 0.0296875 0.0296875
0 0.184375 0.571875 0.0328125 0.03125
0 0.43125 0.39375 0.03125 0.0296875
0 0.2921875 0.521875 0.03125 0.03125
0 0.3421875 0.5 0.0296875 0.0296875
0 0.20625 0.5484375 0.03125 0.03125
0 0.2546875 0.51875 0.03125 0.0296875
0 0.1984375 0.3796875 0.03125 0.03125
0 0.403125 0.409375 0.0296875 0.03125
0 0.1796875 0.5328125 0.03125 0.0296875
0 0.35625 0.384375 0.03125 0.0296875
0 0.1828125 0.4734375 0.0296875 0.0296875
0 0.296875 0.3640625 0.03125 0.0296875
0 0.2359375 0.49375 0.03125 0.03125
0 0.346875 0.4421875 0.03125 0.03125
0 0.18125 0.503125 0.03125 0.03125
0 0.2015625 0.43125 0.03125 0.03125
0 0.375 0.4171875 0.0296875 0.0296875
0 0.3109375 0.4984375 0.0296875 0.0296875
0 0.3328125 0.46875 0.0296875 0.0296875
0 0.2734375 0.4921875 0.03125 0.0296875
0 0.2296875 0.415625 0.03125 0.0296875
0 0.2546875 0.4703125 0.03125 0.03125
0 0.2140625 0.4734375 0.03125 0.03125
0 0.265625 0.3703125 0.0296875 0.03125
0 0.2265625 0.4453125 0.03125 0.03125
0 0.303125 0.4703125 0.03125 0.03125
0 0.346875 0.4125 0.03125 0.03125
0 0.2578125 0.428125 0.03125 0.03125
0 0.3109375 0.4421875 0.03125 0.03125
0 0.528125 0.5984375 0.03125 0.03125
0 0.28125 0.45 0.0296875 0.03125
0 0.29375 0.39375 0.0296875 0.0296875
0 0.315625 0.4109375 0.0296875 0.0296875
0 0.2640625 0.4 0.0296875 0.0296875
0 0.2875 0.421875 0.0296875 0.0296875