0 0.01015625 0.28515625 0.0203125 0.0390625
0 0.24219078405472477 0.39474668373499167 0.03633748933799978 0.036468121018452496
0 0.30908847740290585 0.5079439047252093 0.03477498933799979 0.03637711575678075
0 0.35107598273390594 0.49321354679034923 0.03477498933799979 0.03637711575678075
0 0.44309766136218054 0.21595236775233212 0.03793635200509069 0.03968412628012441
0 0.36171875 0.52265625 0.0359375 0.0328125
0 0.2237658586887262 0.1532116311182732 0.037954533338636055 0.04124662628012436
0 0.33046875 0.5296875 0.0359375 0.01875
0 0.17692831604072534 0.2878904680064459 0.036355670671545326 0.03803062101845249
0 0.24482488804899774 0.35274119425833544 0.036355670671545326 0.03803062101845249
0 0.13181581070972528 0.3024388154179623 0.036355670671545236 0.03803062101845249
0 0.26449994668999893 0.1649527679217413 0.03951703333863606 0.04133763154179624
0 0.4184249253659985 0.2426212835655825 0.03791817067154533 0.03812162628012441
0 0.1534010040579064 0.41299688381969635 0.03791817067154533 0.03812162628012441
0 0.28654076806172435 0.4488573310618035 0.03791817067154533 0.03812162628012441
0 0.4411908107097252 0.32045785722898834 0.04107953333863605 0.04142863680346807
0 0.2647919427116342 0.32423676266006946 0.036355670671545326 0.03803062101845249
0 0.04587831070972528 0.2974335260260106 0.03793635200509069 0.03968412628012441
0 0.15098507606617878 0.47375237329635256 0.03633748933799978 0.036468121018452496
0 0.3384647053628168 0.2145425152203182 0.03793635200509051 0.03968412628012441
0 0.49195333203372577 0.2547110308641594 0.03949885200509069 0.03977513154179624
0 0.8802736814130873 0.5203837205666947 0.015824994668999892 0.01809755261671846
0 0.8349248187459963 0.5146195679782111 0.017387494668999894 0.018188557878390375
0 0.8299464174092692 0.48934655219319545 0.01580681333545435 0.01653505261671846
0 0.8751861920750874 0.4857357047816791 0.015806813335454528 0.01653505261671846
0 0.72578125 0.4671875 0.0140625 0.01875
0 0.33671875 0.9625 0.1171875 0.075
0 0.49765625 0.96875 0.1109375 0.0625
0 0.33432264536918016 0.7218412628012437 0.11191929201145401 0.09083637357870131
0 0.3357953333863612 0.8484037628012437 0.11816929201145401 0.09120039462538862
0 0.4967510147199066 0.8593398047534443 0.11032042934436319 0.08762036831702939
0 0.4953146893698165 0.7359023047534443 0.10877611067790874 0.08909186305535757
0 0.984375 0.978125 0.03125 0.04375
0 0.9859375 0.94453125 0.028125 0.0546875
0 0.9393374093729981 0.766833057313693 0.08183180267345413 0.05473227360693613