0 0.44227325878553164 0.6038535040051697 0.06520349784053163 0.046192681985972685
0 0.2806162631044683 0.5094655490402376 0.044630181985972864 0.06510336829088229
0 0.36229016039128953 0.35131069246954744 0.054966904688076926 0.05642927513842757
0 0.4310191764304186 0.40395363355481895 0.061878238741233105 0.04286742288667415
0 0.40886477174234165 0.3496270789590271 0.044329793337024984 0.060415868290882455
0 0.3450397085086764 0.494920990125509 0.06051599784053163 0.04589229333702498
0 0.448665356256923 0.5093420404023641 0.04306768198597286 0.06500323874123311
0 0.3375485811184954 0.450870601476561 0.05789164558877822 0.053504534237726276
0 0.3651939173311199 0.39662319246954747 0.04745479333702498 0.060616127390180984
0 0.4828125 0.47890625 0.034375 0.0453125
0 0.478125 0.56171875 0.04375 0.0640625
0 0.4765625 0.39140625 0.046875 0.0515625
0 0.32486930598006775 0.39870732417866517 0.044429922886674335 0.061978368290882456
0 0.39233621066814467 0.4559376357142873 0.045992422886674336 0.062078497840531634
0 0.2859860811184955 0.4475663263381334 0.04745479333702498 0.060616127390180984
0 0.4046545404023642 0.5267507834625339 0.04150518198597286 0.06490310919158375
0 0.733042751384276 0.3413397054263575 0.03501535009228505 0.03647772054263569
0 0.594299228866742 0.4102527868586199 0.031489831893687814 0.03002746144333699
0 0.7631121807493552 0.27635505551864253 0.02826470234403846 0.02826470234403846
0 0.693079085437432 0.32477396668512437 0.02982720234403846 0.028364831893687638
0 0.825572607954966 0.25546036705426467 0.02826470234403846 0.02826470234403846
0 0.6509101742709502 0.3952075801956448 0.031489831893687814 0.030027461443337167
0 0.6290747470653393 0.4187056369509049 0.031589961443337165 0.03158996144333699
0 0.6662953423772624 0.3681840052417874 0.031489831893687814 0.03002746144333699
0 0.5877092674234049 0.380264898209672 0.03138970234403846 0.02846496144333699
0 0.8301204056109276 0.22929838525286197 0.02816457279438911 0.026702202344038462
0 0.7998111443521606 0.2662581647102262 0.02826470234403846 0.02826470234403846
0 0.6221843969730543 0.38403024830195703 0.031489831893687814 0.03002746144333699
0 0.6017321946290158 0.3562661937061652 0.029927331893687813 0.029927331893687636
0 0.6314196946290158 0.35816865514950225 0.02982720234403846 0.028364831893687815
0 0.6869687877814705 0.35083581893687776 0.02982720234403846 0.028364831893687815
0 0.6437799922849774 0.3325073210963462 0.02982720234403846 0.028364831893687815
0 0.7022142535437442 0.2973498735326697 0.02982720234403846 0.028364831893687815
0 0.5840650308416402 0.29911502775932125 0.029927331893687813 0.029927331893687813
0 0.7741102375046154 0.25371859191583707 0.02826470234403846 0.02826470234403846
0 0.6641530490402375 0.31047163479143663 0.02982720234403846 0.028364831893687815
0 0.7372110148025113 0.2606904827242533 0.02826470234403846 0.02826470234403846
0 0.6686007171465498 0.2827471529900339 0.02826470234403846 0.02826470234403846
0 0.5965464420081221 0.22677895280546378 0.02982720234403846 0.028364831893687815
0 0.7963461829088235 0.23647053516057692 0.026602072794389107 0.026602072794389288
0 0.6100663263381334 0.31634210055371037 0.029927331893687813 0.029927331893687813
0 0.5838251989479525 0.2710901573089705 0.02982720234403846 0.028364831893687638
0 0.6255330351605769 0.21774391424880085 0.02816457279438911 0.026702202344038462
0 0.7450840715577715 0.23785376002214925 0.026602072794389107 0.026602072794389107
0 0.769283035160577 0.22695583281653847 0.02816457279438911 0.026702202344038462
0 0.7215254580472511 0.2830265576781108 0.02826470234403846 0.02826470234403846
0 0.6356275308416401 0.3024193028977488 0.029927331893687813 0.029927331893687813
0 0.6097263648947964 0.2867547301033597 0.02982720234403846 0.028364831893687815
0 0.7210457942598756 0.2269768167774095 0.02816457279438911 0.026702202344038462
0 0.6958245511997059 0.2704869848837217 0.02816457279438911 0.026702202344038462
0 0.5860676218346266 0.33036502775932125 0.031489831893687814 0.030027461443337167
0 0.683345535160577 0.22144870758582574 0.02826470234403846 0.02826470234403846
0 0.7082849784053167 0.2463881508305656 0.02816457279438911 0.026702202344038462
0 0.6521956647102262 0.22100861659283932 0.02826470234403846 0.02826470234403846
0 0.6060611443521606 0.25384210055371037 0.02982720234403846 0.028364831893687815
0 0.65459877390181 0.2585086165928393 0.02826470234403846 0.02826470234403846
0 0.631822607954966 0.24304430289774884 0.02816457279438911 0.026702202344038462
0 0.6803602375046154 0.2477108189368778 0.02826470234403846 0.02826470234403846
0 0.6303998102990045 0.2694065437984502 0.02982720234403846 0.028364831893687815
0 0.3606671036360294 0.8225453423772624 0.046453497840531634 0.044991127390180984
0 0.2010732557032126 0.7360700169619796 0.046453497840531634 0.044991127390180984
0 0.18805162399409497 0.7756937214654864 0.046553627390180985 0.046553627390180985
0 0.1559819987633823 0.6880540191214479 0.048116127390180986 0.046653756939830336
0 0.2632123102990045 0.7587250693983031 0.04489099784053163 0.04489099784053163
0 0.3064616625507579 0.7537161967884841 0.044991127390180984 0.046453497840531634
0 0.33941386489479636 0.7822812877814705 0.04489099784053181 0.04489099784053163
0 0.275230251384276 0.8248507171465498 0.04156573874123311 0.04156573874123311
0 0.2405968306570701 0.721485885252862 0.044991127390180984 0.046453497840531634
0 0.3879700832779637 0.8600849151716515 0.04489099784053181 0.04489099784053181
0 0.23234184453673076 0.8112097193060179 0.046553627390181165 0.046553627390180985
0 0.3196391903100791 0.9350663263381336 0.04489099784053181 0.04489099784053163
0 0.3161346560723529 0.8803788263381336 0.04489099784053163 0.04489099784053163
0 0.28046875 0.99375 0.0453125 0.0125
0 0.2341837492248076 0.8642345897563686 0.046553627390180985 0.046553627390180985
0 0.3995269494093778 0.9432979333702487 0.04489099784053163 0.04489099784053163
0 0.478125 0.85234375 0.04375 0.0453125
0 0.48515625 0.9078125 0.0296875 0.040625
0 0.2951794108527149 0.9661766239940949 0.044991127390180984 0.046453497840531634
0 0.403697607954966 0.7412743584163913 0.04489099784053163 0.04489099784053163
0 0.3662581647102262 0.715533878774457 0.04342862739018098 0.04635336829088228
0 0.1601478670542647 0.7287791486710973 0.04479086829088237 0.04332849784053163
0 0.4475873102990045 0.7705403562569231 0.04489099784053163 0.04489099784053181
0 0.39726833281653845 0.6895115993170927 0.044991127390180984 0.046453497840531634
0 0.4014108220191968 0.8998483220191968 0.0431282387412331 0.04166586829088246
0 0.48046875 0.7953125 0.0390625 0.04375
0 0.279936340217794 0.8982882171465498 0.04489099784053181 0.04489099784053181
0 0.24001224706533933 0.9066223488556673 0.046553627390180985 0.046553627390180985
0 0.45279644200812214 0.7304160040051697 0.046453497840531634 0.044991127390180984
0 0.49453125 0.70859375 0.0109375 0.0484375
0 0.0875 0.64375 0.053125 0.028125
0 0.28359375 0.63671875 0.0453125 0.0140625
0 0.4328125 0.98359375 0.04375 0.0328125
0 0.43984375 0.64453125 0.0453125 0.0296875
0 0.353078241823552 0.655558101476561 0.04489099784053163 0.04489099784053163
0 0.25056781770026004 0.9742103670542648 0.04665375693983016 0.048116127390180986
0 0.48359375 0.6625 0.0328125 0.046875
0 0.19415952652270355 0.8710062214654866 0.046553627390180985 0.046553627390180985
0 0.2521560919158371 0.6833245511997058 0.04322836829088228 0.04322836829088246
0 0.19221749228497736 0.8164188510151357 0.046653756939830336 0.048116127390180986
0 0.48515625 0.74453125 0.0296875 0.0421875
0 0.1521536967884841 0.7982906122739026 0.048116127390180986 0.046653756939830336
0 0.10295712831303164 0.6862121144333709 0.04977875693983034 0.048316386489479515
0 0.478125 0.99296875 0.04375 0.0140625
0 0.55 0.64375 0.075 0.028125
0 0.50703125 0.77734375 0.0140625 0.0859375
0 0.5941805104835746 0.6937799922849773 0.08036742288667434 0.06428134793281685
0 0.52265625 0.8484375 0.0453125 0.090625
0 0.5568597856220022 0.742739123994095 0.08309190468807692 0.058231607032115384
0 0.682718983647104 0.8612864697674434 0.08807979333702498 0.06321949568106326
0 0.6472239697674433 0.7687590083241063 0.07794332973421944 0.07501858883351815
0 0.6670729996862329 0.9085224151716517 0.08525518198597268 0.06770673658176474