0 0.34725634789336474 0.31333321184725776 0.07911315727678296 0.10903980925276535
0 0.4285063478933647 0.3147514358726754 0.11042705909355419 0.07213982710967279
0 0.98515625 0.4703125 0.0296875 0.0375
0 0.99375 0.41484375 0.0125 0.0796875
0 0.35812943032477806 0.8331354228870319 0.030420823637421535 0.028615923701106105
0 0.19285537456520388 0.7772012483751469 0.03198332363742162 0.028643197240056394
0 0.17573151850606727 0.8159091923687924 0.031983323637421714 0.028643197240056394
0 0.3239139269907982 0.8153751785690748 0.030420823637421535 0.028615923701106105
0 0.3615092639641394 0.9127683758091312 0.030548369395056164 0.030178423701106107
0 0.26004261668929607 0.8548274163942102 0.030420823637421622 0.028615923701106105
0 0.2963632697140152 0.7072353961016707 0.031983323637421714 0.028643197240056394
0 0.24751118153272608 0.7204251428552599 0.031983323637421714 0.028643197240056394
0 0.2091820051701477 0.7478410308425509 0.03198332363742162 0.028643197240056394
0 0.16897107759962132 0.8860035040571898 0.03211086939505616 0.030205697240056395
0 0.2898893554794085 0.9146387930174157 0.03211086939505616 0.030205697240056395
0 0.209436838809509 0.8274194366867496 0.03198332363742162 0.028643197240056394
0 0.40691813244111164 0.7044843173671449 0.030293277879787084 0.027053423701106284
0 0.234375 0.99609375 0.034375 0.0078125
0 0.37283017486476633 0.6882865730491877 0.030420823637421535 0.028615923701106105
0 0.6267516266912357 0.9127173774306889 0.03211086939505616 0.030205697240056395
0 0.17056527063209917 0.9437614569792891 0.03211086939505616 0.030205697240056395
0 0.30625 0.996875 0.03125 0.00625
0 0.2901771715307864 0.66968084902377 0.030420823637421622 0.028615923701106105
0 0.46555980880368997 0.6774229853862082 0.030420823637421535 0.028615923701106282
0 0.6295576333591956 0.947092377430689 0.03211086939505616 0.030205697240056395
0 0.5667077206224007 0.6932309918790299 0.030420823637421535 0.028615923701106105
0 0.5123067472942399 0.8295855032431156 0.030420823637421535 0.028615923701106105
0 0.5943864394086338 0.6500264626580367 0.030420823637421535 0.028615923701106105
0 0.7765625 0.7640625 0.034375 0.096875
0 0.7984375 0.8578125 0.078125 0.0625
0 0.9316313478933648 0.7945128482096958 0.07197033697334128 0.09799321509696401
0 0.8763378121376698 0.843476453729583 0.0958224251546305 0.08436709172016936
0 0.9268477372923003 0.9270526128201926 0.0994895590935542 0.07194891233702042
0 0.88359375 0.97734375 0.1015625 0.0453125