0 0.728125 0.690625 0.0421875 0.04375
0 0.6734375 0.6171875 0.0375 0.040625
0 0.5265625 0.55 0.0390625 0.0390625
0 0.628125 0.503125 0.0390625 0.0390625
0 0.5875 0.8484375 0.0421875 0.0453125
0 0.4734375 0.6453125 0.0390625 0.040625
0 0.521875 0.4484375 0.040625 0.040625
0 0.4921875 0.5671875 0.0359375 0.03125
0 0.7015625 0.6234375 0.0359375 0.0375
0 0.634375 0.5859375 0.0390625 0.040625
0 0.6578125 0.6625 0.0390625 0.040625
0 0.6828125 0.5703125 0.0390625 0.0390625
0 0.4046875 0.6296875 0.0390625 0.0390625
0 0.5234375 0.840625 0.04375 0.046875