0 0.19405360924573128 0.46765440524535284 0.047420440006363404 0.049331614653892505
0 0.23805924260027583 0.3136153584338562 0.04582157733927232 0.04612472749876275
0 0.03595130259391244 0.3499269154221182 0.04742044000636332 0.049331614653892505
0 0.08907630259391244 0.3527110786965297 0.04742044000636332 0.049331614653892505
0 0.00703125 0.2796875 0.0140625 0.05
0 0.02835588391154955 0.4652243668015991 0.047420440006363404 0.049331614653892505
0 0.75625 0.00703125 0.04375 0.0140625
0 0.7525944572724573 0.14572409430036187 0.0458215773392725 0.04612472749876275
0 0.9953125 0.10703125 0.009375 0.0421875
0 0.94296875 0.01796875 0.0421875 0.0359375
0 0.974034199952275 0.060395183173656976 0.041097714672181596 0.042754066033373485
0 0.87734375 0.01796875 0.0421875 0.0359375
0 0.8502330732813661 0.08517609791840659 0.0458215773392725 0.04612472749876275
0 0.9317921559516386 0.06287172998515364 0.042678396005727134 0.04439845318850324
0 0.8752148919478205 0.7717155427391669 0.055287484006999676 0.05442855042954129
0 0.59140625 0.6609375 0.0453125 0.05625
0 0.7196194199554566 0.7072768272261917 0.052162484006999674 0.05426477611928178
0 0.6996330892743663 0.8125441813646347 0.05059998400699968 0.05418288896415202
0 0.59296875 0.8015625 0.0484375 0.053125
0 0.6651319146244565 0.6872232767966503 0.053761346674090583 0.057471663274411534
0 0.643855803946548 0.7689712437799636 0.05059998400699968 0.05418288896415202
0 0.8093353532781844 0.7901512822237173 0.053724984006999675 0.05434666327441153
0 0.6817739746180932 0.7349990355030777 0.050581802673454135 0.05262038896415202