0 0.3059617252587971 0.1760685322759028 0.06578082488222207 0.041140210466874015
0 0.254596131950464 0.31896866381769906 0.04126884043361088 0.0630306210184525
0 0.18271971489120453 0.198791942686307 0.04140554147037019 0.06459312101845249
0 0.26762239519277864 0.22338314803268347 0.04283134043361105 0.06312162628012441
0 0.048637240810185924 0.16773790571342975 0.05023373732333312 0.05888915258848364
0 0.18445716361888956 0.12562745847132256 0.05478453628657398 0.05759966837349921
0 0.30617775579592693 0.28021000070587176 0.06306592799249984 0.04564569994353036
0 0.20485041017851965 0.35451132166785443 0.0587885311027776 0.050060184158514785
0 0.20664664750185285 0.2984433321911982 0.053085335249814666 0.0559461631118273
0 0.25121543666314883 0.16215722169608932 0.054921237323333115 0.05916216837349921
0 0.2608857967006493 0.3714566269859961 0.06435502591898139 0.0426117052052021
0 0.18615778171490832 0.24833691637794778 0.06408162384546294 0.0394867052052021
0 0.08025909622953789 0.23274127943330533 0.04269463939685174 0.06155912628012441
0 0.3095364931192601 0.22405100596754357 0.048944639396851744 0.06192314732681172
0 0.04682187964138986 0.25956138466674233 0.04839783524981485 0.05567314732681172
0 0.28534040961287177 0.5006135059675435 0.06103453628657398 0.05796368942018652
0 0.225 0.025 0.059375 0.05
0 0.23207445739833404 0.13218129535949524 0.05634703628657398 0.05769067363517104
0 0.02890625 0.371875 0.0578125 0.040625
0 0.14856216248759385 0.4292984900413536 0.06007762902925915 0.04702618942018653
0 0.18424538425953826 0.3945748795462448 0.05349543836009261 0.060633663111827475
0 0.01328125 0.21015625 0.0265625 0.0609375
0 0.097527342789168 0.46180715315318094 0.04581963939685174 0.061741136803468065
0 0.10076850292120483 0.3714551689381965 0.06306592799249984 0.04564569994353036
0 0.08277992054611225 0.3460757373399305 0.06564412384546295 0.03957771046687384
0 0.18813321894370513 0.49228433745287 0.06402283524981485 0.05658319994353036
0 0.04049538425953827 0.40294736362005495 0.06734332488222208 0.04123121572854575
0 0.11781788482518607 0.24765364789150918 0.048671237323333116 0.0587981473268119
0 0.03284012620101988 0.4904473636200549 0.05892523213953691 0.05162268415851479
0 0.30303363195046407 0.3161475007058717 0.0646872165881481 0.028640210466873837
0 0.028125 0.33671875 0.05625 0.0296875
0 0.06484375 0.53828125 0.0453125 0.0609375
0 0.14957644128129735 0.3110945216113848 0.05933533524981467 0.056310184158514784
0 0.24049396720027874 0.26693572695776113 0.06435502591898139 0.0426117052052021
0 0.2785188133833339 0.04553116381769904 0.04609304147037019 0.06486613680346806
0 0.10590435372240847 0.29498367419986843 0.045546237323333114 0.05861613680346807
0 0.10686267803898275 0.40840913736816536 0.05851512902925933 0.04693518415851479
0 0.18362208473064962 0.54384683745287 0.06978481969842587 0.03360072625188941
0 0.31516035947185256 0.12423301649088722 0.04738213939685174 0.06183214206513998
0 0.1311763387366674 0.1660396268448217 0.041132139396851744 0.06146812101845249
0 0.08619461234657458 0.058287311003336485 0.0660542269557407 0.04426521046687402
0 0.2729565697449086 0.41117157436927754 0.06402283524981485 0.05658319994353036
0 0.2255128076338897 0.2071812953594952 0.054511134213055354 0.054474668373499215
0 0.60546875 0.03046875 0.0609375 0.0609375
0 0.6174283226196307 0.11086627943330533 0.0618547425071295 0.06733868942018653
0 0.6769782713473157 0.034334600536462465 0.0691204383600926 0.06154371572854593
0 0.5638153070682419 0.13730695306847637 0.0649797425071295 0.06752069994353019
0 0.5761212344950939 0.24540787940507053 0.06396404665416658 0.07367969468185827
0 0.48515625 0.1109375 0.0328125 0.046875
0 0.7214514412812973 0.07682593742463517 0.07353453628657398 0.05869173151356133
0 0.543111827803427 0.10742203199355416 0.0689837373233333 0.059981215728545936
0 0.6345187863330567 0.16427970576989948 0.07427683006601846 0.049407736775233246
0 0.6823315697449086 0.18636753739640036 0.056288247690925886 0.07478716837349922
0 0.5274471630532418 0.05548010039528819 0.060018840433610963 0.06412268415851478
0 0.5203125 0.01484375 0.071875 0.0296875
0 0.49453125 0.07265625 0.0515625 0.0484375
0 0.7593041728551864 0.17722077957447963 0.07937443317629622 0.05436825256024882
0 0.5923121624875939 0.20249233731169572 0.06328054147037018 0.06586719468185845
0 0.496875 0.1890625 0.05625 0.034375
0 0.1877585294058341 0.854659594992442 0.03554652073518518 0.033161110495108836
0 0.2434015196038894 0.7161739476656301 0.03554652073518509 0.033161110495108836
0 0.17480876154537106 0.8072231528708322 0.035683221771944405 0.03472361049510884
0 0.14662497294972288 0.7917647528425974 0.03554652073518509 0.033161110495108836
0 0.14135242111176008 0.8697987475809257 0.03710902073518514 0.033252115756780755
0 0.20707445739833402 0.8115620423757235 0.0339840207351851 0.03307010523343692
0 0.10770059104574163 0.9168403475526906 0.037245721771944365 0.034814615756780756
0 0.29488610716277835 0.7318297687687874 0.03554652073518518 0.033161110495108836
0 0.2735387874643525 0.7626093319088495 0.03554652073518518 0.033161110495108836
0 0.8914714153623159 0.9412832795744798 0.02039041244111104 0.019842063140062115
0 0.8948889412812973 0.9022207795744798 0.018691211404351905 0.018188557878390375
0 0.8598304360975011 0.9120353953312603 0.020253711404351903 0.018279563140062117