0 0.253125 0.41015625 0.05625 0.0171875
0 0.1796875 0.409375 0.065625 0.01875
0 0.1439180008140742 0.20619599750120027 0.05122730925276535 0.0741012734452168
0 0.2412451939969408 0.35174345061076673 0.05736821509696384 0.06832487012586892
0 0.08326905276323884 0.37307676679723223 0.05276253571381497 0.07265717261537982
0 0.35859375 0.39609375 0.0703125 0.0453125
0 0.40275543831489796 0.3067358360839753 0.049664809252765355 0.0739828742750536
0 0.3129020056853381 0.3587970887832677 0.06663412094116268 0.06278526514684693
0 0.14647816477594766 0.32771579999071127 0.07422843262955983 0.05087726099766208
0 0.3993225211066136 0.23521603359446436 0.07121252678536116 0.056890462657336105
0 0.00625 0.29375 0.0125 0.071875
0 0.059344177761591156 0.1345829518601666 0.06202844155801355 0.06711756763635793
0 0.07312248539279871 0.3285930609883733 0.06811480032431164 0.058216164317009954
0 0.03631223214638783 0.3813162419021229 0.046485262174864594 0.07062107593472752
0 0.16117586445163612 0.37965680828908094 0.06965002678536117 0.05677206348717299
0 0.13046875 0.39765625 0.0640625 0.0421875
0 0.0140625 0.40390625 0.028125 0.0296875
0 0.0984375 0.41171875 0.065625 0.0140625
0 0.02109375 0.1640625 0.0421875 0.053125
0 0.3286712816599205 0.8842492199067987 0.017814791395857732 0.03723989087179334
0 0.37788034903036055 0.9257729464615819 0.034838650162155815 0.029167281743586494
0 0.42445534010190683 0.9394084713566911 0.030260244317957152 0.0350620842330974
0 0.3760372053610266 0.852572244801908 0.03472955600635448 0.02291728174358667
0 0.4489837816599205 0.8751324838042457 0.03623750892845372 0.019910680913749524
0 0.2949860284135096 0.9367356024802221 0.02716251785690744 0.036387785892771515
0 0.27734375 0.9953125 0.0265625 0.009375
0 0.32386677922428847 0.8019103165874508 0.023982970779006775 0.03302598755244546
0 0.43308604627041714 0.891941475505876 0.03626478246740419 0.021473180913749702
0 0.42628266721157965 0.8347209713566912 0.024010244317957154 0.03458848755244546
0 0.47952466964721163 0.9133895004009853 0.030205697240056395 0.03193708423309758
0 0.45111902597787756 0.8422015846340829 0.01781479139585791 0.03723989087179334
0 0.43984633523064287 0.7728362779953869 0.030178423701106107 0.03037458423309758
0 0.2766099496789837 0.8273372916923414 0.0347022824674041 0.021354781743586494
0 0.401228120133679 0.8397403580792995 0.028643197240056394 0.031818685062934546
0 0.41951446997152325 0.8648820680373432 0.03322160308425524 0.02592388257342364
0 0.40492586445163614 0.8066910597389736 0.028643197240056394 0.03181868506293437
0 0.38497582873782116 0.8768618497809297 0.03780000892845372 0.020029080083912555
0 0.4193429204579905 0.7853129672075063 0.020912517856907443 0.0359141892121194
0 0.32631784903036065 0.9296801190769617 0.025600017856907444 0.03626938672260849
0 0.43458609091268574 0.806003975505876 0.03012387662320535 0.02724958423309758
0 0.2998019878284307 0.8396238041398961 0.033276150162155814 0.029048882573423463
0 0.4562429026010831 0.8168463871235938 0.034675008928453724 0.01979228174358667
0 0.36627246753589127 0.7862135389930491 0.03168637662320535 0.02736798340326043
0 0.4663701047124034 0.9518366937622895 0.014717064934808021 0.038565592531467276
0 0.73203125 0.7265625 0.0265625 0.046875
0 0.734375 0.8453125 0.03125 0.046875
0 0.725 0.88671875 0.0125 0.0484375
0 0.8719109926996946 0.954723050191204 0.044540932629559826 0.04862767676456468
0 0.7715485284135096 0.8936689962518004 0.042951159090609536 0.04694677759440165
0 0.9123098961082613 0.8752005709371282 0.04607615909060954 0.0471835759347277
0 0.7457303222449994 0.9424383829744087 0.04451365909060954 0.047065176764564676
0 0.73828125 0.79140625 0.0390625 0.0453125
0 0.8576496696472116 0.8777820418928342 0.04451365909060954 0.047065176764564676
0 0.8196587459461055 0.9087486219767467 0.04451365909060954 0.047065176764564676
0 0.7971291810112973 0.9479062103590291 0.04451365909060954 0.047065176764564676
0 0.8493110641273246 0.8191174369138123 0.04607615909060954 0.0471835759347277
0 0.7703125 0.9828125 0.04375 0.034375
0 0.85 0.99140625 0.04375 0.0171875