0 0.09283411519208329 0.29990700409012805 0.0462981473268119 0.04502299498543501
0 0.05651718359381732 0.31912836553118373 0.0462981473268119 0.04502299498543501
0 0.22811916780880176 0.31944191725967863 0.0462981473268119 0.04502299498543501
0 0.05161685196731654 0.3689010449980703 0.04629814732681172 0.04502299498543501
0 0.00703125 0.40234375 0.0140625 0.0453125
0 0.07925600455580017 0.41494097070403324 0.04473564732681172 0.04497753087881229
0 0.2615980676958623 0.4389648070722643 0.04795165258848364 0.04663095909205772
0 0.25722981513561355 0.3639648070722643 0.04629814732681172 0.04502299498543501
0 0.17833054138750307 0.4287427094212621 0.0462981473268119 0.04502299498543501
0 0.07911876763939266 0.4929295783841653 0.04804265785015538 0.048193459092057724
0 0.14316731513561365 0.36064592728880845 0.0462071420651398 0.04346049498543501
0 0.18447558362205224 0.2932143863808664 0.04464464206513998 0.04341503087881229
0 0.21428345193908171 0.4032713479802065 0.0462981473268119 0.04502299498543501
0 0.12227796246242537 0.40371396568946827 0.04629814732681172 0.04502299498543501
0 0.29526043615406616 0.4009479815245859 0.0494231473268119 0.04511392319868044
0 0.14752015714428382 0.4621629631821859 0.0462981473268119 0.04502299498543501
0 0.18380772568719211 0.3353109581676209 0.0462071420651398 0.04346049498543501
0 0.22121526237772074 0.4955043120868291 0.04795165258848364 0.04663095909205772
0 0.819182325517783 0.4588895475053528 0.04804265785015538 0.048193459092057724
0 0.829316188714315 0.41862826035833434 0.04804265785015556 0.048193459092057724
0 0.7816977360693615 0.4312813730530312 0.04804265785015538 0.048193459092057724
0 0.8361430413875031 0.3751510449980703 0.04795165258848364 0.04663095909205772
0 0.7946079887707846 0.35834397822588065 0.04638915258848364 0.046585494985435
0 0.785704883678522 0.17870194233250328 0.04629814732681172 0.04502299498543501
0 0.49536685196731656 0.3090807979675712 0.04960515785015547 0.048238923198680436
0 0.6451848414439729 0.31032035220334864 0.04960515785015547 0.048238923198680436
0 0.5750837150226741 0.4190301109788372 0.0496961631118273 0.04980142319868044
0 0.9859375 0.24140625 0.028125 0.0484375
0 0.7009027623777208 0.4367297395086517 0.0496961631118273 0.04980142319868044
0 0.5657549466774098 0.3392062186589692 0.04960515785015547 0.048238923198680436
0 0.9890625 0.35234375 0.021875 0.0484375
0 0.6331105046969745 0.21013849577685786 0.04786064732681181 0.04506845909205772
0 0.8128148732963526 0.02818511678482505 0.04638915258848364 0.046585494985435
0 0.5387249259130711 0.0358084340192331 0.04795165258848364 0.04663095909205772
0 0.7287701571442838 0.4063435575344826 0.04648015785015538 0.04814799498543536
0 0.654347009817472 0.36050220862983934 0.04804265785015556 0.048193459092057724
0 0.8306533626318344 0.17377040142456107 0.04629814732681172 0.04502299498543501
0 0.77109375 0.00703125 0.0484375 0.0140625
0 0.8957169205102249 0.19282192979609097 0.0462981473268119 0.04502299498543501
0 0.5315480046969745 0.20718332884638357 0.04795165258848364 0.04663095909205772
0 0.7667405940042216 0.38873016020004963 0.04804265785015538 0.048193459092057724
0 0.8171831258566014 0.10318511678482505 0.044553636803468064 0.041852530878812286
0 0.99296875 0.2984375 0.0140625 0.046875
0 0.5910308785580245 0.023291713644404233 0.04464464206513989 0.04341503087881229
0 0.7357342467338795 0.2848777344940868 0.04638915258848364 0.046585494985435
0 0.8546875 0.01953125 0.046875 0.0390625
0 0.8094293519673166 0.31821908339873006 0.04804265785015556 0.048193459092057724
0 0.6298776308359246 0.39566681881725374 0.04804265785015547 0.048193459092057724
0 0.7336704887707846 0.356570878067596 0.04804265785015538 0.048193459092057724
0 0.7512542889684287 0.14962219609342703 0.04786064732681172 0.04506845909205772
0 0.6038640785015547 0.08293949828414035 0.04786064732681172 0.04506845909205772
0 0.569032594145396 0.23479150329870527 0.04804265785015547 0.048193459092057724
0 0.6384658626318346 0.16817831630997127 0.04786064732681172 0.04506845909205772
0 0.6999200311465081 0.07169577289474657 0.0478606473268119 0.04506845909205772
0 0.7212475415286774 0.22362198574772804 0.04638915258848364 0.046585494985435
0 0.8539983993223632 0.3335545783841652 0.04804265785015538 0.048193459092057724
0 0.683762952080256 0.19601381129540635 0.04786064732681172 0.04506845909205772
0 0.8413626204537552 0.2505147578510519 0.0462071420651398 0.04346049498543501
0 0.8531499889119589 0.21186143481065595 0.0462981473268119 0.04502299498543501
0 0.5936377519955514 0.28230300079142284 0.04795165258848364 0.04663095909205772
0 0.7750264469597585 0.048923514119258014 0.04795165258848364 0.04663095909205772
0 0.6916356362387708 0.2508377036152744 0.0478606473268119 0.04506845909205772
0 0.9031514469597586 0.052651570862317774 0.04795165258848364 0.04663095909205772
0 0.564755346846819 0.16135400329870536 0.04620714206513989 0.04346049498543501
0 0.9464911942583354 0.1272256735278848 0.0478606473268119 0.04506845909205772
0 0.9382684415569124 0.20029946067490342 0.04464464206513981 0.04341503087881229
0 0.6010722784450849 0.14213264185764968 0.04629814732681172 0.04502299498543501
0 0.8632236679499762 0.11700357587688277 0.0462981473268119 0.04502299498543501
0 0.8616009837914614 0.062361539983505396 0.0478606473268119 0.04506845909205772
0 0.9089757837067569 0.1526515708623178 0.04795165258848364 0.04663095909205772
0 0.904865136379945 0.10885610675569506 0.04638915258848364 0.046585494985435
0 0.942470094145396 0.24565742478152605 0.04795165258848364 0.04663095909205772
0 0.5916664573419278 0.19489392900466812 0.04620714206513998 0.04346049498543501
0 0.7302291574266324 0.11001412681395487 0.04786064732681172 0.04506845909205772
0 0.6866163943430401 0.030752524148387826 0.04464464206513981 0.04341503087881229
0 0.1775731362387707 0.966974832145089 0.029383663111827295 0.04921038981258548
0 0.1379198310618035 0.8753496217993899 0.041519642065139806 0.043324102665567035
0 0.11413372056669466 0.8419006243066723 0.048786110495108836 0.03417642319868044
0 0.1148925837632266 0.8013665525199176 0.04142863680346807 0.041761602665567034
0 0.07014006783703666 0.9435707728947467 0.03388915258848364 0.04622178213245363
0 0.17507122056669466 0.8436737244649569 0.049984589448421345 0.027971887305303155
0 0.160583057313693 0.9430826910788621 0.03076415258848364 0.046130853919208195
0 0.14092300469697444 0.9269121217993899 0.03076415258848364 0.046130853919208195
0 0.2474614310335686 0.9081741451563549 0.03076415258848364 0.046130853919208195
0 0.18028934158514714 0.8797021526782023 0.04004814732681172 0.04484113855894432
0 0.16410289946353754 0.8963895475053528 0.03388915258848364 0.04622178213245363
0 0.10390625 0.990625 0.0484375 0.01875
0 0.10838352048199003 0.9306448755603135 0.05034861049510884 0.03422188730530316
0 0.9753119572007535 0.7696284707040333 0.04482665258848364 0.04654003087881229
0 0.9379183730140038 0.7435827962517116 0.04473564732681172 0.04497753087881229
0 0.927784509817472 0.7838440833987301 0.04473564732681172 0.04497753087881229
0 0.97109375 0.58984375 0.0453125 0.0203125
0 0.98984375 0.7375 0.0203125 0.04375
0 0.8770718782756758 0.743372196093427 0.04473564732681172 0.04497753087881247
0 0.8883132151638484 0.6953438730530312 0.04473564732681172 0.04497753087881229
0 0.8689569994353027 0.6308267319868044 0.0447356473268119 0.04497753087881229
0 0.9611276308359246 0.8206908655311839 0.0431731473268119 0.04493206677218975
0 0.9097485994070678 0.6616508346523714 0.0447356473268119 0.04497753087881229
0 0.7804559415569123 0.6110932420159342 0.04629814732681172 0.04502299498543501
0 0.81953125 0.60078125 0.0453125 0.0421875
0 0.8290600415286775 0.6421446652146147 0.04464464206513998 0.04341503087881229
0 0.9034384152485531 0.606872406439126 0.04464464206513981 0.04341503087881229
0 0.9828125 0.66171875 0.034375 0.0421875
0 0.9828125 0.61640625 0.034375 0.0390625
0 0.8437287572572233 0.7065254139609733 0.0447356473268119 0.04497753087881247