0 0.01171875 0.409375 0.0234375 0.028125
0 0.07542137094445786 0.3838216476077079 0.027026150162155815 0.027180749050069508
0 0.0821350211066136 0.3571136772429857 0.026998876623205346 0.025618249050069507
0 0.048640682632855106 0.3969398966577774 0.027026150162155815 0.027180749050069508
0 0.023831597405507488 0.38658427811666635 0.027026150162155815 0.027180749050069508
0 0.047596379872911584 0.367288764248958 0.025436376623205526 0.025581881458888844
0 0.00390625 0.37265625 0.0078125 0.0265625
0 0.0211702475676633 0.3600945132990275 0.026998876623205437 0.02561824905006942
0 0.5241861534118619 0.33691028001652745 0.0381545649348082 0.038372822188333267
0 0.51484375 0.41171875 0.0296875 0.0390625
0 0.6633111087695932 0.41957469681027726 0.03656479139585791 0.03677395459715278
0 0.563774758931749 0.395339722645833 0.038181838473758486 0.03993532218833344
0 0.6294543060096498 0.39068728381624956 0.034975017856907445 0.03517508700597212
0 0.593053155847494 0.41808623841340237 0.03656479139585791 0.03677395459715278
0 0.7206599586074375 0.44479159593659673 0.034975017856907445 0.03517508700597229
0 0.5360588620160041 0.372556839287083 0.03656479139585791 0.03677395459715278
0 0.889102041399153 0.9271676848424301 0.049310253246410876 0.05112739532659738
0 0.9447749375008238 0.6010039219246522 0.04931025324641105 0.05112739532659725
0 0.9392965048712639 0.6464255246981938 0.049337526785361165 0.05268989532659729
0 0.9497237159110382 0.7648845839687495 0.05092730032431163 0.054288762917777865
0 0.947716931008002 0.7008948191511105 0.04939207386326174 0.055814895326597204
0 0.90859375 0.98515625 0.0484375 0.0296875
0 0.9245758912369973 0.9528937302452771 0.04931025324641105 0.0511273953265972
0 0.9353145681845143 0.8745505246981938 0.04766593262955983 0.046403527735416714