0 0.22545727038746416 0.4558387553437694 0.020903533386094963 0.020903533386094963
0 0.1969685575344826 0.44252040142456106 0.020903533386094963 0.020903533386094787
0 0.2170992011079919 0.436861434810656 0.019295569279472246 0.019295569279472246
0 0.24329798825501053 0.4251343246232414 0.020858069279472247 0.019341033386094962
0 0.13920152164110533 0.4424007294795219 0.020903533386094963 0.020903533386094963
0 0.8438723012662767 0.11663986302390131 0.02255696159934022 0.024073997492717502
0 0.8038095909205776 0.08112826035833427 0.024119461599340218 0.024119461599340218
0 0.8175825859060126 0.12524197321131575 0.02255696159934022 0.024073997492717502
0 0.8194706609914725 0.40474761678482496 0.024210389812585477 0.02724446159934022
0 0.721650308788124 0.04751412681395486 0.02572742570596276 0.025727425705962936
0 0.79453125 0.00390625 0.0234375 0.0078125
0 0.718235803773559 0.0911277344940868 0.025727425705962936 0.025727425705962936
0 0.8453271526782024 0.1666398630239013 0.024073997492717502 0.02255696159934022
0 0.7792354882550104 0.04138379875899405 0.024119461599340218 0.024119461599340218
0 0.7815421343358022 0.013349726972239396 0.024119461599340218 0.024119461599340218
0 0.7462364348106559 0.19498016020004966 0.02572742570596276 0.02572742570596276
0 0.8307645475053528 0.14904318606429712 0.02255696159934022 0.02407399749271768
0 0.8144074247815262 0.2843896526782023 0.025727425705962936 0.02572742570596276
0 0.5745432912371466 0.19622910847155478 0.030505853919208282 0.02898881802583091
0 0.8508042628656167 0.140259219450392 0.02255696159934022 0.024073997492717502
0 0.89609375 0.0109375 0.0234375 0.021875
0 0.19441787054574872 0.6750193496960661 0.04663095909205772 0.04663095909205772
0 0.1054416017411302 0.8363540032987054 0.048193459092057724 0.04667642319868044
0 0.1359375 0.59375 0.046875 0.028125
0 0.2843896526782023 0.708860803773559 0.04502299498543501 0.04502299498543501
0 0.18125 0.59296875 0.046875 0.0265625
0 0.0730142319868043 0.6340186134861197 0.04663095909205772 0.04663095909205772
0 0.33475336553118373 0.7228156551854849 0.04502299498543501 0.04502299498543501
0 0.32986259171200033 0.930309906439126 0.04663095909205772 0.04663095909205772
0 0.34486781459411164 0.8558100116119756 0.046585494985435 0.04506845909205772
0 0.1652545224325282 0.9067861752437445 0.048193459092057724 0.04667642319868044
0 0.09858854499807035 0.7081380750854599 0.048147994985435094 0.04511392319868044
0 0.23326037635173638 0.9368661318285199 0.04663095909205772 0.04663095909205772
0 0.25082098324044555 0.6282640216411053 0.04502299498543501 0.04502299498543501
0 0.037287332145088926 0.6938649749271754 0.048193459092057724 0.04667642319868044
0 0.06760663261994262 0.8774049006331381 0.048193459092057724 0.04667642319868044
0 0.18658865017091983 0.7278715650563301 0.04663095909205772 0.04663095909205772
0 0.0956239840318684 0.9281777904457238 0.048238923198680436 0.048238923198680436
0 0.12854413261994257 0.8791780007914228 0.048238923198680436 0.048238923198680436
0 0.12444033966693628 0.6308314290046682 0.04658549498543509 0.04506845909205772
0 0.2868400174179633 0.954036911453691 0.04667642319868044 0.048193459092057724
0 0.43671875 0.9265625 0.0453125 0.046875
0 0.1931354815245859 0.9528715650563301 0.048238923198680436 0.048238923198680436
0 0.13684001741796323 0.9496723572179135 0.048238923198680436 0.048238923198680436
0 0.9774122269722394 0.9218729323033734 0.024073997492717502 0.02255696159934022
0 0.99453125 0.9109375 0.0109375 0.021875
0 0.9749859089464085 0.8921399681967508 0.022511497492717504 0.02251149749271768