0 0.412591368049536 0.30713279668994087 0.050839330066018464 0.04886447510489074
0 0.5586270379835175 0.27318661702559116 0.04927683006601846 0.048746075934727705
0 0.48847319698425873 0.05677944441021139 0.04927683006601846 0.048746075934727705
0 0.53828125 0.0171875 0.0484375 0.034375
0 0.40221979604203584 0.3482547041584737 0.050839330066018464 0.04886447510489074
0 0.5667511877479618 0.3483050161957542 0.050839330066018464 0.04886447510489074
0 0.3287851301605549 0.09434753154309386 0.050839330066018464 0.04886447510489074
0 0.7251090748357394 0.35223549959901473 0.0254880155513888 0.025213487552445457
0 0.6940736883136097 0.37006161702559115 0.0254880155513888 0.02521348755244528
0 0.7307343582475913 0.32782749544982986 0.0254880155513888 0.025213487552445457
0 0.7934680955709246 0.38845826474586165 0.023925515551388797 0.025095088382282426
0 0.8332141007547207 0.39923074399993724 0.023925515551388797 0.025095088382282426
0 0.7968282499535173 0.3204186597668398 0.0254880155513888 0.025213487552445457
0 0.671875 0.4 0.00625 0.025
0 0.835851085203332 0.3761484415104263 0.023925515551388797 0.025095088382282426
0 0.7751869872768504 0.3746558738740685 0.023925515551388797 0.025095088382282426
0 0.7339563945341652 0.38239659627966677 0.023925515551388797 0.02509508838228225
0 0.8286250541005543 0.3290366431701003 0.023925515551388797 0.025095088382282426
0 0.8321013686151838 0.3510300423402633 0.023925515551388797 0.025095088382282426
0 0.7078819100855541 0.4037029112167323 0.023925515551388797 0.025095088382282426
0 0.8117492038649985 0.4022606556176548 0.0254880155513888 0.025213487552445457
0 0.7327452090487949 0.4040347979393406 0.023925515551388797 0.025095088382282426
0 0.7931755696519431 0.34963256308618773 0.023925515551388797 0.025095088382282426
0 0.7758117038649985 0.39953747470390544 0.023925515551388797 0.025095088382282426
0 0.7500899509902765 0.3184291846619491 0.0254880155513888 0.025213487552445457
0 0.7720428634313875 0.3387183738740685 0.023925515551388797 0.025095088382282426
0 0.6860069100855541 0.40204532283445005 0.023925515551388797 0.025095088382282426
0 0.7596207758724987 0.3564027813426012 0.023925515551388797 0.025095088382282426
0 0.8145816779460171 0.3636717522983071 0.0254880155513888 0.025213487552445457
0 0.753585389350369 0.3761232854917861 0.0254880155513888 0.025213487552445457
0 0.7542101059385171 0.401004886321623 0.023925515551388797 0.025095088382282426
0 0.8111053634313876 0.3416783531281441 0.023925515551388797 0.025095088382282426
0 0.5650165731387957 0.74622598840086 0.04927683006601846 0.048746075934727705
0 0.5797611612633325 0.8792752867411859 0.04914012902925933 0.04718357593472753
0 0.20708507888823996 0.8774219859020601 0.04757762902925915 0.047065176764564676