0 0.559375 0.3234375 0.053125 0.0578125
0 0.571875 0.646875 0.04375 0.0640625
0 0.615625 0.4890625 0.0625 0.0421875
0 0.571875 0.3734375 0.059375 0.05
0 0.5328125 0.44375 0.04375 0.0609375
0 0.51875 0.33125 0.0484375 0.059375
0 0.53125 0.5625 0.0640625 0.04375
0 0.584375 0.5515625 0.0453125 0.0625
0 0.60625 0.31875 0.0578125 0.0515625
0 0.659375 0.4125 0.046875 0.0609375
0 0.5640625 0.51875 0.0546875 0.05625
0 0.496875 0.6984375 0.0390625 0.065625
0 0.4984375 0.4578125 0.0453125 0.059375
0 0.615625 0.7203125 0.0421875 0.0625
0 0.4109375 0.4421875 0.05 0.059375
0 0.3703125 0.4984375 0.0484375 0.0609375
0 0.31875 0.6609375 0.046875 0.0625
0 0.5125 0.3796875 0.0484375 0.0578125
0 0.534375 0.696875 0.0390625 0.065625
0 0.3984375 0.6484375 0.0515625 0.0609375
0 0.35625 0.653125 0.04375 0.0609375
0 0.4109375 0.503125 0.0328125 0.0671875
0 0.59375 0.6171875 0.053125 0.0609375
0 0.45625 0.4546875 0.0453125 0.0609375
0 0.6453125 0.4546875 0.059375 0.05
0 0.6375 0.525 0.065625 0.04375
0 0.6328125 0.5671875 0.0625 0.0546875
0 0.3609375 0.7109375 0.04375 0.0671875
0 0.428125 0.6609375 0.0453125 0.0625
0 0.3953125 0.7203125 0.0421875 0.0640625
0 0.4671875 0.671875 0.04375 0.0625
0 0.528125 0.509375 0.0328125 0.06875
0 0.5390625 0.6015625 0.0609375 0.0484375
0 0.625 0.3640625 0.065625 0.0453125
0 0.4375 0.5109375 0.0328125 0.0671875
0 0.4359375 0.73125 0.05 0.0578125
0 0.515625 0.6453125 0.0625 0.04375
0 0.484375 0.6125 0.053125 0.05625
0 0.4953125 0.51875 0.0375 0.0640625
0 0.5609375 0.4125 0.053125 0.059375
0 0.571875 0.46875 0.0546875 0.0546875
0 0.6140625 0.4125 0.0515625 0.0578125
0 0.4109375 0.5984375 0.0609375 0.0515625
0 0.3203125 0.725 0.040625 0.065625
0 0.615625 0.665625 0.053125 0.0515625
0 0.3484375 0.54375 0.040625 0.065625
0 0.4609375 0.5921875 0.053125 0.0609375
0 0.3390625 0.6046875 0.0421875 0.0609375
0 0.4703125 0.759375 0.0484375 0.0609375
0 0.5484375 0.7546875 0.0390625 0.065625
0 0.446875 0.4046875 0.0640625 0.0453125
0 0.5125 0.7625 0.0390625 0.065625
0 0.571875 0.7078125 0.0390625 0.059375
0 0.61875 0.590625 0.0609375 0.0578125
0 0.4625 0.5234375 0.0296875 0.0671875
0 0.390625 0.5578125 0.0453125 0.0609375
0 0.5828125 0.7734375 0.0390625 0.05625