0 0.07006234006999676 0.27656104408725624 0.03159544533736351 0.031872712873234656
0 0.1612338747612684 0.4640389007759751 0.030051126670908878 0.03332595222957302
0 0.18290888009226852 0.4483810497872394 0.030032945337363514 0.03176345222957302
0 0.1958452320973592 0.4867551349365333 0.030051126670909055 0.03332595222957302
0 0.18883052140354223 0.2864273530055481 0.03159544533736351 0.03187271287323483
0 0.19913276941435995 0.36677041686751843 0.030032945337363514 0.03176345222957302
0 0.2003680054105419 0.33875467751118027 0.031577264003817974 0.03031021287323483
0 0.2683725707351787 0.2794996458322966 0.03159544533736351 0.031872712873234656
0 0.0140625 0.63359375 0.028125 0.0359375
0 0.15612820408972308 0.4277736188449898 0.030032945337363514 0.03176345222957302
0 0.19942367075108702 0.39177041686751846 0.028470445337363516 0.03165419158591121
0 0.05689072541372351 0.3521401982943006 0.03315794533736351 0.03198197351689647
0 0.18552589743790424 0.539115310430901 0.030051126670909055 0.03332595222957302
0 0.22148048408654147 0.40892506587878275 0.03159544533736351 0.031872712873234656
0 0.10937937873963302 0.3011675601787996 0.03159544533736351 0.031872712873234656
0 0.22266227076699535 0.5104875658787827 0.030051126670908878 0.03332595222957302
0 0.00390625 0.4109375 0.0078125 0.034375
0 0.3002952800763602 0.3394973587055313 0.03159544533736351 0.03187271287323483
0 0.26933727609799546 0.4965778851886348 0.03319430800445424 0.03510697351689647
0 0.04484525875235974 0.3903286131450067 0.031613626670909056 0.03343521287323466
0 0.2703543360916322 0.44981214583229656 0.031613626670908876 0.03343521287323466
0 0.12762249077017707 0.527260166615417 0.029960220003181704 0.02551345222957302
0 0.25151233473899665 0.3064227787520174 0.030014764003817973 0.03020095222957302
0 0.23718039879053981 0.6847991510280768 0.03163180800445424 0.03499771287323483
0 0.6052736814130872 0.42405948491686285 0.04267839600572705 0.04513753737886681
0 0.5632134507479053 0.43204694753799594 0.04267839600572696 0.04513753737886681
0 0.5502225547421784 0.38898536238870207 0.04424089600572696 0.04524679802252862
0 0.6366680373965425 0.3044789584337592 0.04424089600572696 0.04524679802252862
0 0.48984375 0.434375 0.0203125 0.046875
0 0.5287464493952699 0.2875649740210996 0.044240896005727046 0.04524679802252862
0 0.6423191480744511 0.3876192403647444 0.04267839600572696 0.04513753737886681
0 0.5541464387332697 0.32368814431968734 0.04267839600572705 0.04513753737886681
0 0.5827259720719058 0.3647173359055985 0.04424089600572696 0.04524679802252862
0 0.49765625 0.38203125 0.0359375 0.0453125
0 0.5 0.2375 0.040625 0.04375
0 0.5880669053946336 0.28702937848024546 0.0426602146721816 0.04357503737886681
0 0.5513112453850886 0.21420388367602552 0.0442227146721816 0.04368429802252862
0 0.6026203014003605 0.33020022427320106 0.04267839600572696 0.04513753737886681
0 0.48671875 0.03671875 0.0140625 0.0453125
0 0.5228226187141797 0.18098719209011432 0.04422271467218155 0.04368429802252862
0 0.5193543627466327 0.4196126495154674 0.0442227146721816 0.04368429802252862
0 0.4984375 0.3125 0.0375 0.04375
0 0.6182987507160886 0.2017145913534802 0.0442227146721816 0.04368429802252862
0 0.5660271787078163 0.13717149011264293 0.0442227146721816 0.04368429802252862
0 0.5323270774188142 0.4611117346647612 0.04580339600572705 0.045356058666190434
0 0.5232418840706331 0.35119043144645257 0.04422271467218155 0.04368429802252862
0 0.5248567387014529 0.08745571337743777 0.0442227146721816 0.04368429802252862
0 0.4890625 0.2765625 0.01875 0.04375
0 0.5758748933799979 0.17845205397461328 0.0426602146721816 0.04357503737886681
0 0.6157919160566337 0.25462107006615664 0.0442227146721816 0.04368429802252862
0 0.5486407787237246 0.2530478623887021 0.04424089600572696 0.04524679802252862
0 0.48671875 0.34453125 0.0140625 0.0453125
0 0.5112669533736345 0.12709736758448215 0.044240896005727004 0.04524679802252862
0 0.2453125 0.73046875 0.078125 0.0234375
0 0.13777928811263118 0.9064120710745629 0.07236589600572696 0.04721348960843983
0 0.2719906561107221 0.9017459864294721 0.05234429734245403 0.07079310124083733
0 0.31134405744744936 0.9294775025210156 0.058539753341817755 0.06654264381548422
0 0.24609375 0.9890625 0.0359375 0.021875
0 0.10723836012090349 0.9651643582013282 0.07236589600572714 0.04721348960843983
0 0.2726804521005408 0.8268552470731338 0.07539998933799978 0.03961951089576345
0 0.21608610144808563 0.9275001032576495 0.06475339067472685 0.06385468639013112
0 0.2188656561107222 0.898031124544973 0.05857611600890866 0.06966764381548422
0 0.2236247867599957 0.7703431671196201 0.07699885200509068 0.04285377153942491
0 0.3907213800922683 0.7742215559914257 0.036773841343090655 0.07438799480421991
0 0.13359375 0.73359375 0.0734375 0.0296875
0 0.22751449745381266 0.9704524277632818 0.07231135200509069 0.042525989608439826
0 0.12696796276254113 0.7823190072125925 0.07385567067154533 0.04107275025210164
0 0.055602040101813445 0.8210430176041527 0.04772952267663584 0.0767153193098519
0 0.24353839210690414 0.8716542948435608 0.03835452267663584 0.07605975544788172
0 0.4111986067790857 0.9239701837153664 0.07383748933799979 0.03951025025210129
0 0.0234375 0.8 0.046875 0.071875
0 0.1663577267663591 0.8131755233041359 0.07243862133990894 0.05346348960843983
0 0.275 0.97109375 0.03125 0.0578125
0 0.17571564011772178 0.9465343265224446 0.07222044533736352 0.034713489608439826
0 0.1573827161043589 0.8468949594421655 0.07536362667090905 0.03649451089576346
0 0.09155772143535898 0.8251185124083726 0.05081816000954511 0.07380884059717552
0 0.1329088800922685 0.7561935497872394 0.07541817067154533 0.041182010895763274
0 0.3535850067631774 0.802849300543544 0.0352113413430903 0.07427873416055827
0 0.0296875 0.96484375 0.059375 0.0546875
0 0.18984375 0.73984375 0.0453125 0.0421875
0 0.2996793041056315 0.8662126780153834 0.0677329400063634 0.05157320767745475
0 0.4129600067631774 0.80700120500269 0.03054202267663584 0.07551345222957302
0 0.42734375 0.75390625 0.0546875 0.0703125
0 0.44044975477399506 0.8885461359449394 0.053888616008908485 0.06933986188449878
0 0.10859375 0.9890625 0.0734375 0.021875
0 0.64609375 0.9828125 0.0984375 0.034375
0 0.87265625 0.9859375 0.1015625 0.028125