0 0.180122741613382 0.12272312723502568 0.06779371572854594 0.06629961179556502
0 0.2940773677523321 0.30505942288118926 0.07449874203690499 0.07433036660488845
0 0.2633146732116479 0.09946418730915951 0.06926521046687384 0.0647916754978958
0 0.36310184158514713 0.1460812377646464 0.0727542315135615 0.07115080290255768
0 0.3746749203690506 0.31790167406231556 0.06944722099021768 0.06791667549789597
0 0.3265625 0.01953125 0.065625 0.0390625
0 0.30131447312694337 0.18738084956021145 0.06770271046687401 0.06473711179556503
0 0.32196163111827314 0.08489076662058696 0.06935621572854593 0.06635417549789598
0 0.23430898365028713 0.19285208876043836 0.06935621572854593 0.0663541754978958
0 0.26249416780880175 0.24666656952314464 0.06439569994353037 0.061502984390903494
0 0.597550978247441 0.22267354193314848 0.05134966837349921 0.05169147477225664
0 0.7612942308076897 0.2921080442954011 0.04978716837349921 0.05163691106992587
0 0.5641476730704736 0.1330306885751038 0.049605157850155554 0.048511911069925695
0 0.51171875 0.3 0.0234375 0.05
0 0.6707602360693615 0.2968352390305908 0.0481336631118273 0.05001984736759475
0 0.6271012413310334 0.29992552269585476 0.04813366311182747 0.05001984736759475
0 0.5323655940042216 0.2593947811333752 0.04804265785015538 0.04845734736759475
0 0.6322745887425498 0.2543402041842004 0.04804265785015538 0.04845734736759475
0 0.7248261097892371 0.25737094574667996 0.04804265785015538 0.04845734736759475
0 0.5852931729292993 0.28103167895645703 0.0481336631118273 0.05001984736759475
0 0.5459422465927052 0.3043253352170593 0.04813366311182747 0.05001984736759475
0 0.6789675782192062 0.2495782931142748 0.04648015785015538 0.04840278366526398
0 0.7164367571160489 0.30150289166299593 0.04978716837349921 0.0516369110699257
0 0.06959549431480508 0.6237846633473604 0.03307010523343692 0.03234127404661713
0 0.00703125 0.80390625 0.0140625 0.0328125
0 0.1292589206513993 0.599781678956457 0.03297909997176518 0.03077877404661713
0 0.27061050469697445 0.7686358279606651 0.03619510523343692 0.032450401451278844
0 0.1465066048099139 0.6539781056354792 0.03463260523343692 0.0323958377489479
0 0.03189807323988294 0.6485862559056318 0.03307010523343692 0.03234127404661713
0 0.27271757821920606 0.9392211464723192 0.03803062101845249 0.03719246515360961
0 0.0046875 0.59296875 0.009375 0.0328125
0 0.18048676266006947 0.6997618315888622 0.03628611049510884 0.034012901451278846
0 0.19101546800644584 0.6117161945655536 0.03454159997176518 0.0308333377489479
0 0.08130726806291566 0.5560515263240517 0.03297909997176518 0.03077877404661713
0 0.0140625 0.534375 0.028125 0.03125
0 0.3611584519390817 0.8985564517371298 0.03793961575678075 0.03562996515360979
0 0.07912314178279126 0.5185515263240518 0.03297909997176518 0.03077877404661713
0 0.04391368387616605 0.5323064914776615 0.03297909997176518 0.03077877404661713
0 0.14002982067963413 0.5696576693378101 0.03288809471009326 0.02921627404661713
0 0.12819767861449413 0.5277975515517953 0.03463260523343692 0.032395837748947984
0 0.16894013083592457 0.9585019145284868 0.038121626280124235 0.03875496515360979