0 0.453125 0.3453125 0.0359375 0.0359375
0 0.559375 0.3078125 0.0359375 0.0359375
0 0.5140625 0.3015625 0.0359375 0.034375
0 0.4578125 0.2984375 0.0359375 0.0359375
0 0.465625 0.38125 0.0375 0.0359375
0 0.49375 0.35625 0.034375 0.034375
0 0.4875 0.5328125 0.0390625 0.0375
0 0.55 0.4734375 0.0390625 0.0375
0 0.13125 0.2953125 0.0453125 0.0390625
0 0.20625 0.48125 0.0421875 0.0390625
0 0.6109375 0.384375 0.0375 0.0359375
0 0.6203125 0.3046875 0.0359375 0.0359375
0 0.5359375 0.334375 0.0359375 0.034375
0 0.534375 0.38125 0.0375 0.0359375
0 0.4171875 0.384375 0.0390625 0.0359375
0 0.39375 0.296875 0.0359375 0.034375
0 0.2109375 0.3984375 0.0421875 0.0375
0 0.56875 0.3515625 0.0359375 0.034375
0 0.3734375 0.325 0.0359375 0.0359375
0 0.2953125 0.378125 0.0421875 0.040625
0 0.3484375 0.296875 0.0375 0.0359375
0 0.4859375 0.3203125 0.0359375 0.034375
0 0.59375 0.328125 0.034375 0.034375
0 0.10625 0.33125 0.04375 0.040625
0 0.3328125 0.34375 0.0375 0.0375
0 0.275 0.325 0.0421875 0.0375
0 0.4 0.35 0.0375 0.0359375
0 0.4265625 0.3171875 0.0359375 0.0359375