0 0.021875 0.1125 0.04375 0.13125
0 0.06984628424238623 0.28151046752930065 0.13558414772027055 0.10067393019392785
0 0.028125 0.2125 0.05625 0.115625
0 0.01875 0.440625 0.0375 0.096875
0 0.16875 0.46953125 0.121875 0.0390625
0 0.01953125 0.36640625 0.0390625 0.1296875
0 0.025 0.03125 0.05 0.0625
0 0.5963854734545055 0.20635473457542924 0.05376546265733602 0.07115797970746059
0 0.7869908531281441 0.43594459739891694 0.06001546265733602 0.07126707386326192
0 0.8033458684754837 0.21932984171687409 0.06134116431700996 0.06816934740221221
0 0.6537280672353726 0.4070911201270884 0.05412066016782511 0.07584547970746058
0 0.9600927759440164 0.2080219691508584 0.05532796265733601 0.07118525324641087
0 0.5127245589370029 0.4202342280826075 0.05736405933798814 0.07746252678536117
0 0.875434356027929 0.24399465096963943 0.07277557178554268 0.05432503571381488
0 0.8424819913006448 0.3651332654179802 0.0753085759347277 0.04656708279171564
0 0.6640950369416785 0.2761956761334428 0.07180506763635783 0.062110262174864594
0 0.9609375 0.40234375 0.078125 0.0484375
0 0.7707720120465693 0.3248707297041653 0.07024256763635783 0.062082988635914306
0 0.5360865908810821 0.17253311363426663 0.06903526514684702 0.06674321509696393
0 0.9230915286433088 0.2963208100602489 0.0756637734452168 0.051254582791715644
0 0.6327984153659172 0.31622065827653534 0.07734467261537983 0.052844356330665934
0 0.7019698547785292 0.055275249996704724 0.05989706348717298 0.06970457386326193
0 0.5497239610069509 0.22894675486796867 0.07085787427505377 0.0496102621748646
0 0.8917249747039054 0.3972014715864905 0.05833456348717299 0.06967730032431163
0 0.7446113311328197 0.28852412661991017 0.0744564709557057 0.05591480925276535
0 0.7262864610069509 0.2320286647693571 0.07289397095570589 0.055887535713814884
0 0.6465038726246686 0.20878998782184013 0.058216164317009954 0.06811480032431164
0 0.8209137220046131 0.3070207564895265 0.05966026514684693 0.06657957386326192
0 0.709524090881082 0.17556047645775444 0.07698947510489056 0.04815685633066593
0 0.5261410605873881 0.04128311363426666 0.07192346680652095 0.06367276217486459
0 0.6349025991794518 0.15865362012708842 0.07698947510489074 0.04815685633066593
0 0.9534391116270065 0.14080719561190808 0.07421967261537965 0.05278980925276526
0 0.5403704265640721 0.10550925486796867 0.05700886182749905 0.07277502678536125
0 0.5026121626666249 0.22500354869945846 0.04005816016782511 0.07560001785690744
0 0.8026624747039055 0.395646879866321 0.059778664317009955 0.06814207386326192
0 0.6970510921304819 0.3610343262955986 0.0803745842330974 0.031051176947516978
0 0.6965756502190702 0.25179569399035023 0.07144987012586893 0.05742276217486477
0 0.3792930618367879 0.7508956672049891 0.04668666846619498 0.06011138555165925
0 0.4296875 0.8046875 0.040625 0.053125
0 0.42136216266662485 0.7500695527566483 0.05137416846619498 0.060193206168510115
0 0.43125 0.91796875 0.0375 0.0703125
0 0.31657772905358295 0.6234058668806776 0.058476273445216796 0.05095457386326192
0 0.3258361751141795 0.7249956404196278 0.05859467261537983 0.05251707386326192
0 0.32950470415847366 0.6704445081143795 0.04824916846619489 0.06013865909060954
0 0.29790135187874417 0.7682001696406211 0.035985966806520955 0.06304547077900687
0 0.4141668145360803 0.8404490909060952 0.0674960759347277 0.04643071509696384
0 0.3106884622563508 0.9369501696406211 0.05208456348717307 0.06956820616851012
0 0.33852635187874414 0.76890928165333 0.06425267676456467 0.04481366801906326
0 0.34055875809787717 0.5692092905817836 0.06557837842423861 0.041715941558013545
0 0.3876938672260838 0.5528672702892441 0.05546967261537983 0.05246252678536116
0 0.41035288507222323 0.7077456850618965 0.06401587842423861 0.041688668019063256