0 0.4703125 0.1140625 0.0375 0.065625
0 0.3959810730807928 0.1109375 0.05573534684397004 0.0640625
0 0.4421875 0.01171875 0.06875 0.0234375
0 0.3236550869209573 0.0453125 0.06029551285158128 0.0609375
0 0.4272815167315519 0.378125 0.046615014828747546 0.0703125
0 0.4423467371112377 0.1234375 0.05404551285158128 0.0609375
0 0.41861217087616504 0.4375 0.054427514828747546 0.0703125
0 0.33203125 0.01015625 0.0734375 0.0203125
0 0.24015820152224338 0.2921875 0.052928681824942016 0.071875
0 0.26259025292856847 0.0484375 0.0722225098858317 0.046875
0 0.42475337741568636 0.2484375 0.041800180836358794 0.0671875
0 0.35392090707318163 0.1078125 0.043553681824942105 0.071875
0 0.37326517878483045 0.4 0.06791701186299796 0.05625
0 0.2893782460084863 0.08125 0.07828150889724857 0.0421875
0 0.36727775292856846 0.0484375 0.058860346843970034 0.0640625
0 0.18731172722540596 0.1703125 0.05592634783255326 0.06875
0 0.4606723368837763 0.440625 0.0482411818249421 0.071875
0 0.45234375 0.20078125 0.0734375 0.0390625
0 0.32406367483049775 0.41875 0.059178681824942105 0.071875
0 0.3952860533091293 0.2046875 0.038802514828747546 0.0703125
0 0.2972252380998208 0.11875 0.07509284190105418 0.040625
0 0.4484640859323741 0.05 0.05723417984777566 0.0625
0 0.20035023809982086 0.11875 0.062240014828747636 0.0703125
0 0.3078788952101835 0.1640625 0.05729784684397003 0.0640625
0 0.31793569163641167 0.3390625 0.07203150889724856 0.0421875
0 0.4390758625869388 0.31875 0.0404923488211363 0.0734375
0 0.24844022821398912 0.165625 0.05592634783255317 0.06875
0 0.42694191300468065 0.0796875 0.07215884288963732 0.0453125
0 0.3819743339180267 0.4546875 0.05423651384016441 0.065625
0 0.471875 0.31953125 0.034375 0.0703125
0 0.4640625 0.2734375 0.05 0.034375
0 0.465625 0.38125 0.046875 0.065625
0 0.2751353793928527 0.2390625 0.060486513840164416 0.065625
0 0.26015625 0.015625 0.0734375 0.03125
0 0.4187527282139891 0.165625 0.06434634288963732 0.0453125
0 0.1854998764271032 0.253125 0.07097834486680368 0.0546875
0 0.18438836258693875 0.31875 0.06973417984777566 0.0625
0 0.22329435368969017 0.3609375 0.07384867688202616 0.0484375
0 0.36477619954507706 0.3015625 0.05273768083635879 0.0671875
0 0.4012575276059668 0.3265625 0.043553681824942105 0.071875
0 0.2809211698875818 0.4421875 0.046869682813525236 0.0765625
0 0.34628618471632944 0.371875 0.07072367688202608 0.0484375
0 0.471875 0.0359375 0.034375 0.071875
0 0.273421687682079 0.3578125 0.052928681824942016 0.071875
0 0.23542557505795916 0.1015625 0.05879667984777566 0.0625
0 0.33380472524823956 0.1796875 0.05130251482874755 0.0703125
0 0.34126971536240785 0.2265625 0.0690975098858317 0.046875
0 0.30992687346135367 0.2671875 0.07196784190105418 0.040625
0 0.15958468076199672 0.390625 0.07142401384016442 0.065625
0 0.25271655133196297 0.2140625 0.060677514828747545 0.0703125
0 0.3022125325488826 0.303125 0.07321200692008212 0.0328125
0 0.44375 0.4859375 0.071875 0.028125
0 0.370124227225406 0.1703125 0.03255251482874755 0.0703125
0 0.3295841629674996 0.475 0.07359400889724857 0.0421875
0 0.46328125 0.240625 0.0515625 0.04375
0 0.3819292074537424 0.2640625 0.06029551285158128 0.0609375
0 0.39772925688290117 0.0296875 0.0586693458553869 0.059375
0 0.2371711698875818 0.4421875 0.035995849809719614 0.078125
0 0.20678592190192918 0.0375 0.03586851581733086 0.075
0 0.4703125 0.171875 0.0375 0.04375
0 0.2558017420541535 0.534375 0.037592841901054184 0.040625
0 0.15436657604654233 0.53125 0.04658583992388783 0.03125
0 0.7075552430427368 0.890625 0.13411501482874755 0.0703125
0 0.75078125 0.95625 0.1140625 0.0875
0 0.97265625 0.9421875 0.0546875 0.115625
0 0.9191294130046807 0.875 0.08883168973360736 0.109375
0 0.9487240711036264 0.915625 0.0796476907221905 0.1140625
0 0.890625 0.9796875 0.121875 0.040625