0 0.4804711729660072 0.04603616955914465 0.04475199400955017 0.07540241439185813
0 0.5289185635326948 0.27209355541495556 0.07534722958158006 0.05810790653397539
0 0.5030653916629959 0.25054388709415587 0.07690972958157989 0.05818068114108108
0 0.4540723640729998 0.04011150123834506 0.05105655771188111 0.07725601282028158
0 0.5010862294119439 0.21758583787994423 0.07959821996293322 0.045826230355292805
0 0.5515822811333753 0.07125880148601409 0.0556349303072194 0.07434933664159918
0 0.5859375 0.04921875 0.028125 0.0765625
0 0.506413624872773 0.10984611248705009 0.05407243030721922 0.07427656203449332
0 0.5781546717000628 0.296297342842343 0.03877481252120454 0.08292381596343468
0 0.46266362487277296 0.10780842348808602 0.07244048439090349 0.06421235731976367
0 0.5096030791417915 0.33223053473679104 0.04653274881887377 0.08172518899896417
0 0.5377727522774347 0.10817660462916727 0.054017866604888456 0.07271406203449331
0 0.5684919842212673 0.2144651459854961 0.038556557711881115 0.07667381596343467
0 0.5561755226958548 0.1638101745215433 0.06791667549789579 0.0686815334984459
0 0.5392360154394605 0.33517575227180235 0.04340774881887377 0.08157963978475227
0 0.43359375 0.02578125 0.0515625 0.0515625
0 0.55546875 0.3671875 0.0453125 0.065625
0 0.4497767005560034 0.2527570504525568 0.035704376223535304 0.08434076674922295
0 0.56640625 0.01328125 0.0671875 0.0265625
0 0.5140625 0.03828125 0.034375 0.0765625
0 0.58984375 0.18984375 0.0203125 0.0765625
0 0.571875 0.05625 0.05625 0.078125
0 0.88046875 0.02265625 0.0578125 0.0453125
0 0.95859375 0.025 0.0640625 0.05
0 0.9765625 0.09609375 0.046875 0.0609375
0 0.96875 0.2 0.0625 0.046875
0 0.9828125 0.0484375 0.034375 0.0375
0 0.77578125 0.028125 0.0484375 0.05625
0 0.7128074686121707 0.09358744995721882 0.06295635698624169 0.06065070967712849
0 0.7780505226958547 0.10758148345566472 0.06440972958157998 0.057598484284234176
0 0.8577925863981856 0.10973048841806357 0.03672123920022692 0.06878854135632899
0 0.6717409805930703 0.23878863399378406 0.04146330290255769 0.0705693651776464
0 0.020585252277434705 0.80278266749223 0.03713790145127884 0.03604881596343468
0 0.2169890263240518 0.7806294933804623 0.03713790145127884 0.03604881596343468
0 0.2605902041842004 0.876562731593638 0.037192465153609786 0.03761131596343468
0 0.1267806885751038 0.8092938407754284 0.03713790145127884 0.03604881596343468
0 0.18319437968209637 0.8072262266312393 0.03713790145127884 0.03604881596343468
0 0.6679661945655536 0.7597005632728384 0.05439981252120454 0.08365156203449331
0 0.7232390263240518 0.6558521253073317 0.06366568511654283 0.08096320967712849
0 0.6583679613557767 0.9001072394515208 0.07136905771188111 0.07820208271265763
0 0.6925693796820964 0.6825944077723204 0.05122024881887377 0.08194351282028159
0 0.6407687775051782 0.7318281203449329 0.05122024881887377 0.08194351282028159
0 0.6946179746026205 0.8031980062007438 0.04814981252120454 0.08336046360606986
0 0.61015625 0.73125 0.0203125 0.0625
0 0.63125 0.51328125 0.0625 0.0765625
0 0.650128908538037 0.6430567187733564 0.06818949400955017 0.07649403349844608
0 0.7253124470126243 0.5964771253073317 0.08444941106992569 0.0507320541766104
0 0.8275792967424719 0.71548829859053 0.0497668762235353 0.08499573821317571
0 0.628125 0.58125 0.05625 0.065625