0 0.5230128466927088 0.2953125 0.038772865691319325 0.0546875
0 0.5149470799752089 0.3515625 0.038736498100139016 0.053125
0 0.39474368274875055 0.35625 0.04956489532659729 0.0484375
0 0.43947430128986165 0.33125 0.05864895459715278 0.0359375
0 0.2864934652338199 0.2703125 0.04963763050895835 0.0515625
0 0.3875117577868755 0.3140625 0.0511273953265972 0.0484375
0 0.4669083170574311 0.3015625 0.05864895459715278 0.0359375
0 0.3825722974901395 0.4375 0.038736498100139016 0.053125
0 0.38816506800736156 0.275 0.05723192496187508 0.0421875
0 0.34728680128986167 0.33125 0.04040810087368065 0.0578125
0 0.2952528290252784 0.378125 0.03568423328249999 0.05625
0 0.5613493012898616 0.33125 0.05265352773541672 0.046875
0 0.39136149676895876 0.2109375 0.05425239532659729 0.0484375
0 0.3372948586605561 0.371875 0.05265352773541672 0.046875
0 0.4653834910693756 0.3703125 0.05715918977951393 0.0390625
0 0.22243096523381994 0.2703125 0.03888196846486114 0.059375
0 0.32573649676895877 0.2109375 0.052798998100138925 0.053125
0 0.4453956865484727 0.25 0.058758057370694415 0.040625
0 0.4289745188047922 0.4171875 0.03255923328249999 0.05625
0 0.4742506512136117 0.415625 0.05556032218833344 0.0375
0 0.5157835345723617 0.3875 0.05864895459715278 0.0359375
0 0.27090613924576445 0.3390625 0.04182513050895835 0.0515625
0 0.29467225398715335 0.4203125 0.06028418977951393 0.0390625
0 0.2669797458190282 0.2375 0.06181032218833336 0.0375
0 0.44542944129812534 0.1171875 0.062028527735416714 0.046875
0 0.36462107807534777 0.4046875 0.05853985182361114 0.03125
0 0.6029185522397922 0.3046875 0.05872168977951393 0.0390625
0 0.2145834040634033 0.3359375 0.06795121941479172 0.0328125
0 0.3060799198309727 0.30625 0.03739220364722229 0.0625
0 0.95859375 0.3125 0.0828125 0.1125
0 0.8376870636389586 0.1265625 0.0800524823325695 0.0828125
0 0.8892171153100698 0.3265625 0.0816149823325695 0.0828125
0 0.32210365691319487 0.790625 0.030378484232430482 0.0296875
0 0.34594381325770895 0.9421875 0.030414851823611144 0.03125
0 0.29307207997520884 0.8859375 0.030414851823611144 0.03125
0 0.36156358757465307 0.6734375 0.030378484232430482 0.0296875
0 0.41705117458062535 0.7078125 0.03194098423243048 0.0296875
0 0.23529333472486158 0.753125 0.030378484232430482 0.0296875
0 0.20687739399541707 0.740625 0.03194098423243066 0.0296875
0 0.38213457997520883 0.8859375 0.030414851823611144 0.03125
0 0.23303985049243092 0.7234375 0.030378484232430482 0.0296875
0 0.3230128466927088 0.8296875 0.030414851823611144 0.03125
0 0.2959048328250004 0.80625 0.030378484232430482 0.0296875
0 0.37929921428388946 0.83125 0.030378484232430482 0.0296875
0 0.42264655793937533 0.6796875 0.030378484232430482 0.0296875
0 0.3169420718070837 0.703125 0.03037848423243066 0.0296875
0 0.33689481515757 0.8890625 0.030414851823611144 0.03125
0 0.37326611341020877 0.7734375 0.030378484232430482 0.0296875
0 0.35393423195131996 0.7484375 0.030378484232430482 0.0296875
0 0.3869636310776393 0.690625 0.030378484232430482 0.0296875
0 0.2727192931217365 0.6828125 0.030378484232430482 0.0296875
0 0.4614220364722227 0.86875 0.031977351823611146 0.03125
0 0.44964416261277806 0.63125 0.030414851823611144 0.03125
0 0.4093153290252783 0.9125 0.02881598423243048 0.0296875
0 0.4389664614340978 0.9109375 0.028852351823611143 0.03125
0 0.26410931895729206 0.7828125 0.030378484232430482 0.0296875
0 0.41483275151861143 0.6125 0.030378484232430482 0.0296875
0 0.26483536436013927 0.746875 0.030378484232430482 0.0296875
0 0.44430596523381993 0.8046875 0.028779616641249995 0.028125
0 0.3408159829012504 0.721875 0.030378484232430482 0.0296875
0 0.46796875 0.59765625 0.0328125 0.0171875
0 0.30538501633625026 0.609375 0.030378484232430482 0.0296875
0 0.2721413309251394 0.859375 0.030414851823611144 0.03125
0 0.437146775454306 0.765625 0.030342116641249993 0.028125
0 0.23616615691319492 0.790625 0.031977351823611146 0.03125
0 0.4644340144363893 0.6625 0.030378484232430482 0.0296875
0 0.3250130642076394 0.915625 0.030414851823611144 0.03125
0 0.29470470231604207 0.7546875 0.028779616641249995 0.028125
0 0.40037543369868106 0.8640625 0.028815984232430657 0.0296875
0 0.2151249986688198 0.6921875 0.030378484232430482 0.0296875
0 0.2663991707809032 0.8140625 0.030378484232430482 0.0296875
0 0.4882715579393754 0.6796875 0.031977351823611146 0.03125
0 0.5163588839274309 0.6109375 0.031977351823611146 0.03125
0 0.17421875 0.59765625 0.0328125 0.0171875
0 0.3829658088893059 0.653125 0.030414851823611144 0.03125
0 0.24488523385118094 0.6953125 0.030378484232430482 0.0296875
0 0.35546875 0.59453125 0.0296875 0.0109375
0 0.4478647634864587 0.6890625 0.028779616641249995 0.028125
0 0.4655614097629865 0.7109375 0.028779616641249995 0.028125
0 0.35920622625173665 0.9078125 0.030378484232430482 0.0296875
0 0.275 0.603125 0.03125 0.028125
0 0.4800252596867366 0.7953125 0.03194098423243066 0.0296875
0 0.31640625 0.59296875 0.0296875 0.0078125
0 0.2128715144363893 0.6625 0.03194098423243048 0.0296875
0 0.17700674961875035 0.665625 0.031977351823611146 0.03125
0 0.2858011745806254 0.7078125 0.02881598423243048 0.0296875
0 0.3047719929692366 0.8515625 0.030414851823611144 0.03125
0 0.431880006836945 0.875 0.02881598423243048 0.0296875
0 0.35276916261277813 0.63125 0.030378484232430482 0.0296875
0 0.4242506512136117 0.95 0.030414851823611144 0.03125
0 0.16672255983923642 0.6265625 0.031977351823611146 0.03125
0 0.39449041603125057 0.946875 0.030451219414791807 0.0328125
0 0.4424512180836116 0.725 0.030378484232430482 0.0296875
0 0.281476044071667 0.65625 0.030342116641249993 0.028125
0 0.3801707300514588 0.8015625 0.028779616641249995 0.028125
0 0.8931798763279867 0.6171875 0.038300087005972115 0.034375
0 0.9374390226045144 0.6390625 0.036737587005972114 0.034375
0 0.9725413744281255 0.6703125 0.03506598423243048 0.0296875
0 0.9718867577868755 0.6421875 0.03510235182361114 0.03125
0 0.7502325761754868 0.7859375 0.03510235182361114 0.03125