0 0.421875 0.6828125 0.01875 0.01875
0 0.565625 0.7234375 0.01875 0.01875
0 0.6015625 0.696875 0.0171875 0.01875
0 0.60625 0.678125 0.0171875 0.01875
0 0.428125 0.725 0.01875 0.01875
0 0.515625 0.734375 0.01875 0.01875
0 0.6484375 0.721875 0.01875 0.0203125
0 0.490625 0.7484375 0.01875 0.01875
0 0.4734375 0.7546875 0.01875 0.01875
0 0.39375 0.7421875 0.01875 0.0203125
0 0.6 0.7484375 0.01875 0.0203125
0 0.4640625 0.71875 0.01875 0.01875
0 0.55 0.7140625 0.01875 0.01875
0 0.5984375 0.6609375 0.01875 0.01875
0 0.4984375 0.7296875 0.01875 0.01875
0 0.4484375 0.6671875 0.01875 0.01875
0 0.5515625 0.6953125 0.0171875 0.01875
0 0.575 0.6765625 0.01875 0.01875
0 0.4421875 0.7140625 0.01875 0.01875
0 0.4609375 0.7 0.0171875 0.01875
0 0.58125 0.63125 0.01875 0.01875
0 0.45625 0.6828125 0.01875 0.01875
0 0.534375 0.6359375 0.0171875 0.01875
0 0.525 0.7078125 0.0171875 0.0171875
0 0.4890625 0.7078125 0.0171875 0.01875
0 0.4640625 0.621875 0.01875 0.01875
0 0.571875 0.6484375 0.0171875 0.01875
0 0.5484375 0.6625 0.01875 0.01875
0 0.471875 0.6375 0.01875 0.01875
0 0.4296875 0.621875 0.01875 0.01875
0 0.4765625 0.675 0.01875 0.01875
0 0.5078125 0.7046875 0.0171875 0.01875
0 0.503125 0.6703125 0.0171875 0.01875
0 0.4625 0.653125 0.01875 0.01875
0 0.5125 0.61875 0.0171875 0.01875
0 0.5125 0.6421875 0.01875 0.01875
0 0.5359375 0.6859375 0.01875 0.01875
0 0.4828125 0.659375 0.01875 0.01875
0 0.534375 0.6515625 0.01875 0.01875
0 0.4921875 0.684375 0.01875 0.01875
0 0.5328125 0.66875 0.01875 0.01875
0 0.51875 0.68125 0.0171875 0.0171875
0 0.3625 0.7734375 0.0203125 0.0203125