0 0.2512857767966503 0.05778638558944351 0.024665807326946343 0.024119461599340218
0 0.2508010979184066 0.01876934969606614 0.023021420171816586 0.022511497492717504
0 0.21008092265820738 0.07530885471063105 0.02310330732694634 0.02407399749271768
0 0.20844317955561237 0.04405885471063105 0.023021420171816586 0.02251149749271768
0 0.1812875373120999 0.12127457257817742 0.024665807326946343 0.024119461599340218
0 0.14090819877748917 0.12478000580598776 0.024665807326946343 0.024119461599340218
0 0.12553550429541316 0.09937082884638357 0.024665807326946253 0.02411946159934004
0 0.16854851989924535 0.08658132383181867 0.024583920171816587 0.02255696159934022
0 0.2390625 0.00390625 0.025 0.0078125
0 0.18656153550307764 0.07306439311129083 0.023021420171816586 0.02251149749271768
0 0.1258696969684669 0.07597879295300629 0.024583920171816587 0.02255696159934022
0 0.16699266395178008 0.056893823831818666 0.023021420171816586 0.022511497492717504
0 0.20696921076327685 0.015933854710631044 0.023021420171816586 0.02251149749271768
0 0.15069927860567267 0.10322325455234652 0.023021420171816586 0.022511497492717504
0 0.1800725180902231 0.038553000791422855 0.023103307326946255 0.02407399749271768
0 0.21640625 0.003125 0.0234375 0.00625
0 0.12924700248639084 0.051115185272874356 0.024583920171816497 0.02255696159934022
0 0.12489369515944455 0.027586757059629007 0.024583920171816587 0.02255696159934022
0 0.14890440524535284 0.03920621865896923 0.023021420171816586 0.02251149749271768
0 0.16953125 0.00234375 0.0234375 0.0046875
0 0.1524454850735363 0.0174676109788372 0.0230214201718165 0.02251149749271768
0 0.128125 0.00859375 0.025 0.0171875
0 0.19296875 0.003125 0.0234375 0.00625
0 0.18196921076327682 0.015206429004668199 0.023021420171816586 0.022511497492717504
0 0.89296875 0.50546875 0.0828125 0.0078125
0 0.7978398722286661 0.426759009104693 0.07194359905006031 0.06293792069139795
0 0.9040079850735363 0.42828806835503536 0.043156857756487456 0.07926160266556703
0 0.6250774016273082 0.3452863855894434 0.0733423247398008 0.05985838479802066
0 0.72890625 0.4921875 0.0796875 0.034375
0 0.9671875 0.2265625 0.065625 0.04375
0 0.5364929364530173 0.41135400329870525 0.06018058344622812 0.07663670783841656
0 0.6585383548158115 0.3883831677218971 0.058536196291098366 0.07502874373179366
0 0.738062080505552 0.38757683715965385 0.047762470601357875 0.077835494985435
0 0.6896931795556123 0.4470140216411053 0.07869156603337366 0.04285274122451135
0 0.6976827419709413 0.3910822703874642 0.05384869629109836 0.07489235141192588
0 0.5985835006773685 0.40536006756361254 0.058536196291098366 0.07502874373179384
0 0.6290765841235967 0.4811329573761981 0.08025406603337348 0.042898205331134066
0 0.8854682677515389 0.22337324782192197 0.047762470601357875 0.077835494985435
0 0.2233710594746528 0.753321509104693 0.04439845318850324 0.04341503087881238
0 0.023003646538925525 0.9191043188172537 0.04439845318850324 0.04341503087881247
0 0.17584760628614954 0.7098155500126353 0.042917840343632996 0.04493206677218975
0 0.11453604929788756 0.9092867011079919 0.04439845318850324 0.04341503087881229
0 0.1953125 0.9953125 0.04375 0.009375
0 0.1265027035271876 0.7208606986007094 0.04448034034363317 0.04497753087881238
0 0.01796875 0.7125 0.0359375 0.046875
0 0.18666335481581148 0.886423514119258 0.04439845318850324 0.04341503087881229
0 0.0203125 0.9765625 0.040625 0.04375
0 0.2631506117132165 0.8574467194503921 0.04439845318850324 0.04341503087881247
0 0.2231807089542545 0.8687646526782024 0.044480340343633 0.04497753087881229
0 0.14306384102100153 0.9475595909205776 0.04596095318850324 0.04346049498543501
0 0.01640625 0.86171875 0.0328125 0.0421875
0 0.26970822817613127 0.9528046835570146 0.04439845318850324 0.04341503087881229
0 0.07196568973237767 0.7816785266556703 0.044480340343633 0.04497753087881238
0 0.16226978516439336 0.7484234089464085 0.044480340343633 0.04497753087881247
0 0.0546875 0.98984375 0.04375 0.0203125
0 0.2269475180902231 0.9406396526782024 0.042754066033373485 0.04180706677218957
0 0.2534613511977669 0.7916398630239013 0.04604284034363317 0.04502299498543501
0 0.14731981456303558 0.6715426602000496 0.04127345318850324 0.043324102665567035
0 0.05742515490666857 0.7126102779093115 0.04283595318850324 0.04336956677218975
0 0.2390625 0.9921875 0.04375 0.015625
0 0.10394603007601066 0.8262923446815013 0.04439845318850324 0.04341503087881229
0 0.0765978787873868 0.6616842754020291 0.04456222749876275 0.04654003087881246
0 0.09837105947465279 0.7496843805748785 0.042917840343633176 0.04493206677218975
0 0.16328125 0.98046875 0.0453125 0.0390625
0 0.3513676639517801 0.9629813171013941 0.04596095318850324 0.04346049498543501
0 0.31148629240048253 0.9462197144358271 0.04448034034363317 0.04497753087881247
0 0.3101827419709412 0.8915776785424498 0.04439845318850324 0.04341503087881229
0 0.03416471732199753 0.6557692445232167 0.04464411465389251 0.048102530878812375
0 0.02731493102595035 0.7632180316702353 0.04283595318850324 0.04336956677218975
0 0.10311387041964375 0.8699514164682558 0.042672178878243726 0.04024456677218957
0 0.18379730438627018 0.831736014119258 0.04439845318850324 0.04341503087881238
0 0.26856845205684954 0.9012876476636373 0.046042840343633 0.04502299498543501
0 0.31484375 0.9828125 0.0453125 0.034375
0 0.21028456128367523 0.8013043680384662 0.04448034034363317 0.04497753087881238
0 0.9722533740376884 0.7795777837152993 0.04102779172311397 0.03863660266556703
0 0.9544572851643933 0.5590834272888086 0.03962906603337366 0.041716138558944314
0 0.9501592887824379 0.6556856426490725 0.03946529172311415 0.03859113855894432
0 0.9319957869734157 0.6067935015828456 0.03954717887824373 0.04015363855894431
0 0.9188539778374472 0.5346457169431096 0.041191566033373664 0.041761602665567034
0 0.98046875 0.72578125 0.0390625 0.0390625
0 0.9953125 0.853125 0.009375 0.0375