0 0.17301309977253854 0.06563218538205887 0.032523339923887826 0.03325259099298643
0 0.03602243574209365 0.06194358575119914 0.03408583992388783 0.033352720542635696
0 0.23876543376492734 0.05830174429678738 0.032523339923887916 0.03325259099298643
0 0.3110967371112377 0.19548276681432136 0.0325870069200823 0.03481509099298634
0 0.374811727225406 0.2381523257290498 0.03414950692008212 0.0349152205426357
0 0.35468491102751437 0.15840426897378962 0.032523339923887916 0.03325259099298652
0 0.034375 0.5609375 0.06875 0.10625
0 0.19251646935392158 0.541915280693982 0.13357118676785795 0.10362325262089364
0 0.034375 0.7125 0.06875 0.10625
0 0.034375 0.8625 0.06875 0.109375
0 0.19577943771926004 0.691314503396086 0.13669618676785794 0.1038235117201923
0 0.19747990608459842 0.8408138556478395 0.1383860207602467 0.10704864126984166
0 0.2 0.9671875 0.14375 0.065625
0 0.791362557263462 0.9435617165374662 0.05391817885919252 0.06111677513842757
0 0.6773292321683219 0.9119088032115158 0.061412343878220456 0.053804922886674336
0 0.845344403118849 0.8808824413990385 0.059849843878220454 0.05370479333702498
0 0.5911025720922096 0.8862660579918777 0.0446068458553869 0.062078497840531634
0 0.8889378942216004 0.9201661844592082 0.0643463428896375 0.04931768198597286
0 0.6467503942216004 0.9356862646548529 0.05991351087441501 0.055267293337024806
0 0.6333537390884041 0.8820000601513461 0.049294345855386903 0.062378886489479514
0 0.7215593932330172 0.9355675462716857 0.06147601087441501 0.05536742288667416
0 0.9265599110275143 0.8382758343669231 0.04623301285158128 0.06374112739018098
0 0.7437872203053237 0.9637531030269457 0.060040844866803764 0.05839229333702498
0 0.5431345987839553 0.7631079626799548 0.05672484387822054 0.053504534237726276
0 0.7787935730807928 0.8695630120339594 0.052355678859192525 0.061016645588778215
0 0.9225382558943179 0.7839888525655205 0.06740767589344294 0.04795544108527148
0 0.5405587440313199 0.8645703331303054 0.05678851087441492 0.05506703423772628
0 0.5505995888981235 0.809382185382059 0.0461693458553869 0.062178627390180985
0 0.704719403118849 0.8898941008674776 0.0627838428896375 0.04921755243632351
0 0.5075260681378769 0.9103229241232919 0.03379667984777566 0.06450259099298634
0 0.6155985533091293 0.9735262260981902 0.06590884288963732 0.04941781153562221
0 0.6933255997725386 0.74880802591362 0.045978344866803765 0.05749112739018099
0 0.548151068137877 0.9077195558324096 0.06272017589344295 0.04765505243632351
0 0.9265625 0.99375 0.071875 0.0125
0 0.8109375 0.984375 0.06875 0.03125
0 0.5734879436507591 0.706618130786267 0.06415534190105418 0.044630181985972864
0 0.6226257806088974 0.6863266147471381 0.05366351087441483 0.05486677513842757
0 0.6940657460084863 0.845382637264672 0.06728034190105418 0.044830441085271386
0 0.85625 0.990625 0.05 0.01875
0 0.6272602479856526 0.8403132078995927 0.06259284190105419 0.044530052436323506
0 0.66953125 0.99296875 0.0703125 0.0140625