0 0.26075777634179614 0.2989037465815276 0.02198408430895542 0.01925914627652787
0 0.2543805113146815 0.2771742169462497 0.02042158430895542 0.01922277868534721
0 0.3444156797362005 0.442288764248958 0.02198408430895533 0.01925914627652787
0 0.25480775819142354 0.3506117169462497 0.02042158430895542 0.01922277868534721
0 0.37588384835411137 0.47906141242534683 0.020421584308955333 0.01922277868534721
0 0.25806002321853816 0.3724139817638886 0.02042158430895542 0.01922277868534721
0 0.26495543871319105 0.4832060113991664 0.02042158430895542 0.01922277868534721
0 0.28523157727687254 0.47648323271381915 0.020421584308955333 0.01922277868534721
0 0.39930316763595214 0.4753908985576385 0.020430674668035033 0.020785278685347207
0 0.2767373003459012 0.359477570669722 0.02198408430895542 0.01925914627652787
0 0.272649764045156 0.46271167344326364 0.018859084308955422 0.019186411094166543
0 0.38357817368607633 0.45856707446944406 0.020421584308955333 0.01922277868534721
0 0.4084509086589618 0.43611019301055515 0.02198408430895533 0.01925914627652787
0 0.2800077460911751 0.3844048354873609 0.02198408430895533 0.01925914627652787
0 0.3102497579950318 0.4790263512549302 0.020430674668035033 0.020785278685347207
0 0.32105999296791715 0.45689677811666635 0.02198408430895542 0.01925914627652787
0 0.2692975050681655 0.4237219086256247 0.02042158430895542 0.01922277868534721
0 0.2534997882456528 0.3943980845374303 0.020421584308955333 0.01922277868534721
0 0.2662906797362006 0.4441071438079859 0.02042158430895542 0.01922277868534721
0 0.46490998691779295 0.47073845972805517 0.020421584308955333 0.01922277868534721
0 0.4020918243500063 0.41750566337527745 0.02198408430895533 0.01925914627652787
0 0.28659408937712094 0.4420718651226386 0.02042158430895542 0.01922277868534721
0 0.28960091470908594 0.4216866299402775 0.02042158430895542 0.01922277868534721
0 0.2520372821955286 0.41162195212861086 0.02042158430895542 0.01922277868534721
0 0.25237362548147446 0.46943445212861085 0.01886817466803503 0.02074891109416672
0 0.2707327400410509 0.40181054103444414 0.02042158430895542 0.01922277868534721
0 0.25215545686356367 0.43193445212861087 0.02042158430895542 0.01922277868534721
0 0.30687931829988213 0.43691158643729133 0.02042158430895542 0.01922277868534721
0 0.7988486496819712 0.42670013184013855 0.04557612041330898 0.04636716014423605
0 0.9765373124461496 0.34755422644555506 0.04243293969514959 0.04316942496187508
0 0.7222043364502547 0.41441964380798585 0.04243293969514968 0.04316942496187508
0 0.8428703186926656 0.20377047169590243 0.04401362041330899 0.04633079255305557
0 0.99140625 0.42890625 0.0171875 0.0421875
0 0.9666350716195318 0.25714743199263845 0.04243293969514959 0.04316942496187508
0 0.8155270895735127 0.3388000883371524 0.04084316861791084 0.03844555737069442
0 0.8544714149054776 0.3175783985576386 0.04559430113146803 0.049492160144236054
0 0.37175890885535345 0.9177563172512494 0.06443520472226431 0.06555357123840296
0 0.45601573418731844 0.8954799673274995 0.06598861436318479 0.06402743882958326
0 0.50078125 0.80546875 0.0171875 0.0609375
0 0.4828125 0.97578125 0.053125 0.0484375
0 0.4953125 0.88125 0.028125 0.065625
0 0.421875 0.97734375 0.065625 0.0453125
0 0.9312702642415477 0.7854126766743048 0.047129530054229464 0.04484102773541672
0 0.8701236859827166 0.7508935127303467 0.04556703005422946 0.04480466014423605
0 0.5654180052645572 0.7548601930105552 0.04400453005422929 0.04476829255305574
0 0.8094134449597069 0.7913743487863882 0.04243293969514959 0.04316942496187508
0 0.5296875 0.6046875 0.040625 0.046875
0 0.6620293848512484 0.7072929023573606 0.042442030054229286 0.04473192496187508
0 0.8455600232185383 0.8264753941892355 0.04400453005422929 0.04476829255305557
0 0.55859375 0.98359375 0.0421875 0.0328125
0 0.51953125 0.63359375 0.0203125 0.0453125
0 0.52109375 0.74609375 0.0234375 0.0453125
0 0.8201145956236369 0.7504947756481244 0.04243293969514959 0.04316942496187508
0 0.5416623426967707 0.7007182068782635 0.042442030054229286 0.04473192496187508
0 0.6548713907049809 0.8199747403132633 0.040870439695149585 0.043133057370694415
0 0.5839498366466465 0.7169237819163885 0.042442030054229286 0.04473192496187508
0 0.8766191256778662 0.7929355423656244 0.04398634933607006 0.041643292553055565
0 0.804225975210328 0.7055459515599299 0.042442030054229286 0.04473192496187508
0 0.696104403001621 0.6549303153513885 0.04400453005422929 0.04476829255305557
0 0.6875748063960254 0.8004610208984717 0.04243293969514959 0.04316942496187508
0 0.8817156918364489 0.8631389395920828 0.04557612041330898 0.04636716014423605
0 0.768906619627742 0.8126324061570827 0.040870439695149585 0.043133057370694415
0 0.6009838423039872 0.958747606004583 0.042451120413308986 0.04629442496187508
0 0.7167350655694076 0.7091450366660411 0.039298849336070064 0.04153418977951393
0 0.5757111315315987 0.9124544874634719 0.04243293969514959 0.04316942496187508
0 0.8133202158405541 0.9256766136040271 0.042442030054229286 0.04473192496187508
0 0.610031589377121 0.9022794004574995 0.042442030054229286 0.04473192496187508
0 0.5452691317279903 0.7834579716959024 0.04243293969514959 0.04316942496187508
0 0.6741304508134395 0.9070383292190968 0.040861349336070066 0.041570557370694414
0 0.9315066135776178 0.8260376766743048 0.047120439695149584 0.04327852773541672
0 0.5788714512062229 0.6498453846899302 0.040861349336070066 0.041570557370694504
0 0.8634747519449076 0.9510753506862493 0.04401362041330899 0.04633079255305557
0 0.536521366504484 0.8914886772429857 0.040870439695149766 0.043133057370694415
0 0.5972679689638121 0.857257841186944 0.04400453005422929 0.04476829255305574
0 0.7224225050681655 0.8809109338924994 0.042451120413308986 0.04629442496187508
0 0.7476588544042356 0.9209540524336106 0.042442030054229286 0.04473192496187508
0 0.7250657160369458 0.7980256987101384 0.039298849336070064 0.04153418977951393
0 0.6696702097904298 0.9462099319926385 0.042451120413308986 0.04629442496187508
0 0.6040987101832134 0.6883260032310412 0.04243293969514959 0.04316942496187508
0 0.7771827279408025 0.8921380682011801 0.042442030054229286 0.04473192496187508
0 0.7213145230221464 0.9590723014836801 0.042451120413308986 0.04629442496187508
0 0.8992031736860764 0.9143013960890964 0.04556703005422946 0.04480466014423605
0 0.9334781797362005 0.8963138090831244 0.04400453005422946 0.04476829255305557
0 0.8584327279408026 0.8902469534597911 0.04401362041330899 0.04633079255305574
0 0.5508373547970191 0.6661250013311802 0.040879530054229285 0.044695557370694416
0 0.68359375 0.98359375 0.0421875 0.0328125
0 0.64140625 0.98046875 0.0421875 0.0390625
0 0.6189975232185382 0.8317486949104163 0.040879530054229285 0.044695557370694416
0 0.829208836253863 0.9706254376922215 0.04400453005422929 0.04476829255305574
0 0.60078125 0.9875 0.0390625 0.025
0 0.7650917940993853 0.9627415089306245 0.042442030054229286 0.04473192496187508
0 0.7375 0.9890625 0.04375 0.021875