0 0.7765625 0.45625 0.05 0.0734375
0 0.6578125 0.45 0.046875 0.065625
0 0.6046875 0.4546875 0.0578125 0.059375
0 0.7390625 0.49375 0.0625 0.0546875
0 0.775 0.546875 0.0640625 0.0515625
0 0.825 0.60625 0.06875 0.0578125
0 0.5578125 0.5125 0.0453125 0.065625
0 0.509375 0.56875 0.05 0.0640625
0 0.678125 0.509375 0.0671875 0.04375
0 0.6875 0.628125 0.04375 0.06875
0 0.603125 0.5078125 0.0484375 0.0640625
0 0.628125 0.571875 0.0484375 0.065625
0 0.4984375 0.6375 0.04375 0.06875
0 0.85625 0.6796875 0.075 0.046875
0 0.71875 0.6875 0.046875 0.071875
0 0.5671875 0.56875 0.059375 0.0578125
0 0.7453125 0.59375 0.0703125 0.0453125
0 0.6375 0.65 0.04375 0.0703125
0 0.5734375 0.61875 0.065625 0.046875
0 0.84375 0.721875 0.0734375 0.0484375
0 0.671875 0.734375 0.0703125 0.046875