0 0.496875 0.5328125 0.0578125 0.040625
0 0.4515625 0.5 0.059375 0.0375
0 0.6296875 0.634375 0.0546875 0.04375
0 0.76875 0.6265625 0.0546875 0.0375
0 0.5640625 0.6359375 0.0609375 0.0375
0 0.4984375 0.5875 0.0390625 0.05625
0 0.6828125 0.51875 0.0578125 0.0359375
0 0.3859375 0.2453125 0.0515625 0.0546875
0 0.496875 0.678125 0.0453125 0.05625
0 0.55 0.4453125 0.046875 0.0546875
0 0.68125 0.6828125 0.05625 0.04375
0 0.4234375 0.584375 0.0578125 0.0421875
0 0.58125 0.6640625 0.059375 0.040625
0 0.7921875 0.54375 0.05 0.0421875
0 0.4453125 0.5515625 0.05 0.046875
0 0.6421875 0.715625 0.04375 0.05625
0 0.7046875 0.65 0.046875 0.0515625
0 0.7109375 0.5625 0.0484375 0.0484375
0 0.51875 0.4859375 0.0359375 0.0578125
0 0.671875 0.471875 0.0359375 0.059375
0 0.7046875 0.2546875 0.0546875 0.04375
0 0.7734375 0.4515625 0.0546875 0.0359375
0 0.55625 0.603125 0.0578125 0.03125
0 0.8078125 0.740625 0.046875 0.053125
0 0.753125 0.5796875 0.0375 0.0578125
0 0.6421875 0.66875 0.0515625 0.046875
0 0.715625 0.6125 0.0515625 0.040625
0 0.7375 0.225 0.0359375 0.0578125
0 0.4046875 0.5328125 0.0421875 0.059375
0 0.6625 0.40625 0.0453125 0.0546875
0 0.590625 0.7453125 0.05625 0.0453125
0 0.7328125 0.784375 0.059375 0.0296875
0 0.609375 0.609375 0.053125 0.0390625
0 0.784375 0.4953125 0.0390625 0.0546875
0 0.621875 0.4421875 0.0359375 0.0578125
0 0.45625 0.6328125 0.040625 0.0578125
0 0.621875 0.5625 0.040625 0.0546875
0 0.5875 0.5046875 0.0375 0.05625
0 0.79375 0.5765625 0.0515625 0.025
0 0.734375 0.53125 0.053125 0.0359375
0 0.7515625 0.4921875 0.0359375 0.053125
0 0.6265625 0.5171875 0.0421875 0.0515625
0 0.5640625 0.5296875 0.046875 0.0515625
0 0.7265625 0.7390625 0.05 0.0546875
0 0.6640625 0.575 0.0453125 0.0515625
0 0.5046875 0.6375 0.0546875 0.040625
0 0.784375 0.6625 0.0484375 0.053125
0 0.565625 0.3453125 0.05625 0.040625
0 0.7046875 0.4125 0.046875 0.0546875
0 0.403125 0.465625 0.04375 0.0578125
0 0.68125 0.315625 0.05 0.05
0 0.7734375 0.4046875 0.0421875 0.0546875
0 0.728125 0.3375 0.0375 0.0609375
0 0.628125 0.7921875 0.0390625 0.059375
0 0.528125 0.703125 0.0265625 0.0625
0 0.7265625 0.4375 0.04375 0.0546875
0 0.7125 0.478125 0.046875 0.046875