0 0.41171875 0.38046875 0.0359375 0.0359375
0 0.36243176509208397 0.42193632305769346 0.037538541356328815 0.03730855242559432
0 0.4109375 0.29921875 0.0375 0.0359375
0 0.47066798841806345 0.17882534122540497 0.07456766046291677 0.06367960485118865
0 0.586511312239381 0.19295122729036063 0.04575345574818694 0.08000623545613247
0 0.6275344185256874 0.1713949627464931 0.06704625889134022 0.06929187606301604
0 0.6326372572342012 0.41463477971595497 0.0752568651776464 0.04505715060882309
0 0.43359375 0.37578125 0.0078125 0.0796875
0 0.7253727208402709 0.46734493365875796 0.06235875889134022 0.06890923879011232
0 0.5101029776646965 0.3236913021357303 0.07867296360606986 0.05156224212409235
0 0.659375231593638 0.32031069486864555 0.03794095574818694 0.07936850666795969
0 0.6070849855225793 0.30047668486670603 0.05491013192686935 0.07608401000193972
0 0.6213615012383451 0.23937968820068586 0.06846320967712849 0.06629442182065048
0 0.5310362158778723 0.3720968512273447 0.07674659057054072 0.04362219636645772
0 0.5605010839510027 0.3029003121376698 0.06392125889134022 0.06903678454774678
0 0.6607964904849781 0.3842456491110111 0.07362159057054055 0.043367104851188644
0 0.7067725781600345 0.5358717930518745 0.03147263192686935 0.07417082363742153
0 0.44140625 0.4625 0.0234375 0.075
0 0.5604240012383451 0.2344054036529389 0.0671190334984459 0.07085437606301603
0 0.6709633949520388 0.2683336066873565 0.0752568651776464 0.04505715060882309
0 0.6003298713783902 0.3559614103208988 0.0695890620344933 0.05704696757828494
0 0.5292254669113295 0.46689916819680644 0.0729323858558109 0.06198955909355419
0 0.6242126352321291 0.5011144136548786 0.0608690334984459 0.07034419303247788
0 0.23672101984959487 0.761700711538545 0.03277826674922295 0.0353634151526907
0 0.00859375 0.87265625 0.0171875 0.0359375
0 0.024512118278018313 0.7506044885002483 0.03277826674922295 0.0353634151526907
0 0.16634005334804094 0.8213310609297219 0.032705492142117265 0.03380091515269079
0 0.06786401199171213 0.7790482239563807 0.032705492142117265 0.03380091515269079
0 0.21935373738460626 0.7898576624469307 0.032705492142117265 0.0338009151526907
0 0.12099762820281583 0.9172495966854168 0.031142992142117264 0.03367336939505616
0 0.0140625 0.83125 0.028125 0.034375
0 0.24203787427387438 0.9426956200232761 0.032705492142117085 0.03380091515269079
0 0.15129294209933591 0.7656231948686456 0.03277826674922295 0.0353634151526907
0 0.188583234489122 0.8978616100213364 0.029507717535011226 0.03198332363742153
0 0.12750449338046224 0.9566947339583205 0.031142992142117087 0.03367336939505616
0 0.26924672952672335 0.8250615809336013 0.032705492142117085 0.03380091515269079
0 0.15006869809519188 0.9398579203228383 0.031070217535011223 0.03211086939505616
0 0.19296875 0.99453125 0.0328125 0.0109375
0 0.16446083787994423 0.9815032863839146 0.031070217535011223 0.03211086939505616
0 0.16310804549015803 0.8521984236568183 0.031070217535011223 0.03211086939505616
0 0.23984375 0.98828125 0.0328125 0.0234375
0 0.16754298841806356 0.8805785151720873 0.031070217535011223 0.03211086939505616
0 0.4703125 0.98203125 0.065625 0.0359375