0 0.1655740061044355 0.24189469952000725 0.0263101944820761 0.026456084186749607
0 0.04097679782754948 0.2720232733245875 0.026392081637205855 0.028018584186749608
0 0.21596350972248005 0.3414088521084909 0.02639208163720568 0.028018584186749608
0 0.015144638171182567 0.31413517861449414 0.026392081637205765 0.028018584186749608
0 0.10578957032878673 0.230623999576477 0.0263101944820761 0.026456084186749607
0 0.19165182722619162 0.20447029423010052 0.0263101944820761 0.026456084186749607
0 0.11122734283002389 0.18576652588483622 0.0263101944820761 0.026456084186749607
0 0.06343829601852721 0.225041857511337 0.0263101944820761 0.026456084186749607
0 0.20470510515449583 0.3049253205384598 0.02639208163720568 0.028018584186749608
0 0.17271812075832801 0.28904271530502273 0.026392081637205855 0.028018584186749608
0 0.0078125 0.2421875 0.015625 0.028125
0 0.09664694368910656 0.2939584574831022 0.0263101944820761 0.026456084186749607
0 0.19170049411864784 0.3540152679217412 0.027954581637205857 0.028109589448421346
0 0.07360559135968589 0.35959886803468083 0.027954581637205676 0.028109589448421346
0 0.0109375 0.271875 0.021875 0.028125
0 0.1560971867917015 0.32857565216496065 0.02639208163720568 0.028018584186749608
0 0.09597855834299907 0.3406514469597585 0.02639208163720568 0.028018584186749608
0 0.0636220024863908 0.13937737329635258 0.0263101944820761 0.026456084186749607
0 0.13413365558403711 0.35533557323988285 0.02639208163720568 0.028018584186749608
0 0.10314924920703046 0.2694134837914614 0.0263101944820761 0.026456084186749607
0 0.13557888964152057 0.14512611533325764 0.0263101944820761 0.026456084186749607
0 0.1836489767057933 0.3192762468750539 0.0263101944820761 0.026456084186749607
0 0.06744412256735029 0.33120085224966517 0.02639208163720568 0.028018584186749608
0 0.04560234283002389 0.18194430489461855 0.0263101944820761 0.026456084186749607
0 0.141140572137809 0.2809726100715858 0.0263101944820761 0.026456084186749607
0 0.03918192446722966 0.2080517785862593 0.0263101944820761 0.026456084186749607
0 0.0822768272261916 0.19809992591307105 0.0263101944820761 0.026456084186749607
0 0.0125 0.19296875 0.025 0.0265625
0 0.22505082541716934 0.1581259152485531 0.0263101944820761 0.026456084186749607
0 0.00859375 0.14921875 0.0171875 0.0265625
0 0.03343653550307764 0.15786976806291567 0.0263101944820761 0.026456084186749607
0 0.08088474558898592 0.17153742591307103 0.0263101944820761 0.026456084186749607
0 0.3196550757558537 0.387949194117161 0.028036468792335612 0.029672089448421347
0 0.7001327125722991 0.49441348379146144 0.08410940637700666 0.0890162683452644
0 0.7430771291260709 0.4221436416416169 0.09282930913596843 0.07706229991529537
0 0.9203633254171694 0.5056827256871921 0.09323874491161739 0.08487479991529553
0 0.69912133197589 0.23732902588483623 0.08410940637700666 0.0890162683452643
0 0.7373804070543752 0.521506604809914 0.08271068068726599 0.09205026308359247
0 0.6976274310259504 0.29799351009982067 0.09908595318850325 0.047829826223654594
0 0.97578125 0.30703125 0.0484375 0.0984375
0 0.6998383842144537 0.3401810100998207 0.09957727611928177 0.05720482622365468
0 0.8107758842144538 0.34664238367852196 0.08575379353213641 0.09066977360693614
0 0.9671875 0.41015625 0.065625 0.0578125
0 0.6422228787873867 0.19195634172632153 0.0943918091359686 0.07715330517696728
0 0.8467333163720578 0.25994602048199 0.05351450361804453 0.0996961631118273
0 0.98671875 0.54765625 0.0265625 0.0828125
0 0.842149794209505 0.5291664573419279 0.06913950361804452 0.10060621572854593
0 0.5765625 0.3546875 0.034375 0.103125
0 0.9388256411118586 0.3229458203972855 0.05820200361804453 0.09996917889684287
0 0.43984375 0.98125 0.0609375 0.0375
0 0.4421011273170487 0.75927816254713 0.0729262449116174 0.08369173151356132
0 0.5484375 0.96875 0.021875 0.059375
0 0.5015625 0.97734375 0.0625 0.0453125
0 0.4283528878324983 0.8239021046687396 0.06207063206674714 0.08461719468185844
0 0.3704585006773685 0.8189724099868811 0.06067190637700666 0.08765118942018653
0 0.4454385685197644 0.9121301467621145 0.07276247060135788 0.08056673151356133
0 0.5080536759375678 0.7693503835373476 0.07300813206674714 0.08525423151356151
0 0.27157834463904623 0.9534090521931955 0.055820632066746964 0.08425317363517096
0 0.5171875 0.85 0.084375 0.059375
0 0.368207683173657 0.95436387841685 0.08559666327441154 0.05794827886860805
0 0.29848832541716935 0.8724166574266323 0.05894563206674715 0.08443518415851478
0 0.3712640841235967 0.8937903994635376 0.08304487336031982 0.0687037683452644
0 0.8295679070543752 0.8353885523343699 0.042754066033373485 0.04299113680346807
0 0.6892704556748941 0.8334480787839034 0.042754066033373575 0.04299113680346807
0 0.8128031309350934 0.7830070049793232 0.041109678878243815 0.04133763154179633
0 0.7399189088633975 0.8784567418957308 0.042754066033373485 0.04299113680346807
0 0.8295479748967709 0.9241780365493544 0.041191566033373574 0.042900131541796324
0 0.9039061657608023 0.8568532996329467 0.03946529172311397 0.03968412628012441
0 0.9719944244672296 0.8779540258848362 0.041109678878243724 0.04133763154179633
0 0.8480589574839165 0.8909861049510883 0.042754066033373485 0.04299113680346807
0 0.8955071675698247 0.9046537628012438 0.03946529172311415 0.03968412628012423