0 0.2484375 0.6984375 0.0265625 0.0265625
0 0.3859375 0.7109375 0.025 0.0265625
0 0.409375 0.6765625 0.025 0.025
0 0.3609375 0.678125 0.025 0.025
0 0.421875 0.7421875 0.025 0.0265625
0 0.259375 0.7453125 0.0265625 0.0265625
0 0.3484375 0.7296875 0.025 0.0265625
0 0.3328125 0.6609375 0.025 0.025
0 0.35625 0.7609375 0.025 0.0265625
0 0.3484375 0.7921875 0.0265625 0.0265625
0 0.28125 0.6703125 0.025 0.025
0 0.3265625 0.69375 0.025 0.025
0 0.296875 0.790625 0.0265625 0.0265625
0 0.2953125 0.7515625 0.025 0.0265625
0 0.2234375 0.7671875 0.025 0.0265625
0 0.221875 0.7953125 0.0265625 0.0265625
0 0.4125 0.7984375 0.0265625 0.028125
0 0.253125 0.646875 0.025 0.025
0 0.3234375 0.7265625 0.025 0.025
0 0.271875 0.771875 0.0265625 0.0265625
0 0.325 0.7609375 0.025 0.0265625
0 0.2671875 0.8 0.025 0.0265625
0 0.2421875 0.809375 0.0265625 0.0265625
0 0.3078125 0.675 0.0234375 0.025
0 0.2265625 0.6328125 0.025 0.025