0 0.790625 0.3828125 0.046875 0.04375
0 0.44375 0.4703125 0.0453125 0.04375
0 0.79375 0.7625 0.0484375 0.046875
0 0.121875 0.6078125 0.05 0.0484375
0 0.275 0.315625 0.046875 0.0453125
0 0.2125 0.746875 0.0484375 0.0484375
0 0.5609375 0.43125 0.0453125 0.04375
0 0.4609375 0.6265625 0.0453125 0.046875
0 0.08125 0.334375 0.0484375 0.0453125
0 0.16875 0.3453125 0.046875 0.0453125
0 0.6328125 0.35 0.0453125 0.04375
0 0.55625 0.3515625 0.04375 0.0421875
0 0.409375 0.6953125 0.0484375 0.0484375
0 0.4359375 0.565625 0.0453125 0.0453125
0 0.8671875 0.54375 0.05 0.0453125
0 0.7140625 0.3625 0.046875 0.0453125
0 0.2953125 0.8359375 0.05 0.053125
0 0.7828125 0.6140625 0.0484375 0.046875
0 0.496875 0.56875 0.0453125 0.0453125
0 0.684375 0.6109375 0.046875 0.046875
0 0.6421875 0.484375 0.046875 0.0453125
0 0.4015625 0.359375 0.0453125 0.0453125
0 0.771875 0.4984375 0.046875 0.04375