0 0.09443459092057757 0.11948089913252255 0.03693771034569906 0.0366779796419344
0 0.14403743731793844 0.21623478562200224 0.03698317445232178 0.0382404796419344
0 0.01171875 0.14609375 0.0234375 0.0359375
0 0.062440444839785766 0.14550317858988687 0.03693771034569906 0.0366779796419344
0 0.8473897578510519 0.25505984885566735 0.022466033386094965 0.02171431369509058
0 0.9476912862225817 0.3254305104835746 0.020903533386094963 0.02161418414544123
0 0.7597533655311837 0.24476509407530536 0.022511497492717504 0.023276813695090583
0 0.9279698196086766 0.34444132633813335 0.02251149749271768 0.023276813695090583
0 0.8739522578510517 0.2567620511997058 0.022511497492717504 0.023276813695090583
0 0.9570041017411303 0.3774936582318212 0.02094899749271768 0.023176684145441228
0 0.99609375 0.378125 0.0078125 0.021875
0 0.4984375 0.93203125 0.0625 0.1078125
0 0.3590092194503921 0.802735885252862 0.07514841567683313 0.1171059592838688
0 0.4285200859060126 0.7260918445367308 0.10879598997087019 0.09430880937615385
0 0.3578125 0.67265625 0.10625 0.0859375
0 0.17496918857157961 0.7488332279438914 0.11214831050398359 0.10232156847545255
0 0.19765625 0.65390625 0.0953125 0.0484375
0 0.40078125 0.9640625 0.1140625 0.071875
0 0.342396032461658 0.8749718306570701 0.10433581050398359 0.10182092072720579
0 0.290821509104693 0.7640553146179412 0.0737223079967011 0.12169332973421945
0 0.28125 0.65234375 0.075 0.0453125
0 0.23946960926297756 0.8215884099298641 0.07064277210332381 0.12305557063492074
0 0.30184524030007454 0.9285183328165385 0.08139841567683295 0.1175064774824662
0 0.49453125 0.98515625 0.0703125 0.0296875
0 0.93203125 0.98671875 0.0453125 0.0265625
0 0.96328125 0.95 0.0734375 0.046875
0 0.90546875 0.98359375 0.0515625 0.0328125
0 0.9411157111371218 0.9276939173311198 0.07779003087881228 0.04709384793281668
0 0.9765625 0.8890625 0.046875 0.075
0 0.884375 0.9703125 0.05 0.059375
0 0.990625 0.97109375 0.01875 0.0484375
0 0.96640625 0.9828125 0.0328125 0.034375
0 0.9333821159934022 0.8227060286821718 0.07801735141192587 0.05490634793281668
0 0.8122679824490227 0.7338461829088235 0.08077863855894432 0.042606607032115384