0 0.038013456078905425 0.5389651550133339 0.0221113573360908 0.020821646276527873
0 0.00859375 0.5375 0.0171875 0.021875
0 0.06706460940481485 0.48496863924576444 0.02054885733609062 0.020785278685347207
0 0.0834532254137236 0.55095731515757 0.020548857336090798 0.020785278685347207
0 0.10676345607890543 0.5405653290252783 0.020548857336090798 0.020785278685347207
0 0.08890324673772403 0.4823527855222922 0.020548857336090798 0.020785278685347207
0 0.09538960407381473 0.5028107558870144 0.02054885733609062 0.020785278685347207
0 0.08779528007636017 0.5213789179311117 0.02054885733609062 0.020785278685347207
0 0.783090693427723 0.6394716884483337 0.018986357336090796 0.020748911094166544
0 0.8203906987587232 0.6231570106366672 0.018986357336090796 0.020748911094166544
0 0.6363600494111783 0.514214502468542 0.020530676002545344 0.01922277868534721
0 0.7378498240769964 0.5103283958952781 0.018968176002545432 0.019186411094166723
0 0.8774941267504508 0.5635651115103477 0.018968176002545432 0.019186411094166723
0 0.6664839014162689 0.5524054867009726 0.018968176002545346 0.019186411094166543
0 0.685361170751087 0.5637793977951392 0.018968176002545255 0.019186411094166723
0 0.7665020827498144 0.5562955125365281 0.018968176002545432 0.019186411094166543
0 0.8104338960852688 0.5729388050895837 0.018968176002545432 0.019186411094166543
0 0.7169566160884505 0.5941942496187503 0.018968176002545432 0.019186411094166723
0 0.8053282254137237 0.5368922023160421 0.017387494668999894 0.017587543502986237
0 0.7370509400859051 0.5759170283040976 0.017387494668999894 0.017587543502986237
0 0.7305827640833599 0.5570215579393754 0.017405676002545434 0.019150043502986058
0 0.786596406747269 0.5380182912218754 0.01424431333545435 0.015952308320624907
0 0.7136316214194507 0.5769340144363893 0.017405676002545434 0.019150043502986235
0 0.3012032520687241 0.9228270894745142 0.045839758672817865 0.04636716014423605
0 0.24549759739017923 0.8340542237831947 0.045839758672817865 0.04636716014423623
0 0.2907737347230883 0.831983883927431 0.0458215773392725 0.04480466014423605
0 0.18045440006363345 0.8825267849536113 0.045839758672817865 0.04636716014423605
0 0.2994942067154523 0.7759520894745142 0.045839758672817865 0.04636716014423614
0 0.20474642274026938 0.9565097988213196 0.0473840773392725 0.04484102773541672
0 0.09004757606617877 0.899167464665139 0.04740225867281791 0.046403527735416714
0 0.24945784404836138 0.7716633265567363 0.045839758672817865 0.04636716014423614
0 0.34765625 0.875 0.0234375 0.04375
0 0.14366347207190575 0.942591462765278 0.04740225867281787 0.046403527735416714
0 0.29244641740926924 0.975733883927431 0.045839758672817865 0.04636716014423605
0 0.2319623560629971 0.8790394154625696 0.0458215773392725 0.04480466014423605
0 0.49166462006681505 0.7416485182361113 0.1275079293443631 0.08419577488562506
0 0.8562918360916321 0.9328982993900006 0.1272352093411815 0.06075827488562506
0 0.6929554947485417 0.8572410699072226 0.11369996801399936 0.10574346656500015
0 0.8337975760661788 0.7449255207046533 0.09991018801718106 0.12885365824437506
0 0.8515625 0.71484375 0.090625 0.0921875
0 0.5503680054105419 0.819556619109792 0.10294428134945388 0.12111389342673622
0 0.4046875 0.959375 0.090625 0.08125
0 0.70078125 0.71953125 0.0796875 0.1015625
0 0.59609375 0.93359375 0.0765625 0.1328125
0 0.7717339280712695 0.7809708170574311 0.06860564401654479 0.12343880642076392
0 0.7370680267345423 0.7551707300514587 0.06862382535009015 0.12500130642076393