0 0.5995869590741574 0.1015292597120756 0.0719386439408634 0.04467451333591956
0 0.7015625 0.0234375 0.0625 0.046875
0 0.640625 0.02578125 0.05625 0.0515625
0 0.5456010896791013 0.12700774971013598 0.056791876063015945 0.06827151000193972
0 0.6813788351371735 0.04371650183616786 0.05210437606301603 0.06788887272903601
0 0.6855886187668363 0.22337205092778226 0.05822683030538141 0.06683655575957417
0 0.7002885896791012 0.13963477971595495 0.039987013335919384 0.07155600666795969
0 0.7994591554406151 0.04234493365875798 0.052359467578284934 0.071013872729036
0 0.6744594133165229 0.10921395607853324 0.04142196757828494 0.07012105242559415
0 0.6478649624081373 0.0881681324411117 0.039987013335919565 0.07155600666795969
0 0.5976740305855472 0.20203944274261368 0.07688123545613239 0.048182150608823096
0 0.6291154781599528 0.7447690766815375 0.09464256242753404 0.09464256242753404
0 0.4676041511885513 0.7771994551604493 0.06973815727678297 0.11278678454774678
0 0.6038609023964993 0.8999987106204612 0.06387079454968658 0.11696410151720862
0 0.4328125 0.6375 0.046875 0.078125
0 0.6973550372535069 0.6795584069869188 0.09843724212409236 0.08408769970043757
0 0.4921875 0.60234375 0.096875 0.0265625
0 0.752903406648563 0.6542074627464931 0.09400483363936125 0.08683006242753386
0 0.8872464557401776 0.6462988521454285 0.0970022878817268 0.08552265394280312
0 0.6167427660416795 0.665113527589923 0.08708515394280311 0.09712983363936126
0 0.8376293508889889 0.7146025709316616 0.10522937606301604 0.07222542848861017
0 0.819899974825973 0.7776447048705852 0.10758910151720862 0.06310552000387944
0 0.7501932527057601 0.7452151000193966 0.0913900166698994 0.09282497091226496
0 0.8963671378526318 0.8814071757828502 0.07260806576151388 0.10991687606301603
0 0.79765625 0.99140625 0.1140625 0.0171875
0 0.6984375 0.60234375 0.05625 0.0265625
0 0.8008951411866116 0.856311838809509 0.09646015394280312 0.09789510818516867
0 0.7953125 0.61953125 0.065625 0.0609375
0 0.8546875 0.60546875 0.0625 0.0328125
0 0.47876530754725033 0.9102350957673329 0.09253792848861027 0.10688747091226496
0 0.875 0.9703125 0.05625 0.059375