0 0.3828125 0.5546875 0.046875 0.0453125
0 0.775 0.4703125 0.046875 0.04375
0 0.8 0.33125 0.0453125 0.0453125
0 0.8203125 0.2859375 0.0484375 0.046875
0 0.8 0.40625 0.046875 0.0453125
0 0.503125 0.2140625 0.0453125 0.046875
0 0.8796875 0.4375 0.0484375 0.04375
0 0.7546875 0.3265625 0.046875 0.0453125
0 0.8546875 0.3765625 0.0484375 0.04375
0 0.5328125 0.509375 0.0453125 0.0453125
0 0.9421875 0.221875 0.05 0.046875
0 0.6296875 0.2125 0.0453125 0.0453125
0 0.96875 0.184375 0.05 0.046875
0 0.48125 0.296875 0.0453125 0.0453125
0 0.978125 0.2859375 0.04375 0.046875
0 0.5359375 0.246875 0.0453125 0.0453125
0 0.36875 0.596875 0.046875 0.0453125
0 0.834375 0.2046875 0.0484375 0.0453125
0 0.8140625 0.5046875 0.0484375 0.04375
0 0.9765625 0.3390625 0.0453125 0.046875
0 0.2453125 0.18125 0.0453125 0.046875
0 0.534375 0.584375 0.046875 0.0453125
0 0.3171875 0.346875 0.046875 0.0453125