0 0.7987422039306395 0.05758224861572403 0.026871582670272433 0.02826470234403846
0 0.9155115332590944 0.08601003239202498 0.02845226400381797 0.029927331893687636
0 0.8729785879217309 0.11840103023255662 0.02845226400381797 0.029927331893687813
0 0.8167285879217309 0.12200569401993215 0.02845226400381797 0.029927331893687813
0 0.7656024399268215 0.08780996915835981 0.02845226400381797 0.029927331893687636
0 0.901320669239368 0.23212356878921953 0.02845226400381797 0.029927331893687813
0 0.403125 0.6609375 0.0125 0.04375
0 0.39140625 0.6953125 0.0359375 0.04375
0 0.39375 0.55078125 0.03125 0.0453125
0 0.40390625 0.4765625 0.0109375 0.04375
0 0.36238653325909437 0.5731466918604639 0.042678396005727134 0.04489099784053181
0 0.4015625 0.7296875 0.015625 0.040625
0 0.3375672519096405 0.6933986351052036 0.042678396005727134 0.04489099784053181
0 0.3261399505888217 0.6020121715023983 0.04111589600572696 0.044790868290882455
0 0.35557400660409383 0.48770983960871045 0.03951703333863606 0.04156573874123311
0 0.3019944732654577 0.5301767442967874 0.04267839600572696 0.04489099784053163
0 0.2805558252705483 0.4940785579918779 0.042696577339272325 0.046453497840531634
0 0.24169222525464001 0.6136691671834615 0.04267839600572696 0.04489099784053181
0 0.2869501812540037 0.6154529102436312 0.039535214672181594 0.0431282387412331
0 0.21482173726927564 0.5076589990771494 0.04424089600572696 0.044991127390180984
0 0.24730697326545767 0.5336812785345136 0.04267839600572696 0.04489099784053181
0 0.19757859858373106 0.6477227945736426 0.04267839600572696 0.04489099784053181
0 0.2946888612349136 0.7554771329457354 0.0442590773392725 0.046553627390180985
0 0.12977293324318592 0.7051533652085633 0.04424089600572696 0.044991127390180984
0 0.1666558625875491 0.621600385566629 0.0426965773392725 0.04645349784053181
0 0.13578767059200345 0.5907904765596154 0.04424089600572696 0.044991127390180984
0 0.18144452124445865 0.6924740900701358 0.04267839600572696 0.04489099784053163
0 0.1254137919319122 0.5430538834071607 0.0442590773392725 0.046553627390180985
0 0.16273197859645777 0.556275774215577 0.04267839600572696 0.04489099784053181
0 0.07379565324636764 0.6853205289959389 0.0473840773392725 0.046753886489479514
0 0.13026382924891297 0.6629658652085634 0.0426602146721816 0.04332849784053163
0 0.1903286252387316 0.7340608127722399 0.0442590773392725 0.046553627390180985
0 0.1665660506047301 0.4951380151162783 0.0426965773392725 0.046453497840531634
0 0.08604220926163966 0.5721196221483937 0.0426602146721816 0.04332849784053163
0 0.36700240260982075 0.44482143276116515 0.042678396005727134 0.04489099784053172
0 0.2716535399427299 0.4540543352897738 0.04267839600572705 0.04489099784053163
0 0.28120816390836784 0.7063782988925793 0.041097714672181596 0.04322836829088246
0 0.07895586791854922 0.644395140346991 0.04736589600572696 0.04519138648947951
0 0.39375 0.39921875 0.03125 0.0453125
0 0.3154399026098208 0.44812570789959283 0.042678396005727134 0.04489099784053163
0 0.20595581460854814 0.4645097763750453 0.04424089600572696 0.044991127390180984
0 0.375 0.378125 0.04375 0.01875
0 0.3596626172820024 0.40469708050941183 0.0426965773392725 0.046453497840531634
0 0.3049751172820024 0.408201614747138 0.04267839600572696 0.04489099784053163
0 0.7479251386060028 0.46471482572904976 0.028434082670272608 0.028364831893687815
0 0.7149671879376391 0.47931754627168555 0.026889764003817974 0.02982720234403846
0 0.7318456052673666 0.5047786212255431 0.02845226400381797 0.029927331893687813
0 0.42421875 0.6015625 0.0296875 0.03125
0 0.665625 0.371875 0.028125 0.00625
0 0.7570092372692756 0.48911404843115386 0.02845226400381797 0.029927331893687636
0 0.7144024719128221 0.6620299167220363 0.030032945337363514 0.03158996144333699
0 0.6248865332590944 0.5725249306016968 0.030032945337363514 0.03158996144333699
0 0.5924023919478205 0.4122277806939819 0.030032945337363514 0.031589961443337075
0 0.6967626279440026 0.43364410086747746 0.030014764003817973 0.030027461443337167
0 0.5886955892743664 0.46242803979328057 0.030032945337363514 0.031589961443337165
0 0.6628785239497296 0.3936594509597625 0.026871582670272433 0.02826470234403846
0 0.720615014560823 0.7990292689737897 0.030051126670908878 0.03315246144333717
0 0.7503774292648213 0.5223270666297511 0.028434082670272608 0.028364831893687815