0 0.23142763637994507 0.20701336859288838 0.10326077886860804 0.08969592055068923
0 0.4974012468750539 0.25829091737172155 0.0837673262236546 0.10233803218308672
0 0.14636936789350638 0.9064563576971251 0.04951415258848364 0.04859031930985207
0 0.5336425837632266 0.8495057792562205 0.049423147326811544 0.04702781930985189
0 0.550543115474432 0.7121914495548083 0.04795165258848364 0.048481058666190346
0 0.5682164628859484 0.6682993379224109 0.05116765785015538 0.0502620799535138
0 0.5549113680346807 0.7871914495548082 0.04951415258848364 0.048590319309851894
0 0.2468427208490434 0.5742444272590786 0.04804265785015538 0.05004355866619035
0 0.6364189732681178 0.8240137423815568 0.0509856473268119 0.047137079953513704
0 0.5049575996894164 0.7043353908886181 0.04951415258848364 0.04859031930985207
0 0.6078697680629155 0.761328072082969 0.050985647326811545 0.047137079953513704
0 0.29373021530502275 0.8716328794886516 0.04795165258848364 0.048481058666190256
0 0.3733142155873715 0.5815320393956792 0.04795165258848364 0.048481058666190256
0 0.22979099971765135 0.6555272782478144 0.04795165258848364 0.048481058666190256
0 0.28156633134415215 0.609351400775975 0.04795165258848364 0.048481058666190256
0 0.13476400995864637 0.9476605119041694 0.04951415258848364 0.04859031930985207
0 0.5775466892790122 0.5880326837153665 0.05107665258848364 0.048699579953513795
0 0.5747071995200074 0.8866122953477639 0.050985647326811545 0.047137079953513704
0 0.00546875 0.521875 0.0109375 0.05
0 0.2996609678652716 0.9467421401323133 0.04951415258848364 0.04859031930985207
0 0.06864066809115048 0.6940549106633321 0.04951415258848364 0.04859031930985207
0 0.8421985364081799 0.5405807133774377 0.04786064732681181 0.046918558666190435
0 0.8793191048099139 0.5634062081816577 0.04786064732681172 0.046918558666190435
0 0.9225972099021765 0.7453881816985541 0.04951415258848364 0.04859031930985207
0 0.9391645416698517 0.5489173732844653 0.04786064732681172 0.046918558666190435
0 0.9177291574266324 0.5816534636295394 0.04629814732681181 0.046809298022528624
0 0.9533040944277446 0.41763452229572967 0.04629814732681172 0.046809298022528624
0 0.9567762468750539 0.610838219077421 0.049423147326811814 0.04702781930985207
0 0.8750726786144941 0.4370622294689811 0.04786064732681172 0.046918558666190345
0 0.98828125 0.4234375 0.0234375 0.046875
0 0.9707462835655825 0.7705410010084062 0.04795165258848364 0.04848105866619044
0 0.9137249259130712 0.5129034636295394 0.04620714206513998 0.04524679802252862
0 0.97578125 0.5734375 0.0484375 0.046875
0 0.8718104416980866 0.5146409262506725 0.04629814732681172 0.046809298022528624
0 0.900421289109603 0.47151363912390726 0.047769642065139895 0.045356058666190344
0 0.9483883522496651 0.49354145843375924 0.04786064732681172 0.046918558666190255
0 0.91953125 0.3921875 0.0484375 0.025
0 0.9953125 0.51484375 0.009375 0.0453125