0 0.41432820393669745 0.43860069359037157 0.0314227168225127 0.032421520735185186
0 0.37965322208707003 0.3900456163990752 0.0298602168225127 0.03228481969842587
0 0.285594149878363 0.34512267860463053 0.0314227168225127 0.032421520735185186
0 0.3714771077238853 0.3282291215828715 0.0298602168225127 0.03228481969842587
0 0.38477705932289175 0.46463551328879743 0.0314227168225127 0.032421520735185186
0 0.4599043243500063 0.47994886352435306 0.03143180718159222 0.03398402073518518
0 0.4332418304001305 0.4650852811492605 0.0314227168225127 0.032421520735185186
0 0.0822873426967707 0.3316438133833339 0.0314318071815924 0.03398402073518518
0 0.2936793606507516 0.39131417342083435 0.0314227168225127 0.032421520735185186
0 0.3771918182998821 0.5043815184725936 0.03143180718159222 0.03398402073518518
0 0.5511201976901814 0.87850252365639 0.042451120413308986 0.049003427992499834
0 0.5150372519449076 0.8566466475018529 0.042442030054229286 0.04744092799249984
0 0.6054168122497579 0.806530487369816 0.042442030054229286 0.04744092799249984
0 0.5027736012809776 0.898365255795927 0.042442030054229286 0.04744092799249984
0 0.32754530054229297 0.6057265708762044 0.04242384933607006 0.04431592799249984
0 0.6166259812604522 0.583561879075742 0.04243293969514959 0.04587842799249984
0 0.4086862162333375 0.5798681169647231 0.04400453005422929 0.04757762902925915
0 0.6045542698988885 0.9269796884065753 0.042460210772388506 0.050565927992499836
0 0.5578236738824682 0.6871940184725936 0.04243293969514959 0.04587842799249984
0 0.40298163777811463 0.6741649211117601 0.04400453005422929 0.04757762902925915
0 0.47445666197861147 0.5991266734208344 0.042442030054229286 0.04744092799249984
0 0.5806168001495096 0.8430927039579641 0.04243293969514959 0.04587842799249984
0 0.5294986859827165 0.6552796371342604 0.04399543969514959 0.046015129029259326
0 0.63984375 0.815625 0.0203125 0.04375
0 0.4541088423039872 0.8635404879354638 0.042442030054229286 0.04744092799249984
0 0.4678895411725191 0.8138726786046305 0.042442030054229286 0.04744092799249984
0 0.362420270291672 0.6886566480675007 0.04400453005422929 0.04757762902925915
0 0.63828125 0.6578125 0.0234375 0.046875
0 0.45189183645025477 0.7511771889722232 0.042442030054229286 0.04744092799249984
0 0.5342326795398089 0.9315687350607418 0.040879530054229285 0.0473042269557407
0 0.5089680173648057 0.6195567506121307 0.04400453005422929 0.04757762902925915
0 0.49112705327276746 0.7774471630532418 0.042442030054229286 0.04744092799249984
0 0.36975098126045214 0.6051606428837044 0.04400453005422929 0.04757762902925915
0 0.36429184250037894 0.7416449470307415 0.04400453005422929 0.04757762902925933
0 0.2710953126425414 0.5762728081995376 0.0455761204133089 0.04927683006601846
0 0.63671875 0.92421875 0.0265625 0.0484375
0 0.5711862162333375 0.5656512091417604 0.04243293969514959 0.04587842799249993
0 0.40484411962774197 0.7255907200750008 0.04400453005422929 0.04757762902925915
0 0.41133955932289173 0.7672314159279638 0.04243293969514959 0.04587842799249984
0 0.63984375 0.6 0.0203125 0.046875
0 0.48768389070498086 0.7230330651267602 0.04243293969514959 0.04587842799249984
0 0.4203125 0.55 0.040625 0.021875
0 0.5708054629136878 0.7689129101785197 0.04242384933607006 0.04431592799249984
0 0.61875 0.55078125 0.04375 0.0234375
0 0.35748733059652227 0.6468792511777786 0.04400453005422929 0.04757762902925915
0 0.3241839512062229 0.5653749729497228 0.04556703005422928 0.04771433006601846
0 0.43233279449216877 0.6137551014133342 0.04400453005422929 0.04757762902925915
0 0.534375 0.55390625 0.040625 0.0296875
0 0.64375 0.5546875 0.0125 0.03125
0 0.5721043425003789 0.7234637091417604 0.040852258976990366 0.0426167269557407
0 0.42264976404515603 0.830337008670649 0.042442030054229286 0.04744092799249984
0 0.3217134570599554 0.6781483750232413 0.04399543969514976 0.04601512902925915
0 0.6214326976901814 0.8723509770022234 0.040870439695149585 0.045741726955740705
0 0.44364299921443306 0.6768606941560193 0.040861349336070066 0.044179226955740704
0 0.9499101381708981 0.6187747920825009 0.04090680113146803 0.051991726955740704
0 0.9478941619786114 0.8096731941560193 0.04554884933607006 0.044589330066018465
0 0.9646725958200285 0.7378569827516677 0.03310339149054773 0.05287072177194441
0 0.98984375 0.76640625 0.0203125 0.0421875
0 0.9435520956236368 0.8694582972662971 0.034665891490547905 0.05300742280870363
0 0.99375 0.8046875 0.0125 0.034375
0 0.9890625 0.6671875 0.021875 0.053125
0 0.9859375 0.5921875 0.028125 0.05
0 0.9518554750139362 0.953149792082501 0.04555793969514958 0.04615183006601846
0 0.9562429931643088 0.9011771889722231 0.050181807181592396 0.035624433176296225
0 0.8895180597156752 0.7178561325161119 0.03467498184962743 0.05456992280870363
0 0.8515625 0.54453125 0.05 0.0109375
0 0.9747475534691592 0.8573492765311119 0.02529998184962743 0.05374971658814811