0 0.025270396363970615 0.426493058720543 0.03315246144333717 0.030051126670908878
0 0.03432641888150458 0.5047816907224519 0.03325259099298643 0.031613626670908876
0 0.11393477329272628 0.5557453014003606 0.03169009099298634 0.03159544533736351
0 0.26459371221852945 0.44960548408654144 0.03169009099298634 0.03159544533736351
0 0.19290038248431002 0.5191361867440873 0.033252590992986344 0.031613626670908876
0 0.3140625 0.32890625 0.009375 0.0296875
0 0.14744818014027156 0.5451896094048149 0.03169009099298634 0.03159544533736351
0 0.09918995527869914 0.4930271253978152 0.033252590992986344 0.031613626670909056
0 0.1973642442967874 0.3518759614099055 0.03158996144333699 0.030032945337363514
0 0.28482706662975127 0.49987820408972317 0.033252590992986344 0.031613626670908876
0 0.19850524213731902 0.3096702800763601 0.03158996144333699 0.030032945337363427
0 0.30546875 0.41328125 0.0265625 0.0296875
0 0.12120226249538461 0.3447350760661788 0.03158996144333699 0.030032945337363514
0 0.04477946483942312 0.3172635093889065 0.031589961443337075 0.030032945337363514
0 0.303125 0.36328125 0.03125 0.0296875
0 0.23879028069398195 0.33984867608208713 0.031589961443337165 0.030032945337363514
0 0.09358030537098419 0.458561218730088 0.03169009099298634 0.03159544533736351
0 0.07404785780730769 0.39735099872690627 0.03158996144333699 0.030032945337363514
0 0.21465426897378972 0.4724793627466327 0.03169009099298634 0.03159544533736351
0 0.16058853023255662 0.510941878739633 0.03169009099298634 0.03159544533736351
0 0.1374490237541517 0.38401575206872407 0.03158996144333699 0.030032945337363514
0 0.10054980105204762 0.3742044000636334 0.03158996144333699 0.030032945337363514
0 0.25902363510520365 0.39012139608526886 0.03158996144333699 0.030032945337363514
0 0.25770336212624445 0.4839259400859051 0.03158996144333699 0.030032945337363514
0 0.060628103026945726 0.48476009205917914 0.031589961443337165 0.030032945337363514
0 0.08610776681432135 0.42876463072881527 0.03158996144333699 0.030032945337363514
0 0.10737959438907244 0.3164282627307243 0.031589961443337165 0.030032945337363514
0 0.23434500771502265 0.4336168574156326 0.03158996144333699 0.030032945337363514
0 0.1474667689737897 0.47169756540417856 0.03169009099298634 0.03159544533736351
0 0.17677233960871047 0.40480096674090565 0.031589961443337165 0.030032945337363514
0 0.12607143276116517 0.4151566640674515 0.03158996144333699 0.030032945337363514
0 0.153195137264672 0.4311089280712695 0.031589961443337165 0.030032945337363514
0 0.18224228717238694 0.46584755474217837 0.03158996144333699 0.030032945337363514
0 0.23009759870800917 0.4022941320814509 0.03169009099298634 0.03159544533736351
0 0.20369578501291857 0.42387823074472364 0.03158996144333699 0.030032945337363514
0 0.2367876897009955 0.37109867608208713 0.031589961443337165 0.030032945337363514
0 0.49190148211516976 0.7309816587364513 0.05164164558877822 0.05056362133990877
0 0.33671875 0.79453125 0.0359375 0.0296875
0 0.6453125 0.7953125 0.05 0.028125
0 0.46958399599483036 0.6400293947326333 0.04987888648947951 0.047420440006363404
0 0.38515625 0.79453125 0.0484375 0.0296875
0 0.55546875 0.79609375 0.0484375 0.0265625
0 0.5217844509597624 0.48427029073836036 0.048116127390180986 0.044277258672817864
0 0.3296875 0.528125 0.021875 0.046875
0 0.51171875 0.796875 0.0484375 0.025
0 0.4225111320228846 0.7645748613939972 0.0483163864894796 0.04740225867281787
0 0.522611261572534 0.7641759667409056 0.048316386489479515 0.04740225867281787
0 0.6143982433739368 0.7714986654200869 0.04831638648947969 0.04740225867281787
0 0.47109375 0.78671875 0.0484375 0.0453125
0 0.43046875 0.796875 0.0484375 0.025
0 0.5696865206718327 0.761596406747269 0.046753886489479514 0.04738407733927232
0 0.37034306447028287 0.5294180640515431 0.04987888648947969 0.047420440006363404
0 0.6 0.79921875 0.05 0.0203125
0 0.3046875 0.81796875 0.028125 0.0171875
0 0.1496534253599096 0.9141214227402694 0.044991127390180984 0.044240896005727136
0 0.0925418322074548 0.9025112133990879 0.045091256939830335 0.04580339600572696
0 0.871875 0.8296875 0.1125 0.040625
0 0.79140625 0.83203125 0.0859375 0.0453125