0 0.17499781613088433 0.5793182178554283 0.07519637797604233 0.09739706348717299
0 0.2430272782478144 0.3964124747039054 0.08693155347041018 0.08740675684847724
0 0.29298299162525226 0.577379054787818 0.09597877153942491 0.08342965186945542
0 0.07684453939567923 0.5314708684754837 0.07497785668871888 0.09427206348717299
0 0.2607068151224782 0.2936193614265138 0.09543246832111621 0.07561715186945542
0 0.95159316711962 0.6714339402610265 0.04499542574646931 0.06557837842423861
0 0.9921875 0.65625 0.015625 0.046875
0 0.9890625 0.6125 0.021875 0.053125
0 0.9859375 0.5609375 0.028125 0.0625
0 0.9565977413731506 0.6096443352820047 0.047792643815484225 0.061127676764564674
0 0.29375 0.7640625 0.0625 0.028125
0 0.35546875 0.75859375 0.0640625 0.0171875
0 0.3764182044984869 0.7972664249136868 0.06215007475773362 0.08863737012586892
0 0.3169775025210154 0.8362804581071659 0.08652736188449897 0.05940015601864026
0 0.5388853535097512 0.8313365394404784 0.08685514381548423 0.06408765601864026
0 0.5168353908886181 0.8716296527178699 0.08383940445914603 0.0654133576783142
0 0.52109375 0.7640625 0.0796875 0.028125
0 0.6640625 0.9625 0.046875 0.075
0 0.8375 0.97265625 0.08125 0.0546875
0 0.79140625 0.76328125 0.0765625 0.0265625
0 0.7125 0.9640625 0.065625 0.071875
0 0.76015625 0.975 0.0765625 0.05
0 0.7615580290041191 0.9041979734545056 0.06618201089576328 0.07961756763635801
0 0.8011232735562374 0.8698947510489072 0.07479218639013112 0.06939046265733602
0 0.8472334490506054 0.8625092261537979 0.03827553218308673 0.08061138257342346