0 0.07737518658500378 0.4031538464801594 0.044277258672817864 0.04862767676456468
0 0.1505774239338212 0.2945377083076585 0.045839758672817865 0.048746075934727705
0 0.17450581993954822 0.2541261958601039 0.04582157733927241 0.0471835759347277
0 0.25541037460218485 0.28997045270858113 0.044259077339272326 0.047065176764564676
0 0.1795558519255489 0.357724792540756 0.045839758672817865 0.048746075934727705
0 0.04921875 0.42734375 0.0453125 0.0234375
0 0.08653310526736666 0.28812084233097457 0.0458215773392725 0.0471835759347277
0 0.20212174260027577 0.30000738092303836 0.0458215773392725 0.0471835759347277
0 0.13733417862827446 0.08866621660602832 0.04585794000636341 0.050308575934727706
0 0.11484375 0.43203125 0.0453125 0.0140625
0 0.3884581372533673 0.4142152813426012 0.0442590773392725 0.047065176764564676
0 0.026942118634637868 0.03338487552445359 0.04585794000636341 0.050308575934727706
0 0.3322081372533673 0.4099529112167323 0.0458215773392725 0.04718357593472753
0 0.1937467159452752 0.21335948590206016 0.0442590773392725 0.047065176764564676
0 0.01171875 0.09140625 0.0234375 0.0484375
0 0.1767966679662743 0.057251195860103896 0.045839758672817955 0.048746075934727705
0 0.12192625994591158 0.20322562407456105 0.0458215773392725 0.0471835759347277
0 0.05898990794082089 0.23598965726804008 0.04740225867281787 0.04886447510489074
0 0.07728646928709307 0.14197954813983338 0.045839758672817865 0.048746075934727705
0 0.054412590627001836 0.09176606058738805 0.045839758672817865 0.048746075934727705
0 0.021875 0.20078125 0.04375 0.0484375
0 0.0203125 0.14296875 0.040625 0.0484375
0 0.858299017266094 0.05470041661531706 0.04582157733927232 0.0471835759347277
0 0.46953125 0.05390625 0.0390625 0.0484375
0 0.9163831425843675 0.17013708508151196 0.04740225867281787 0.04886447510489074
0 0.5110240279280942 0.06279080083912572 0.045839758672817865 0.04874607593472753
0 0.99296875 0.0359375 0.0140625 0.05
0 0.9295740332590944 0.1117092784428162 0.04582157733927232 0.0471835759347277
0 0.6734375 0.01796875 0.04375 0.0359375
0 0.97578125 0.00703125 0.0453125 0.0140625
0 0.98359375 0.071875 0.0328125 0.05
0 0.7987592905792767 0.1987571473192852 0.045839758672817865 0.048746075934727705
0 0.9035206105983669 0.06594649255004477 0.04580339600572696 0.04562107593472771
0 0.9600785985837312 0.17813976184607663 0.04582157733927232 0.0471835759347277
0 0.9747592639242763 0.1260803543775439 0.04740225867281787 0.04886447510489074
0 0.990625 0.19453125 0.01875 0.0484375
0 0.8534831532463677 0.199776118274991 0.0458215773392725 0.0471835759347277
0 0.7575888505729134 0.2425537688950466 0.045839758672817865 0.048746075934727705
0 0.22196152792809426 0.9841474278134719 0.0221113573360908 0.021970088382282427
0 0.33828125 0.9890625 0.0203125 0.021875
0 0.36109675326227597 0.9884349539579811 0.020548857336090798 0.021851689212119395
0 0.77109375 0.9859375 0.0453125 0.028125
0 0.7457626545990031 0.9535108892214079 0.042532945337363424 0.03288427759440164
0 0.73046875 0.98984375 0.0421875 0.0203125
0 0.7382592372692758 0.926356393370593 0.04865567600254535 0.022420374275053768
0 0.8644762919319122 0.9656342261537979 0.028652258672817864 0.047443685062934546
0 0.7634592319382756 0.9110632800932013 0.04551249466899989 0.020621075934727708
0 0.794236517266094 0.9540562634964619 0.045603401336727245 0.028433575934727708
0 0.8106251332750027 0.889615255198092 0.042496582670272606 0.029759277594401647
0 0.84453125 0.99609375 0.0390625 0.0078125
0 0.7637319519414573 0.8876257800932013 0.04098862667090888 0.034328378424238616
0 0.7773035559357302 0.9308788726246686 0.044059082670272434 0.029877676764564674
0 0.88984375 0.98046875 0.0296875 0.0390625
0 0.712659253262276 0.9760245066479847 0.03948067067154515 0.038897479254075586
0 0.91484375 0.978125 0.0234375 0.04375
0 0.8025580946053665 0.9108982593472771 0.042532945337363515 0.03288427759440164
0 0.8950183146085481 0.8944463103868954 0.042532945337363515 0.03288427759440164
0 0.8317183359325485 0.9584603435803742 0.037881808004454245 0.035654080083912555
0 0.9322819572724572 0.9176003904708079 0.03944430800445424 0.03577247925407558
0 0.8512137706079118 0.8958186336223306 0.04405908267027261 0.029877676764564497
0 0.88359375 0.9890625 0.0359375 0.021875
0 0.8850796932686393 0.9421734153659174 0.028615896005727136 0.04431868506293437
0 0.94765625 0.990625 0.0421875 0.01875
0 0.7130046985996394 0.9463370066479847 0.04098862667090888 0.034328378424238616
0 0.8336990066040938 0.9226412427505375 0.03174089600572714 0.04455548340326061
0 0.86015625 0.98828125 0.0296875 0.0234375
0 0.814749011935094 0.9384079527085811 0.044040901336727244 0.028315176764564676
0 0.8632955999363666 0.9327033269836349 0.03633748933799978 0.03709818091374952
0 0.9052649239338212 0.9546501045780366 0.03017839600572696 0.044437084233097404
0 0.9303921932686393 0.9456069913006449 0.023946577339272322 0.045525987552445454
0 0.9009592319382757 0.9214824070675475 0.045603401336727245 0.028433575934727708
0 0.7517762972629123 0.97429698590206 0.0408977200031817 0.026515878424238616
0 0.9480705892743664 0.9047218821724382 0.03481135200509069 0.04010478174358649
0 0.7056103692711847 0.9098075107971695 0.027107940006363317 0.04888778589277152
0 0.7323546826066392 0.8961952966899409 0.03017839600572696 0.044437084233097404
0 0.8346069785964577 0.9790096419207004 0.03789998933799978 0.03721658008391256
0 0.8603887759389119 0.9137165286433089 0.04097044533736351 0.032765878424238615
0 0.9488331105983668 0.9735902813426012 0.04244203866963616 0.025071777594401646
0 0.7971433412635486 0.973043061836788 0.044059082670272434 0.029877676764564674
0 0.9538660559357302 0.9442579788530903 0.028615896005727136 0.04431868506293455
0 0.81171875 0.9890625 0.0390625 0.021875