0 0.2490957795744797 0.43357878041837594 0.07873121572854576 0.06930701089576327
0 0.362732616321478 0.3260397960057162 0.05629477360693613 0.08485560124083733
0 0.4204834741151638 0.21618419476487896 0.06548776308359247 0.08238616510280768
0 0.3498546427710115 0.46699257793670146 0.07311825256024881 0.07980746832111621
0 0.3891578794050705 0.24638514699445188 0.05307876834526439 0.08307457995351371
0 0.33615470576989936 0.3014439875916274 0.05307876834526439 0.08307457995351371
0 0.38840047425633806 0.366260604419805 0.050044773606936134 0.08441855866619026
0 0.27659769524655575 0.30872089205077347 0.08002069994353037 0.06472877153942491
0 0.33005443714228655 0.08556761531556827 0.0683397472985769 0.07791718639013112
0 0.3475920056851948 0.2119444450169805 0.0699022472985769 0.07802644703379294
0 0.20657362158314987 0.33540336037188967 0.05326077886860805 0.08619957995351371
0 0.423941674058694 0.15680919476487895 0.08554265785015538 0.052665814114071986
0 0.3182377056287251 0.15486391853387693 0.07707771046687384 0.06763525025210156
0 0.7417676689381965 0.4489638437761433 0.04464464206513981 0.04513753737886681
0 0.510122826788352 0.41847794032540353 0.04786064732681172 0.046918558666190435
0 0.664702452927302 0.22248846110852388 0.0447356473268119 0.04670003737886681
0 0.6636889005929323 0.5337865940282448 0.0462071420651398 0.04524679802252862
0 0.8172506002541138 0.16824943931699732 0.04638915258848364 0.048371798022528625
0 0.8677518582172088 0.23630031678883662 0.04629814732681172 0.046809298022528624
0 0.8854252056287251 0.28019242842123404 0.04638915258848364 0.048371798022528625
0 0.8546875 0.5546875 0.046875 0.009375
0 0.5482752741716335 0.43137142423386016 0.04629814732681181 0.046809298022528624
0 0.7376401530120067 0.3060879289254371 0.04308214206513998 0.045028276735205174
0 0.8991530476373952 0.17808362520292534 0.04638915258848364 0.048371798022528625
0 0.8443004057134298 0.37176792322545393 0.04464464206513998 0.04513753737886681
0 0.49140625 0.20703125 0.0234375 0.0484375
0 0.770559068825257 0.328684194764879 0.04473564732681172 0.04670003737886681
0 0.8443437212725662 0.13056376901840955 0.04638915258848364 0.048371798022528625
0 0.8214691214419755 0.30956285416770346 0.0462981473268119 0.046809298022528624
0 0.5275217003670533 0.30677561581977136 0.04786064732681181 0.046918558666190255
0 0.8206794371422864 0.21624989674235034 0.04638915258848364 0.048371798022528625
0 0.6281000110880411 0.5035963494761264 0.0447356473268119 0.04670003737886681
0 0.60869610565696 0.32910980170569937 0.04473564732681172 0.04670003737886681
0 0.7705282477220999 0.2757777160522024 0.04464464206513998 0.04513753737886681
0 0.6561912738892849 0.1281593069014795 0.04638915258848364 0.04837179802252858
0 0.5435275900131188 0.4861681848775218 0.04629814732681172 0.046809298022528624
0 0.670966405431081 0.08822272175218562 0.04648015785015538 0.04993429802252858
0 0.717298289956649 0.4148837747183928 0.04464464206513981 0.04513753737886681
0 0.8346832110315713 0.43001746580010086 0.04629814732681172 0.046809298022528624
0 0.6250337371987562 0.2890639559127438 0.04299113680346807 0.04346577673520509
0 0.5846986215831499 0.4739524081423168 0.04629814732681172 0.046809298022528624
0 0.5669790425168978 0.35070057844090446 0.04629814732681172 0.046809298022528624
0 0.8112904846385074 0.35073415738601216 0.0447356473268119 0.04670003737886681
0 0.7007324162367734 0.3786949024423336 0.0447356473268119 0.04670003737886681
0 0.7038853212443315 0.11081898759162745 0.04638915258848364 0.04837179802252858
0 0.5892642952183209 0.422280647498655 0.04629814732681172 0.046809298022528624
0 0.58536647951801 0.5159213868549932 0.04620714206513989 0.04524679802252862
0 0.8915100637047596 0.469615561340955 0.0462071420651398 0.04524679802252862
0 0.5490789109751015 0.3908556848775218 0.04629814732681172 0.046809298022528624
0 0.8598035793486009 0.3193313380761601 0.04299113680346807 0.04346577673520517
0 0.6711205109468666 0.35275511531556825 0.04464464206513981 0.04513753737886681
0 0.6826025844690983 0.18233335467190653 0.04473564732681172 0.04670003737886681
0 0.6443591318241448 0.1710023707634499 0.04638915258848364 0.048371798022528625
0 0.9004873054593159 0.10173964649024883 0.04648015785015556 0.04993429802252858
0 0.8393105268730565 0.48415866258179213 0.042900131541796324 0.041903276735205
0 0.7301608529555369 0.24747775343106931 0.04473564732681172 0.04670003737886681
0 0.6269154846385074 0.3636269133380969 0.04464464206513981 0.04513753737886681
0 0.6217715002823486 0.21148525913105248 0.04638915258848364 0.048371798022528625
0 0.7404150844690982 0.1782907108564223 0.04638915258848364 0.048371798022528625
0 0.9167816214419755 0.3028979549043376 0.0462981473268119 0.046809298022528624
0 0.7824653475526906 0.0975434554085407 0.04648015785015538 0.04993429802252858
0 0.7416318900695884 0.5314485618451581 0.04464464206513981 0.04513753737886681
0 0.6328125 0.5515625 0.04375 0.015625
0 0.5251555635635852 0.3474006158197714 0.044553636803468064 0.04357503737886681
0 0.6668740847514469 0.4790990940282448 0.04464464206513981 0.04513753737886681
0 0.7141101897025353 0.14900740244233357 0.04473564732681172 0.04670003737886681
0 0.8797674688534919 0.3506141890648958 0.04299113680346807 0.04346577673520517
0 0.7525202423192537 0.1307601469944519 0.04638915258848364 0.04837179802252858
0 0.48828125 0.31171875 0.0171875 0.0484375
0 0.6309057636482898 0.4287056101197882 0.042900131541796324 0.041903276735205
0 0.7488675373964003 0.4873707799141728 0.042900131541796324 0.04190327673520518
0 0.9630489476656301 0.20318217816913248 0.04795165258848364 0.048481058666190346
0 0.25 0.58359375 0.0625 0.0484375
0 0.1742917426016024 0.8279622009690651 0.04867969468185844 0.060981058666190434
0 0.1804184581889739 0.6158992435437122 0.047117194681858446 0.06087179802252862
0 0.12374571103157131 0.8408335415662407 0.05024219468185844 0.06109031930985207
0 0.10167183190884951 0.6587530150831371 0.05972361049510884 0.03685514381548423
0 0.27451852673188226 0.7369223017056994 0.06735409997176518 0.034276447033792935
0 0.3822400214702104 0.7309458172930396 0.06588260523343692 0.03572968639013112
0 0.2586667426016024 0.8220621262113316 0.06366765785015546 0.051136165102807676
0 0.3368981584148528 0.841489833384583 0.05483868942018653 0.05985560124083733
0 0.30619273193708435 0.6740181101197882 0.05318518415851479 0.05818384059717552
0 0.18178499516185118 0.7527436796817417 0.03341871572854575 0.06613845222957301
0 0.2643846635353503 0.6971713868549932 0.0646841262801244 0.041870425746469396
0 0.3421875 0.584375 0.0375 0.05
0 0.37890625 0.5703125 0.0578125 0.021875
0 0.34727275824544357 0.6633648333845831 0.04564569994353036 0.06232503737886681
0 0.4037803634788806 0.6282907108564223 0.06753611049510884 0.03740144703379293
0 0.3659009318806147 0.6107097269479657 0.05759966837349921 0.05382412252816078
0 0.3348945846102726 0.7155828972465536 0.06201415258848364 0.04946440445914595
0 0.3902947161520688 0.6728055353620545 0.033418715728545934 0.06613845222957301
0 0.3539484214984453 0.7624907482352892 0.06762711575678075 0.03896394703379293
0 0.3142474266189428 0.6158778281888029 0.05300317363517095 0.055058840597175515
0 0.43292328995664897 0.795871694764879 0.05640118942018653 0.05996486188449897
0 0.40704405844308766 0.8661513437761432 0.03020271046687384 0.0643574309422494
0 0.09017580588283894 0.9630034725084903 0.04582771046687402 0.06545003737886682
0 0.13936925298377173 0.6794589989915938 0.05916216837349921 0.05393338317182241
0 0.98125 0.5671875 0.0375 0.015625
0 0.9235945216113848 0.6249800405578345 0.053276189420186526 0.05974634059717552
0 0.975 0.70078125 0.05 0.0453125
0 0.89921875 0.57578125 0.0640625 0.0328125
0 0.8130672743128079 0.7058472643268325 0.06513915258848364 0.049682925746469306
0 0.8655860585842621 0.7659763811550102 0.06210515785015538 0.05102690445914604
0 0.9020541796027146 0.7276351469944519 0.05189569994353036 0.06276207995351371
0 0.9921875 0.8390625 0.015625 0.0625
0 0.6484741532943553 0.753147871267653 0.0504242052052021 0.06421531930985207
0 0.9752634374246352 0.6462651786733355 0.04132222099021767 0.06824725544788172
0 0.6667984900413536 0.6522737861183592 0.0504242052052021 0.06421531930985207
0 0.7806356639588733 0.8886269133380968 0.046191731513561506 0.07170003737886681
0 0.7943928690229012 0.6791426526944351 0.06780912628012441 0.042088947033792935
0 0.7310584111162759 0.6711223390845662 0.07038809471009326 0.0329324683211162
0 0.7335617848361515 0.7082945571535811 0.06808214206513999 0.04677644703379293
0 0.9099283218090288 0.8329018012014963 0.06595819994353036 0.06374542574646931
0 0.5799355268730566 0.6474548821634162 0.06541216837349913 0.05437042574646931
0 0.9082146323888424 0.8890425405578346 0.07222361049510884 0.03772922896477802
0 0.8635824847796819 0.6400694450169805 0.057872684158514785 0.05851162252816078
0 0.6666473006211671 0.7083052648310357 0.062196163111827296 0.05258940445914604
0 0.7503096690793709 0.7413584294296403 0.07111613680346807 0.04543246832111621
0 0.78515625 0.5734375 0.0421875 0.028125
0 0.75234375 0.58671875 0.0515625 0.0546875
0 0.7450313639024037 0.8319834294296402 0.06246917889684287 0.05727690445914604
0 0.56953125 0.58984375 0.0515625 0.0609375
0 0.814674547919744 0.6248157856141561 0.04408319994353036 0.062215776735205175
0 0.628125 0.56640625 0.071875 0.0140625
0 0.6750351952465558 0.5910085041873738 0.06670165258848364 0.049792186390131124
0 0.9248238216678544 0.6840272586268494 0.06072466837349921 0.05404264381548422
0 0.8201671427710115 0.7442542004648621 0.05741765785015538 0.05069912252816078
0 0.6808470375375746 0.7851191371070948 0.038288226251889504 0.0695912341605581
0 0.8265625 0.58046875 0.05 0.0421875
0 0.6131876426298373 0.6108946692901815 0.05778167889684287 0.0569491225281606
0 0.6111253427145419 0.6997386480028581 0.04748121572854576 0.06712179802252863
0 0.9583181321064936 0.5898730670409382 0.06633763154179632 0.04354218639013112
0 0.9828125 0.7453125 0.034375 0.0625
0 0.813765953350825 0.8007227217521855 0.04748121572854593 0.06712179802252863