0 0.1569682068782635 0.29757026941435993 0.059194468464861136 0.06004770934118149
0 0.04087042819291629 0.31653735073199696 0.052871733282499986 0.05684998400699968
0 0.03984375 0.38515625 0.0546875 0.0484375
0 0.08956250133118022 0.30616347207190575 0.05283536569131932 0.055287484006999676
0 0.8387299659963192 0.25676455076381377 0.04480466014423605 0.0458215773392725
0 0.7562811419081248 0.2401759400859051 0.04480466014423605 0.0458215773392725
0 0.828553572569583 0.3582361440960865 0.04480466014423605 0.0458215773392725
0 0.9036639817638885 0.2872156667727224 0.04636716014423605 0.045839758672817865
0 0.6717593651226386 0.31264982940799657 0.04320579255305575 0.04424089600572696
0 0.8607841911106942 0.38361795210054084 0.04476829255305574 0.0442590773392725
0 0.8373869779641666 0.18016568809672284 0.04484102773541672 0.0473840773392725
0 0.7140625 0.3921875 0.04375 0.034375
0 0.7614037465815275 0.2886861654200869 0.04480466014423605 0.0458215773392725
0 0.809295732713819 0.3126872867599957 0.04476829255305557 0.0442590773392725
0 0.75625 0.4046875 0.04375 0.009375
0 0.5618401576756942 0.26760895472627 0.04480466014423605 0.0458215773392725
0 0.6522118909581943 0.2123952907383603 0.043242160144236055 0.04580339600572696
0 0.5934187724170832 0.18670440006363345 0.04480466014423605 0.04582157733927241
0 0.5830618474552081 0.22878281206236073 0.04480466014423605 0.0458215773392725
0 0.6052628493550692 0.28218053206554244 0.04320579255305575 0.04424089600572696
0 0.6796095391345831 0.24397255474217835 0.04480466014423605 0.0458215773392725
0 0.7132195132990274 0.3443907254137236 0.04316942496187508 0.04267839600572696
0 0.6813148966577774 0.37215209874281463 0.04160692496187508 0.0426602146721816
0 0.7654716911106941 0.38250889075426875 0.04476829255305574 0.044259077339272326
0 0.5528625883371524 0.3847237293920882 0.04316942496187508 0.04267839600572696
0 0.6217970391345832 0.24329984540099686 0.04320579255305575 0.04424089600572696
0 0.6140625 0.40078125 0.04375 0.0171875
0 0.6900755668699998 0.19720664274345098 0.04480466014423605 0.0458215773392725
0 0.6406210807377082 0.17318734006999675 0.04480466014423605 0.0458215773392725
0 0.80390625 0.39140625 0.0421875 0.0359375
0 0.571875 0.40390625 0.04375 0.0109375
0 0.718927918693611 0.16628390674726906 0.04484102773541672 0.0473840773392725
0 0.6068279621965971 0.147787350731997 0.04484102773541672 0.047384077339272454
0 0.5678342781166663 0.3458248613939972 0.041570557370694414 0.041097714672181596
0 0.5109375 0.39453125 0.04375 0.0296875
0 0.7821175965052776 0.20452934142263227 0.04480466014423605 0.0458215773392725
0 0.1296875 0.41953125 0.13125 0.0203125
0 0.05 0.79609375 0.1 0.1453125
0 0.6010792699485412 0.5798896840388164 0.031977351823611146 0.031613626670909056
0 0.7405794874634719 0.4955521413908155 0.030378484232430482 0.030032945337363514
0 0.7942486949104162 0.5399384880649061 0.031977351823611146 0.031613626670908876
0 0.7574747403132635 0.5754578173933609 0.031977351823611146 0.031613626670909056
0 0.7376713865897913 0.5533464600572702 0.03037848423243066 0.030032945337363514
0 0.4984375 0.6421875 0.01875 0.03125
0 0.6768066217721523 0.5495123880489977 0.03037848423243066 0.030032945337363514
0 0.7037327976839579 0.5341964707192703 0.03037848423243057 0.030032945337363514
0 0.50234375 0.5921875 0.0265625 0.03125
0 0.74921875 0.4203125 0.0328125 0.021875
0 0.608165724545694 0.5440249093729982 0.031977351823611146 0.031613626670908876
0 0.6586748708222218 0.5227317120464525 0.03037848423243066 0.030032945337363514
0 0.5216099754956245 0.5695874360279987 0.031977351823611146 0.031613626670908876
0 0.5707384597280551 0.5404635573679075 0.03194098423243066 0.030051126670908878
0 0.7217216911106941 0.4328157840547247 0.030414851823611144 0.03159544533736351
0 0.5 0.55234375 0.021875 0.0296875
0 0.675 0.415625 0.03125 0.0125
0 0.5015625 0.49296875 0.025 0.0296875
0 0.552570341186944 0.5152453813653621 0.031977351823611146 0.031613626670908876
0 0.6647079716959023 0.46497375604708874 0.031977351823611146 0.031613626670908876
0 0.50078125 0.5234375 0.0234375 0.03125
0 0.5196500448341663 0.45234539202736235 0.031977351823611146 0.031613626670908876
0 0.6934148531547913 0.4403010200509067 0.03037848423243057 0.030032945337363514
0 0.6274612384134024 0.5208055853755436 0.03037848423243057 0.030032945337363514
0 0.6500272226458329 0.4913726240451798 0.03037848423243057 0.030032945337363514
0 0.5901067087781245 0.5141192333704528 0.03194098423243066 0.030051126670908878
0 0.5481387207459718 0.4370476560311804 0.03194098423243066 0.030051126670908878
0 0.5718658550546524 0.4920260573679075 0.031977351823611146 0.031613626670908876
0 0.5311681198722912 0.49467834269572597 0.031977351823611146 0.031613626670908876
0 0.5443227365135412 0.4666987933640895 0.031977351823611146 0.031613626670908876
0 0.6203033550546524 0.4925896787078162 0.031977351823611146 0.031613626670909056
0 0.665398955928333 0.43528625604708876 0.031977351823611146 0.031613626670908876
0 0.5759727800165274 0.4498749200349984 0.031977351823611146 0.031613626670908876
0 0.6287704716959024 0.46455558537554353 0.031977351823611146 0.031613626670908876
0 0.8423212125778466 0.6233327907383603 0.031977351823611146 0.031613626670909056
0 0.5989011337399996 0.47202264003818006 0.030414851823611144 0.03159544533736351
0 0.61171875 0.41953125 0.0296875 0.0203125
0 0.6341853235195135 0.43336012937617985 0.03037848423243057 0.030032945337363514
0 0.58203125 0.42265625 0.0296875 0.0265625
0 0.6058057503812496 0.4439703653723619 0.03037848423243057 0.030032945337363514