0 0.07643263335919555 0.3703125 0.03469373545613248 0.0421875
0 0.2393474794163925 0.2796875 0.038615960910325244 0.0328125
0 0.10200646033059702 0.415625 0.03169628121376711 0.04375
0 0.1150493678972441 0.1734375 0.03144118969849785 0.040625
0 0.19881781638973361 0.3765625 0.03587359818322895 0.0375
0 0.1738495094222115 0.434375 0.03169628121376693 0.04375
0 0.23733844032671775 0.3125 0.038615960910325244 0.0328125
0 0.24578892699079818 0.24375 0.03118609818322895 0.0375
0 0.22646458426758115 0.3515625 0.04448332363742154 0.028125
0 0.23271510001939663 0.1984375 0.04174096091032524 0.0328125
0 0.1843090351759667 0.3328125 0.034566189698497854 0.040625
0 0.20305955092778216 0.1796875 0.03300368969849785 0.040625
0 0.13896432639167333 0.428125 0.030261326971401558 0.0453125
0 0.21651627304799517 0.153125 0.03730855242559432 0.0359375
0 0.12582762910713177 0.1140625 0.0328761439408634 0.0390625
0 0.1424085775996214 0.3171875 0.04043355242559432 0.0359375
0 0.1718729369927378 0.2953125 0.04174096091032524 0.0328125
0 0.18348063244111162 0.13125 0.04279327787978708 0.0265625
0 0.15258106092972187 0.23125 0.04435577787978708 0.0265625
0 0.07809124396026004 0.2375 0.03300368969849785 0.040625
0 0.15194281638973361 0.3765625 0.04317591515269079 0.03125
0 0.18928383547552913 0.240625 0.03431109818322877 0.0375
0 0.2151441891187698 0.4234375 0.042920823637421536 0.028125
0 0.20519587789918373 0.225 0.03587359818322895 0.0375
0 0.11055357334755751 0.0609375 0.03992336939505634 0.0296875
0 0.07825099850218793 0.14375 0.040178460910325245 0.0328125
0 0.14932877304799508 0.153125 0.044228232122152634 0.025
0 0.08297019153466571 0.2015625 0.04174096091032524 0.0328125
0 0.09760703425788275 0.09375 0.0313136439408634 0.0390625
0 0.15790680546971014 0.0859375 0.03274859818322895 0.0375
0 0.2644116391090714 0.165625 0.035618506667959696 0.034375
0 0.23794499183422815 0.109375 0.0281886439408634 0.0390625
0 0.4386141557789708 0.90625 0.018590503333980025 0.0171875
0 0.4703125 0.93203125 0.01875 0.0171875
0 0.6213947048705852 0.803125 0.06543355242559432 0.0359375
0 0.6296851791168301 0.9046875 0.06281873545613248 0.0421875
0 0.5336401291071318 0.646875 0.06151132697140156 0.0453125
0 0.5061523421434889 0.8078125 0.0441643303053814 0.0625
0 0.513358806387794 0.8578125 0.0672511439408634 0.0390625
0 0.59296875 0.9828125 0.0671875 0.034375
0 0.6048776581948669 0.5625 0.04247428454774678 0.0609375
0 0.5696090642637018 0.78125 0.057461555759574165 0.053125
0 0.6282185318419868 0.8484375 0.044036784547746774 0.0609375
0 0.5046875 0.7359375 0.05 0.05
0 0.5668344927523121 0.88125 0.06269118969849785 0.040625
0 0.5821085485118862 0.934375 0.04429187606301603 0.0640625
0 0.5363178163897336 0.909375 0.054719193032477874 0.0578125
0 0.5886458488114487 0.8421875 0.03934928454774678 0.0609375
0 0.5662933903170194 0.5875 0.0625636439408634 0.0390625
0 0.536221963664577 0.965625 0.059024055759574166 0.053125
0 0.5483081491110111 0.75 0.05889651000193972 0.0515625
0 0.51875 0.98359375 0.053125 0.0328125
0 0.6276761400271553 0.9375 0.06297823212215263 0.025
0 0.49609375 0.9125 0.0328125 0.053125
0 0.584500998502188 0.6765625 0.045216647274843244 0.05625
0 0.6268157863839147 0.7546875 0.045216647274843424 0.05625
0 0.5479252539621997 0.821875 0.05108401000193972 0.0515625