0 0.509375 0.01328125 0.01875 0.0265625
0 0.83359375 0.371875 0.0203125 0.015625
0 0.7712996912766286 0.36533081460854805 0.019459328130301046 0.020530676002545434
0 0.7919742898253498 0.3307012759389119 0.021021828130301047 0.020548857336090798
0 0.6697917549789595 0.36807510128900206 0.021021828130301134 0.020548857336090798
0 0.7341072261230189 0.3298114852800934 0.021021828130301047 0.020548857336090798
0 0.8609425446346732 0.3361512972629123 0.021021828130301047 0.020548857336090798
0 0.71171875 0.37734375 0.0203125 0.0046875
0 0.6876687357416658 0.3428569252864567 0.021021828130301134 0.020548857336090798
0 0.74921875 0.37265625 0.0203125 0.0140625
0 0.69140625 0.37265625 0.0203125 0.0140625
0 0.7181201275742978 0.3643864799490933 0.019459328130301046 0.020530676002545434
0 0.7112699268486583 0.347271705283275 0.021021828130301047 0.020548857336090798
0 0.7474802453603127 0.35466603461172974 0.020967264427970277 0.01898635733609062
0 0.14661220452347248 0.9478876812540037 0.021021828130301047 0.020548857336090798
0 0.2372719208582085 0.9030649825748224 0.021021828130301047 0.020548857336090798
0 0.09414196895144275 0.9672558465945489 0.021021828130301047 0.020548857336090798
0 0.03538203864422344 0.8960353746021849 0.02107639183263199 0.02211135733609062
0 0.13205863120249486 0.9339888132559127 0.019459328130301046 0.020530676002545257
0 0.11223720452347248 0.9482876705920035 0.021021828130301047 0.020548857336090798
0 0.1170685482628702 0.9075899452578217 0.019459328130301046 0.020530676002545434
0 0.24041676822580343 0.9483593012412769 0.021021828130301047 0.020548857336090798
0 0.20834831269084048 0.9252854279121859 0.021021828130301047 0.02054885733609062
0 0.03389394971414905 0.9429467372692756 0.02107639183263199 0.0221113573360908
0 0.09889890162091479 0.8796649399268215 0.019459328130301046 0.020530676002545434
0 0.07277291123956164 0.8924740225970942 0.021021828130301047 0.020548857336090798
0 0.2300744905509891 0.8312445265754587 0.021021828130301047 0.020548857336090798
0 0.06336319490482563 0.9363512919319122 0.019459328130301046 0.020530676002545257
0 0.07967767566753192 0.9111512972629123 0.021021828130301047 0.020548857336090798
0 0.05207846532324574 0.881772879933185 0.021021828130301047 0.02054885733609062
0 0.1878869905509891 0.8317354225811858 0.021021828130301047 0.02054885733609062
0 0.09310525860715657 0.9375683465945487 0.019459328130301046 0.020530676002545434
0 0.08352687276497424 0.8423285719287306 0.019459328130301046 0.020530676002545434
0 0.11392370089527545 0.8622956265913672 0.019459328130301046 0.020530676002545434
0 0.1724108126908405 0.9257035985837311 0.021021828130301047 0.020548857336090798
0 0.14243064681159137 0.872905862587549 0.019459328130301046 0.020530676002545434
0 0.08897826459760623 0.8641490279280942 0.021021828130301047 0.020548857336090798
0 0.15316973936986286 0.9118592745862764 0.021021828130301047 0.020548857336090798
0 0.15405762757429767 0.8477604119191856 0.021021828130301047 0.02054885733609062
0 0.047589372764974235 0.8427467426002757 0.021021828130301047 0.020548857336090798
0 0.09375504463467318 0.8218888025939124 0.021021828130301047 0.020548857336090798
0 0.15630960833700405 0.8227240492520946 0.021021828130301047 0.020548857336090798
0 0.14631953864422337 0.8947444999204581 0.019459328130301046 0.020530676002545434
0 0.23489096532324574 0.879645663908368 0.021021828130301047 0.020548857336090798
0 0.23256457349061374 0.8577888452419133 0.021021828130301047 0.020548857336090798
0 0.21801100016963595 0.8438899772438223 0.019459328130301046 0.020530676002545434
0 0.17146338238362108 0.8538104172501857 0.021021828130301047 0.02054885733609062
0 0.19064989200226795 0.8660922412476403 0.021021828130301047 0.02054885733609062
0 0.2075844208582085 0.903410427912186 0.019459328130301046 0.020530676002545434
0 0.2161955290255765 0.8814263399109132 0.021021828130301047 0.020548857336090798
0 0.18938005788151707 0.9192536039147312 0.019459328130301046 0.020530676002545434
0 0.1818205290255765 0.881826329248913 0.019459328130301046 0.020530676002545257
0 0.20934532829993718 0.864311565245095 0.019459328130301046 0.020530676002545434
0 0.18872529345354688 0.9005036039147312 0.01951389183263199 0.022093176002545435
0 0.16846735715587774 0.9023024612508219 0.019459328130301046 0.020530676002545434
0 0.98125 0.48515625 0.0375 0.0453125
0 0.98984375 0.72890625 0.0203125 0.0453125
0 0.9457837921876024 0.47884568523236826 0.045223219962933214 0.0426965773392725
0 0.9637550313878294 0.5458513718969138 0.045277783665263985 0.0442590773392725
0 0.8918601840202344 0.5013570319064589 0.04366071996293321 0.04267839600572696
0 0.9335417417321155 0.5759024985678227 0.04684028366526398 0.044277258672817864
0 0.9315228847458739 0.5180899985678227 0.045277783665263985 0.0442590773392725
0 0.9408482994439966 0.6508479545671865 0.04684028366526398 0.044277258672817864
0 0.9890625 0.53203125 0.021875 0.0453125
0 0.99453125 0.61015625 0.0109375 0.0453125
0 0.8055258691367773 0.5805183679185492 0.045277783665263985 0.044259077339272326
0 0.9765625 0.6765625 0.046875 0.04375
0 0.8708830290255765 0.7063717959102769 0.045277783665263985 0.0442590773392725
0 0.8926290542533201 0.6576615759070952 0.045277783665263985 0.044259077339272326
0 0.9281697393698629 0.7354047679026408 0.04533234736759475 0.04582157733927232
0 0.8347967068857253 0.6130036039147312 0.045223219962933214 0.042696577339272325
0 0.781780834290387 0.6167467692552764 0.04366071996293321 0.042678396005727134
0 0.9022818511654279 0.7997945319064589 0.045277783665263985 0.0442590773392725
0 0.75825405425332 0.6592251705920035 0.04371528366526398 0.04424089600572696
0 0.735962392002268 0.6923103905951852 0.04366071996293321 0.042678396005727134
0 0.8262798571558777 0.7272115545830948 0.045223219962933214 0.042696577339272325
0 0.8007143727649744 0.6665467745862765 0.045277783665263985 0.044259077339272326
0 0.8024256949048256 0.7603149559198219 0.04684028366526398 0.044277258672817864
0 0.8630109869227921 0.5704706585773678 0.045223219962933214 0.0426965773392725
0 0.7340675313878293 0.5485240279280943 0.04209821996293321 0.0426602146721816
0 0.7611012573412121 0.5169467639242763 0.04366071996293321 0.042678396005727134
0 0.6972222958157996 0.567710379933185 0.04366071996293321 0.042678396005727134
0 0.7559673571558777 0.7280297145926398 0.041989092558271324 0.039535214672181594
0 0.6779316371929445 0.6867330999363666 0.04366071996293321 0.04267839600572696
0 0.7879614016209148 0.7042104065881855 0.04209821996293321 0.0426602146721816
0 0.6346478847458739 0.5215444519414573 0.04366071996293321 0.04267839600572696
0 0.6378175578815171 0.7465989959420936 0.045277783665263985 0.044259077339272326
0 0.662212378755424 0.59469105060473 0.04209821996293321 0.0426602146721816
0 0.8265427188666248 0.46616496658182205 0.04204365626060227 0.041097714672181596
0 0.5461657381039184 0.49443760662000213 0.045223219962933034 0.0426965773392725
0 0.53046875 0.67734375 0.0234375 0.0421875
0 0.787043709247978 0.4541194999204582 0.04366071996293321 0.04267839600572696
0 0.5375 0.6328125 0.0375 0.04375
0 0.6114633558899334 0.4842989906110935 0.04371528366526398 0.044240896005727136
0 0.53671875 0.71875 0.0359375 0.04375
0 0.5780556335647475 0.6019228426161842 0.04366071996293312 0.042678396005727134
0 0.5799603847458739 0.5221807986155478 0.04366071996293312 0.04267839600572696
0 0.6219544557045988 0.6952001279440025 0.04204365626060227 0.041097714672181596
0 0.7668204892850448 0.41215017592300357 0.045277783665263985 0.0442590773392725
0 0.81328125 0.38515625 0.0453125 0.0109375
0 0.6235318246717401 0.6060830839433663 0.040481156260602266 0.04107953333863605
0 0.751815537378279 0.47485017059200346 0.04366071996293321 0.04267839600572696
0 0.7265625 0.3984375 0.04375 0.0375
0 0.6864087921876024 0.4818637866009121 0.04042659255827132 0.03951703333863606
0 0.6859375 0.4 0.04375 0.040625
0 0.77109375 0.38515625 0.0421875 0.0109375
0 0.63125 0.4 0.04375 0.040625
0 0.600669699629331 0.4437830786123661 0.04366071996293304 0.04267839600572696
0 0.6443105722246694 0.4401490012730937 0.04366071996293304 0.04267839600572696
0 0.6958730722246693 0.439549017266094 0.04371528366526398 0.04424089600572696
0 0.97890625 0.5828125 0.0421875 0.04375
0 0.9044494640573013 0.45900589990454976 0.045277783665263985 0.044259077339272326
0 0.53828125 0.4484375 0.0390625 0.04375