0 0.5421875 0.25625 0.0671875 0.0484375
0 0.6046875 0.446875 0.0453125 0.065625
0 0.54375 0.1703125 0.0671875 0.0484375
0 0.640625 0.3796875 0.046875 0.065625
0 0.5234375 0.44375 0.053125 0.0640625
0 0.528125 0.2078125 0.0625 0.05625
0 0.565625 0.3296875 0.065625 0.0546875
0 0.459375 0.1984375 0.071875 0.0390625
0 0.4484375 0.378125 0.0578125 0.0609375
0 0.6578125 0.2796875 0.05 0.0671875
0 0.565625 0.7109375 0.04375 0.0703125
0 0.5703125 0.45625 0.0515625 0.0609375
0 0.559375 0.7703125 0.0515625 0.0703125
0 0.45625 0.3328125 0.071875 0.040625
0 0.48125 0.2359375 0.0703125 0.04375
0 0.375 0.625 0.05 0.071875
0 0.3875 0.38125 0.0703125 0.046875
0 0.5578125 0.58125 0.0390625 0.0671875
0 0.48125 0.440625 0.040625 0.071875
0 0.5125 0.7328125 0.065625 0.05625
0 0.415625 0.4140625 0.0765625 0.0421875
0 0.4921875 0.38125 0.05625 0.0640625
0 0.3171875 0.503125 0.053125 0.06875
0 0.690625 0.403125 0.059375 0.0546875
0 0.6015625 0.7734375 0.0453125 0.071875
0 0.584375 0.534375 0.071875 0.0390625
0 0.4640625 0.7515625 0.05625 0.071875
0 0.4671875 0.1609375 0.06875 0.046875
0 0.5265625 0.5375 0.0359375 0.0703125
0 0.503125 0.278125 0.0734375 0.04375
0 0.425 0.4515625 0.0734375 0.040625
0 0.503125 0.3140625 0.0703125 0.0515625
0 0.634375 0.43125 0.0546875 0.059375
0 0.5734375 0.3828125 0.0546875 0.0625
0 0.6234375 0.2234375 0.0671875 0.0453125
0 0.328125 0.4515625 0.059375 0.0703125
0 0.4375 0.496875 0.0546875 0.0640625
0 0.4125 0.221875 0.0734375 0.04375
0 0.4546875 0.671875 0.0703125 0.0421875
0 0.575 0.6515625 0.0375 0.0734375
0 0.378125 0.4984375 0.053125 0.06875
0 0.553125 0.4125 0.0703125 0.0453125
0 0.7296875 0.29375 0.0390625 0.0703125
0 0.746875 0.3953125 0.0703125 0.0359375
0 0.5234375 0.7875 0.0515625 0.065625
0 0.3578125 0.3015625 0.06875 0.0546875
0 0.6234375 0.2578125 0.059375 0.053125
0 0.76875 0.2265625 0.0515625 0.0640625
0 0.6125 0.653125 0.040625 0.0703125
0 0.6453125 0.6984375 0.0390625 0.06875
0 0.609375 0.60625 0.0703125 0.034375
0 0.60625 0.7140625 0.046875 0.065625
0 0.65625 0.3421875 0.0421875 0.0671875
0 0.4078125 0.571875 0.0578125 0.065625
0 0.6109375 0.19375 0.06875 0.040625
0 0.6484375 0.5453125 0.0671875 0.0390625
0 0.6484375 0.8125 0.05 0.065625
0 0.384375 0.340625 0.0703125 0.0484375
0 0.5484375 0.4984375 0.0625 0.0453125
0 0.4125 0.1671875 0.05625 0.0640625
0 0.31875 0.5859375 0.06875 0.0546875
0 0.3203125 0.6515625 0.0671875 0.0625
0 0.7078125 0.8203125 0.0625 0.05625
0 0.3609375 0.69375 0.071875 0.0484375
0 0.690625 0.24375 0.0671875 0.0515625
0 0.696875 0.628125 0.0484375 0.065625
0 0.746875 0.36875 0.0703125 0.03125
0 0.5 0.634375 0.05 0.0671875
0 0.5375 0.659375 0.040625 0.071875
0 0.421875 0.775 0.04375 0.0765625
0 0.734375 0.6453125 0.04375 0.0703125
0 0.3625 0.1828125 0.05 0.0734375
0 0.5640625 0.29375 0.06875 0.0484375
0 0.753125 0.3390625 0.06875 0.0359375
0 0.6828125 0.1984375 0.0625 0.053125
0 0.484375 0.7046875 0.06875 0.0484375
0 0.7125 0.684375 0.0640625 0.053125
0 0.7390625 0.24375 0.05625 0.0609375
0 0.6171875 0.3140625 0.040625 0.0703125
0 0.76875 0.290625 0.0484375 0.0625
0 0.6875 0.3 0.053125 0.065625
0 0.7375 0.4703125 0.06875 0.040625
0 0.7234375 0.759375 0.0453125 0.06875
0 0.7390625 0.434375 0.0703125 0.040625
0 0.603125 0.36875 0.0421875 0.0734375
0 0.575 0.23125 0.040625 0.0734375
0 0.715625 0.58125 0.0375 0.0671875
0 0.4109375 0.690625 0.05 0.071875
0 0.684375 0.7796875 0.0421875 0.0703125
0 0.3625 0.434375 0.05625 0.0625
0 0.4640625 0.5125 0.0484375 0.0703125
0 0.43125 0.3046875 0.075 0.0359375
0 0.6625 0.6390625 0.04375 0.06875
0 0.7078125 0.5171875 0.053125 0.0609375
0 0.4734375 0.559375 0.0671875 0.046875
0 0.44375 0.6 0.0703125 0.040625
0 0.6515625 0.753125 0.0609375 0.0609375
0 0.421875 0.2671875 0.0703125 0.0453125
0 0.2984375 0.7234375 0.06875 0.065625
0 0.6953125 0.7140625 0.071875 0.0359375
0 0.384375 0.546875 0.0578125 0.0703125
0 0.4375 0.6359375 0.071875 0.0328125
0 0.5875 0.821875 0.071875 0.0328125
0 0.5 0.503125 0.0296875 0.0703125
0 0.471875 0.8078125 0.071875 0.0421875
0 0.65625 0.478125 0.06875 0.0453125
0 0.60625 0.5734375 0.0671875 0.04375
0 0.515625 0.596875 0.0578125 0.0609375
0 0.68125 0.5 0.0625 0.05625
0 0.3625 0.25 0.0703125 0.0484375
0 0.746875 0.5890625 0.0328125 0.06875
0 0.521875 0.3625 0.05625 0.059375
0 0.378125 0.775 0.0328125 0.078125
0 0.66875 0.578125 0.0609375 0.0578125
0 0.33125 0.3703125 0.0328125 0.075
0 0.7453125 0.521875 0.04375 0.0671875
0 0.6140625 0.5046875 0.0609375 0.04375
0 0.6984375 0.34375 0.040625 0.0671875
0 0.6828125 0.4359375 0.0578125 0.0546875