0 0.28984375 0.0125 0.0515625 0.025
0 0.28131622269994105 0.0927628686106214 0.056664330305381407 0.06520227611928178
0 0.20309511209887657 0.9639849298942966 0.03380091515269079 0.032887743102595124
0 0.2859375 0.98984375 0.034375 0.0203125
0 0.09187005392340639 0.7886839574839165 0.03211086939505616 0.03124335594746519
0 0.14320967119243067 0.890233169378847 0.03211086939505616 0.03124335594746519
0 0.12493790331458321 0.8641686363621602 0.03211086939505616 0.03124335594746519
0 0.2296875 0.98671875 0.034375 0.0265625
0 0.19914093573629818 0.9355323812737776 0.03367336939505616 0.03132524310259512
0 0.11664691331652292 0.8119510391211222 0.03198332363742153 0.02968085594746519
0 0.28772520361414566 0.9652818362713033 0.03367336939505616 0.03132524310259512
0 0.16967657634318173 0.9120196381711825 0.03211086939505616 0.03124335594746519
0 0.2887136187668363 0.9339499491161736 0.03367336939505616 0.03132524310259512
0 0.28552445907415736 0.8192323518751354 0.03198332363742153 0.02968085594746519
0 0.23329279512941473 0.9592907858417619 0.03211086939505616 0.03124335594746519
0 0.2600147917954348 0.9779522546340974 0.03211086939505616 0.03124335594746519
0 0.2610032069481255 0.9466203674789677 0.03211086939505634 0.03124335594746519
0 0.28644948816189253 0.9040167876507843 0.03367336939505616 0.03132524310259512
0 0.12363023695394446 0.7840717005865114 0.030420823637421535 0.02959896879233561
0 0.20000180513135435 0.9057629941186478 0.03211086939505616 0.03124335594746519
0 0.15475294907221784 0.8641619923096255 0.03198332363742153 0.02968085594746519
0 0.22876453391952706 0.8994244629109834 0.03211086939505616 0.03124335594746519
0 0.2879161354367358 0.8476030133405248 0.03211086939505616 0.03124335594746519
0 0.1831327827115791 0.785620912481442 0.030420823637421535 0.02959896879233561
0 0.15331773695394446 0.7856275565339768 0.030420823637421535 0.02959896879233561
0 0.26543509968104095 0.7962109317033189 0.030420823637421535 0.02959896879233561
0 0.13947863543673575 0.8398237336031983 0.030548369395056164 0.03116146879233561
0 0.17665989998060336 0.8841402996365717 0.03198332363742153 0.02968085594746519
0 0.14945941331652293 0.813670669378847 0.030420823637421535 0.02959896879233561
0 0.20542262876877598 0.8778017684289073 0.03211086939505634 0.03124335594746519
0 0.2302311811943703 0.8430106886007239 0.03198332363742153 0.02968085594746519
0 0.23951032846921355 0.7870063500661132 0.030420823637421535 0.02959896879233561
0 0.2587390763431817 0.9166872060135784 0.030548369395056164 0.03116146879233561
0 0.2618957693756595 0.8587928188584486 0.03198332363742153 0.02968085594746519
0 0.23418535755694866 0.8714632372212427 0.03211086939505616 0.031243355947465367
0 0.1692936811943703 0.8398170895506636 0.030420823637421535 0.02959896879233561
0 0.25947239998060334 0.8884803188584487 0.03211086939505616 0.03124335594746519
0 0.17927445907415737 0.8136640253263122 0.030420823637421535 0.02959896879233561
0 0.21049250816577186 0.7964698812737776 0.030420823637421712 0.02959896879233561
0 0.19821590664856306 0.8507479454981288 0.030420823637421535 0.02959896879233561
0 0.20676173028598477 0.8229504941186478 0.030420823637421535 0.02959896879233561
0 0.25950409301308114 0.8304221573930594 0.030420823637421712 0.02959896879233561
0 0.234089504831792 0.8149675757558537 0.030420823637421535 0.02959896879233561
0 0.23102866452447088 0.9293576243763727 0.03211086939505616 0.031243355947465367
0 0.2887453117993141 0.8758917876507842 0.03211086939505616 0.03124335594746519
0 0.97109375 0.72109375 0.0578125 0.0859375
0 0.7353340430033828 0.9227380529159321 0.09789510818516849 0.09381195499752551
0 0.6460159357362982 0.7674153878324983 0.05727010818516849 0.09168288896415203