0 0.23111283540325406 0.263903211217562 0.045787688998963995 0.04604284034363317
0 0.26617704011798377 0.2807698066495778 0.045787688998963995 0.04604284034363317
0 0.23969162283064147 0.213575662597043 0.045787688998963995 0.046042840343633
0 0.3004407241545491 0.3148239020815934 0.045787688998963995 0.04604284034363317
0 0.18602296733012352 0.19456671302658438 0.044225188998963993 0.04596095318850324
0 0.5406077675777925 0.07778649027751991 0.045787688998963995 0.04604284034363308
0 0.4585615550051799 0.03220839665452653 0.044225188998963993 0.04596095318850333
0 0.264302132755439 0.053299903890615764 0.044225188998963993 0.04596095318850324
0 0.17962311001035994 0.2650429873368438 0.04571491439185813 0.04448034034363317
0 0.04526103432701554 0.071014105608781 0.045787688998963995 0.046042840343633
0 0.07788944375647495 0.10671258819592647 0.04586046360606986 0.04760534034363299
0 0.21284233250776996 0.15419401854450832 0.045787688998963995 0.04604284034363308
0 0.20234375 0.0203125 0.0453125 0.040625
0 0.48125 0.00703125 0.04375 0.0140625
0 0.4441694152204277 0.07348849389556453 0.044225188998963993 0.04596095318850333
0 0.08250847725492098 0.041005701040796726 0.044225188998963993 0.04596095318850328
0 0.5131035057909682 0.03246734622498519 0.044225188998963993 0.04596095318850333
0 0.2578125 0.0140625 0.04375 0.028125
0 0.20143825971990967 0.06438789009580584 0.04586046360606986 0.04760534034363308
0 0.1122259024001461 0.13920418362794215 0.045787688998963995 0.046042840343633
0 0.16640625 0.0109375 0.0453125 0.021875
0 0.16001273904174526 0.0837044561291794 0.045787688998963995 0.046042840343633
0 0.6102310628630627 0.055433455451810866 0.04578768899896417 0.046042840343633
0 0.3596701749403374 0.31483719018666284 0.04415241439185813 0.04439845318850324
0 0.15971733250776995 0.1569781818189199 0.045787688998963995 0.046042840343633
0 0.0688012340793465 0.16797763681644548 0.045787688998963995 0.04604284034363308
0 0.10910521050569795 0.07234423224846118 0.04586046360606986 0.04760534034363299
0 0.11484375 0.01328125 0.0453125 0.0265625
0 0.5628423325077699 0.13585129579544386 0.04571491439185813 0.044480340343633
0 0.6228723039717227 0.1186770839005133 0.047350188998963996 0.04612472749876275
0 0.4262884024001461 0.12274486544686206 0.04415241439185813 0.04439845318850324
0 0.14642542804070927 0.0407733276804769 0.044225188998963993 0.04596095318850328
0 0.646875 0.05078125 0.025 0.0453125
0 0.11182348800828797 0.1813097964728124 0.04727741439185813 0.04456222749876275
0 0.546875 0.0109375 0.04375 0.021875
0 0.62265625 0.01640625 0.0453125 0.0328125
0 0.5770932311838624 0.030672472864665366 0.04586046360606986 0.04760534034363308
0 0.98515625 0.49375 0.0203125 0.0125
0 0.8467292191921503 0.3851917130265843 0.02118579528527036 0.019814533016686654
0 0.9485828176205737 0.3736190479431505 0.01962329528527036 0.019732645861557076
0 0.8746701286216098 0.4211358570791191 0.01962329528527036 0.019732645861557076
0 0.8929107063718688 0.43109071121756204 0.01962329528527036 0.019732645861557076
0 0.9745973540145039 0.4174575791508149 0.01962329528527036 0.019732645861557076
0 0.9227779888368575 0.459140468114967 0.01962329528527027 0.019732645861557076
0 0.9439637841221277 0.4393259350982802 0.017988020678164317 0.01808825870642732
0 0.938587079407398 0.42090348371879927 0.01806079528527036 0.01965075870642714
0 0.99375 0.396875 0.0125 0.015625
0 0.920453509515022 0.44211674242522647 0.01806079528527036 0.019650758706427317
0 0.32173352729770216 0.8677651956137298 0.05291098428423435 0.06512038896415202
0 0.33828125 0.98359375 0.0671875 0.0328125
0 0.2594475430134679 0.9333769075086604 0.0651198858558109 0.05952548620519007
0 0.3261256207637269 0.940793259838081 0.05291098428423426 0.06512038896415202
0 0.15642955087135077 0.9699495725920944 0.06788101282028158 0.05187676051544958
0 0.4206033668347855 0.920255030530296 0.06312073821317572 0.050068599050060315
0 0.38365133044085536 0.8769897094085397 0.06177656203449331 0.05467421189493056
0 0.378125 0.990625 0.05 0.01875
0 0.27674205087135073 0.9636442616471033 0.06050516046291676 0.0608423247398008
0 0.24920355583374948 0.8855945047496985 0.06475601282028158 0.05171298620519025
0 0.13416075269059635 0.8791541542293 0.045171258891340126 0.06627345318850324
0 0.2169347113342675 0.9091072478522934 0.05865156203449331 0.05451043758467122
0 0.4633773717971842 0.8385203516520521 0.043608758891340214 0.06619156603337366
0 0.08931913358400849 0.9048844945729331 0.070787688998964 0.04735303482570892
0 0.46614280686720677 0.7791453516520521 0.06312073821317572 0.050068599050060315
0 0.44375 0.99375 0.065625 0.0125
0 0.1862283668347855 0.9325381037997588 0.060359611248705036 0.057717324739800804
0 0.05338163358400848 0.9067678991409174 0.04055653349844601 0.06759029172311415
0 0.08845014640429008 0.8566107688831925 0.0573073858558109 0.05911605042954129
0 0.24681491811591183 0.7360858276804769 0.049713209677128486 0.06339411465389251
0 0.17798352729770223 0.875298813885667 0.05134848428423426 0.06503850180902226
0 0.24044929404692522 0.8392927148356065 0.06922518899896399 0.04727114767057934
0 0.20390625 0.99296875 0.0703125 0.0140625
0 0.09510686890170009 0.7471538817280627 0.06028683664159917 0.0561548247398008
0 0.17687059925699294 0.6649345239715753 0.055817660462916675 0.06059666327441153
0 0.0989553068672068 0.7983888331075438 0.04985875889134013 0.06651911465389251
0 0.17206316708245448 0.8350832496613159 0.06617296360606986 0.048669873360319825
0 0.12912230397172267 0.6861411386254679 0.06929796360606985 0.048833647670579336