0 0.08938375516728651 0.0234375 0.02943494292790545 0.028125
0 0.048069550452556786 0.0421875 0.03099744292790545 0.028125
0 0.0765625 0.0046875 0.03125 0.009375
0 0.009375 0.0359375 0.01875 0.028125
0 0.0375 0.0109375 0.03125 0.021875
0 0.5762072431755744 0.1171875 0.07380568114108108 0.075
0 0.04372030644841281 0.7546875 0.031070217535011314 0.0296875
0 0.08972631926869443 0.803125 0.03099744292790536 0.028125
0 0.11384871587787222 0.7171875 0.03099744292790536 0.028125
0 0.16857906533975298 0.81875 0.031070217535011314 0.0296875
0 0.06171263523212911 0.8390625 0.031070217535011223 0.0296875
0 0.3942639619489309 0.771875 0.017988020678164497 0.0171875
0 0.41061239991443754 0.7203125 0.017988020678164497 0.0171875
0 0.402547342842343 0.7484375 0.017988020678164497 0.0171875
0 0.38203125 0.78203125 0.0046875 0.0171875
0 0.38515625 0.75390625 0.0109375 0.0171875
0 0.44026566666366057 0.753125 0.017988020678164317 0.0171875
0 0.4455695967712844 0.7328125 0.019550520678164318 0.0171875