0 0.4140625 0.5296875 0.021875 0.021875
0 0.525 0.615625 0.021875 0.0203125
0 0.3671875 0.540625 0.021875 0.021875
0 0.503125 0.5609375 0.021875 0.021875
0 0.6328125 0.553125 0.021875 0.0203125
0 0.5203125 0.496875 0.021875 0.0203125
0 0.5765625 0.590625 0.021875 0.021875
0 0.425 0.5859375 0.021875 0.021875
0 0.4890625 0.60625 0.0203125 0.0203125
0 0.5671875 0.5484375 0.021875 0.0203125
0 0.4671875 0.5359375 0.021875 0.021875
0 0.5171875 0.5234375 0.021875 0.0203125
0 0.403125 0.553125 0.021875 0.021875
0 0.571875 0.490625 0.021875 0.0203125
0 0.5671875 0.5703125 0.021875 0.0203125
0 0.565625 0.5109375 0.021875 0.0203125
0 0.496875 0.5359375 0.0203125 0.0203125
0 0.4765625 0.5671875 0.021875 0.021875
0 0.4671875 0.5921875 0.021875 0.021875
0 0.51875 0.5859375 0.021875 0.021875