0 0.5077860533091293 0.2580667841015467 0.051973676882026254 0.05193384059717552
0 0.51328125 0.19765625 0.0515625 0.0515625
0 0.5023160088228865 0.46878576281422324 0.053536176882026255 0.05204310124083733
0 0.05493957901229187 0.16820515269443512 0.04715884288963732 0.048481058666190346
0 0.5203125 0.34609375 0.0375 0.0515625
0 0.42137902661738363 0.3903108375719569 0.0503475098858317 0.05026207995351371
0 0.51796875 0.303125 0.0421875 0.05
0 0.009375 0.159375 0.01875 0.046875
0 0.4735145295831332 0.3726427363311197 0.0534725098858317 0.05048060124083733
0 0.5203125 0.41328125 0.0375 0.0546875
0 0.4254988408381088 0.48038953435364834 0.0535361768820259 0.05204310124083733
0 0.32636891003893115 0.16013130069729323 0.04865767589344294 0.04702781930985207
0 0.39850921239665826 0.30154326851420643 0.0502838428896375 0.048699579953513705
0 0.1527961698875818 0.5197133863507901 0.0487850098858317 0.05015281930985207
0 0.4132826837277463 0.436060380146604 0.0519100098858317 0.05037134059717552
0 0.4718193784042697 0.299533018262105 0.0535361768820259 0.05204310124083733
0 0.4636646857049126 0.42318903954942844 0.0502838428896375 0.048699579953513705
0 0.587189710419492 0.5331638811550101 0.052037343878220454 0.05349634059717552
0 0.563770750951402 0.3431615940282448 0.0487850098858317 0.05015281930985207
0 0.5677711373386991 0.09203613660289171 0.04884867688202625 0.05171531930985207
0 0.38760620448799293 0.6036184927874075 0.043906508897248564 0.04513753737886681
0 0.47890625 0.58671875 0.0453125 0.0140625
0 0.48174352365163414 0.6640318328803799 0.043906508897248564 0.04513753737886681
0 0.14453125 0.5890625 0.0453125 0.01875
0 0.52265625 0.6640625 0.0328125 0.046875
0 0.41875 0.58671875 0.04375 0.0140625
0 0.35026803057171635 0.6405064875916274 0.042407675893442943 0.046590776735204995
0 0.31943452464021727 0.6707074398212004 0.04078150889724856 0.04491901609154336
0 0.4387867025108266 0.6093878915465704 0.045469008897248565 0.04524679802252862
0 0.4908691728533313 0.7459702477310861 0.04553267589344294 0.046809298022528624
0 0.36293517384191454 0.7502421205113483 0.04553267589344294 0.046809298022528624
0 0.3952675127772192 0.7214944076381137 0.043970175893442945 0.04670003737886681
0 0.4440870147543855 0.7087323276845998 0.04553267589344294 0.046809298022528624
0 0.0203125 0.5953125 0.040625 0.03125
0 0.3653545196973014 0.6908671205113484 0.04228034190105419 0.04346577673520517
0 0.44476349399413884 0.8068420457536147 0.04559634288963732 0.048371798022528625
0 0.5296875 0.596875 0.01875 0.034375
0 0.2089135187087182 0.7064806848775218 0.04553267589344294 0.046809298022528624
0 0.11726452958313312 0.6614738234972259 0.045469008897248565 0.04524679802252862
0 0.0660495394689649 0.6183136853817249 0.04709517589344294 0.046918558666190435
0 0.1174847054765761 0.6178330841408878 0.04384284190105418 0.04357503737886681
0 0.2094520295831331 0.6550274455211836 0.04228034190105419 0.043465776735205
0 0.26557469559074437 0.6542190623493611 0.043906508897248564 0.04513753737886681
0 0.0765625 0.5890625 0.04375 0.01875
0 0.388630193613578 0.654962471500084 0.04234400889724856 0.045028276735205
0 0.32878034973535747 0.7090051153155683 0.040654174904859806 0.04179401609154336
0 0.69609375 0.60859375 0.0515625 0.0578125
0 0.6592265365032153 0.846920742535306 0.11220552273741298 0.11535148441265974