0 0.14229669363888126 0.10842764806201366 0.04684028366526398 0.046653756939830336
0 0.20554571650437214 0.21556022517533951 0.04845734736759475 0.048316386489479515
0 0.27421875 0.06796875 0.0109375 0.0484375
0 0.2159722958157996 0.15538418877814486 0.04684028366526398 0.046653756939830336
0 0.19732644482000766 0.025035354724988766 0.04684028366526398 0.046653756939830336
0 0.25625 0.028125 0.046875 0.046875
0 0.26484375 0.10703125 0.0296875 0.0484375
0 0.08966774536031252 0.26056994139903855 0.04689484736759475 0.04821625693983034
0 0.18788201215053552 0.11333639112218333 0.046785719962933035 0.045091256939830335
0 0.24945940761136462 0.21744409778515844 0.04684028366526398 0.046653756939830336
0 0.2578125 0.16328125 0.04375 0.0484375
0 0.1442461179556509 0.2539404071613123 0.04684028366526398 0.046653756939830336
0 0.01015625 0.01953125 0.0203125 0.0390625
0 0.05067965643023822 0.3100483096899209 0.04689484736759475 0.04821625693983016
0 0.5642411263083533 0.1299183235695815 0.04366071996293304 0.04489099784053163
0 0.5463790145127883 0.06685711906607468 0.04376984736759475 0.048015997840531635
0 0.33755960833700405 0.3652502560169797 0.045277783665263985 0.046553627390180985
0 0.40234630543444644 0.29219468538205884 0.04366071996293312 0.04489099784053163
0 0.5862847958157995 0.267879398523439 0.04371528366526398 0.046453497840531634
0 0.5429167417321155 0.28162052591361997 0.045223219962933214 0.044991127390180984
0 0.39751496169504863 0.3332202035806562 0.045223219962933034 0.044991127390181164
0 0.5092312224948218 0.2587232464562558 0.04366071996293321 0.04489099784053181
0 0.6477133691367772 0.2780368460871154 0.04366071996293321 0.04489099784053181
0 0.6078522609694093 0.30251521437799783 0.04209821996293321 0.044790868290882455
0 0.5291220818433162 0.1556588032115159 0.04371528366526398 0.046453497840531634
0 0.5715476840202345 0.20461793492063354 0.04204365626060227 0.04322836829088228
0 0.4468601972670784 0.3112660579918779 0.04371528366526398 0.046453497840531634
0 0.6604117765785059 0.23807318014027157 0.04366071996293321 0.04489099784053163
0 0.6044296166897065 0.11481495527869914 0.045277783665263985 0.046553627390180985
0 0.4582837921876024 0.1899522624953846 0.04366071996293321 0.04489099784053181
0 0.4836161528020412 0.33240057834994347 0.04371528366526398 0.046453497840531634
0 0.6543056203179036 0.19774856878921954 0.045277783665263985 0.046553627390180985
0 0.3656449136018144 0.27262266502399324 0.04366071996293312 0.04489099784053163
0 0.4876091936388812 0.2225249306016969 0.04366071996293321 0.04489099784053163
0 0.46171875 0.009375 0.0421875 0.01875
0 0.28671875 0.446875 0.0140625 0.046875
0 0.6140080025318888 0.2097269370801019 0.04366071996293321 0.04489099784053181
0 0.5693750927279074 0.4114687122185295 0.04371528366526398 0.046453497840531634
0 0.45496536314632746 0.36399053979328055 0.04371528366526398 0.04645349784053181
0 0.4340774219545168 0.034903817091176494 0.04371528366526398 0.046453497840531634
0 0.5578125 0.01953125 0.04375 0.0390625
0 0.3484375 0.015625 0.04375 0.03125
0 0.3024207165043721 0.34557810610926476 0.04371528366526398 0.046453497840531634
0 0.410168696001134 0.06775588988556565 0.045277783665263985 0.046553627390180985
0 0.6135070386442234 0.4196025848283485 0.04371528366526398 0.04645349784053181
0 0.5328770867374576 0.4874094509597625 0.04533234736759475 0.048116127390180986
0 0.6106449003549705 0.15826456662975116 0.04371528366526398 0.046453497840531634
0 0.7574752934535468 0.4166406662606109 0.04689484736759475 0.04821625693983016
0 0.4981350097882829 0.3894120419527489 0.045277783665263985 0.046553627390180985
0 0.3643651226801563 0.05659714682539594 0.04209821996293313 0.04479086829088228
0 0.362524892002268 0.40749831277223986 0.045277783665263985 0.046553627390180985
0 0.3580705157787326 0.3247859423218891 0.04204365626060227 0.04322836829088246
0 0.4990278763931714 0.45982467150239825 0.04376984736759475 0.04801599784053181
0 0.5912550048941414 0.051453362126244385 0.045277783665263985 0.046553627390180985
0 0.5929614148677589 0.5039170280730882 0.04533234736759475 0.048116127390180986
0 0.6900099965414389 0.2784583482465838 0.041989092558271324 0.04166586829088246
0 0.5241419159640671 0.10273406231081453 0.04366071996293321 0.04489099784053163
0 0.6508333907363236 0.1431611983388688 0.045277783665263985 0.046553627390180985
0 0.49765625 0.021875 0.0453125 0.04375
0 0.5582391852861788 0.451332248615724 0.04371528366526398 0.046453497840531634
0 0.5977381949048256 0.461329009874491 0.04371528366526398 0.046453497840531634
0 0.3667510566155728 0.21460990592469464 0.04366071996293304 0.04489099784053181
0 0.41328878383490003 0.42616916718346154 0.045277783665263985 0.046553627390180985
0 0.3395437489885097 0.46691288556662897 0.04533234736759484 0.048116127390180986
0 0.32261413229880315 0.07180064466592762 0.045277783665263985 0.046553627390180985
0 0.3319792417321155 0.2951380151162783 0.041989092558271324 0.04166586829088228
0 0.49597728746309705 0.5070000601513461 0.04538691106992569 0.04967862739018116
0 0.4444544159640671 0.1078406693429299 0.04366071996293321 0.04489099784053163
0 0.7634326275742976 0.3630150185123643 0.04845734736759475 0.04831638648947969
0 0.6946082165043721 0.32044558914728516 0.04684028366526398 0.046653756939830336
0 0.4444196996293311 0.15169079889257922 0.041989092558271324 0.04166586829088237
0 0.34921875 0.53359375 0.0453125 0.0328125
0 0.7475149616950486 0.3107911844592082 0.04845734736759475 0.04831638648947969
0 0.42435525860715656 0.4740058898855656 0.04533234736759475 0.04811612739018116
0 0.3522867633316619 0.1591609423218892 0.041989092558271414 0.04166586829088228
0 0.6954216936388813 0.20920770049833717 0.04684028366526398 0.046653756939830336
0 0.4021727237607662 0.5114453331303055 0.04538691106992569 0.04967862739018099
0 0.46953125 0.5328125 0.0453125 0.034375
0 0.30288696405730137 0.17955258791066742 0.045277783665263985 0.046553627390180985
0 0.39140625 0.01171875 0.0421875 0.0234375
0 0.5466866155933982 0.524108414562568 0.04533234736759475 0.048116127390180986
0 0.5982788535276806 0.34227862122554303 0.04204365626060227 0.04322836829088228
0 0.58359375 0.534375 0.0453125 0.03125
0 0.6878621647829408 0.7180167057401244 0.04495040145127884 0.037178627390180984
0 0.6253472958157995 0.8112846468253959 0.040699411069925695 0.04937823874123311
0 0.6938591936388813 0.7552163170911765 0.04947421034428636 0.03279151603912887
0 0.7563046299365505 0.7496486351052036 0.04791171034428636 0.032691386489479515
0 0.7385913402808366 0.7805376897009955 0.043497028855940555 0.040203497840531635
0 0.7559722693221117 0.6055982464562557 0.04322421034428636 0.032390997840531635
0 0.6327580025318887 0.7544338695275 0.043497028855940555 0.04020349784053181
0 0.7955258426430893 0.6171575077150226 0.03735615626060227 0.0429279796419344
0 0.7705456900106842 0.6641722100590611 0.046294646641955414 0.031028756939830336
0 0.7118849965414389 0.8229650215946833 0.03137897477225664 0.05033996144333699
0 0.8319098090626434 0.8967053053709841 0.04667659255827132 0.04196625693983034
0 0.7934772477225653 0.73787052591362 0.02814484736759475 0.04701470234403846
0 0.684375 0.56796875 0.03125 0.0359375
0 0.8679861744015878 0.7190018075304525 0.045059528855940556 0.040303627390180986
0 0.6524504544386545 0.6905320558324095 0.02970734736759484 0.047114831893687814
0 0.686314533750082 0.6288540761904752 0.03584821996293321 0.04439035009228505
0 0.8134772344757213 0.6379310826688801 0.031215283665263983 0.045652461443337164
0 0.7942609869227921 0.8051581554632692 0.04791171034428636 0.032691386489479515
0 0.6424901226801563 0.5846825740310069 0.047857146641955416 0.03112888648947969
0 0.8736459304768553 0.9707645666297513 0.034667665879248945 0.055227720542635694
0 0.6563244773041452 0.8014695558324096 0.023511911069925694 0.048276813695090584
0 0.8728175181409853 0.6779762893318553 0.03735615626060227 0.0429279796419344
0 0.6265129809323423 0.8895097763750452 0.04360615626060227 0.04332849784053163
0 0.87578125 0.56171875 0.0453125 0.0234375
0 0.7655953282999372 0.9260108760059051 0.051145837748947896 0.03601664558877822
0 0.8672917152384277 0.609426548431154 0.043333337748947896 0.03551599784053163
0 0.5827728714990299 0.6683752560169797 0.037465283665263985 0.0460529796419344
0 0.6341965061600858 0.8404714990771494 0.05103671034428618 0.03289164558877822