0 0.46875 0.5875 0.0171875 0.0171875
0 0.5078125 0.7140625 0.0171875 0.0171875
0 0.3703125 0.5890625 0.0171875 0.0171875
0 0.603125 0.640625 0.0171875 0.0171875
0 0.4140625 0.6390625 0.0171875 0.0171875
0 0.5359375 0.65 0.015625 0.0171875
0 0.54375 0.7 0.0171875 0.01875
0 0.49375 0.6328125 0.0171875 0.0171875
0 0.5328125 0.6140625 0.015625 0.0171875
0 0.465625 0.6515625 0.015625 0.0171875
0 0.44375 0.66875 0.015625 0.0171875
0 0.440625 0.6515625 0.015625 0.015625
0 0.4578125 0.63125 0.015625 0.015625
0 0.3953125 0.6265625 0.0171875 0.0171875
0 0.515625 0.615625 0.015625 0.0171875