0 0.17142350555555436 0.28570648345566474 0.07800388648947969 0.05036818114108108
0 0.4637273288113688 0.10185813812761327 0.06115634793281668 0.0791823858558109
0 0.3680376897009955 0.2744908093438969 0.052743070634920744 0.06944351282028158
0 0.24235537168696836 0.2059505169541108 0.06680557063492074 0.07009848428423435
0 0.19538024213731903 0.20532977874093508 0.06983044108527156 0.0686815334984459
0 0.27887506015134617 0.27190515673886306 0.06201794108527139 0.06831766046291676
0 0.42731016502399316 0.15657987137839022 0.05490634793281686 0.07889128742738745
0 0.46559261258766965 0.21948228577024836 0.07079216378737563 0.05937930810555194
0 0.43065401295681005 0.07994459677128436 0.06115634793281686 0.0791823858558109
0 0.3359375 0.03671875 0.053125 0.0734375
0 0.18726974861572404 0.3318922787409351 0.059093200184570094 0.07129711124870504
0 0.4075192967331109 0.19640435070022583 0.057630829734219444 0.07278683664159917
0 0.13071696483942313 0.21172101984959485 0.07527940468807692 0.056472631926869354
0 0.3001049198043552 0.06289402977439237 0.07830427513842757 0.05505568114108108
0 0.20493451727574657 0.1540583771693585 0.08102875693983033 0.0489512303552929
0 0.28125 0.01875 0.075 0.0375
0 0.5128657356589141 0.09317665094789485 0.050419107032115384 0.08179796360606986
0 0.4759479241232919 0.1557108841986718 0.05021884793281668 0.07867296360606986
0 0.5198400215946833 0.2533521716260593 0.07790375693983034 0.04880568114108108
0 0.23346243060169689 0.2713571931327932 0.043868718383167325 0.0768193651776464
0 0.22776884485049775 0.04228612324041707 0.08279151603912904 0.05214900496239867
0 0.10347454195274892 0.2700044007430071 0.06670544108527147 0.06853598428423417
0 0.3282742828534502 0.2836089441662505 0.058592552436323685 0.06348461124870504
0 0.16246521746031678 0.08312513895618276 0.07840440468807693 0.05661818114108117
0 0.3657323149317081 0.18818943630836768 0.050218847932816855 0.07867296360606986
0 0.42611100555555426 0.29756874441391956 0.07557979333702498 0.06116013192686935
0 0.45371437384643676 0.2581081381276132 0.06786742288667433 0.06235875889134022
0 0.0921875 0.01640625 0.05625 0.0328125
0 0.32771068322259056 0.14567229652361538 0.07567992288667433 0.06272263192686944
0 0.3348432603359163 0.20555671877335638 0.06806768198597286 0.06548375889134021
0 0.5376864605204865 0.14604909387580026 0.08072836829088245 0.04426373035529289
0 0.12416897131782809 0.33835629445670073 0.05450582973421945 0.07264128742738726
0 0.1256079626799548 0.16916964681406563 0.07704216378737563 0.05967040653397522
0 0.06926022825765843 0.290351133993784 0.0731557001845701 0.07195208271265763
0 0.2529900879106674 0.08890856616832252 0.08269138648947968 0.05058650496239867
0 0.22701456662975117 0.3964299677398991 0.07049177513842757 0.054691808105551944
0 0.09237396052048644 0.12530833085063092 0.07275518198597286 0.06570208271265772
0 0.157263271133258 0.4088528850272414 0.05899307063492074 0.06973461124870503
0 0.5546875 0.08671875 0.05 0.0765625
0 0.36953125 0.46875 0.0453125 0.040625
0 0.3796875 0.00546875 0.084375 0.0109375
0 0.5141116533038009 0.2938316224118475 0.07624112739018099 0.0471704065339754
0 0.4640625 0.00703125 0.078125 0.0140625
0 0.378195137264672 0.33608328080784966 0.07009125693983034 0.048441808105551945
0 0.0686174830380204 0.20256003556536067 0.036356607032115386 0.08114299214211726
0 0.3401549167220363 0.367221964844415 0.0712532387412331 0.04226458271265763
0 0.52734375 0.0359375 0.0703125 0.071875
0 0.06689908698781677 0.4250172324222074 0.07255492288667416 0.06257708271265763
0 0.21439345311923078 0.3488272216688405 0.0499184592838688 0.07398546360606986
0 0.19462356878921955 0.43723475020488783 0.07477875693983034 0.048660131926869354
0 0.31399053979328057 0.237495923488086 0.07926599784053182 0.04575345574818712
0 0.5157766779808032 0.4145807700544827 0.037318329734219446 0.07184076674922295
0 0.071875 0.47109375 0.06875 0.0359375
0 0.33203125 0.46640625 0.0421875 0.0453125
0 0.27823231493170814 0.18411405831043962 0.06504281153562204 0.0669007096771285
0 0.3675394370801019 0.40454218237942624 0.07145349784053182 0.045389582712657625
0 0.39299332665190045 0.056250231593637956 0.07295544108527138 0.06882708271265772
0 0.30818302591361996 0.328120923488086 0.07311612739018099 0.04702485731976367
0 0.5199821190660747 0.3489557700544827 0.04971820018457009 0.07086046360606986
0 0.2549740900701358 0.13131438998964007 0.08142927513842757 0.055201230355292896
0 0.2716867165374661 0.4329882059530748 0.0646422933370248 0.06065070967712849
0 0.40078963294573533 0.25250880148601407 0.06338018198597287 0.06526543507002262
0 0.28184176897378965 0.3723418043814982 0.043668459283868796 0.07369436517764641
0 0.55546875 0.025 0.0484375 0.05
0 0.1234375 0.45625 0.05625 0.065625
0 0.42421875 0.46171875 0.0515625 0.0546875
0 0.3137135302325566 0.41300534573782705 0.045030700184570095 0.07064213978475227
0 0.49921875 0.46171875 0.0484375 0.0546875
0 0.05950569401993215 0.3447475355653606 0.0624184592838688 0.07456766046291677
0 0.29296875 0.4703125 0.0453125 0.0375
0 0.39140625 0.0234375 0.0796875 0.046875
0 0.25153250771502267 0.3317510376322753 0.0311684592838688 0.0731121683207995
0 0.13043995527869914 0.3872304420993359 0.0577309592838688 0.07434933664159918
0 0.38379999691768096 0.12634440777232037 0.050419107032115384 0.08179796360606986
0 0.46939514034699104 0.03786841273471912 0.08152940468807693 0.05676373035529281
0 0.2515625 0.4609375 0.05625 0.05625
0 0.47623211906607477 0.3469180810555187 0.05889294108527139 0.06817211124870504
0 0.527231019435215 0.21138299544737685 0.07876535009228505 0.03794095574818694
0 0.09607875385751133 0.0674958308506309 0.0771422933370249 0.061232906533975305
0 0.1598642442967874 0.24598901199171214 0.08102875693983033 0.04895123035529281
0 0.4479464327611652 0.3236603635205074 0.06963018198597286 0.06555653349844608
0 0.4118296576227376 0.37369459677128436 0.07457849784053164 0.04553513192686935
0 0.4818021961794005 0.4067297286981538 0.043568329734219445 0.0721318651776464
0 0.4317020666297512 0.40596344127076645 0.0679675524363235 0.06392125889134022
0 0.459375 0.4546875 0.05625 0.06875
0 0.15170699259874434 0.03090766749223004 0.08541586829088228 0.0444820541766104
0 0.17246197871908375 0.12276983581302962 0.08551599784053163 0.046044554176610394
0 0.5291334808785522 0.18169549544737684 0.08012759099298634 0.03488873035529281
0 0.32562655151347286 0.10482897270229778 0.07880492288667415 0.06286818114108117
0 0.18828125 0.46875 0.0765625 0.040625
0 0.2046875 0.01015625 0.08125 0.0203125
0 0.3685617165374661 0.43750023159363793 0.07407785009228504 0.03772263192686935
0 0.9222083482465837 0.41178540983923495 0.060555570634920744 0.0698073858558109
0 0.97265625 0.41953125 0.0546875 0.0734375
0 0.7612894370801019 0.33063380148601407 0.05813147748246621 0.08059933664159917
0 0.8019144370801019 0.33252594127076646 0.05959384793281686 0.07910961124870504
0 0.9107306277039481 0.4441612621965998 0.06640505243632351 0.06384848428423417
0 0.98828125 0.44609375 0.0234375 0.0703125
0 0.96796875 0.47578125 0.0359375 0.0265625
0 0.8794782325765951 0.32046689701895337 0.08122901603912887 0.05207623035529281
0 0.9859375 0.37578125 0.028125 0.0546875
0 0.853795914562568 0.2565841794839422 0.08229086829088246 0.04433650496239885
0 0.97265625 0.334375 0.0546875 0.0375
0 0.8368320527500905 0.4234805810555187 0.07936612739018098 0.04731595574818712
0 0.91796875 0.4796875 0.0765625 0.01875
0 0.8425184531192308 0.285835031841307 0.07916586829088246 0.04419095574818712
0 0.866037493835362 0.3590199747692123 0.08002746144333699 0.03332623035529281
0 0.9436198781653733 0.2733051066960819 0.08365310919158375 0.041284279569504534
0 0.9201613942045024 0.2236304383752823 0.0548062183831675 0.07732878742738744
0 0.79453125 0.4765625 0.0828125 0.025
0 0.7284163803248417 0.3055952601296852 0.060755829734219446 0.07293238585581072
0 0.9507734392395701 0.38177257816003457 0.04094397748246603 0.07979881596343467
0 0.860686264654853 0.22242750330525968 0.08289164558877822 0.05371150496239867
0 0.8715284253599096 0.46897717162605923 0.08022772054263569 0.03645123035529281
0 0.800025774215577 0.04407987137839022 0.08445414558877821 0.05378427956950453
0 0.7078125 0.475 0.075 0.028125
0 0.9671875 0.22265625 0.065625 0.0328125
0 0.08673192320044124 0.7849315798171735 0.031589961443337075 0.031070217535011223
0 0.12737790716131228 0.8354067688161375 0.031489831893687814 0.029507717535011226
0 0.16101003239202494 0.750779211744043 0.031489831893687814 0.029507717535011226
0 0.20450161166481906 0.8546704991714306 0.031589961443337075 0.031070217535011223
0 0.09538742751937787 0.8699615512811263 0.031589961443337075 0.031070217535011223
0 0.6522124306016969 0.5696919933804623 0.038140350092285044 0.03604881596343468
0 0.6930796576227376 0.665625231593638 0.0382404796419344 0.03761131596343468
0 0.6175975987080091 0.5962887266312393 0.038140350092285044 0.03604881596343468