0 0.12724514935467218 0.3851933893007432 0.017487508928453722 0.01778770072563951
0 0.16328125 0.509375 0.0171875 0.01875
0 0.028780375815721813 0.3901934025475871 0.017487508928453722 0.01778770072563951
0 0.26069284903036055 0.43362591090028957 0.017487508928453722 0.01778770072563951
0 0.07165762256931094 0.4386656188823232 0.017487508928453722 0.017787700725639333
0 0.19334170779665855 0.4453471501005165 0.01592500892845372 0.017733137023308566
0 0.20028145455024768 0.4950743315888621 0.01751478246740401 0.01935020072563951
0 0.15145421672511228 0.4296328700634495 0.017487508928453722 0.01778770072563951
0 0.19084399919251638 0.4095187775051782 0.01592500892845372 0.017733137023308566
0 0.12300193425770818 0.44936501670540496 0.01592500892845372 0.017733137023308566
0 0.10082692532925445 0.4673164085380369 0.01592500892845372 0.017733137023308566
0 0.09800193425770817 0.4502380359426986 0.015897735389503252 0.016170637023308565
0 0.11554399026406266 0.42932533521705923 0.015897735389503433 0.016170637023308565
0 0.05312581088091366 0.42682038331029337 0.017487508928453722 0.01778770072563951
0 0.1736292256535661 0.4116814782308175 0.01592500892845372 0.017733137023308386
0 0.62265625 0.0359375 0.0859375 0.071875
0 0.6308962548745592 0.32313487731984375 0.07049550649282174 0.10240080290255768
0 0.5425270503276068 0.10760413575736419 0.07046823295387146 0.10083830290255769
0 0.6583745982195817 0.4486606669755574 0.1074227621748646 0.07089783175849824
0 0.8144293238665572 0.09654755155179524 0.09209777110331832 0.08753969473518967
0 0.9435405308491415 0.3934175731513417 0.10753185633066593 0.07714783175849824
0 0.7063053579588143 0.2970783196079626 0.06893300649282175 0.10234623920022674
0 0.5456599586074374 0.1965029446503716 0.09670345048646736 0.08301588584218215
0 0.632969043834785 0.20438487731984373 0.08132391233702041 0.09653274881887378
0 0.8566792792242885 0.18095726788653135 0.09810230925276535 0.07369544954451293
0 0.7219690884770538 0.11539180998931578 0.10424321509696402 0.06766370435383653
0 0.70234375 0.03515625 0.0765625 0.0703125
0 0.5412531022767715 0.2700495720550333 0.1042977621748646 0.07078870435383652
0 0.9143633198093675 0.2757588471979588 0.09533186525911966 0.09389882213985139
0 0.6112770503276069 0.1052033328548065 0.07356595941492108 0.0993849303072194
0 0.8024360641273246 0.24687493376578046 0.10268071509696383 0.06760914065150558
0 0.9159416363690287 0.4537201560909662 0.10607845048646744 0.08334326805616729
0 0.7344109926996947 0.38666660926367635 0.06742505357072251 0.10541667549789598
0 0.878125 0.0484375 0.06875 0.096875
0 0.677802077112968 0.6395783328548065 0.031795470779006775 0.03234127404661713
0 0.6592236266265007 0.719866033580446 0.03335797077900686 0.0323958377489479
0 0.5642384090939048 0.7044444194226281 0.033385244317957155 0.033958337748947895
0 0.6759474764643449 0.7458283328548065 0.033385244317957155 0.033958337748947895
0 0.571259976464345 0.7494841009109738 0.033385244317957155 0.033958337748947895
0 0.6970975478919749 0.6076735684268362 0.03335797077900686 0.032395837748947984
0 0.5972690974055075 0.6907985816736801 0.033357970779006776 0.0323958377489479
0 0.6235588620160042 0.7054959987340557 0.033385244317957155 0.033958337748947895
0 0.568345256496117 0.6480852920179665 0.03335797077900682 0.032395837748947984
0 0.6350418327950109 0.6738640528177398 0.033385244317957155 0.033958337748947895
0 0.610369115262415 0.6559870720550334 0.033385244317957155 0.033958337748947985
0 0.5782111801972232 0.6196329098039813 0.031795470779006775 0.03234127404661713
0 0.6595702743530245 0.6105455972827768 0.031795470779006865 0.03234127404661713
0 0.6480873035740177 0.6421775431990928 0.031795470779006865 0.03234127404661713
0 0.6035111891256768 0.6015723905666877 0.033385244317957155 0.033958337748947985