0 0.5328125 0.4578125 0.04375 0.04375
0 0.375 0.50625 0.0453125 0.04375
0 0.4828125 0.4640625 0.0453125 0.04375
0 0.3875 0.5546875 0.0453125 0.04375
0 0.5109375 0.5546875 0.04375 0.04375
0 0.3296875 0.4515625 0.0453125 0.04375
0 0.54375 0.5078125 0.04375 0.04375
0 0.6296875 0.5515625 0.0453125 0.04375
0 0.55 0.590625 0.0453125 0.0453125
0 0.1015625 0.33125 0.046875 0.0453125
0 0.6625 0.3515625 0.04375 0.04375
0 0.328125 0.2890625 0.04375 0.04375
0 0.6125 0.265625 0.04375 0.0453125
0 0.425 0.590625 0.0453125 0.04375
0 0.4671875 0.39375 0.04375 0.04375
0 0.1609375 0.3453125 0.0453125 0.04375
0 0.1828125 0.4046875 0.046875 0.04375
0 0.2390625 0.5765625 0.046875 0.0453125
0 0.390625 0.2765625 0.04375 0.04375
0 0.609375 0.3625 0.04375 0.04375
0 0.75625 0.3203125 0.046875 0.04375
0 0.51875 0.29375 0.04375 0.04375
0 0.6609375 0.7 0.046875 0.046875