0 0.509375 0.43125 0.0953125 0.0953125
0 0.3375 0.5046875 0.109375 0.084375
0 0.4375 0.50625 0.0984375 0.0953125
0 0.55 0.5125 0.109375 0.0859375
0 0.571875 0.553125 0.109375 0.08125
0 0.3734375 0.665625 0.1 0.096875
0 0.4625 0.4609375 0.096875 0.0984375
0 0.58125 0.709375 0.071875 0.1078125
0 0.4265625 0.603125 0.103125 0.0875
0 0.2921875 0.6671875 0.078125 0.1078125
0 0.371875 0.7515625 0.109375 0.0734375
0 0.7296875 0.5984375 0.0640625 0.1125
0 0.353125 0.575 0.1140625 0.0578125
0 0.671875 0.590625 0.06875 0.1109375
0 0.7421875 0.4640625 0.0765625 0.1140625
0 0.3609375 0.8296875 0.1109375 0.0796875
0 0.565625 0.6203125 0.1 0.0890625
0 0.7375 0.81875 0.0640625 0.109375
0 0.7171875 0.715625 0.10625 0.0796875
0 0.24375 0.796875 0.1140625 0.059375
0 0.625 0.209375 0.115625 0.0890625
0 0.1859375 0.88125 0.071875 0.1078125
0 0.2328125 0.9796875 0.084375 0.0390625