0 0.21526520347638461 0.028125 0.017988020678164407 0.0171875
0 0.19858712572612564 0.0171875 0.017988020678164407 0.0171875
0 0.225 0.0046875 0.01875 0.009375
0 0.23506828122664364 0.0390625 0.017988020678164407 0.0171875
0 0.26991416212005576 0.0625 0.01806079528527036 0.01875
0 0.23583026054847922 0.05625 0.017988020678164497 0.0171875
0 0.1813996257261256 0.0171875 0.016425520678164406 0.0171875
0 0.22292784615662103 0.0984375 0.01806079528527027 0.01875
0 0.16770099876165495 0.009375 0.017988020678164497 0.0171875
0 0.19778660504796122 0.034375 0.016425520678164496 0.0171875
0 0.21798778908452646 0.0703125 0.01806079528527036 0.01875
0 0.21758968279822016 0.0453125 0.017988020678164497 0.0171875
0 0.240625 0.00703125 0.01875 0.0140625
0 0.16690047808349048 0.0265625 0.01806079528527027 0.01875
0 0.18059910504796123 0.034375 0.017988020678164497 0.0171875
0 0.8734375 0.2515625 0.04375 0.034375
0 0.64921875 0.26015625 0.0484375 0.0171875
0 0.7842079102580289 0.2125 0.044006865177646404 0.0390625
0 0.99140625 0.24765625 0.0171875 0.0390625
0 0.7434715942945942 0.2484375 0.04564213978475227 0.040625
0 0.928125 0.25 0.04375 0.0375
0 0.9170931848651348 0.2109375 0.0424443651776464 0.0390625
0 0.8574270864367115 0.2171875 0.0424443651776464 0.0390625
0 0.5677866976854163 0.1625 0.045642139784752275 0.040625
0 0.828976754757511 0.190625 0.0424443651776464 0.0390625
0 0.853942521506734 0.1578125 0.0408818651776464 0.0390625
0 0.99375 0.196875 0.0125 0.0375
0 0.9226197468996281 0.159375 0.04080909057054054 0.0375
0 0.98203125 0.16171875 0.0359375 0.0390625
0 0.9527781277930402 0.1828125 0.04080909057054054 0.0375
0 0.7242164801504052 0.1921875 0.044006865177646404 0.0390625
0 0.8038697468996281 0.159375 0.0424443651776464 0.0390625
0 0.9587712626153937 0.221875 0.0408818651776464 0.0390625
0 0.8872259024001462 0.18125 0.0408818651776464 0.0390625
0 0.5394048325077699 0.2015625 0.04891268899896399 0.04375
0 0.6420331029810467 0.7296875 0.047350188998963996 0.04375
0 0.5109375 0.72265625 0.04375 0.0453125
0 0.5292506207637269 0.6015625 0.047350188998963996 0.04375
0 0.6352779888368575 0.6734375 0.04742296360606986 0.0453125
0 0.5671101856937043 0.6609375 0.04742296360606986 0.0453125