0 0.503125 0.4140625 0.046875 0.04375
0 0.4984375 0.5296875 0.046875 0.046875
0 0.853125 0.575 0.05 0.046875
0 0.66875 0.45 0.0453125 0.04375
0 0.9234375 0.490625 0.0515625 0.046875
0 0.2140625 0.6921875 0.05 0.046875
0 0.8234375 0.39375 0.0484375 0.0453125
0 0.8921875 0.43125 0.0515625 0.046875
0 0.715625 0.484375 0.046875 0.0453125
0 0.8765625 0.69375 0.05 0.046875
0 0.5609375 0.6125 0.046875 0.046875
0 0.7375 0.34375 0.046875 0.0453125
0 0.1171875 0.290625 0.05 0.046875
0 0.3828125 0.3734375 0.046875 0.0453125
0 0.86875 0.5171875 0.0515625 0.046875
0 0.140625 0.5671875 0.05 0.046875
0 0.559375 0.5453125 0.046875 0.0453125
0 0.4765625 0.6359375 0.0484375 0.0484375
0 0.5734375 0.46875 0.0484375 0.046875
0 0.78125 0.59375 0.0515625 0.0484375
0 0.2296875 0.3390625 0.046875 0.0453125
0 0.64375 0.390625 0.0453125 0.04375
0 0.284375 0.746875 0.05 0.0515625