0 0.7140625 0.6765625 0.0421875 0.04375
0 0.5671875 0.840625 0.0421875 0.0453125
0 0.5015625 0.83125 0.04375 0.046875
0 0.3796875 0.615625 0.0390625 0.0390625
0 0.6125 0.4859375 0.040625 0.0390625
0 0.45 0.63125 0.040625 0.0421875
0 0.503125 0.428125 0.040625 0.040625
0 0.6578125 0.603125 0.0375 0.040625
0 0.6421875 0.6484375 0.040625 0.040625
0 0.5078125 0.534375 0.0390625 0.0390625
0 0.66875 0.5546875 0.040625 0.040625
0 0.6171875 0.5703125 0.0390625 0.0390625
0 0.6875 0.609375 0.034375 0.0359375
0 0.471875 0.5515625 0.0390625 0.0328125