0 0.56875 0.44375 0.059375 0.0703125
0 0.4796875 0.4609375 0.071875 0.0578125
0 0.58125 0.5375 0.059375 0.071875
0 0.278125 0.409375 0.06875 0.06875
0 0.2890625 0.471875 0.075 0.05
0 0.465625 0.4 0.0765625 0.05
0 0.3734375 0.5578125 0.075 0.053125
0 0.534375 0.6796875 0.05625 0.075
0 0.646875 0.4625 0.0734375 0.059375
0 0.3921875 0.440625 0.0546875 0.071875
0 0.6 0.6015625 0.075 0.0484375
0 0.3734375 0.1640625 0.065625 0.075
0 0.3390625 0.440625 0.0515625 0.075
0 0.5234375 0.559375 0.0671875 0.065625
0 0.73125 0.6375 0.0828125 0.05
0 0.553125 0.6359375 0.0578125 0.0703125
0 0.3109375 0.1875 0.0796875 0.05625
0 0.465625 0.2640625 0.0546875 0.0765625
0 0.390625 0.6546875 0.05 0.0796875
0 0.2859375 0.3328125 0.0546875 0.078125
0 0.6515625 0.634375 0.059375 0.075
0 0.7453125 0.41875 0.053125 0.0765625
0 0.6953125 0.5203125 0.075 0.0546875
0 0.240625 0.4671875 0.0390625 0.078125
0 0.4453125 0.4875 0.06875 0.059375
0 0.275 0.265625 0.06875 0.0671875
0 0.746875 0.3421875 0.078125 0.0578125
0 0.409375 0.5140625 0.06875 0.0640625
0 0.4984375 0.5234375 0.0703125 0.059375
0 0.2421875 0.675 0.0546875 0.078125
0 0.384375 0.390625 0.0765625 0.053125
0 0.4390625 0.6046875 0.0828125 0.0296875