0 0.7609712560397399 0.2220782787237246 0.023533094849248926 0.020567038669636162
0 0.8541793799767241 0.28728620273708766 0.021970594849248924 0.020548857336090798
0 0.9263411645244709 0.22713050007954178 0.021970594849248924 0.020548857336090798
0 0.6738538933126436 0.21637262404517976 0.023660640606883554 0.022129538669636163
0 0.832208785127475 0.3073623454009969 0.023660640606883377 0.022129538669636163
0 0.78753375603974 0.2223873613939972 0.023660640606883554 0.022129538669636163
0 0.8577828699747844 0.3389396094048148 0.022098140606883376 0.02211135733609062
0 0.9409460563393024 0.316447538749178 0.021970594849248924 0.020548857336090798
0 0.9047854157324189 0.3379225494111783 0.022098140606883376 0.0221113573360908
0 0.58125 0.86328125 0.0625 0.0828125
0 0.58359375 0.4296875 0.0671875 0.13125
0 0.6171875 0.5984375 0.134375 0.1
0 0.58203125 0.53046875 0.0640625 0.1140625
0 0.6812840139156477 0.8250952854073603 0.12168329454968649 0.11380905601527189
0 0.5609375 0.68515625 0.021875 0.1296875
0 0.6687842717915555 0.9015850600731785 0.13373701333591956 0.07024086935072642