0 0.40234375 0.24921875 0.0328125 0.0671875
0 0.35720923193827564 0.2527641275272295 0.05850339067472703 0.06173067885919252
0 0.3096615225970941 0.3086666176413978 0.046076116008908666 0.06747134288963733
0 0.26015625 0.34453125 0.0515625 0.0296875
0 0.40703125 0.309375 0.0234375 0.046875
0 0.3550285665977304 0.3058254605310351 0.0491829346753633 0.06603617688202626
0 0.378125 0.34765625 0.05 0.0234375
0 0.3171875 0.346875 0.059375 0.025
0 0.6780115332590944 0.1972702253226017 0.020548857336090798 0.021140170950527094
0 0.6895308359325486 0.14771589429596244 0.020548857336090798 0.021140170950527094
0 0.6203444839274579 0.18241454646340918 0.020548857336090798 0.021140170950527094
0 0.7022671932686393 0.12791273026551755 0.0221113573360908 0.021203837946721472
0 0.6788115119350939 0.1285202253226017 0.020548857336090798 0.021140170950527094
0 0.6231240385900945 0.21222938045579803 0.020548857336090798 0.021140170950527094
0 0.656245621260367 0.18700388737588022 0.020548857336090798 0.021140170950527094
0 0.6887490385900945 0.21490339429596245 0.0221113573360908 0.021203837946721472
0 0.6627319785964578 0.16694605536065774 0.020548857336090798 0.021140170950527094
0 0.6223069732654577 0.14810321345960356 0.020548857336090798 0.021140170950527094
0 0.6429649186028211 0.11924338441013065 0.020548857336090798 0.021140170950527094
0 0.627212649268003 0.12954421444818678 0.0221113573360908 0.021203837946721472
0 0.6407297092616396 0.17699221741393628 0.020548857336090798 0.021140170950527094
0 0.6472524292648213 0.15380938539871386 0.020548857336090798 0.021140170950527094
0 0.6707626545990031 0.14851439034162972 0.020548857336090798 0.021140170950527094
0 0.33204559993636656 0.6171741374130613 0.05841248400699968 0.05391817885919252
0 0.2834455626193659 0.4948242935348407 0.05526930267345413 0.05222834486680368
0 0.380664913271821 0.6035228142950875 0.06798747867599957 0.07148768083635879
0 0.7638399452578216 0.8883488004549228 0.08164998933799979 0.03768568380210837
0 0.6167285879217308 0.9026766028126503 0.07868862133990877 0.051620849809719614
0 0.6742694626034574 0.7940311146756482 0.0694590720082724 0.06373884783255335
0 0.51953125 0.98125 0.0609375 0.0375
0 0.7336433679185492 0.9308891275272295 0.07556362133990877 0.05149351581733086
0 0.7805376439370029 0.7967979704168668 0.03997156667727229 0.07971667490485981
0 0.6775388185869128 0.9160971156642314 0.03215906667727229 0.07939833992388792
0 0.5739229225811858 0.9540825939154015 0.0663704346753633 0.06673651384016441
0 0.5064103479471842 0.710592579086654 0.0709852093411815 0.060677514828747545
0 0.6015217585932762 0.8661024328507063 0.07710794000636341 0.04999468281352506
0 0.8657137172979107 0.5970473212151697 0.0801602146721816 0.043872016805913995
0 0.6379308785805494 0.9613804407593716 0.060211341343090474 0.0742943458553869
0 0.4296875 0.775 0.021875 0.078125
0 0.5371694519414573 0.7540534190105419 0.05554202267663584 0.07566584486680376
0 0.5151115439210946 0.9032257480600148 0.05864884134309047 0.07423067885919252
0 0.616893314608548 0.7541754358164557 0.04464088534372692 0.07834517589344295
0 0.44140625 0.94453125 0.0453125 0.0359375
0 0.4728331372533673 0.9093192391627662 0.05245338534372675 0.078663510874415
0 0.5646217426002758 0.8130119249420409 0.07703521467218159 0.04374468281352524
0 0.5762137706079118 0.7572075939154016 0.05085452267663584 0.07547484387822045
0 0.4760137759389119 0.7703204061589606 0.055542022676635924 0.07566584486680376
0 0.5017035719287305 0.8464027450942652 0.0785977146721816 0.043808349809719614
0 0.7751068986314562 0.5917921354358949 0.04464088534372675 0.07834517589344295