0 0.0171875 0.02265625 0.034375 0.0453125
0 0.0296875 0.04765625 0.059375 0.0859375
0 0.02109375 0.19140625 0.0421875 0.0671875
0 0.07938289328165168 0.2185118315888622 0.057470143429310026 0.09398810217691836
0 0.6302025185123643 0.1974354397562302 0.019951554595791877 0.01940476442797028
0 0.6678422208564028 0.1696179746026205 0.018389054595791876 0.01935020072563951
0 0.6737312754521947 0.15070428349562787 0.018389054595791876 0.01935020072563951
0 0.5795016116648191 0.21011897823081754 0.019951554595791877 0.01940476442797028
0 0.7131151480620137 0.1929810635326948 0.02005168414544123 0.020967264427970277
0 0.5536004457179752 0.22505449746811124 0.019951554595791877 0.01940476442797028
0 0.5360124275193778 0.23190469819375065 0.019951554595791877 0.01940476442797028
0 0.6629754457179752 0.22123503830495136 0.02005168414544123 0.020967264427970277
0 0.5289404071613123 0.19629458040773579 0.019951554595791877 0.01940476442797028
0 0.6151782958102603 0.18860607677953878 0.019951554595791877 0.01940476442797028
0 0.6670202004983372 0.13378960200728224 0.019951554595791877 0.01940476442797028
0 0.562614500313767 0.20603167895645697 0.019951554595791877 0.01940476442797028
0 0.51796875 0.14453125 0.0171875 0.0203125
0 0.6179423504060522 0.16980151307720792 0.018389054595791876 0.01935020072563951
0 0.642581405001844 0.15023305754224509 0.019951554595791877 0.01940476442797028
0 0.51328125 0.19140625 0.0078125 0.0203125
0 0.5270169617571041 0.1776537078123976 0.018389054595791876 0.01935020072563951
0 0.6517351619416742 0.10470230273292165 0.019951554595791877 0.01940476442797028
0 0.5234308868032467 0.16062989891939009 0.019951554595791877 0.01940476442797028
0 0.6045597732927263 0.11102671380284726 0.018389054595791876 0.01935020072563951
0 0.5905788140088576 0.1832290960168324 0.018288925046142525 0.01778770072563951
0 0.5546413140088575 0.1844840611704422 0.018389054595791876 0.01935020072563951
0 0.5351484392395702 0.0994195804077358 0.019951554595791877 0.01940476442797028
0 0.6412587368955317 0.1222171849469067 0.018389054595791876 0.01935020072563951
0 0.6169200709486878 0.13709814048186963 0.019951554595791877 0.01940476442797028
0 0.541959643743077 0.11477176189608151 0.019951554595791877 0.01940476442797028
0 0.5442440345514933 0.15210807078908894 0.019951554595791877 0.01940476442797028
0 0.5735915731081562 0.1807042967424719 0.018389054595791876 0.01935020072563951
0 0.5711069232004412 0.14649298784946438 0.018389054595791876 0.01935020072563951
0 0.5315833482465837 0.13072414411006666 0.019951554595791877 0.01940476442797028
0 0.5837861983388688 0.09460310563547925 0.018389054595791876 0.01935020072563951
0 0.5822842550941291 0.11804060563547925 0.019951554595791877 0.01940476442797028
0 0.602918127703948 0.1609721501005165 0.019951554595791877 0.01940476442797028
0 0.5514953300479866 0.13626481597976553 0.019951554595791877 0.01940476442797028
0 0.6035584777962331 0.12665171380284734 0.019951554595791877 0.01940476442797028
0 0.5592682572535973 0.16093743376578037 0.019951554595791877 0.01940476442797028
0 0.6008945527500906 0.1438937775051782 0.019951554595791877 0.01940476442797028
0 0.586031016352896 0.15688485082615583 0.018288925046142525 0.01778770072563951
0 0.2484375 0.98828125 0.028125 0.0234375
0 0.16201132788851816 0.9399304746026205 0.02826470234403846 0.02749008293962447
0 0.0375 0.9890625 0.028125 0.021875
0 0.1953125 0.990625 0.028125 0.01875
0 0.1715260302325566 0.9130951560909661 0.02826470234403846 0.02749008293962447
0 0.2147148257290498 0.8959969361280331 0.02826470234403846 0.02749008293962447
0 0.08292460518641409 0.9333382234214941 0.02826470234403846 0.02749008293962447
0 0.14832836212624442 0.8858431753282598 0.02826470234403846 0.02749008293962447
0 0.7832621715023983 0.4610068664352525 0.0349152205426357 0.033958337748947895
0 0.8155134669988915 0.4442905923886354 0.0349152205426357 0.033958337748947895
0 0.718799153303801 0.4694939782308175 0.0349152205426357 0.033958337748947895
0 0.8374490237541516 0.46690963685367254 0.03647772054263569 0.034012901451278846
0 0.7423763556478394 0.44216758639818554 0.0349152205426357 0.033958337748947895
0 0.5906135965485408 0.45058526552427863 0.03647772054263569 0.034012901451278846
0 0.7319185194352149 0.38640865971916327 0.03647772054263569 0.034012901451278846
0 0.8621300462716857 0.5439979265093863 0.03657785009228505 0.03557540145127884
0 0.8180167057401245 0.4052280923886354 0.03657785009228505 0.03557540145127884
0 0.6424974691583598 0.49242553594269867 0.03647772054263569 0.034012901451278846