0 0.4995860949039848 0.2703125 0.01951400395433254 0.01875
0 0.43249675399151377 0.234375 0.019450336958138338 0.0171875
0 0.47618308699531936 0.2328125 0.019514003954332716 0.01875
0 0.522676085018153 0.2234375 0.017887836958138337 0.0171875
0 0.41846342889637356 0.2734375 0.019514003954332716 0.01875
0 0.4162934338392894 0.296875 0.019514003954332716 0.01875
0 0.5265650889724858 0.2421875 0.017887836958138337 0.0171875
0 0.3766924229648745 0.2453125 0.019514003954332716 0.01875
0 0.43153643186212304 0.2875 0.019514003954332716 0.01875
0 0.49403643186212304 0.2875 0.019514003954332716 0.01875
0 0.42844060676698287 0.3265625 0.019514003954332716 0.01875
0 0.4922537559686801 0.24375 0.017887836958138337 0.0171875
0 0.526848931862123 0.2875 0.019514003954332716 0.01875
0 0.5229599279077903 0.26875 0.019450336958138338 0.0171875
0 0.45334776486592865 0.2859375 0.019514003954332716 0.01875
0 0.3928267589344296 0.2578125 0.019514003954332716 0.01875
0 0.4707262658545118 0.290625 0.019514003954332716 0.01875
0 0.5113220909496521 0.2515625 0.019450336958138338 0.0171875
0 0.46106742296487446 0.2453125 0.019514003954332716 0.01875
0 0.4046264219762913 0.240625 0.01951400395433254 0.01875
0 0.4386485949039848 0.2703125 0.01951400395433254 0.01875
0 0.41926192494204084 0.2546875 0.019514003954332716 0.01875
0 0.3883647520143474 0.225 0.017951503954332714 0.01875
0 0.46039626091159597 0.2671875 0.019514003954332716 0.01875
0 0.4700551038012334 0.3125 0.01951400395433254 0.01875
0 0.36610775003718105 0.215625 0.019514003954332716 0.01875
0 0.5100434338392894 0.296875 0.019450336958138338 0.0171875
0 0.5110621057783996 0.321875 0.019450336958138338 0.0171875
0 0.9859375 0.06484375 0.028125 0.0484375
0 0.965625 0.1515625 0.06875 0.103125
0 0.9212488251695022 0.278125 0.10847834486680377 0.0546875
0 0.8607516769563883 0.365625 0.07789418973360736 0.109375
0 0.4 0.9796875 0.090625 0.040625
0 0.4765625 0.9609375 0.090625 0.078125
0 0.27783842889637356 0.9078125 0.084497016805914 0.0796875
0 0.55703125 0.9796875 0.0921875 0.040625
0 0.21328125 0.984375 0.0828125 0.03125
0 0.2984375 0.97734375 0.084375 0.0453125
0 0.18647859984690066 0.928125 0.084497016805914 0.0796875
0 0.9580139961200294 0.8734375 0.02439250494291585 0.0234375
0 0.9789339911771135 0.85 0.02276633794672147 0.021875
0 0.9348656561961416 0.8421875 0.02439250494291585 0.0234375
0 0.98984375 0.87421875 0.0203125 0.0234375
0 0.893887829123835 0.871875 0.02283000494291585 0.0234375
0 0.8729094842570312 0.8171875 0.02439250494291585 0.0234375
0 0.9149988251695023 0.853125 0.02283000494291585 0.0234375
0 0.8722383222037529 0.8390625 0.02439250494291585 0.0234375
0 0.9361389961200294 0.8734375 0.02283000494291585 0.0234375
0 0.87619099315428 0.859375 0.02439250494291585 0.0234375
0 0.8783954803026987 0.7984375 0.02432883794672147 0.021875
0 0.8961214911771135 0.85 0.02283000494291585 0.0234375
0 0.9142639961200294 0.8734375 0.02276633794672147 0.021875