0 0.1109375 0.38828125 0.134375 0.1015625
0 0.07421875 0.2484375 0.1484375 0.165625
0 0.2750475353187866 0.34768423195131987 0.15405221662612084 0.16293902393569457
0 0.35654193325224204 0.12304921428388935 0.16048402380771343 0.19433449430041688
0 0.04375 0.09453125 0.0875 0.1109375
0 0.43701120413308914 0.2592789614340978 0.1432419816532356 0.18455945079743064
0 0.39761236084714324 0.20055727165458387 0.15894879488495217 0.1989856267092362
0 0.58203125 0.40078125 0.1015625 0.0765625
0 0.5446964391059744 0.3272989967689588 0.059974963699254855 0.10450696846486114
0 0.5943793182998821 0.7250468189572922 0.11457156010845856 0.09015483415618064
0 0.590499818496274 0.595286583774931 0.11141928903121964 0.08539459897381949
0 0.5998667698988884 0.8626559217308337 0.11774201190385672 0.09804006933854179
0 0.5890625 0.47578125 0.109375 0.0734375