0 0.37779335725654895 0.04194552678868426 0.03186816534054522 0.05403428213245363
0 0.34492631325591266 0.047587773027760606 0.03968066534054504 0.05426160266556703
0 0.40078125 0.0125 0.0328125 0.025
0 0.196875 0.00390625 0.05625 0.0078125
0 0.18696836258754912 0.06467964779665145 0.05819430800445442 0.0344946719450391
0 0.13680473058564008 0.08019699920857715 0.05359771467218159 0.04217077962517131
0 0.33984375 0.01171875 0.0390625 0.0234375
0 0.27308767592300354 0.04655412193240398 0.052089758672817864 0.04681281551854859
0 0.33367973058564004 0.07446852177411936 0.04118862133990895 0.04961956677218975
0 0.29821275588800517 0.3035482680131956 0.038027258672817865 0.04640363855894449
0 0.2484375 0.00703125 0.05625 0.0140625
0 0.3275002665500054 0.3370594499873647 0.036446577339272326 0.04479567445232178
0 0.36640625 0.0171875 0.0421875 0.034375
0 0.3632014092139146 0.3563262755350429 0.03951703333863606 0.04019910266556721
0 0.22030812126036697 0.01841240155757511 0.05973862667090888 0.03297763605166182
0 0.42321494525782166 0.03125206769662654 0.05813976400381797 0.029807171945039103
0 0.29779458521645996 0.33948576801319563 0.0395715773392725 0.04488660266556721
0 0.4258297732336409 0.20924067537675847 0.025599984006999678 0.052289925705962935
0 0.3017559265595504 0.26751983979995037 0.031849984006999676 0.052471782132453626
0 0.36360139855191437 0.32195127553504294 0.041097714672181596 0.04180706677218993
0 0.3546627505570051 0.28472406017477925 0.030287484006999675 0.052426318025830906
0 0.36443773989500483 0.2500762755350431 0.03493862133990877 0.04943771034569906
0 0.30406495591982186 0.06908233979995035 0.03811816534054522 0.05421613855894449
0 0.17504907057609506 0.14937289654301011 0.05981135200509069 0.03922763605166182
0 0.16438429057927673 0.12625364528936894 0.056649989337999786 0.03601170783841638
0 0.17410364123173191 0.2306228965430101 0.039607940006363404 0.04801160266556703
0 0.37417746125082196 0.0842239550019297 0.05045453333863605 0.040517351411925875
0 0.32831842655955035 0.2667469499873647 0.03339430267345413 0.050954746239076344
0 0.28351500389882284 0.22431540907942252 0.03183180267345413 0.050909282132453625
0 0.25882408656909545 0.19848033478538535 0.030287484006999675 0.052426318025830906
0 0.38533094788355077 0.3338147780423256 0.028615896005727136 0.04300585391920819
0 0.40538890921391457 0.35509874465623065 0.044168170671545326 0.03721049498543501
0 0.28358882391791285 0.08373587318604514 0.04892839600572696 0.04359688730530316
0 0.2158013399109132 0.13725332977082044 0.031886346674090585 0.05559678213245363
0 0.14646953723745898 0.18925375046221848 0.036537484006999674 0.05260817445232178
0 0.312749065245095 0.12818455516021424 0.03808180267345414 0.051091138558944316
0 0.32791843722155056 0.3011219499873647 0.03800907733927232 0.04484113855894449
0 0.3920536625557324 0.2930079216158347 0.05503294533736351 0.031278743731793665
0 0.4032093385582778 0.27393967286947607 0.051944308004454244 0.03431281551854859
0 0.14116496658182207 0.10818560688870918 0.0520352146721816 0.04212531551854859
0 0.21943541725018564 0.0934124015575751 0.04740225867281796 0.04667642319868044
0 0.4207422838956411 0.24375206769662655 0.03341248400699968 0.052517246239076346
0 0.27422981588164175 0.351105229612536 0.042623852005090515 0.038727530878812644
0 0.41518207988545985 0.3188884600164947 0.03493862133990877 0.04943771034569906
0 0.41823654392109455 0.0563884600164946 0.0549602200031817 0.025028743731793847
0 0.3911093278962775 0.23992838572245745 0.04115225867281787 0.04649456677218957
0 0.37339566390836787 0.1514114550019297 0.0458215773392725 0.04506845909205772
0 0.3723058785805494 0.11083191910855232 0.048910214672181596 0.04203438730530316
0 0.3516297519096406 0.1426729524946472 0.05196248933799978 0.03587531551854859
0 0.24245365189373214 0.26299747585161215 0.04115225867281787 0.04649456677218975
0 0.4024468172342773 0.2052351369760987 0.030287484006999675 0.052426318025830906
0 0.22312403859009441 0.044883973344329677 0.05819430800445433 0.0344946719450391
0 0.43046875 0.009375 0.0390625 0.01875
0 0.2501945212444586 0.13469061942512148 0.045839758672817865 0.04663095909205772
0 0.2845149772438223 0.13837790907942243 0.0442590773392725 0.04502299498543501
0 0.24196275588800517 0.3051849758516122 0.05039998933799979 0.03582985141192587
0 0.4195808679185492 0.07509299590987188 0.0549602200031817 0.025028743731793847
0 0.2340968065722771 0.1757702604913483 0.022529528007636034 0.0568864974927175
0 0.2552445532304593 0.2376337629986308 0.04889203333863605 0.040471887305303156
0 0.3227047732336409 0.21224130641385539 0.056577264003817976 0.029761707838416383
0 0.18876612523873165 0.17865121958340602 0.03964430267345422 0.051136602665567035
0 0.20021160789309583 0.26891250673042466 0.059720445337363426 0.03141513605166182
0 0.20360932789627748 0.2453840785171792 0.05506930800445442 0.03440374373179385
0 0.312331989258458 0.02979251926683695 0.03501134667409058 0.05568771034569906
0 0.35108431190327716 0.1895479524946472 0.05345226400381797 0.029670779625171128
0 0.20393549721518728 0.3515886144105565 0.030269302673454224 0.05086381802583091
0 0.24149223058564004 0.07715090406485761 0.048946577339272324 0.04515938730530315
0 0.3680172732336409 0.21092284732179767 0.04582157733927232 0.04506845909205772
0 0.09901382924891297 0.10628813776752155 0.022511346674090583 0.055323997492717505
0 0.22911731055064166 0.3352361887045937 0.0458215773392725 0.045068459092058075
0 0.32092300254618744 0.3653663064138556 0.05343408267027243 0.02810827962517095
0 0.3935445319064589 0.16488292161583482 0.039607940006363404 0.04801160266556703
0 0.12346729455764134 0.28676524795493596 0.0458215773392725 0.04506845909205772
0 0.15493547056018672 0.26710596582248236 0.03964430267345422 0.051136602665566855
0 0.3232320319064589 0.16692880641385538 0.05348862667090888 0.03279577962517131
0 0.29955817457036804 0.1879232680131957 0.055014764003817974 0.029716243731793844
0 0.1726673158816418 0.35406039654301014 0.020894302673454223 0.05059103338609461
0 0.18656837324954934 0.09905464779665137 0.04896475867281787 0.046721887305303154
0 0.11454682789627749 0.24797553259467203 0.04892839600572696 0.04359688730530316
0 0.1546467585932761 0.023446894035727705 0.05670453333863605 0.04069920783841656
0 0.2089513559039135 0.18899768619731114 0.031849984006999676 0.052471782132453626
0 0.15395477323364096 0.21715142992910508 0.036519302673454226 0.051045674452321776
0 0.12821043324318598 0.14761181974169055 0.04743862133990877 0.04980142319868044
0 0.22112409190009555 0.21675897334432967 0.05039998933799979 0.03582985141192587
0 0.21561843189055047 0.28720786566419776 0.05350680800445433 0.03435827962517113
0 0.2732502132400043 0.16682115782578127 0.05347044533736352 0.03123327962517113
0 0.15288207455445973 0.30933892992910506 0.05350680800445433 0.03435827962517095
0 0.18732979988864149 0.302088719583406 0.04273294000636332 0.04810253087881229
0 0.10615361990773149 0.16387331723440815 0.04900112133990877 0.04984688730530316
0 0.11055131325591265 0.0544073890211628 0.052089758672817864 0.04681281551854859
0 0.42479453190645877 0.1639736394833812 0.03183180267345413 0.050909282132453625
0 0.4161467852482767 0.10174642412311723 0.05659544533736351 0.031324207838416385
0 0.27357638255891403 0.2730256937191585 0.03025112133990877 0.04930131802583091
0 0.2692536039147312 0.10758255014564924 0.05347044533736352 0.031233279625171306
0 0.23967300254618742 0.36773043995823473 0.053415901336727245 0.02654577962517095
0 0.10420931190327716 0.19673128134103077 0.04431362133990877 0.049710494985435005
0 0.3224684158975501 0.23255380641385548 0.054978401336727246 0.026591243731793845
0 0.2620934425525506 0.3202189424655174 0.04729317067154533 0.03730142319868044
0 0.10859375 0.01953125 0.0546875 0.0390625
0 0.2686910772597306 0.021690514252271954 0.0504727146721816 0.04207985141192587
0 0.4158377025780041 0.12830892412311723 0.05348862667090888 0.03279577962517131
0 0.11670821721836892 0.3306971043814267 0.0520352146721816 0.04212531551854859
0 0.16374903859009443 0.04661160939599167 0.05819430800445433 0.0344946719450391
0 0.3348240599140949 0.11036055766749664 0.04738407733927232 0.04511392319868044
0 0.9201455839433663 0.16227005014564924 0.0679692973424542 0.0691424565847754
0 0.7967797145926397 0.2939412504622185 0.06796929734245412 0.0691424565847754
0 0.7886774079408209 0.1848390351019545 0.06951361600890867 0.06762542069139794
0 0.9309183572565489 0.31034383729266785 0.06953179734245403 0.06918792069139794
0 0.9765625 0.1890625 0.046875 0.06875
0 0.26883652792809426 0.6954797037482884 0.044259077339272326 0.04502299498543501
0 0.2295558519255489 0.7153663064138553 0.044277258672817864 0.046585494985435
0 0.5555547305856401 0.754301808129715 0.04896475867281787 0.046721887305303154
0 0.29734333593254847 0.6618488498290802 0.044259077339272326 0.04502299498543501
0 0.330317278564641 0.9154906753767584 0.04740225867281787 0.04667642319868044
0 0.577212649268003 0.6380857747436203 0.04740225867281787 0.04667642319868044
0 0.28229794923618634 0.8809625626820615 0.041097714672181596 0.04180706677218957
0 0.3293387706079118 0.5968770676966265 0.044277258672817864 0.046585494985435
0 0.20468202657545875 0.8394857680131956 0.045839758672817865 0.04663095909205772
0 0.48008201591345856 0.7971090852476037 0.04740225867281787 0.04667642319868044
0 0.5063547092616396 0.6870066595416409 0.04582157733927232 0.04506845909205772
0 0.47543197326545766 0.6597909416740946 0.0458215773392725 0.04506845909205772
0 0.14463650660409383 0.6303668322781029 0.044277258672817864 0.046585494985435
0 0.40128430657227704 0.8571947905787379 0.0442590773392725 0.04502299498543501
0 0.2878217905792767 0.8089511703621936 0.044277258672817864 0.046585494985435
0 0.158642273233641 0.9033042271052534 0.045839758672817865 0.04663095909205772
0 0.23264558394336624 0.5840708423072327 0.044277258672817864 0.046585494985435
0 0.31489336791854916 0.7644282805496079 0.044259077339272326 0.04502299498543501
0 0.4284286092457313 0.8064219007661523 0.044277258672817864 0.046585494985435
0 0.5486694785964579 0.6748416286628285 0.04740225867281787 0.04667642319868044
0 0.3095353479471843 0.5537181010827215 0.044277258672817864 0.046585494985435
0 0.36825581993954815 0.6082404650310596 0.042678396005727134 0.04341503087881247
0 0.42982638255891403 0.954768472552907 0.04585794000636341 0.048193459092057724
0 0.36006260662000217 0.5069507496707957 0.045839758672817865 0.04663095909205772
0 0.4915296879376392 0.6187113006078677 0.04582157733927232 0.04506845909205772
0 0.02265625 0.690625 0.0453125 0.046875
0 0.2421875 0.5015625 0.04375 0.04375
0 0.5400377239020046 0.8797109850893193 0.04896475867281787 0.046721887305303154
0 0.066929677275639 0.596702537609237 0.04742044000636332 0.048238923198680436
0 0.31696385057291343 0.8549623523363626 0.04267839600572696 0.04341503087881229
0 0.3557172679026408 0.8803882496707957 0.045839758672817865 0.04663095909205772
0 0.19171040658818547 0.7461449449727998 0.044277258672817864 0.046585494985435
0 0.36961723058564006 0.7597120368178142 0.04582157733927232 0.04506845909205772
0 0.46031386123491363 0.8851546545270759 0.045839758672817865 0.04663095909205772
0 0.13418990260982078 0.5884975810244617 0.044277258672817864 0.046585494985435
0 0.26911034261618416 0.5377126678549111 0.044277258672817864 0.046585494985435
0 0.05847973591664024 0.7859468940357276 0.0442590773392725 0.04502299498543501
0 0.10415586258754912 0.7533784349436699 0.0442590773392725 0.04502299498543501
0 0.4747410825907307 0.7191659416740945 0.045839758672817865 0.04663095909205772
0 0.31627624395291126 0.5113487446562306 0.04111589600572696 0.04336956677218975
0 0.05117521857100442 0.8767537504622183 0.045839758672817865 0.04663095909205772
0 0.22534216128263865 0.5405481628403461 0.044277258672817864 0.04658549498543509
0 0.10980697326545767 0.6704295426238019 0.0442590773392725 0.04502299498543501
0 0.33148088391154945 0.8154906753767586 0.044259077339272326 0.04502299498543501
0 0.0078125 0.725 0.015625 0.046875
0 0.0046875 0.84296875 0.009375 0.0453125
0 0.02595923193827554 0.6275721043814266 0.0442590773392725 0.04502299498543501
0 0.5156922519096405 0.824188410795282 0.04738407733927232 0.04511392319868044
0 0.29005809460536647 0.6167636703621936 0.0458215773392725 0.04506845909205772
0 0.14519793857418611 0.8505884040648576 0.042678396005727134 0.04341503087881229
0 0.5230876759230035 0.7255690543687914 0.04738407733927232 0.04511392319868044
0 0.16911034261618418 0.5406223706787626 0.044259077339272326 0.04502299498543509
0 0.5351705999363665 0.6268133056224326 0.04585794000636341 0.048193459092057724
0 0.44957854527373 0.5996263314866801 0.045839758672817865 0.04663095909205772
0 0.07575923726927565 0.6433047529695008 0.0458215773392725 0.04506845909205772
0 0.4350069679344576 0.6437855084462842 0.044277258672817864 0.046585494985435
0 0.025994499920458214 0.758776640274804 0.04740225867281787 0.04667642319868044
0 0.16761947326545767 0.6687473706787627 0.0458215773392725 0.04506845909205772
0 0.2227796879376392 0.6265311269469688 0.042678396005727134 0.04341503087881229
0 0.34187403859009446 0.7277178907370224 0.04582157733927232 0.04506845909205772
0 0.17953876527691168 0.584054121932404 0.044277258672817864 0.046585494985435
0 0.262421801241277 0.8440535960681566 0.042678396005727134 0.04341503087881229
0 0.042327477243822284 0.8317140351019544 0.04424089600572696 0.04346049498543501
0 0.40293880792491255 0.7150072905787379 0.0442590773392725 0.04502299498543501
0 0.15097631858691277 0.7567020117449894 0.04111589600572696 0.043369566772189574
0 0.8127501599300032 0.6733559658224824 0.0458215773392725 0.04506845909205772
0 0.8223604225811858 0.7871002170761235 0.04424089600572696 0.04346049498543501
0 0.9235058465945487 0.685753014252272 0.042678396005727134 0.04341503087881229
0 0.7631672359166403 0.7732028531277855 0.0473840773392725 0.04511392319868044
0 0.9859375 0.8203125 0.028125 0.04375
0 0.8824626759230035 0.7228725810244617 0.0442590773392725 0.04502299498543501
0 0.9300660239497296 0.524679121932404 0.042696577339272325 0.04497753087881238
0 0.7620956319223672 0.7310608172344082 0.0458215773392725 0.04506845909205772
0 0.7598069732654577 0.6592767454476535 0.0426602146721816 0.041852530878812466
0 0.8310830839433663 0.5744183606496328 0.0442590773392725 0.04502299498543501
0 0.99140625 0.665625 0.0171875 0.04375
0 0.9713990012730938 0.5968890910535916 0.042678396005727134 0.04341503087881229
0 0.9740320105824584 0.7733151987337235 0.039535214672181594 0.041761602665567034
0 0.8876945212444586 0.810190724597971 0.0442590773392725 0.04502299498543501
0 0.8658398919478205 0.5406056503039338 0.0442590773392725 0.04502299498543501
0 0.9452364906110935 0.5632869808661771 0.042696577339272325 0.04497753087881238
0 0.9166205946053665 0.6062928347853853 0.0426965773392725 0.04497753087881229
0 0.8467978959261853 0.7004807554767833 0.04424089600572696 0.04346049498543501
0 0.7945455999363665 0.6270265351019544 0.0442590773392725 0.04502299498543501
0 0.95625 0.48828125 0.04375 0.0171875
0 0.8350433306015486 0.6367819683297649 0.0426965773392725 0.04497753087881229
0 0.8725422359166402 0.7700203656641978 0.0426602146721816 0.041852530878812286
0 0.9723807932845479 0.5125140910535915 0.0426965773392725 0.04497753087881247
0 0.9672922092616396 0.6813550192668368 0.039535214672181594 0.041761602665567034
0 0.8793933146085482 0.5839464733443297 0.0442590773392725 0.04502299498543501
0 0.8150388185869127 0.745140037609237 0.0426602146721816 0.041852530878812286