0 0.05793151797134932 0.08077991672203626 0.06682540145127884 0.03858044108527148
0 0.16379957205503343 0.08490860734588242 0.06542659255827132 0.04316781153562212
0 0.18932536171074704 0.11289390500184396 0.05799603847458741 0.05360466378737554
0 0.1250594758685649 0.2121114574381675 0.05815972958158007 0.05829216378737563
0 0.0265625 0.11953125 0.053125 0.0515625
0 0.052733097282776774 0.14035517582133492 0.06262897477225664 0.052342552436323506
0 0.0078125 0.1078125 0.015625 0.053125
0 0.13425591579443114 0.12733593923957018 0.058050602176918174 0.05516716378737554
0 0.15352672704969123 0.2897963664451811 0.05966766587924912 0.0568297933370248
0 0.12233626915247572 0.15616184608711542 0.058105165879248945 0.05672966378737554
0 0.21769835445435293 0.2825660549095589 0.039846239200226743 0.06959060919158375
0 0.0660267270496913 0.29540362122554303 0.06855159255827133 0.04336807063492074
0 0.1413094361280331 0.5057217550941291 0.043080366604888454 0.07291586829088245
0 0.10078125 0.5140625 0.0421875 0.071875
0 0.23658721979329708 0.45596398211516975 0.05083830290255768 0.07185401603912904
0 0.6194493713293939 0.16321288248431004 0.07649306733052796 0.09220608883351815
0 0.7158084722403678 0.3503543322074548 0.10667164065150558 0.10817105027685522
0 0.6358481537287135 0.3632734392395702 0.07805556733052796 0.09230621838316751
0 0.2300644012816428 0.925668519435215 0.04042659255827141 0.04156573874123311
0 0.29983126425833423 0.9367876897009955 0.04209821996293304 0.044790868290882455
0 0.3600495455613455 0.7302582850129186 0.04204365626060227 0.04322836829088237
0 0.36102671380284723 0.8362078963639707 0.04042659255827132 0.04156573874123311
0 0.3244890130772079 0.8556983760059051 0.0402083377489479 0.0353157387412331
0 0.9292856404818697 0.9680005120339594 0.03924603847458741 0.05240310919158375
0 0.9773064782308175 0.9321841255444797 0.04382441106992552 0.04957849784053163
0 0.99453125 0.9734375 0.0109375 0.053125
0 0.936359074417286 0.8100878824843101 0.050927582939624474 0.02976664558877822
0 0.9467658063611187 0.913874216537466 0.023621038474587408 0.05140181369509058
0 0.9731447678865314 0.9620718846437782 0.04533234736759475 0.048116127390180986
0 0.9618650167054049 0.8832855505906222 0.0438244110699257 0.04957849784053163
0 0.96796875 0.9875 0.0390625 0.025
0 0.9875 0.89296875 0.025 0.0484375
0 0.8660068796820963 0.9050184531192308 0.039136911069925694 0.04927810919158375
0 0.9852132366683382 0.8396962368955319 0.026746038474587407 0.05160207279438911
0 0.8994741441100667 0.884165732576595 0.023621038474587408 0.05140181369509058
0 0.961830300370669 0.8396356801402716 0.026746038474587407 0.05160207279438911
0 0.9120088604448027 0.9270145666297512 0.05109127404661713 0.03445414558877822
0 0.9398461729660073 0.844162493835362 0.029925602176918177 0.05336483189368781