0 0.45078125 0.01875 0.0578125 0.0375
0 0.575 0.13671875 0.06875 0.0609375
0 0.530051923664287 0.045037236319722854 0.06915366431700995 0.06867857123840296
0 0.58515625 0.08125 0.0484375 0.05625
0 0.48611543736124146 0.20622800303722286 0.0779366684661948 0.061084276785486225
0 0.5213891639160246 0.1571371928167368 0.06325886182749904 0.07322060087368065
0 0.41793227719341636 0.12977329939000057 0.07878877344521662 0.05174564437666671
0 0.48398240706754747 0.07515984099312564 0.06314046265733601 0.07165810087368066
0 0.5953125 0.1703125 0.028125 0.075
0 0.58515625 0.02890625 0.0484375 0.0578125
0 0.5158280933798818 0.28958601690493124 0.08274256763635783 0.06275587955902787
0 0.5564046265733609 0.22814067704916727 0.07746307178554304 0.054834276785486226
0 0.32001499544982986 0.09317987632798656 0.07528526514684693 0.06726154160312507
0 0.398683524494124 0.040419858660556154 0.07216026514684692 0.06718880642076393
0 0.30625 0.01328125 0.08125 0.0265625
0 0.5921875 0.29375 0.034375 0.05625
0 0.8546967261537979 0.160433579406528 0.0553745842330974 0.030923998100139016
0 0.97421875 0.2421875 0.0515625 0.025
0 0.9177421004288517 0.21025304787138915 0.033476273445216795 0.05069098423243066
0 0.9008380203449391 0.17242573955076407 0.04081517676456468 0.044622822188333446
0 0.9649005203449391 0.17391681078916701 0.03323947510489074 0.04756598423243048
0 0.98984375 0.471875 0.0203125 0.034375
0 0.9600927759440164 0.06930204597152816 0.04081517676456468 0.044622822188333446
0 0.9550053020885256 0.2080008700597225 0.04562107593472771 0.04629442496187508
0 0.9348811336223306 0.14826219414791691 0.03492037427505377 0.04916485182361115
0 0.8693027551980921 0.10618249050069473 0.036364475104890735 0.04763871941479181
0 0.99375 0.07578125 0.0125 0.0390625
0 0.9098829788530903 0.2506234747331252 0.05116068091374952 0.03706489532659738
0 0.9828125 0.278125 0.034375 0.046875
0 0.9229013518787441 0.11366898860083356 0.043821777594401645 0.043133057370694415
0 0.990625 0.16015625 0.01875 0.0453125
0 0.990625 0.13046875 0.01875 0.0359375
0 0.99140625 0.20234375 0.0171875 0.0453125
0 0.9097142676456468 0.08372691546256972 0.05224958423309749 0.030851262917777865
0 0.2534409568577661 0.5999013485925699 0.047065176764564676 0.04476829255305574
0 0.09929883113281975 0.6446657218833337 0.04862767676456468 0.04480466014423605
0 0.2039145535384181 0.604987585674792 0.04862767676456468 0.04480466014423623
0 0.1154692054078735 0.6933941626127782 0.04862767676456468 0.04480466014423605
0 0.2389067054078735 0.6962672023160421 0.047065176764564676 0.04476829255305557
0 0.049842360177113944 0.5889235617390975 0.04862767676456468 0.04480466014423623
0 0.2681672303029828 0.6501559217308338 0.047065176764564676 0.04476829255305557
0 0.35741990706754745 0.6959061392457644 0.04862767676456468 0.04480466014423605
0 0.280692386321623 0.733113892095556 0.048746075934727705 0.04636716014423605
0 0.37421875 0.50390625 0.0484375 0.0296875
0 0.15569238632162302 0.7302044848011114 0.04862767676456468 0.04480466014423605
0 0.18296159088108208 0.5343114097629865 0.047065176764564676 0.04476829255305557
0 0.321875 0.50859375 0.046875 0.0390625
0 0.39991782823303473 0.8450709910693757 0.050426975104890734 0.047966027735416715
0 0.7275655410908635 0.8249727773541672 0.06065408008391256 0.03884560087368065
0 0.8589106294731458 0.8498662874221534 0.057765878424238616 0.0418978656913195
0 0.8840756502190702 0.8114584040634034 0.05920997925407558 0.04037173328249999
0 0.8290347979393407 0.908441200416181 0.05956517676456467 0.045059233282499986
0 0.8078217261537979 0.854916156913195 0.043206470955705886 0.05559668977951393
0 0.7835572771934164 0.9463763050895837 0.05992037427505359 0.04974673328249999
0 0.7246288726246686 0.7656341449453476 0.0522262734452168 0.05112739532659738
0 0.7694463103868954 0.8836580995425004 0.06245337842423861 0.04200696846486114
0 0.8301451668158097 0.7790082735544449 0.04921967261537965 0.05261716014423623
0 0.8692346680652097 0.9655276550133338 0.06124607593472771 0.04665810087368065
0 0.7193959983496148 0.7171602773541671 0.05343357593472771 0.046476262917777865
0 0.787815956857766 0.7967399810013893 0.04308807178554268 0.05403418977951393
0 0.7470707124568434 0.6912887615865977 0.05885478174358667 0.035684233282500075
0 0.8112516116270065 0.6943423328250005 0.04285127344521662 0.05090918977951393
0 0.654885057687603 0.792086235751042 0.05367037427505359 0.04960126291777787
0 0.8858031709649946 0.772505006836945 0.05210787427505377 0.04956489532659738
0 0.6581983892214082 0.7328930737069448 0.06041728174358667 0.035720600873680654
0 0.8843609153659173 0.8769743012898615 0.04644987012586892 0.05723192496187508
0 0.7714087842423862 0.7448865402719449 0.039963071785542856 0.05396145459715278
0 0.8433304058181477 0.7060071846486117 0.0475387734452168 0.051018292553055566
0 0.9265625 0.98046875 0.04375 0.0390625