0 0.5921875 0.4625 0.028125 0.0265625
0 0.6875 0.44375 0.0265625 0.0265625
0 0.73125 0.5 0.0265625 0.0265625
0 0.6203125 0.4375 0.0265625 0.0265625
0 0.728125 0.4453125 0.0265625 0.0265625
0 0.634375 0.484375 0.0265625 0.0265625
0 0.7015625 0.521875 0.0265625 0.0265625
0 0.6453125 0.4203125 0.0265625 0.0265625
0 0.65 0.4625 0.0265625 0.0265625
0 0.73125 0.4703125 0.0265625 0.0265625
0 0.6765625 0.5140625 0.0265625 0.028125
0 0.703125 0.4703125 0.0265625 0.0265625
0 0.68125 0.4890625 0.0265625 0.0265625
0 0.675 0.4640625 0.0265625 0.0265625
0 0.70625 0.4953125 0.0265625 0.0265625