0 0.346875 0.61015625 0.025 0.0171875
0 0.440625 0.56796875 0.01875 0.0265625
0 0.36774394565961116 0.5977066008674774 0.026894386722608486 0.026602072794389107
0 0.42711894565961117 0.5939016779808032 0.02533188672260849 0.026501943244739933
0 0.39453125 0.60703125 0.0265625 0.0234375
0 0.3592676722143945 0.5480069895164255 0.02689438672260831 0.026602072794389288
0 0.41674828549178605 0.5192020666297512 0.026894386722608486 0.026602072794389107
0 0.41284295810716587 0.5712652143779978 0.02533188672260849 0.026501943244739933
0 0.4061426722143945 0.5450031030269458 0.02689438672260831 0.026602072794389288
0 0.0891938157854801 0.855397987356957 0.04919636182749905 0.07467862739018098
0 0.11729365976683984 0.770382637264672 0.04102866431700995 0.0694904796419344
0 0.15252076474586165 0.7587046576227376 0.04270956348717299 0.07115310919158375
0 0.2349062896409709 0.706322532392025 0.048722765146846925 0.06842862739018099
0 0.16021671080645827 0.8602671576227376 0.041620660167825105 0.0773029796419344
0 0.21511769835890354 0.8803002529346606 0.06098596680652087 0.06610466378737563
0 0.2319015340418936 0.81171093923957 0.06640717261537965 0.05556768198597286
0 0.18715771910482798 0.8428398257290498 0.03657796265733602 0.07231509099298634
0 0.7008846419207004 0.8166988278885181 0.12462333693238978 0.12615958667404978
0 0.7296875 0.6671875 0.140625 0.096875