0 0.5703125 0.753125 0.0546875 0.05
0 0.696875 0.8375 0.0546875 0.0515625
0 0.603125 0.5328125 0.0359375 0.0609375
0 0.4796875 0.4828125 0.0421875 0.05625
0 0.6078125 0.5828125 0.0609375 0.0375
0 0.71875 0.6296875 0.0578125 0.0375
0 0.396875 0.615625 0.04375 0.05625
0 0.6265625 0.6296875 0.046875 0.0578125
0 0.521875 0.7765625 0.040625 0.0609375
0 0.3765625 0.709375 0.0421875 0.0625
0 0.6703125 0.6578125 0.0359375 0.0609375
0 0.525 0.6890625 0.0609375 0.0390625
0 0.6046875 0.7203125 0.0453125 0.0609375
0 0.6234375 0.6875 0.0515625 0.05
0 0.7203125 0.5765625 0.0390625 0.0609375
0 0.490625 0.85 0.0359375 0.0640625
0 0.3453125 0.25625 0.059375 0.053125
0 0.365625 0.521875 0.0640625 0.0390625
0 0.684375 0.3125 0.0609375 0.040625
0 0.40625 0.5640625 0.05625 0.046875
0 0.725 0.2875 0.0359375 0.0640625
0 0.60625 0.81875 0.0578125 0.0515625
0 0.6765625 0.7109375 0.059375 0.040625
0 0.6828125 0.56875 0.0359375 0.059375
0 0.5703125 0.6359375 0.053125 0.0515625
0 0.50625 0.5515625 0.034375 0.059375
0 0.60625 0.4625 0.05 0.0515625
0 0.4671875 0.7140625 0.0625 0.0359375
0 0.4609375 0.7953125 0.0546875 0.0546875
0 0.5296875 0.725 0.0546875 0.0390625
0 0.66875 0.5078125 0.0484375 0.0515625
0 0.4546875 0.678125 0.0609375 0.0375
0 0.403125 0.7421875 0.034375 0.065625
0 0.4375 0.51875 0.034375 0.059375
0 0.453125 0.64375 0.0609375 0.028125
0 0.3203125 0.478125 0.05 0.0546875
0 0.7171875 0.5296875 0.0609375 0.0359375
0 0.4765625 0.5734375 0.0421875 0.0578125
0 0.603125 0.865625 0.0625 0.0328125
0 0.509375 0.6609375 0.0609375 0.034375
0 0.5296875 0.615625 0.0359375 0.059375
0 0.54375 0.571875 0.040625 0.059375
0 0.309375 0.5453125 0.046875 0.0578125
0 0.659375 0.60625 0.0578125 0.0390625
0 0.39375 0.6703125 0.053125 0.05
0 0.7265625 0.4828125 0.0390625 0.059375
0 0.5140625 0.384375 0.0609375 0.0390625
0 0.31875 0.6015625 0.0546875 0.0484375
0 0.6859375 0.7515625 0.0578125 0.0484375
0 0.65 0.4765625 0.05 0.05
0 0.64375 0.546875 0.046875 0.053125
0 0.34375 0.65625 0.0375 0.0625
0 0.7140625 0.6625 0.059375 0.028125
0 0.55625 0.4921875 0.0359375 0.059375
0 0.6453125 0.3734375 0.0546875 0.046875
0 0.3515625 0.5734375 0.05 0.0546875
0 0.6921875 0.403125 0.0390625 0.059375