0 0.1643374715000841 0.2904186423028749 0.02674817029858776 0.02674817029858776
0 0.2772523707634499 0.18767641853387698 0.02674817029858776 0.02674817029858776
0 0.06669764699445194 0.3081303022099025 0.02674817029858776 0.02674817029858776
0 0.03654025343106926 0.29469051508313715 0.02674817029858776 0.02674817029858776
0 0.03446430120149633 0.32437801508313713 0.02674817029858776 0.02674817029858776
0 0.1000235992240249 0.2762575893366678 0.02674817029858776 0.02674817029858776
0 0.1587101843733188 0.2597149455211836 0.02518567029858776 0.026638909654926123
0 0.2100213120972596 0.2374686049240081 0.026638909654926036 0.02518567029858776
0 0.24553247720006724 0.17434589205077344 0.025076409654926125 0.025076409654926125
0 0.13247546630430396 0.256884876463433 0.02518567029858776 0.026638909654926123
0 0.24992504625781783 0.20047134947612638 0.025076409654926125 0.025076409654926125
0 0.17931761531556828 0.23184131779724276 0.026638909654926036 0.02518567029858776
0 0.22550420046486214 0.2161727591310525 0.025076409654925948 0.025076409654926125
0 0.06775740244233357 0.2707395628535642 0.02674817029858776 0.02674817029858776
0 0.2241273707634499 0.19139128041837594 0.025076409654925948 0.025076409654926125
0 0.045412508878950895 0.25675347250849023 0.02674817029858776 0.02674817029858776
0 0.20072272175218558 0.21479592942964026 0.025076409654925948 0.025076409654926125
0 0.2030936049240081 0.15865519007330198 0.025076409654925948 0.025076409654925948
0 0.05988990814231676 0.16089466929018154 0.02674817029858776 0.02674817029858776
0 0.1435986366028917 0.23122931260146268 0.02518567029858776 0.026638909654926123
0 0.19509543462542034 0.18409223264794897 0.025076409654925948 0.025076409654926125
0 0.11492733338458305 0.24100850418737388 0.025076409654926034 0.025076409654926125
0 0.04567458883246469 0.2085344937958137 0.02674817029858776 0.02674817029858776
0 0.10676490814231676 0.15761684998032952 0.02518567029858776 0.026638909654926036
0 0.04731349848739073 0.1850969937958137 0.02674817029858776 0.02674817029858776
0 0.17820286556766982 0.15884086037188974 0.025076409654926034 0.025076409654925948
0 0.17481578561415603 0.20727836037188974 0.02674817029858776 0.02674817029858776
0 0.09080141853387694 0.23025667448596163 0.026638909654926036 0.02518567029858776
0 0.15342138685499326 0.15746403067047748 0.025076409654926034 0.025076409654925948
0 0.06816159402824477 0.24272382349722593 0.02674817029858776 0.02674817029858776
0 0.12143941333809685 0.19235248290005041 0.025076409654926034 0.025076409654926125
0 0.12292550368317082 0.21557146161272697 0.025076409654926034 0.025076409654926125
0 0.08289036556766982 0.1655057596352556 0.025076409654926034 0.025076409654926125
0 0.07147226432683258 0.21761456285356423 0.026638909654925946 0.02518567029858776
0 0.14836254625781775 0.2075732913141392 0.025076409654926034 0.025076409654926125
0 0.1278750836366846 0.16702470096906524 0.025076409654926034 0.025076409654925948
0 0.10043849848739073 0.18138213191131475 0.02674817029858776 0.02674817029858776
0 0.09712782818880297 0.20649139255497645 0.026638909654926036 0.02518567029858776
0 0.14698571655640552 0.18279181260146266 0.025076409654926034 0.025076409654926125
0 0.07489219526908206 0.1909428022099025 0.025076409654926034 0.025076409654926125
0 0.17187645591274378 0.18260614230287492 0.025076409654926034 0.025076409654926125
0 0.0907250088789509 0.2535849138422999 0.026638909654926036 0.02518567029858776
0 0.04559817917753865 0.23186273315215197 0.02674817029858776 0.02674817029858776
0 0.2645231417986718 0.8692106417986718 0.04513753737886681 0.04513753737886681
0 0.15036208883246469 0.8118894507169637 0.046809298022528534 0.046809298022528624
0 0.0825190249704943 0.8259626583944183 0.046809298022528624 0.046809298022528624
0 0.035283392050773354 0.812162238347932 0.04513753737886681 0.04513753737886681
0 0.32743804106203767 0.7699647586268494 0.04524679802252862 0.04670003737886681
0 0.10477680120149628 0.9301367061648452 0.04513753737886681 0.04513753737886681
0 0.11347409402824482 0.8502306848775218 0.04524679802252862 0.04670003737886681
0 0.16972409402824482 0.8462973017056994 0.04670003737886681 0.04524679802252862
0 0.2901894133380969 0.7912277534310693 0.04670003737886681 0.04524679802252862
0 0.18802634377614327 0.9180958920507735 0.04524679802252862 0.04670003737886681
0 0.22582127471839275 0.8890203972465536 0.04513753737886681 0.04513753737886681
0 0.027995779914172837 0.9386154777042703 0.046809298022528624 0.046809298022528624
0 0.14237462621133154 0.7704667752225959 0.04513753737886681 0.04513753737886681
0 0.027897226947965682 0.8733182596352556 0.04670003737886681 0.04524679802252862
0 0.00703125 0.859375 0.0140625 0.046875
0 0.186343147498655 0.7642824772000673 0.046809298022528624 0.046809298022528624
0 0.23623388685499327 0.7623486366028918 0.04524679802252862 0.04670003737886681
0 0.0109375 0.9078125 0.021875 0.046875
0 0.29494261531556826 0.8344314502127606 0.04670003737886681 0.04524679802252862
0 0.33265042892543717 0.8955439128338938 0.04670003737886681 0.04524679802252862
0 0.22401811011978817 0.8036292004648622 0.043465776735205 0.04346577673520517
0 0.23293392423386017 0.7205981791775387 0.04524679802252862 0.04670003737886681
0 0.14830827991417284 0.9302024081423168 0.04357503737886681 0.045028276735205
0 0.30513743412121724 0.9332295831324815 0.04524679802252862 0.04670003737886681
0 0.3116380784409046 0.7290883863507902 0.046809298022528624 0.046809298022528624
0 0.365517195269082 0.781295742535306 0.043465776735205 0.043465776735205
0 0.05738834897192335 0.9629927648310357 0.04346577673520517 0.043465776735205
0 0.2752306848775218 0.7160856417986718 0.046809298022528624 0.046809298022528624
0 0.32072885517610955 0.6880263437761432 0.043465776735205 0.04346577673520517
0 0.00546875 0.978125 0.0109375 0.04375
0 0.3911184927874075 0.8821262690184095 0.04670003737886681 0.04524679802252862
0 0.36146311581977136 0.6836230670409382 0.04524679802252862 0.04670003737886681
0 0.3585902160522024 0.9248272212479826 0.04670003737886681 0.04524679802252862
0 0.31796875 0.978125 0.0453125 0.04375
0 0.25078125 0.99375 0.0453125 0.0125
0 0.03984375 0.9921875 0.0453125 0.015625
0 0.19296875 0.99296875 0.0453125 0.0140625
0 0.17824642423386017 0.7244223017056994 0.046809298022528624 0.046809298022528624
0 0.4943199024423336 0.8515868271803967 0.046809298022528624 0.046809298022528624
0 0.27578125 0.9765625 0.0453125 0.046875
0 0.5342564875916274 0.8363553110888533 0.046809298022528624 0.046809298022528624
0 0.5088851469944519 0.8878849601001176 0.048371798022528625 0.046918558666190435
0 0.42717596110852385 0.811191056145175 0.04513753737886681 0.04513753737886681
0 0.5632227217521855 0.8001228801466039 0.048371798022528625 0.046918558666190435
0 0.4175053022099025 0.6159549658001009 0.05026207995351371 0.05171531930985207
0 0.4604369393169973 0.9581317581226463 0.048371798022528625 0.046918558666190255
0 0.07631258363668456 0.7813057222563887 0.046809298022528624 0.046809298022528624
0 0.4650365940282448 0.8256470400536315 0.046809298022528624 0.046809298022528624
0 0.4114531360986886 0.9693313380761601 0.04524679802252862 0.04670003737886681
0 0.44418849848739067 0.7680202103522192 0.04670003737886681 0.04524679802252862
0 0.5234718069014794 0.790463656881809 0.046809298022528624 0.046809298022528624
0 0.48350237076344993 0.7839294336170142 0.046809298022528624 0.046809298022528624
0 0.5366059554085407 0.9139340078705448 0.04993429802252862 0.04702781930985207
0 0.49375 0.97890625 0.046875 0.0421875
0 0.4609939502127606 0.8834595400536316 0.048371798022528625 0.046918558666190435
0 0.2511811796817417 0.6820055727409213 0.046918558666190435 0.048371798022528625
0 0.46819371706060864 0.6248493645592637 0.04859031930985207 0.05004355866619026
0 0.36361547770427033 0.6306073276845999 0.05026207995351371 0.05171531930985207
0 0.9370101469944518 0.9015525202789172 0.10869729282674845 0.08689870248167467
0 0.9262468816592133 0.7219414299338434 0.07138296312533621 0.10916718639013112
0 0.978125 0.6984375 0.04375 0.109375