0 0.64375 0.45 0.01875 0.01875
0 0.578125 0.4140625 0.01875 0.0171875
0 0.621875 0.4125 0.01875 0.01875
0 0.66875 0.403125 0.0171875 0.0171875
0 0.5625 0.453125 0.01875 0.01875
0 0.559375 0.4765625 0.01875 0.01875
0 0.671875 0.421875 0.0171875 0.0171875
0 0.521875 0.425 0.01875 0.01875
0 0.575 0.4671875 0.01875 0.01875
0 0.6375 0.4671875 0.01875 0.01875
0 0.5703125 0.50625 0.01875 0.01875
0 0.6375 0.4234375 0.0171875 0.0171875
0 0.6703125 0.4671875 0.01875 0.01875
0 0.6671875 0.4484375 0.01875 0.0171875
0 0.596875 0.465625 0.01875 0.01875
0 0.5375 0.4375 0.01875 0.01875
0 0.6140625 0.4703125 0.01875 0.01875
0 0.65625 0.43125 0.01875 0.0171875
0 0.60625 0.425 0.01875 0.01875
0 0.55 0.4203125 0.01875 0.01875
0 0.5828125 0.45 0.01875 0.01875
0 0.5640625 0.434375 0.01875 0.01875
0 0.534375 0.4046875 0.0171875 0.01875
0 0.6046875 0.446875 0.01875 0.01875
0 0.6125 0.4921875 0.01875 0.01875
0 0.5125 0.3953125 0.01875 0.01875
0 0.653125 0.4765625 0.01875 0.0171875
0 0.653125 0.5015625 0.01875 0.0171875