0 0.415625 0.38125 0.0421875 0.040625
0 0.1921875 0.4 0.0453125 0.0421875
0 0.4953125 0.5421875 0.04375 0.0421875
0 0.3234375 0.3390625 0.0421875 0.0390625
0 0.5453125 0.375 0.040625 0.0390625
0 0.284375 0.375 0.04375 0.040625
0 0.4703125 0.378125 0.0421875 0.0390625
0 0.45625 0.3375 0.040625 0.0390625
0 0.1875 0.490625 0.0453125 0.04375
0 0.396875 0.34375 0.040625 0.0390625
0 0.628125 0.378125 0.040625 0.0390625
0 0.1046875 0.2890625 0.04375 0.040625
0 0.6375 0.290625 0.0390625 0.0375
0 0.5625 0.4765625 0.0421875 0.040625
0 0.3671875 0.3171875 0.040625 0.0390625
0 0.5703125 0.2953125 0.0390625 0.0390625
0 0.390625 0.284375 0.0390625 0.0390625
0 0.546875 0.3234375 0.0390625 0.0375
0 0.459375 0.2859375 0.0390625 0.0375
0 0.521875 0.2890625 0.0390625 0.0390625
0 0.58125 0.3421875 0.0390625 0.0390625
0 0.490625 0.309375 0.0390625 0.0375
0 0.2625 0.31875 0.0421875 0.0390625
0 0.340625 0.2859375 0.040625 0.0390625
0 0.4984375 0.3484375 0.0390625 0.0390625
0 0.425 0.3078125 0.0390625 0.0390625
0 0.078125 0.328125 0.046875 0.04375
0 0.6078125 0.315625 0.0390625 0.0375