0 0.021875 0.340625 0.04375 0.05625
0 0.13530216192194597 0.321782004090128 0.061171237323333114 0.05788670783841639
0 0.06852476503222374 0.3151395475053528 0.06273373732333312 0.0579321719450391
0 0.26866146606898306 0.3193964531530561 0.06103453628657398 0.056324207838416386
0 0.1951460536278719 0.33605510424841256 0.05947203628657398 0.056278743731793666
0 0.56875 0.19765625 0.059375 0.0828125
0 0.56484375 0.34765625 0.0515625 0.0421875
0 0.566624406126019 0.11728575455234651 0.055077062205555374 0.09511392319868044
0 0.6098686837884268 0.3033883906040084 0.09433505183796279 0.08067098997087019
0 0.5703125 0.26484375 0.0625 0.0734375
0 0.18682216305324176 0.710997616784825 0.10853425287472192 0.08264266693047428
0 0.0484375 0.72578125 0.096875 0.0859375
0 0.09172711064963104 0.9385028396669363 0.10833876324231459 0.09822220282385175
0 0.02109375 0.753125 0.0421875 0.08125
0 0.0453125 0.821875 0.090625 0.09375
0 0.1953125 0.9515625 0.084375 0.096875
0 0.1560205138544452 0.6333439782258806 0.06839726842611107 0.10485263605166181
0 0.054809328369074886 0.6084683471887837 0.08517466531583313 0.10066524122451134
0 0.13508471432555663 0.7831166576927672 0.11824144354388881 0.06889841567683312
0 0.00859375 0.63359375 0.0171875 0.1078125
0 0.11031986870814939 0.8513210884132951 0.12197203628657398 0.0580973079967011
0 0.09207559104574167 0.665945878067596 0.07579966531583313 0.1003924565847754
0 0.98984375 0.5859375 0.0203125 0.046875
0 0.7606711832227789 0.8649336443649321 0.04757762902925915 0.04502299498543501
0 0.8338735288401862 0.7981386009497073 0.04587842799249993 0.04341503087881247
0 0.9746352298769455 0.8006678705457487 0.04744092799249984 0.04346049498543501
0 0.8240693018844457 0.8385817445232167 0.04744092799249992 0.04346049498543501
0 0.9440099464650936 0.7747131243066724 0.04587842799249984 0.04341503087881229
0 0.9763330138544453 0.6738325859060126 0.046015129029259326 0.04497753087881229
0 0.99453125 0.72578125 0.0109375 0.0421875
0 0.8757097143255568 0.8212865959351424 0.04601512902925915 0.04497753087881229
0 0.9018606941560193 0.7014287370013692 0.04587842799249993 0.04341503087881229
0 0.9095966987741679 0.8457697703874641 0.04601512902925915 0.04497753087881229
0 0.7998498433548159 0.7752179264973857 0.04587842799249993 0.04341503087881229
0 0.9269782713473157 0.7366220909205776 0.04587842799249984 0.04341503087881229
0 0.9296124216774079 0.509559485747728 0.04601512902925915 0.04497753087881238
0 0.6850861313848162 0.9410582236735341 0.04771433006601846 0.046585494985435
0 0.97734375 0.49765625 0.0453125 0.0453125
0 0.98046875 0.93203125 0.0390625 0.0453125
0 0.8773118790757419 0.8745934523616331 0.04601512902925915 0.04497753087881247
0 0.8967807978319449 0.5446331677218972 0.04601512902925915 0.04497753087881238
0 0.8152765196038894 0.5093656059642723 0.04615183006601846 0.04654003087881246
0 0.7282099977374086 0.8420584340192331 0.04601512902925915 0.04497753087881229
0 0.8390844579639818 0.4520986752437445 0.04771433006601846 0.046585494985435
0 0.8690467770967599 0.5751557420159342 0.04757762902925915 0.04502299498543509
0 0.9390625 0.990625 0.046875 0.01875
0 0.9170387604140753 0.9039459832404455 0.04757762902925915 0.04502299498543501
0 0.8249645864275932 0.5597747829238765 0.04431592799249993 0.04336956677218975
0 0.7802810541935198 0.9093656059642724 0.04757762902925915 0.04502299498543501
0 0.7859637091417604 0.8265076418576497 0.044179226955740704 0.04180706677218957
0 0.909324713759909 0.9742130191338229 0.04615183006601846 0.04654003087881229
0 0.97734375 0.6203125 0.0453125 0.04375
0 0.9616635040525006 0.537122196093427 0.04757762902925933 0.04502299498543509
0 0.8826977569272227 0.45493417022917954 0.04615183006601846 0.04654003087881238
0 0.9691098168701867 0.9712531551854848 0.04601512902925915 0.04497753087881229
0 0.99140625 0.98046875 0.0171875 0.0390625
0 0.8080327817149083 0.717496354710631 0.04587842799249993 0.04341503087881229
0 0.9542993548537041 0.46015051913382293 0.04431592799249984 0.04336956677218975
0 0.8283672396788901 0.9326954573761981 0.04757762902925915 0.04502299498543501
0 0.7502231158334273 0.9664506802583095 0.04771433006601846 0.046585494985435
0 0.7816834781335191 0.571047252045064 0.04757762902925915 0.04502299498543509
0 0.7636977298769455 0.7945302161516867 0.04404252591898139 0.04024456677218975
0 0.8981683491042599 0.6182979882550106 0.04587842799250001 0.04341503087881238
0 0.892778220075001 0.6620025241483878 0.04404252591898139 0.04024456677218975
0 0.8328125 0.97890625 0.046875 0.0421875
0 0.8004540190382416 0.6608826418576497 0.04404252591898139 0.04024456677218957
0 0.7489503076338897 0.6766152904457238 0.04757762902925915 0.04502299498543501
0 0.8592999216774079 0.5075136009497074 0.04445262902925915 0.04493206677218975