0 0.49781149957647697 0.3783143845671436 0.021495568401734035 0.021970594849248924
0 0.46895845748310216 0.3635185609297219 0.021495568401734035 0.021970594849248924
0 0.48890693643641486 0.3589266557789708 0.019842063140062295 0.020280549091614475
0 0.5147413943430401 0.348594933658758 0.021404563140062293 0.020408094849248926
0 0.411236962744774 0.3603618678972441 0.021495568401734035 0.021970594849248924
0 0.9080349099868812 0.40350634789336476 0.05273015785015556 0.05095646424430509
0 0.98203125 0.28203125 0.0359375 0.0328125
0 0.9890625 0.31171875 0.021875 0.0390625
0 0.9565942363517103 0.3561528578953045 0.05972361049510866 0.03753169303247787
0 0.9526039573419279 0.4211401291071318 0.0556731473268119 0.04808655575957417
0 0.9470526363799451 0.3258276291071317 0.06266659997176519 0.03466178454774678
0 0.9890625 0.396875 0.021875 0.059375
0 0.9132376204537552 0.4661338936509993 0.05870714206513981 0.046779147274843245
0 0.9513915258848362 0.29352531213766986 0.05963260523343692 0.03596919303247788
0 0.9828125 0.25546875 0.034375 0.0359375
0 0.99140625 0.18359375 0.0171875 0.0453125
0 0.98515625 0.34140625 0.0296875 0.0578125
0 0.933898730948864 0.5004769427426137 0.059905621018452496 0.040656693032477875
0 0.9669996572854581 0.4814079494105735 0.05972361049510884 0.03753169303247787
0 0.984375 0.5109375 0.03125 0.0375
0 0.9203125 0.5171875 0.059375 0.025
0 0.96484375 0.51875 0.0359375 0.021875
0 0.9112817363517103 0.35245403092390293 0.037742194681858264 0.06061850666795969
0 0.8603408626318345 0.38561747516432876 0.03470819994353027 0.06192591515269079
0 0.8484375 0.51953125 0.05625 0.0203125
0 0.9568532996329466 0.22710308668347706 0.061286110495108834 0.03765923879011233
0 0.9890625 0.44453125 0.021875 0.0609375
0 0.98515625 0.2203125 0.0296875 0.046875
0 0.8308647362105358 0.49362142273873444 0.06642863680346807 0.04585437606301603
0 0.8451400678370365 0.44502442607271425 0.06293961575678075 0.03934928454774678
0 0.97088352048199 0.4412931324411117 0.05144067363517095 0.05551641848667046
0 0.8835207573983975 0.3564082072864812 0.03470819994353027 0.06192591515269079
0 0.8742507151638484 0.49094270395250134 0.03507222099021767 0.0681759151526908
0 0.9401054153897274 0.2599475375918627 0.05816111049510884 0.037404147274843244
0 0.9551983363234754 0.3855852663800354 0.05963260523343692 0.03596919303247788
0 0.9039690362670056 0.4404961648628266 0.057235647326811724 0.04821410151720862
0 0.7953125 0.5171875 0.04375 0.025
0 0.9713106417827913 0.181631090017457 0.054383663111827296 0.05264651000193972
0 0.9050625574548672 0.2990739394086338 0.04242969468185844 0.0610011439408634
0 0.5404217467338797 0.8679826624469307 0.019842063140062295 0.020280549091614475
0 0.5648155310053337 0.8062159860843522 0.019842063140062295 0.020280549091614475
0 0.5656191678088017 0.8467134403267178 0.019842063140062295 0.020280549091614475
0 0.5929097099021765 0.8613817182065049 0.0181885578783902 0.018590503333979845
0 0.588708057313693 0.8159416724488704 0.016626057878390377 0.018462957576345397
0 0.8696109048663837 0.7136775418439265 0.04299113680346807 0.04394118969849785
0 0.8130262468750539 0.8101382115385451 0.04464464206513998 0.04563123545613248
0 0.7453125 0.71953125 0.03125 0.0484375
0 0.942062757539572 0.6760497382103842 0.04620714206513998 0.04575878121376693
0 0.7578837205666946 0.7978616100213364 0.04464464206513981 0.04563123545613248
0 0.98125 0.74921875 0.0375 0.0453125
0 0.8971282310900384 0.8123381824508099 0.04464464206513981 0.045631235456132305
0 0.9282116311182731 0.7853291433611351 0.0462071420651398 0.04575878121376711
0 0.8430623573701628 0.8452465351759667 0.04464464206513998 0.04563123545613248
0 0.7829284941736308 0.8807697048705853 0.04464464206513998 0.04563123545613248
0 0.7823699681476203 0.5774852082045652 0.0462981473268119 0.04732128121376702
0 0.7757838521084908 0.8381995675976818 0.04464464206513981 0.04563123545613248
0 0.8225384837914614 0.7331611233572559 0.04464464206513981 0.045631235456132305
0 0.883355615474432 0.6292705909355408 0.0462071420651398 0.045758781213767016
0 0.8882684415569123 0.8738178163897338 0.0447356473268119 0.04719373545613248
0 0.7797139469597585 0.7187798879011235 0.039866136803468066 0.04368609818322895
0 0.9751622258283665 0.8171529703325368 0.046116136803468065 0.04419628121376693
0 0.7453125 0.8734375 0.03125 0.046875
0 0.8995560100998207 0.747223365481348 0.0462071420651398 0.04575878121376711
0 0.9358112994917723 0.8357117806340388 0.0462071420651398 0.04575878121376711
0 0.8487355046969745 0.8892516266912358 0.0447356473268119 0.04719373545613248
0 0.9859375 0.709375 0.028125 0.046875
0 0.74296875 0.62578125 0.0265625 0.0453125
0 0.9398323996047118 0.7178546009374805 0.042900131541796324 0.042378689698497854
0 0.74921875 0.915625 0.0390625 0.046875
0 0.8905912628012438 0.6734032282084446 0.04142863680346807 0.0438136439408634
0 0.7932766470444631 0.6312479369927378 0.045008663111827295 0.05188123545613248