0 0.05625 0.6203125 0.1125 0.01875
0 0.0578125 0.4890625 0.115625 0.053125
0 0.06015625 0.41640625 0.1203125 0.0515625
0 0.06015625 0.346875 0.1203125 0.05
0 0.05703125 0.56171875 0.1140625 0.0546875
0 0.6910409416740946 0.49439953128768244 0.04346049498543501 0.04620714206513998
0 0.8420578723946223 0.5219770416698518 0.04024456677218957 0.042900131541796324
0 0.8037849825820368 0.5463554153897274 0.041852530878812376 0.044553636803468064
0 0.8901771236482636 0.5357357047816791 0.041852530878812286 0.044553636803468064
0 0.6911485902621687 0.5444905365493543 0.0434604949854351 0.0462071420651398
0 0.9493248031151502 0.5470064047252094 0.041852530878812286 0.044553636803468064
0 0.6573646236482636 0.5221759207925736 0.04341503087881238 0.04464464206513981
0 0.7247794441813771 0.5182766470444632 0.04341503087881238 0.04464464206513981
0 0.7602168390085275 0.5375572680629157 0.041852530878812466 0.044553636803468064
0 0.2921875 0.97109375 0.084375 0.0578125
0 0.4037348214575502 0.8965976100715858 0.08596624373179385 0.059601784130279965
0 0.3782059725529069 0.9671075311465082 0.08757420783841656 0.061255289391951705
0 0.30917849089530697 0.8112677838479312 0.05236413354437941 0.08416216837349921
0 0.4484375 0.7328125 0.021875 0.05625
0 0.38455422710525344 0.6951415258848362 0.08881845909205772 0.05040879465362345
0 0.3828125 0.9921875 0.0875 0.015625
0 0.4390625 0.68203125 0.040625 0.0765625
0 0.35150238321517496 0.8090374259130713 0.05075616943775678 0.0825086631118273
0 0.421875 0.78671875 0.075 0.0609375
0 0.41640625 0.828125 0.0859375 0.040625
0 0.3811731628403462 0.7575505206231644 0.0854206744523216 0.04085178413027979
0 0.27066156017477916 0.7902426523061349 0.06785274122451135 0.08038472099021768
0 0.3852074449727998 0.7264825311465082 0.08537521034569906 0.03928928413027997
0 0.4328125 0.94140625 0.053125 0.0421875
0 0.615625 0.65546875 0.053125 0.0515625
0 0.5814961086045688 0.766666457341928 0.05342652837152997 0.06706567363517095
0 0.71328125 0.646875 0.0640625 0.034375
0 0.4796875 0.640625 0.040625 0.021875
0 0.54609375 0.6453125 0.0609375 0.03125
0 0.46875 0.73828125 0.01875 0.0703125
0 0.5687808114284204 0.6657564047252094 0.05940374373179384 0.05805469468185844
0 0.7529452112701358 0.7375235308641594 0.07163095909205772 0.049407736775233246
0 0.6365760651893441 0.7025731362387708 0.06841503087881229 0.046100726251889414
0 0.6826781753767586 0.7318657940889262 0.050346992478152684 0.06844616311182747
0 0.5966952112701358 0.7284230046969744 0.05646060015828454 0.06412268415851478
0 0.4958601369760987 0.6975076626883043 0.07117631802583091 0.033782736775233246