0 0.940625 0.603125 0.0484375 0.046875
0 0.83125 0.63125 0.046875 0.04375
0 0.925 0.8078125 0.0453125 0.046875
0 0.95625 0.690625 0.0484375 0.046875
0 0.9625 0.7375 0.046875 0.046875
0 0.91875 0.7265625 0.0453125 0.0453125
0 0.8984375 0.771875 0.046875 0.046875
0 0.825 0.746875 0.046875 0.0453125
0 0.95625 0.778125 0.05 0.0484375
0 0.896875 0.6328125 0.0484375 0.0484375
0 0.8671875 0.6734375 0.046875 0.0484375
0 0.778125 0.7515625 0.0484375 0.0484375
0 0.821875 0.675 0.0484375 0.0484375
0 0.865625 0.725 0.046875 0.0453125
0 0.79375 0.7984375 0.0484375 0.05
0 0.7453125 0.7875 0.046875 0.0484375
0 0.9296875 0.5546875 0.05 0.05
0 0.88125 0.8125 0.046875 0.046875
0 0.8859375 0.5640625 0.046875 0.046875
0 0.840625 0.803125 0.0453125 0.046875
0 0.909375 0.684375 0.04375 0.0453125
0 0.7953125 0.70625 0.0453125 0.0453125
0 0.9421875 0.6484375 0.0484375 0.046875