0 0.3008371419906636 0.5782626318401386 0.045386707838416564 0.057268292553055565
0 0.2765625 0.6703125 0.04375 0.059375
0 0.2597313865138803 0.22008776234909694 0.06092077962517113 0.05450696846486114
0 0.2723149883880245 0.4852399836637497 0.06519910266556703 0.040553571238402954
0 0.3117124575092121 0.5264819262930552 0.05761392319868044 0.04818423328249999
0 0.34765625 0.675 0.0234375 0.0375
0 0.3421875 0.63828125 0.034375 0.0390625
0 0.30234375 0.68515625 0.0359375 0.0296875
0 0.3421875 0.4796875 0.034375 0.059375
0 0.3421875 0.60390625 0.034375 0.0296875
0 0.22827548337345957 0.44254464380798586 0.05159124373179384 0.055851262917777866
0 0.21538302678868426 0.5099867169462498 0.04855717194503928 0.05890352773541672
0 0.2961208982588698 0.6330228670224998 0.054579851411925784 0.051236498100139014
0 0.2231213189502678 0.5660185113991665 0.056096887305303156 0.0497103656913195
0 0.24653007521847395 0.6201241299402774 0.03931856426490725 0.06337282218833344
0 0.25675217286947605 0.5371297919843747 0.05159124373179384 0.055851262917777866
0 0.8467480017158596 0.20769163943958283 0.07410274122451135 0.07823540919430565
0 0.8939292271052534 0.303402876521805 0.08619356426490725 0.06446384992375016
0 0.7913330760098967 0.23396450513090233 0.0570516335443795 0.0825228656913195
0 0.7930654090794225 0.33541790235736063 0.05709709765100222 0.0840853656913195
0 0.7928260651893441 0.4509701671749996 0.0601766335443795 0.08259560087368065
0 0.9538257496707956 0.49875043769222166 0.09203438730530315 0.05054682028847228
0 0.9522919934025895 0.4441356728745827 0.08655727711788863 0.07696384992375016
0 0.8267751678549111 0.4111439477602078 0.0817788489046432 0.07372974715020852
0 0.8466283297708206 0.2654677718484023 0.08007995658477522 0.06900587955902786
0 0.7151222655059132 0.3309862819163885 0.08481292069139794 0.0706774823325695
0 0.8612484224072576 0.13865069871013835 0.05231866943775678 0.08085126291777786
0 0.7364182554767833 0.2430498708222218 0.07093227711788863 0.07660017401194459
0 0.7192140351019545 0.19036128191638851 0.0508016335443795 0.0823773953265972
0 0.8423379833734597 0.35925413943958284 0.05865959765100204 0.08412173328249999
0 0.8670077112701359 0.47734952279833287 0.0859207796251713 0.05508884992375016
0 0.7543378782006102 0.378478224545694 0.05240959765100221 0.08397626291777786
0 0.6228485343105318 0.745086455928333 0.04502299498543509 0.04476829255305557
0 0.8637630393250966 0.7831994792953466 0.04346049498543501 0.04473192496187508
0 0.705177649512511 0.8134351060045828 0.041897994985435005 0.044695557370694416
0 0.9527800752184739 0.7826890265980551 0.046585494985435 0.04480466014423605
0 0.7466377238065481 0.8374531810427079 0.04350595909205772 0.04629442496187508
0 0.6771723214575502 0.7563135902370135 0.04341503087881229 0.04316942496187508
0 0.7450130393250965 0.785963416225069 0.04346049498543501 0.04473192496187508
0 0.9132174700456245 0.8007857163775689 0.04346049498543501 0.04473192496187508
0 0.65703125 0.7203125 0.0421875 0.040625
0 0.83203125 0.71796875 0.0421875 0.0359375
0 0.7107577112701359 0.7289873708222219 0.04180706677218957 0.041570557370694414
0 0.9131887263138306 0.8554368487863883 0.04506845909205772 0.04633079255305557
0 0.845393472552907 0.8242245227983329 0.04346049498543501 0.04473192496187508
0 0.9243655702039091 0.7396300108304855 0.041852530878812286 0.043133057370694415
0 0.7375 0.7078125 0.04375 0.015625
0 0.7571326060972863 0.7450838430868052 0.04341503087881247 0.04316942496187508
0 0.8773996419906636 0.7438460385659023 0.04341503087881229 0.04316942496187508
0 0.96015625 0.71796875 0.0453125 0.0359375
0 0.8050867212992656 0.8142325801690273 0.04341503087881247 0.04316942496187508
0 0.843802228821113 0.8789120227983329 0.04341503087881247 0.04316942496187508
0 0.5609375 0.70859375 0.04375 0.0171875
0 0.6046875 0.70859375 0.04375 0.0171875
0 0.9525694750601893 0.8435901590068744 0.04663095909205772 0.04636716014423605
0 0.8039046545270759 0.8548575801690272 0.041897994985435005 0.044695557370694416