0 0.4671875 0.50625 0.0390625 0.04375
0 0.5875 0.6015625 0.0375 0.0421875
0 0.49375 0.7453125 0.0359375 0.0421875
0 0.496875 0.471875 0.0375 0.04375
0 0.5890625 0.528125 0.0359375 0.0421875
0 0.6375 0.64375 0.0375 0.0421875
0 0.4421875 0.565625 0.0390625 0.04375
0 0.3703125 0.515625 0.040625 0.0421875
0 0.4421875 0.7359375 0.0375 0.0421875
0 0.6296875 0.5296875 0.0359375 0.0421875
0 0.609375 0.571875 0.0359375 0.040625
0 0.671875 0.578125 0.0375 0.0421875
0 0.5984375 0.465625 0.0390625 0.04375
0 0.521875 0.3953125 0.0375 0.0453125