0 0.27890625 0.096875 0.0609375 0.06875
0 0.2083216906561031 0.3077769498087962 0.06541098428423417 0.06723596680652086
0 0.25366842390688005 0.34414142491368677 0.06541098428423435 0.06723596680652086
0 0.23542353805106925 0.39920743321205665 0.06384848428423417 0.06711756763635783
0 0.2765625 0.0234375 0.065625 0.046875
0 0.2662840479758666 0.2416084207645019 0.06697348428423418 0.0673543659766839
0 0.2326581029810466 0.4585824332120566 0.06548375889134021 0.06879846680652087
0 0.8356804032287156 0.3247975838321121 0.05152826674922295 0.0366012734452168
0 0.6886641621200558 0.2493687634964618 0.0354323858558109 0.058736382573423465
0 0.7968362270500332 0.31715010457803655 0.033724336641599 0.055492983403260435
0 0.6750040765119139 0.2059972717948316 0.04444351282028158 0.051634277594401645
0 0.7277266621200558 0.2523287427505374 0.049203787427387444 0.05355197510489074
0 0.7862712162966663 0.1736602137062433 0.050329639784752446 0.04429537427505377
0 0.6271487733687608 0.18982689751977783 0.059413541356328814 0.03875576929603177
0 0.7800554495474432 0.2061175161957542 0.04288101282028158 0.05151587842423862
0 0.7420460272977022 0.21421343611184165 0.03528683664159917 0.05561138257342346
0 0.7780905351555851 0.2483050161957542 0.04437073821317572 0.050071777594401644
0 0.8939724003332316 0.217885655617655 0.03663101282028158 0.05104228174358667
0 0.9219133097626908 0.2576352398507524 0.04749573821317572 0.050308575934727706
0 0.7507959809789746 0.32934152864330885 0.042953787427387445 0.05307837842423861
0 0.7120331956185018 0.18528295270858114 0.03684933664159917 0.05572978174358649
0 0.743240346156621 0.28956863362233065 0.05428939371369381 0.02902557178554268
0 0.6502267084387834 0.13199108673189713 0.038411836641599174 0.055848180913749525
0 0.8758345223353035 0.3043200630861877 0.05130994292790554 0.0319137734452168
0 0.8487326749403372 0.21288957968292727 0.05309076674922295 0.03671967261537965
0 0.8195160558337495 0.23419589461999282 0.05309076674922295 0.036719672615379825
0 0.879143612905844 0.26693846225635076 0.039756012820281586 0.051279080083912555
0 0.8578637340793465 0.05050797885309031 0.04891268899896399 0.04730197510489074
0 0.9587241050479612 0.2416084207645019 0.05152826674922295 0.03660127344521662
0 0.8348114160489972 0.27612328549178605 0.053309090570540715 0.04140717261537983
0 0.7472130244022182 0.10327593611184165 0.04146406203449331 0.054522479254075586
0 0.6756161985139859 0.2938524693053207 0.05345463978475227 0.04453217261537965
0 0.7028422861890424 0.14695415851744 0.04586046360606986 0.04862767676456468
0 0.8386342369748305 0.16037988632162303 0.05309076674922295 0.03671967261537965
0 0.6949955529382654 0.11343126349646182 0.05465326674922295 0.03683807178554286
0 0.74296875 0.534375 0.0390625 0.03125
0 0.801391102152477 0.11835740706754745 0.0486943651776464 0.042614475104890734
0 0.7316950322601009 0.8513833946199927 0.03768409057054054 0.040223180913749525
0 0.566099957405326 0.9391882800932013 0.03768409057054054 0.0402231809137497
0 0.7375383097626909 0.9615871888111339 0.03761131596343468 0.038660680913749704
0 0.7125 0.984375 0.0375 0.03125
0 0.8013097113342674 0.972691554787818 0.03768409057054054 0.0402231809137497
0 0.7598157241545491 0.9209388780232534 0.03761131596343468 0.038660680913749704
0 0.4920117940469252 0.8802617207552131 0.03924659057054054 0.04034158008391255
0 0.5955006670824545 0.8802635659859728 0.037684090570540715 0.040223180913749525
0 0.6569904387940763 0.7720259361118417 0.039319365177646406 0.041904080083912554
0 0.6267164338316775 0.8497006502190703 0.03768409057054054 0.040223180913749525
0 0.719263498761655 0.9162979995990147 0.03768409057054054 0.0402231809137497