0 0.18933959874281464 0.21032711691783898 0.04582157733927232 0.04506845909205772
0 0.3972430054105419 0.21209289073702245 0.0442590773392725 0.04502299498543501
0 0.2405202907383604 0.17601430139929058 0.044259077339272326 0.04502299498543501
0 0.01875 0.0125 0.0375 0.025
0 0.20926919605345207 0.042503119425121486 0.0442590773392725 0.04502299498543501
0 0.41964526408335984 0.25676889324430485 0.045839758672817865 0.04663095909205772
0 0.046825929423904886 0.32075981472712567 0.04740225867281787 0.04667642319868044
0 0.23014641207826916 0.22477005014564924 0.044259077339272326 0.04502299498543501
0 0.5058554840865415 0.27770586738005737 0.045839758672817865 0.04663095909205772
0 0.40614638542326864 0.30561557020390906 0.045839758672817865 0.04663095909205772
0 0.3388497974219959 0.2981955267886843 0.04424089600572696 0.04346049498543501
0 0.32627597740290587 0.1578887755350431 0.044259077339272326 0.04502299498543501
0 0.35189304805854277 0.07586588572245745 0.0442590773392725 0.04502299498543501
0 0.32585999610117716 0.3907922037482884 0.0458215773392725 0.04506845909205772
0 0.20859977076699537 0.38795201174498944 0.045839758672817865 0.04663095909205772
0 0.375932721435359 0.39558735233636266 0.045839758672817865 0.04663095909205772
0 0.33781455609481376 0.34355349089530696 0.04582157733927232 0.04506845909205772
0 0.4513316160884505 0.2933596111118513 0.044259077339272326 0.04502299498543501
0 0.2685383921069041 0.43466187569332765 0.04585794000636341 0.048193459092057724
0 0.3663929947485417 0.24737717286947608 0.04424089600572696 0.04346049498543501
0 0.0140625 0.05078125 0.028125 0.0453125
0 0.08643168006045174 0.09765728384831326 0.0458215773392725 0.04506845909205772
0 0.04319075739972424 0.14268027883374837 0.0458215773392725 0.04506845909205772
0 0.05285556405154308 0.03298703008738957 0.04580339600572696 0.04350595909205772
0 0.51640625 0.21171875 0.0265625 0.0453125
0 0.5032941054264504 0.32623429559330275 0.045839758672817865 0.04663095909205772
0 0.16791803739654254 0.11560565030393377 0.0442590773392725 0.04502299498543501
0 0.43783054805854277 0.07336535985820998 0.04424089600572696 0.04346049498543501
0 0.22542145472627 0.08736097835889467 0.044259077339272326 0.04502299498543501
0 0.4129236440960865 0.3507462137774183 0.0442590773392725 0.04502299498543501
0 0.044373638765086376 0.378663242940371 0.04740225867281787 0.04667642319868044
0 0.48031113876508635 0.36597875719264295 0.045839758672817865 0.04663095909205772
0 0.425932721435359 0.3941325009244368 0.04582157733927232 0.04506845909205772
0 0.5109375 0.421875 0.0375 0.046875
0 0.3232440734404497 0.4346331319615338 0.045839758672817865 0.04663095909205772
0 0.5966248400699967 0.2760597655059132 0.03159544533736351 0.030596782132453627
0 0.6877963747612684 0.4547183114284204 0.030051126670908878 0.03211381802583091
0 0.7094713800922685 0.4368943139357029 0.030032945337363514 0.030551318025830908
0 0.72109375 0.4734375 0.0296875 0.03125
0 0.7153930214035422 0.2741669934025895 0.03159544533736351 0.030596782132453627
0 0.7256952694143599 0.35358170876285333 0.030032945337363514 0.030551318025830908
0 0.7269305054105419 0.3254112446562306 0.031577264003817974 0.029034282132453626
0 0.7949350707351787 0.2593483239648327 0.03159544533736351 0.030596782132453627
0 0.6826907040897231 0.41891720374828834 0.030032945337363514 0.030551318025830908
0 0.7259861707510871 0.37858170876285335 0.028470445337363516 0.03050585391920819
0 0.5834532254137235 0.3530314424655174 0.03315794533736351 0.030642246239076344
0 0.7480429840865415 0.39357021127013586 0.03159544533736351 0.030596782132453627
0 0.635941878739633 0.29679816284034616 0.03159544533736351 0.030596782132453627
0 0.7484375 0.48359375 0.03125 0.0109375
0 0.8268577800763601 0.3162515418323791 0.03159544533736351 0.030596782132453627
0 0.79453125 0.47421875 0.0328125 0.0296875
0 0.5714077587523597 0.39245765531849874 0.031613626670909056 0.03215928213245363
0 0.7969168360916321 0.4296608239648327 0.031613626670908876 0.03215928213245363
0 0.7780748347389966 0.2879734291376822 0.030014764003817973 0.02898881802583091
0 0.090625 0.996875 0.03125 0.00625
0 0.221875 0.99296875 0.03125 0.0140625
0 0.07693050541054189 0.9768660960681566 0.030014764003817973 0.02898881802583091
0 0.00625 0.9875 0.0125 0.025
0 0.18125437873963302 0.9425700009244368 0.030014764003817973 0.02898881802583091
0 0.1425555054105419 0.9749566035900038 0.030014764003817973 0.02898881802583091
0 0.21246801607254212 0.9385357187919832 0.030014764003817973 0.02898881802583091
0 0.34424527474536004 0.980029233835678 0.03159544533736351 0.030596782132453627
0 0.0916100760661788 0.8951614550019297 0.030014764003817973 0.02898881802583091
0 0.9180816693984516 0.6901891470052286 0.052053396005727136 0.04368781551854859
0 0.6472248240769964 0.7855999015575751 0.05054544000636341 0.048329851411925875
0 0.73948395472627 0.6547470551602143 0.05813976400381797 0.029807171945039103
0 0.752311218730088 0.6825083423072328 0.056649989337999786 0.03601170783841656
0 0.6981873400699967 0.7325370860390266 0.05819430800445424 0.03449467194503928
0 0.6599077320973592 0.9352816528112162 0.059793170671545326 0.037665136051661816
0 0.7637577960693605 0.725940093560874 0.03504770934118149 0.05881271034569906
0 0.7988771360598154 0.6545819191085523 0.05361589600572714 0.04373327962517113
0 0.7539122707669954 0.9544288064138554 0.03353975334181776 0.06345474623907635
0 0.7774577640833599 0.8287013807078925 0.04743862133990895 0.04980142319868044
0 0.6911384560789054 0.79838940657214 0.05363407733927232 0.04529577962517113
0 0.6900293947326334 0.7030769065721401 0.06128294533736352 0.03146060015828454
0 0.7392486920750875 0.768855019266837 0.03815452800763595 0.057341138558944495
0 0.9313089227402693 0.7523254341522471 0.044331802673454136 0.05127299498543501
0 0.7594895614258139 0.8964344499873647 0.03348520934118149 0.058767246239076344
0 0.6495145774188142 0.8480544374509524 0.05674089600572696 0.04382420783841656
0 0.8559260200509067 0.5872747471635131 0.048982940006363405 0.048284387305303156
0 0.8974782680617246 0.6657801803913234 0.05817612667090888 0.0329321719450391
0 0.9114509560789055 0.791978967538342 0.04122498400699968 0.05274456677218957
0 0.695897586728179 0.6700825501456492 0.05817612667090888 0.0329321719450391
0 0.8261861654200869 0.8522919934025894 0.047420440006363404 0.048238923198680436
0 0.7422998720559975 0.6280936269469688 0.05817612667090888 0.03293217194503919
0 0.7601953493793616 0.5541105576674967 0.0520352146721816 0.0421253155185485
0 0.7897930373965425 0.6798547037482885 0.047420440006363404 0.048238923198680436
0 0.7323623454009969 0.7143493756933277 0.03501134667409058 0.05568771034569906
0 0.8407395614258139 0.8940703164429852 0.05666817067154532 0.037574207838416564
0 0.8767123294079966 0.7617291778840409 0.03036020934118149 0.05867631802583091
0 0.8009112560470888 0.5607409908953069 0.05663180800445424 0.03444920783841656
0 0.6686463854232686 0.8803213681714801 0.058230670671545325 0.0376196719450391
0 0.8021486814130873 0.8014114550019297 0.03350339067472685 0.060329746239076346
0 0.8599430000795418 0.7981667830568904 0.03501134667409058 0.05568771034569906
0 0.7225895454328136 0.949088088546309 0.04126134667409058 0.05586956677218957
0 0.841373718730088 0.67991688822974 0.0565227200031817 0.025074207838416563
0 0.8651213960852688 0.8402178907370225 0.05661362667090888 0.032886707838416386
0 0.8249680160725422 0.7476044934025895 0.03661020934118149 0.058858174452321776
0 0.8745680267345424 0.7117746419906636 0.03036020934118149 0.05867631802583091
0 0.7027668467536323 0.8574461578257813 0.05819430800445424 0.0344946719450391
0 0.7480611654200869 0.8545651987337235 0.03657384667409058 0.055733174452321774
0 0.791974797421996 0.8673547037482884 0.05514203333863606 0.04065374373179385
0 0.9339612080680878 0.7116095059390017 0.053579533338636055 0.04060827962517131
0 0.7922089653882702 0.618826275535043 0.05506930800445424 0.03440374373179385
0 0.8338521200668151 0.7051442087628533 0.05659544533736351 0.031324207838416565
0 0.966864614735815 0.7184672596999254 0.04122498400699968 0.05274456677218975
0 0.97265625 0.76171875 0.0546875 0.0390625
0 0.8017861494270866 0.9045819191085525 0.052089758672817864 0.04681281551854841
0 0.73203125 0.984375 0.0328125 0.03125
0 0.79609375 0.9890625 0.0359375 0.021875
0 0.8318725440801782 0.8036726369760988 0.03036020934118149 0.05867631802583091
0 0.9565441853914518 0.6374900443396616 0.045912484006999675 0.05288095909205772
0 0.7251145614258139 0.8974346603330637 0.03975339067472703 0.06051160266556703
0 0.6548566054264502 0.9041680451310844 0.05817612667090888 0.0329321719450391
0 0.8960804947485418 0.8143086086045688 0.03968066534054522 0.05426160266556703
0 0.8342873773869975 0.6082237446562306 0.04278748400699968 0.05279003087881238
0 0.8834543200986318 0.9381552855641729 0.03661020934118149 0.058858174452321596
0 0.6987884187619047 0.9185200501456492 0.03353975334181776 0.06345474623907635
0 0.8488793254296318 0.921967995909872 0.05823067067154515 0.0376196719450391
0 0.9034373667249973 0.6405983239648327 0.054942038669636165 0.023466243731793845
0 0.6528748400699967 0.7338555451310844 0.03504770934118149 0.05881271034569906
0 0.7722430054105419 0.7835252730277606 0.03506589067472685 0.06037521034569906
0 0.8001680107415421 0.7655194191085524 0.048982940006363405 0.048284387305303156
0 0.6001861920750875 0.7729013247562555 0.03194089067472694 0.060284282132453626
0 0.7822009027689043 0.9676729524946472 0.03197725334181776 0.06340928213245363
0 0.9415748080839961 0.8286151495125111 0.05666817067154532 0.037574207838416564
0 0.581655462762541 0.9266173581423504 0.05370680267345422 0.051545779625171304
0 0.76015625 0.990625 0.0328125 0.01875
0 0.8938100174251776 0.8878370368178142 0.05361589600572696 0.04373327962517113
0 0.7044907893857248 0.6026222655059132 0.059756808004454244 0.03454013605166191
0 0.68515625 0.98984375 0.0609375 0.0203125
0 0.7366873134149963 0.8173834474800822 0.038172709341181485 0.058903638558944496
0 0.9491316747294517 0.672092364872775 0.04745680267345413 0.05136392319868044
0 0.7481317013844522 0.5919742705204781 0.05517839600572696 0.04377874373179384
0 0.565539566756814 0.8848844992085771 0.0645352146721816 0.04248902837152997
0 0.8234375 0.96953125 0.03125 0.0609375
0 0.8331794107256336 0.6473317087628534 0.04892839600572696 0.04359688730530316
0 0.7871578387173612 0.587712667854911 0.05512385200509069 0.039091243731793845
0 0.9294020720878141 0.8571038623654925 0.05666817067154532 0.037574207838416564
0 0.7926656880967229 0.9267297037482883 0.0551965773392725 0.045341243731793844
0 0.5821452640833599 0.8343843940357278 0.06133748933799978 0.036148100158284534
0 0.7085441320814507 0.8166393013992905 0.04903748400699968 0.05297188730530315
0 0.6248225654041786 0.7409238990502927 0.03194089067472685 0.060284282132453626
0 0.6092168414226322 0.8773615042231422 0.03201361600890866 0.06653428213245363
0 0.8794747974219959 0.8648087137774183 0.05817612667090888 0.0329321719450391
0 0.9031646467218156 0.6171608239648327 0.05659544533736351 0.031324207838416565
0 0.6861407787237246 0.6375428347853853 0.05663180800445424 0.03444920783841656
0 0.6954077854073603 0.762315514252272 0.05817612667090906 0.0329321719450391
0 0.9236611494270865 0.9010357187919832 0.045912484006999675 0.05288095909205772
0 0.6414111760820871 0.8232817579840658 0.0551965773392725 0.045341243731793844
0 0.60234375 0.98828125 0.0453125 0.0234375
0 0.98515625 0.684375 0.0296875 0.059375
0 0.9055293147676317 0.9547062880714554 0.028834072008272392 0.061755853919208195
0 0.5390625 0.93359375 0.01875 0.0640625
0 0.7211328493793615 0.5552471603330638 0.05212612133990877 0.0499378155185485
0 0.64140625 0.98203125 0.0328125 0.0359375
0 0.57265625 0.98046875 0.0421875 0.0390625
0 0.6491316747294517 0.6808214733443296 0.039735209341181486 0.058949102665566855
0 0.7918282520687241 0.7204342396416659 0.03504770934118149 0.05881271034569906
0 0.6177747760979955 0.9411966836900287 0.027380660009544932 0.07108538981258547
0 0.9629225494111783 0.7826661520197935 0.0598477146721816 0.04235263605166182
0 0.8530566534054513 0.7436611394833812 0.02256589067472703 0.0600114974927175
0 0.864320322724361 0.6370474266303997 0.020985209341181487 0.05840353338609479
0 0.9875 0.7265625 0.025 0.04375
0 0.88046875 0.98125 0.0234375 0.0375
0 0.6728259027689043 0.9708554399582349 0.05977498933799978 0.03610263605166182
0 0.8983327907383604 0.7392176803913234 0.03036020934118149 0.05867631802583091
0 0.8546875 0.96875 0.03125 0.0625
0 0.9600520880808144 0.8046320802330389 0.05514203333863606 0.04065374373179385