0 0.36875 0.7953125 0.04375 0.0453125
0 0.3609375 0.5984375 0.0421875 0.0421875
0 0.4390625 0.4 0.0390625 0.040625
0 0.428125 0.8015625 0.0421875 0.0453125
0 0.5296875 0.4734375 0.0390625 0.0390625
0 0.3859375 0.5296875 0.0390625 0.0390625
0 0.5875 0.675 0.0421875 0.04375
0 0.275 0.5484375 0.0421875 0.0390625
0 0.525 0.546875 0.0375 0.0375
0 0.4140625 0.4890625 0.0390625 0.0390625
0 0.571875 0.5453125 0.0390625 0.0390625
0 0.621875 0.596875 0.040625 0.040625
0 0.528125 0.6296875 0.03125 0.0328125
0 0.55 0.5953125 0.0390625 0.0390625