0 0.49765625 0.40859375 0.0234375 0.0421875
0 0.39876746580010086 0.731503037378279 0.04357503737886681 0.04360615626060227
0 0.396308009383154 0.4306845818433162 0.04179401609154336 0.04042659255827132
0 0.3444077477310861 0.7249058077966991 0.04513753737886681 0.04366071996293304
0 0.36679547200428714 0.47194449890369167 0.04179401609154336 0.04042659255827132
0 0.49453125 0.56484375 0.0296875 0.0421875
0 0.26515656234936114 0.4918899219545169 0.04179401609154336 0.04042659255827132
0 0.49453125 0.48359375 0.0296875 0.0390625
0 0.3417847643268326 0.5384226707733906 0.04179401609154336 0.04042659255827132
0 0.42265625 0.35546875 0.0421875 0.0109375
0 0.5643810301662744 0.7896478979927177 0.05752827673520518 0.04253472958157989
0 0.5952375462578178 0.7515675446346732 0.05898151609154336 0.04102679328391083
0 0.53203125 0.846875 0.0453125 0.046875
0 0.52109375 0.79375 0.0234375 0.05625
0 0.5458602591310525 0.718516942457755 0.04891810124083733 0.05314484736759475
0 0.557858242535306 0.9053274616950485 0.060981058666190434 0.0473313569862416
0 0.515625 0.73515625 0.0125 0.0546875
0 0.5392603338887861 0.6337054328391082 0.04255884059717552 0.051364092558271415
0 0.6026565623493612 0.7126687357416658 0.05182457995351371 0.05012897477225646
0 0.585961099224025 0.8170288535276807 0.04612088317182241 0.05772321996293304
0 0.569745509383154 0.6457342068857252 0.047246340597175515 0.05152778366526398
0 0.6122508115930565 0.9338542549789594 0.043323665102807496 0.06230159255827132