0 0.65 0.6359375 0.0234375 0.0234375
0 0.621875 0.665625 0.0234375 0.0234375
0 0.671875 0.6265625 0.021875 0.021875
0 0.675 0.5359375 0.0234375 0.021875
0 0.7109375 0.534375 0.021875 0.021875
0 0.6640625 0.5765625 0.021875 0.021875
0 0.66875 0.6515625 0.021875 0.021875
0 0.6203125 0.6328125 0.0234375 0.0234375
0 0.6046875 0.5546875 0.0234375 0.021875
0 0.634375 0.7125 0.025 0.0234375
0 0.565625 0.5875 0.0234375 0.0234375
0 0.64375 0.6609375 0.021875 0.0234375
0 0.6234375 0.690625 0.0234375 0.0234375
0 0.696875 0.596875 0.021875 0.021875
0 0.5859375 0.615625 0.0234375 0.021875
0 0.70625 0.5765625 0.0234375 0.021875
0 0.6609375 0.6046875 0.021875 0.021875
0 0.5859375 0.7 0.0234375 0.0234375
0 0.69375 0.621875 0.021875 0.021875
0 0.6859375 0.5625 0.021875 0.021875
0 0.603125 0.678125 0.0234375 0.0234375
0 0.73125 0.665625 0.021875 0.021875
0 0.725 0.5640625 0.0234375 0.021875
0 0.64375 0.5859375 0.021875 0.021875
0 0.703125 0.6953125 0.025 0.0234375
0 0.7078125 0.6578125 0.0234375 0.0234375
0 0.721875 0.603125 0.021875 0.021875
0 0.640625 0.6140625 0.021875 0.021875