0 0.7176665057498759 0.058040721293906916 0.04575878121376711 0.045469008897248565
0 0.5478963975647073 0.15372458889812363 0.04732128121376702 0.04553267589344294
0 0.5321443675588884 0.3085394228905124 0.04888378121376693 0.04559634288963732
0 0.795728377560828 0.24640820152224338 0.04550368969849785 0.04234400889724856
0 0.7326859857459965 0.16021071635099102 0.045631235456132305 0.043906508897248564
0 0.7603647045322296 0.2026873764271032 0.04394118969849785 0.04228034190105419
0 0.6668058942307274 0.16600973019115547 0.045631235456132305 0.043906508897248564
0 0.6593121296868599 0.12426789916451622 0.04719373545613248 0.043970175893442945
0 0.6343762893795388 0.2389670691264601 0.04888378121376711 0.04559634288963732
0 0.717794567259326 0.20909388532435175 0.04563123545613248 0.043906508897248564
0 0.0125 0.36953125 0.025 0.0390625
0 0.0859375 0.36953125 0.04375 0.0390625
0 0.0171875 0.46953125 0.034375 0.0421875
0 0.9574306363548196 0.38663797619964174 0.05226387272903636 0.04884867688202612
0 0.9036359566582615 0.37792882106644543 0.04913887272903601 0.048721342889637365
0 0.6250327245361088 0.41419787939285274 0.04575878121376711 0.045469008897248565
0 0.8600135024158959 0.37814899695988835 0.050828918486670635 0.05034750988583174
0 0.662883410900627 0.38929603848038175 0.04732128121376693 0.04553267589344294
0 0.5316014599922413 0.37595773315690495 0.047448826971401556 0.04709517589344299
0 0.7361933651429924 0.3878661896592453 0.04419628121376693 0.045405341901054184
0 0.47734375 0.63515625 0.0171875 0.0453125