0 0.7029225838321121 0.1793880372552259 0.023532588382282428 0.023149073663405774
0 0.6181690755337425 0.2000183266471776 0.02509508838228234 0.023240078925077866
0 0.7640502605966768 0.21977084257336754 0.023532588382282428 0.02314907366340595
0 0.667885655617655 0.23478816879702222 0.023532588382282428 0.023149073663405774
0 0.8133650215943389 0.29066019524655573 0.025095088382282426 0.023240078925077866
0 0.6183788726246686 0.6685121794615403 0.06086756763635801 0.06421368942018653
0 0.5922666585174399 0.6967127741716335 0.06086756763635783 0.06421368942018653
0 0.6613467000092887 0.6142195216113848 0.07097627344521662 0.053913226251889504
0 0.60546875 0.5921875 0.0515625 0.065625
0 0.4562089141165174 0.5994877056287251 0.05208456348717298 0.07148015785015556
0 0.509375 0.5703125 0.071875 0.021875
0 0.6891416585174399 0.6910704479479788 0.05172936597668389 0.06679265785015538
0 0.5274937634964618 0.6910689899001794 0.07218357593472771 0.04931673151356133
0 0.5247975838321122 0.8418880372552259 0.07000576929603194 0.061634720990217676
0 0.428125 0.6578125 0.01875 0.059375
0 0.6686193614265138 0.8758850637047596 0.07073947510489073 0.05078822625188941
0 0.6810224278134719 0.7496109900413537 0.0682064709557059 0.058418715728545935
0 0.5714824070675475 0.7952258688817267 0.06941377344521679 0.053822220990217676
0 0.6838406971095038 0.8075144953030255 0.06555506763635784 0.0644867052052021
0 0.43046875 0.953125 0.0234375 0.075
0 0.5980933738740685 0.8564517952183209 0.05797936597668389 0.06715667889684288
0 0.6286581348717306 0.9284332110315713 0.06122276514684692 0.06890118942018653
0 0.5465560298927087 0.9426314899001793 0.07386447510489073 0.05097023677523325
0 0.66171875 0.9890625 0.0765625 0.021875
0 0.7078125 0.56953125 0.053125 0.0203125