0 0.5453125 0.565625 0.03125 0.053125
0 0.5125 0.5703125 0.0390625 0.053125
0 0.3984375 0.4828125 0.0546875 0.0421875
0 0.56875 0.521875 0.03125 0.05625
0 0.3640625 0.509375 0.05625 0.0328125
0 0.3546875 0.5828125 0.0578125 0.0328125
0 0.3046875 0.596875 0.053125 0.040625
0 0.5078125 0.5203125 0.0375 0.0515625
0 0.440625 0.5671875 0.0515625 0.0453125
0 0.5015625 0.596875 0.040625 0.0484375
0 0.3453125 0.459375 0.053125 0.034375
0 0.46875 0.825 0.0375 0.0453125
0 0.415625 0.5171875 0.05625 0.0328125
0 0.4984375 0.859375 0.0359375 0.04375
0 0.534375 0.53125 0.040625 0.053125
0 0.534375 0.8796875 0.0390625 0.0390625
0 0.3875 0.5375 0.059375 0.03125
0 0.590625 0.55625 0.0578125 0.028125
0 0.2671875 0.4859375 0.0328125 0.0578125
0 0.46875 0.8609375 0.0390625 0.04375
0 0.5953125 0.734375 0.025 0.0515625
0 0.4390625 0.49375 0.0375 0.0546875
0 0.471875 0.7890625 0.03125 0.0515625
0 0.534375 0.8453125 0.040625 0.040625
0 0.525 0.8078125 0.0296875 0.0515625
0 0.534375 0.7734375 0.034375 0.0484375
0 0.471875 0.590625 0.0375 0.053125
0 0.34375 0.6671875 0.059375 0.0375
0 0.3328125 0.64375 0.05625 0.034375
0 0.34375 0.7484375 0.0390625 0.046875
0 0.5421875 0.6078125 0.05 0.0390625
0 0.4984375 0.7890625 0.0328125 0.05
0 0.453125 0.7453125 0.03125 0.05
0 0.428125 0.71875 0.0296875 0.0515625
0 0.55625 0.8578125 0.028125 0.0421875
0 0.5765625 0.8796875 0.04375 0.0359375
0 0.4515625 0.6046875 0.0484375 0.0421875
0 0.384375 0.65625 0.03125 0.0546875
0 0.315625 0.70625 0.0359375 0.0515625
0 0.48125 0.65 0.0375 0.05
0 0.4984375 0.8234375 0.0375 0.04375
0 0.5625 0.8171875 0.0546875 0.0296875
0 0.5734375 0.7984375 0.0515625 0.0328125
0 0.5984375 0.46875 0.0453125 0.05
0 0.309375 0.625 0.0515625 0.040625
0 0.3875 0.6125 0.046875 0.0453125
0 0.590625 0.76875 0.0328125 0.0515625
0 0.4453125 0.871875 0.0421875 0.0375
0 0.5859375 0.84375 0.034375 0.0484375
0 0.5859375 0.58125 0.0546875 0.0234375
0 0.5609375 0.7640625 0.040625 0.0453125
0 0.5421875 0.675 0.0453125 0.04375
0 0.540625 0.634375 0.0484375 0.040625
0 0.5203125 0.665625 0.0515625 0.034375
0 0.4125 0.7828125 0.040625 0.0453125
0 0.571875 0.7296875 0.0296875 0.0515625
0 0.390625 0.5640625 0.0578125 0.0328125
0 0.5984375 0.5171875 0.0375 0.053125
0 0.41875 0.6546875 0.0453125 0.0453125
0 0.453125 0.659375 0.04375 0.04375
0 0.4125 0.825 0.05 0.034375
0 0.5875 0.6 0.0546875 0.0234375
0 0.5734375 0.484375 0.05 0.046875
0 0.403125 0.6953125 0.021875 0.05625
0 0.425 0.7578125 0.0484375 0.0390625
0 0.4921875 0.734375 0.05625 0.028125
0 0.3578125 0.696875 0.0390625 0.05
0 0.3703125 0.7875 0.059375 0.0296875
0 0.3734375 0.7640625 0.0546875 0.0328125
0 0.4796875 0.5515625 0.034375 0.0546875
0 0.5203125 0.7125 0.053125 0.028125
0 0.525 0.459375 0.0546875 0.0328125
0 0.375 0.8703125 0.0296875 0.05
0 0.409375 0.596875 0.0484375 0.04375
0 0.5375 0.734375 0.0453125 0.04375
0 0.2671875 0.621875 0.021875 0.0546875
0 0.4 0.8546875 0.0453125 0.04375
0 0.4921875 0.8875 0.053125 0.0265625
0 0.5625 0.6890625 0.0390625 0.046875
0 0.29375 0.803125 0.0453125 0.04375
0 0.4640625 0.4609375 0.0578125 0.034375
0 0.325 0.784375 0.0390625 0.05
0 0.4921875 0.6890625 0.053125 0.03125
0 0.46875 0.709375 0.0546875 0.028125
0 0.34375 0.871875 0.0203125 0.05
0 0.309375 0.50625 0.0578125 0.0265625
0 0.5296875 0.4890625 0.05625 0.034375
0 0.3546875 0.6171875 0.0484375 0.0453125
0 0.284375 0.7640625 0.0484375 0.0421875
0 0.321875 0.540625 0.05625 0.0390625
0 0.378125 0.7078125 0.03125 0.0515625
0 0.303125 0.465625 0.040625 0.0515625
0 0.3234375 0.734375 0.0359375 0.05
0 0.296875 0.6640625 0.046875 0.0484375
0 0.390625 0.7359375 0.05 0.034375
0 0.3859375 0.80625 0.053125 0.0328125
0 0.4421875 0.6875 0.053125 0.0296875
0 0.3234375 0.8265625 0.053125 0.0328125
0 0.475 0.4828125 0.0546875 0.040625
0 0.3578125 0.8203125 0.0421875 0.046875
0 0.275 0.6796875 0.0484375 0.0484375
0 0.278125 0.5703125 0.0515625 0.0453125
0 0.59375 0.6890625 0.03125 0.05
0 0.584375 0.6265625 0.05625 0.0296875
0 0.44375 0.79375 0.0296875 0.0484375
0 0.4796875 0.5046875 0.0484375 0.0453125
0 0.4375 0.628125 0.053125 0.0296875
0 0.34375 0.484375 0.0578125 0.025
0 0.4109375 0.8875 0.053125 0.025
0 0.2734375 0.7125 0.04375 0.0484375
0 0.4921875 0.7546875 0.0546875 0.025
0 0.409375 0.4578125 0.059375 0.028125
0 0.4328125 0.840625 0.046875 0.0359375
0 0.2765625 0.534375 0.0546875 0.040625
0 0.4359375 0.5421875 0.05 0.040625
0 0.584375 0.653125 0.053125 0.03125
0 0.2875 0.846875 0.0515625 0.040625
0 0.33125 0.5640625 0.0578125 0.0328125
0 0.503125 0.6328125 0.046875 0.04375