0 0.0888009631100796 0.41573846674090564 0.028288626463433175 0.02845226400381797
0 0.571875 0.02421875 0.096875 0.0484375
0 0.44296875 0.071875 0.0265625 0.084375
0 0.5013827763417961 0.07540327339272448 0.09899201190385654 0.09645792401336309
0 0.6139191377781146 0.08296232940799655 0.10987496974937905 0.08721019334818117
0 0.6360304871141846 0.1238418680776328 0.10984769867214013 0.08252269334818116
0 0.45859375 0.23359375 0.0578125 0.0984375
0 0.525 0.03984375 0.096875 0.0796875
0 0.6463145230221464 0.28020095607890544 0.07250223477649378 0.10864884134309047
0 0.4910088786047324 0.1721510040579064 0.10363406010845858 0.08869996801399935
0 0.46015625 0.31875 0.0609375 0.075
0 0.7941066075274936 0.17099068276572266 0.06471700585373252 0.1132454346753633
0 0.4515625 0.1421875 0.04375 0.059375
0 0.7362486557320955 0.16250547342454125 0.06939541549465282 0.11173747867599956
0 0.80546875 0.046875 0.0765625 0.09375
0 0.45546875 0.396875 0.0515625 0.08125
0 0.6301713725546082 0.19095664274345098 0.10051815046753827 0.09022610534690845
0 0.8032008481577197 0.39139408943344983 0.0646988251355733 0.1101204346753633
0 0.7822883844584648 0.2880327320973592 0.1067136083130606 0.08092383068109008
0 0.27874418617910823 0.8072009027689043 0.12709883118569748 0.09366018801718105
0 0.24921875 0.9453125 0.1140625 0.109375
0 0.61640625 0.98359375 0.0328125 0.0328125
0 0.6013645956236369 0.9534373667249973 0.04246930113146803 0.04892839600572696
0 0.65546875 0.98515625 0.0484375 0.0296875
0 0.7105032462875668 0.9140850600731785 0.048673849336070066 0.04118862133990877
0 0.552854372751 0.9403737453850886 0.05801248789975162 0.03504770934118149
0 0.7060066438282389 0.9468430160725422 0.040906801131468204 0.048910214672181596
0 0.6685702763417961 0.9573441640674515 0.03312157220870695 0.053506808004454245
0 0.70546875 0.98203125 0.0421875 0.0359375
0 0.8200873245463981 0.9512952534213597 0.03465680113146803 0.048837489337999786
0 0.84921875 0.98203125 0.0453125 0.0359375
0 0.6371657402374427 0.9304180373965426 0.03468407220870695 0.05352498933799978
0 0.5728214391059745 0.8812351027211793 0.03624657220870695 0.05354317067154533
0 0.7747657341873184 0.9492054947485418 0.05175339754067192 0.03341248400699968
0 0.7467770895735126 0.9723157307447238 0.0517533975406721 0.03341248400699968
0 0.80703125 0.98828125 0.0390625 0.0234375
0 0.7753828368430382 0.7867236760820872 0.047129530054229284 0.04429544000636332
0 0.8858214088553534 0.9708088694302683 0.05019089754067192 0.03339430267345413
0 0.6679248608471433 0.8464066640674515 0.03936248184962743 0.052017033338636054
0 0.6260100716195318 0.8927907680617244 0.04401362041330899 0.04582157733927232
0 0.761965752337691 0.8974975440801781 0.0517533975406721 0.03341248400699968
0 0.6164441740788599 0.8598691800604519 0.05331589754067192 0.033430665340545215
0 0.7226759933607007 0.8579805107415421 0.04710225897699054 0.039607940006363404