0 0.02109375 0.0375 0.0421875 0.075
0 0.1985553133165457 0.058865346156621 0.07375687418757337 0.11116013192686935
0 0.021875 0.11015625 0.04375 0.0796875
0 0.015625 0.1890625 0.03125 0.084375
0 0.35289616559002185 0.1609628854460352 0.06597164772652384 0.11235875889134021
0 0.33438371916074433 0.05878395533841143 0.10764095048646745 0.08463617328319835
0 0.7988201404262185 0.25677211497275876 0.11769778896022584 0.12413532092583353
0 0.9546875 0.328125 0.090625 0.08125
0 0.5323302954596383 0.9684500537668349 0.05246252678536116 0.05396406203449331
0 0.5303701493546722 0.8124183775881525 0.05405230032431163 0.055599336641599176
0 0.5294191241908688 0.59857420140947 0.05402502678536116 0.054036836641599174
0 0.523788507306896 0.4739380744449993 0.05087275324641087 0.052328787427387446
0 0.5295634001654511 0.6797514268023642 0.05402502678536116 0.054036836641599174
0 0.5303349675358912 0.7249911521952583 0.05399775324641087 0.05247433664159917
0 0.51796875 0.3875 0.0515625 0.0375
0 0.5324314813356089 0.8732103283739407 0.05561480032431163 0.05567211124870504
0 0.5293214870143566 0.4252822506236818 0.05084547970746058 0.050766287427387445
0 0.5308646217552367 0.5157617014094701 0.05402502678536116 0.054036836641599174
0 0.99375 0.76796875 0.0125 0.0203125
0 0.9921875 0.7921875 0.015625 0.01875
0 0.9582065974055075 0.7428807812266436 0.01907728246740419 0.01962329528527036
0 0.99765625 0.82109375 0.0046875 0.0203125
0 0.9736134090939048 0.754653035155585 0.019077282467404012 0.01962329528527036
0 0.9864134180223585 0.7368833382987382 0.01907728246740419 0.01962329528527036
0 0.9953125 0.74921875 0.009375 0.0203125
0 0.9710611534118619 0.7219860843697967 0.017514782467404188 0.01955052067816441
0 0.949349794645564 0.7136299288692788 0.01907728246740419 0.01962329528527027