0 0.5234375 0.584375 0.0359375 0.05625
0 0.3515625 0.809375 0.0421875 0.05625
0 0.44375 0.5796875 0.0453125 0.0546875
0 0.440625 0.88125 0.0515625 0.046875
0 0.546875 0.8359375 0.0515625 0.0421875
0 0.696875 0.5640625 0.0375 0.05625
0 0.690625 0.3625 0.0375 0.0625
0 0.653125 0.65 0.034375 0.059375
0 0.578125 0.803125 0.0421875 0.0546875
0 0.5125 0.6625 0.040625 0.053125
0 0.28125 0.5875 0.05 0.0546875
0 0.428125 0.775 0.059375 0.0390625
0 0.609375 0.4578125 0.0546875 0.0453125
0 0.3828125 0.8390625 0.0296875 0.059375
0 0.5 0.8578125 0.040625 0.0546875
0 0.690625 0.6578125 0.0390625 0.05625
0 0.671875 0.903125 0.05 0.05
0 0.3671875 0.7203125 0.0421875 0.059375
0 0.6484375 0.3921875 0.0609375 0.0390625
0 0.4765625 0.478125 0.0625 0.0375
0 0.65 0.7875 0.0546875 0.0375
0 0.3671875 0.771875 0.053125 0.0453125
0 0.6421875 0.7390625 0.034375 0.059375
0 0.4453125 0.66875 0.04375 0.0546875
0 0.2765625 0.65625 0.046875 0.0578125
0 0.5015625 0.7078125 0.0375 0.05625
0 0.3171875 0.7609375 0.0390625 0.0578125
0 0.475 0.6453125 0.0359375 0.0578125
0 0.44375 0.80625 0.0609375 0.0359375
0 0.5984375 0.7171875 0.046875 0.0546875
0 0.6296875 0.690625 0.0546875 0.0390625
0 0.6140625 0.6328125 0.0453125 0.05
0 0.5734375 0.621875 0.034375 0.059375
0 0.471875 0.93125 0.034375 0.05625
0 0.5734375 0.5515625 0.0484375 0.0515625
0 0.5 0.7796875 0.0578125 0.0390625
0 0.2859375 0.709375 0.05625 0.0453125
0 0.58125 0.9375 0.059375 0.0328125
0 0.50625 0.8140625 0.0515625 0.040625
0 0.403125 0.6203125 0.0359375 0.05625
0 0.3734375 0.6671875 0.05625 0.04375
0 0.3296875 0.6296875 0.0640625 0.0390625
0 0.315625 0.68125 0.0515625 0.053125
0 0.61875 0.5625 0.0515625 0.0515625
0 0.54375 0.7265625 0.0515625 0.0515625
0 0.5953125 0.76875 0.05 0.0453125
0 0.6390625 0.5921875 0.05 0.053125
0 0.659375 0.484375 0.040625 0.0578125
0 0.659375 0.825 0.0546875 0.05
0 0.578125 0.6703125 0.05625 0.0359375
0 0.6890625 0.709375 0.0546875 0.0421875
0 0.6859375 0.6109375 0.059375 0.0359375
0 0.6859375 0.7421875 0.0546875 0.028125
0 0.584375 0.89375 0.0546875 0.05
0 0.2890625 0.3546875 0.0625 0.05625
0 0.4828125 0.75625 0.059375 0.0359375
0 0.425 0.7421875 0.0609375 0.0296875