0 0.49296875 0.53828125 0.1109375 0.0828125
0 0.5064714122583588 0.396875 0.11140889077317437 0.0984375
0 0.634375 0.53671875 0.10625 0.0859375
0 0.76953125 0.53984375 0.1078125 0.0796875
0 0.7841869764827101 0.4046875 0.10803822930778502 0.09375
0 0.6625244176854256 0.2515625 0.10663950361804453 0.096875
0 0.5223088534610744 0.24375 0.10984639077317437 0.0984375
0 0.648577025103229 0.3984375 0.10499511646291496 0.0953125
0 0.8028218690649067 0.2578125 0.10647572930778501 0.09375
0 0.30424052691225134 0.609375 0.050812227498762796 0.0453125
0 0.31083136363783975 0.6625 0.050812227498762796 0.0453125
0 0.29974337743264967 0.725 0.050894114653892555 0.046875
0 0.34529489484550424 0.690625 0.050894114653892555 0.046875
0 0.3600058480340075 0.6484375 0.050894114653892555 0.046875