0 0.2078125 0.01171875 0.071875 0.0234375
0 0.11954012174864621 0.0660702470304992 0.06071140340856669 0.07829013605166182
0 0.18184920697599383 0.05695131129540636 0.05755912986961622 0.07663670783841656
0 0.24140625 0.0375 0.0546875 0.075
0 0.22942541070887207 0.18795727038746418 0.06062958279171564 0.07360263605166181
0 0.28046875 0.0375 0.0515625 0.075
0 0.3505833904163326 0.23989550659741052 0.06375458279171564 0.07369356426490725
0 0.3130640251572128 0.14822483214508891 0.07746252678536117 0.05379024122451135
0 0.3293163165530707 0.18461697321131573 0.07748980032431163 0.05535274122451135
0 0.21128333684561013 0.13276966521461464 0.07732615909060954 0.04597774122451135
0 0.18740155194257407 0.1961047395086517 0.05292617694751698 0.0796253155185486
0 0.28961861687738216 0.236559906439126 0.06679776217486477 0.06909699247815268
0 0.24049137012379312 0.2851050550272003 0.06062958279171564 0.07360263605166181
0 0.3888549577867727 0.19571960926297755 0.03417617694751698 0.07907974623907635
0 0.443733372559425 0.2082483529947714 0.07433752678536117 0.05369931301126592
0 0.32265625 0.03671875 0.0453125 0.0734375
0 0.4866185275928448 0.07050431208682913 0.04196140340856651 0.07774456677218958
0 0.38201284820969583 0.07214571694310959 0.07143071509696383 0.06610838479802066
0 0.27156627191080196 0.09704276537289917 0.07579093262956 0.04749477711788863
0 0.4710947134688155 0.1653167069139796 0.08031479139585791 0.03825616943775678
0 0.14123566395528292 0.23536581630997128 0.08341251785690744 0.03678459765100186
0 0.7640625 0.359375 0.025 0.01875
0 0.49070246103647885 0.4264862244649569 0.044540932629559826 0.04658549498543509
0 0.5757592995102374 0.46800378622258165 0.04289661201270878 0.041852530878812286
0 0.4099161111986346 0.45068459092057755 0.04610343262956 0.04663095909205772
0 0.5015625 0.38359375 0.04375 0.0296875
0 0.4328125 0.384375 0.04375 0.03125
0 0.3109375 0.375 0.04375 0.0125
0 0.5359058668806774 0.4215546835570147 0.04292388555165907 0.04341503087881238
0 0.3110888733734993 0.514962388096726 0.04451365909060954 0.04502299498543501