0 0.1203125 0.17465111876683634 0.021875 0.023660640606883554
0 0.1 0.19349671361608536 0.021875 0.023660640606883377
0 0.0921875 0.09882194240425797 0.0234375 0.025350686364518003
0 0.0953125 0.22044185088898888 0.021875 0.023660640606883377
0 0.0375 0.14234854392146676 0.021875 0.023660640606883377
0 0.1515625 0.20335020361414563 0.0234375 0.023788186364518005
0 0.096875 0.14218930513135444 0.021875 0.023660640606883377
0 0.134375 0.19225320694812548 0.021875 0.023660640606883377
0 0.0328125 0.10991868119437029 0.021875 0.023660640606883377
0 0.5484375 0.19486699241395627 0.0328125 0.03392846091032524
0 0.8015625 0.18045457967716158 0.0296875 0.03211086939505616
0 0.9140625 0.354083785127475 0.0328125 0.03549096091032524
0 0.3640625 0.7256075830111415 0.0359375 0.04980855242559414
0 0.3390625 0.61015625 0.046875 0.0203125
0 0.42890625 0.840625 0.0203125 0.05
0 0.31875 0.668368909982543 0.053125 0.034024055759574165
0 0.29375 0.7704096421046955 0.028125 0.056983323637421535
0 0.309375 0.7160091845283503 0.05 0.03376896424430509
0 0.425 0.6859375 0.028125 0.04375
0 0.371875 0.7687198542229688 0.0265625 0.055293277879787085
0 0.39375 0.7278717136160853 0.0296875 0.05398586939505616
0 0.303125 0.6415193675588883 0.0484375 0.03989141848667046
0 0.3 0.60625 0.04375 0.0125
0 0.325 0.8084837269520048 0.0296875 0.05711086939505616
0 0.3875 0.6486943966466235 0.03125 0.05098841515269079
0 0.234375 0.7674438808948079 0.0375 0.05618609818322895
0 0.38125 0.8163920796771617 0.0265625 0.055293277879787085
0 0.4140625 0.6277761187668364 0.0421875 0.04563123545613248
0 0.196875 0.7158174790780368 0.034375 0.05436850666795969
0 0.228125 0.674204063925346 0.053125 0.035586555759574166
0 0.29375 0.6219721421046955 0.046875 0.04132637272903601
0 0.275 0.71881519119631 0.025 0.05672823212215263
0 0.24375 0.6323036063490007 0.053125 0.03246155575957417
0 0.42109375 0.70703125 0.0359375 0.0421875
0 0.3671875 0.6831649914958724 0.034375 0.051243506667959696
0 0.403125 0.8567939390702781 0.028125 0.05385832363742153
0 0.2609375 0.7777756030150208 0.040625 0.05175368969849785
0 0.3515625 0.61875 0.04375 0.0375
0 0.284375 0.8086749166505027 0.0484375 0.043016418486670635
0 0.3234375 0.7429862727096394 0.053125 0.03246155575957417
0 0.359375 0.8463027202840451 0.05 0.04001896424430527
0 0.30625 0.6897017760436193 0.0515625 0.032334010001939716
0 0.42890625 0.87578125 0.0203125 0.0359375
0 0.26875 0.6662003742268482 0.028125 0.05229582363742154
0 0.2421875 0.7089936521066352 0.04375 0.04732128121376711
0 0.37890625 0.61953125 0.0328125 0.0390625
0 0.3328125 0.7687834981638322 0.053125 0.034024055759574165
0 0.4265625 0.77421875 0.025 0.0515625
0 0.41796875 0.815625 0.0421875 0.0375
0 0.3984375 0.6790515763431817 0.028125 0.05229582363742154
0 0.4 0.7773615305855472 0.0265625 0.05216827787978708
0 0.4171875 0.7415835272515673 0.0296875 0.05398586939505616
0 0.40859375 0.60625 0.0296875 0.0125
0 0.353125 0.8061879033145832 0.028125 0.05542082363742153
0 0.3453125 0.7021381321027559 0.028125 0.056983323637421715
0 0.35 0.6486304948298522 0.05 0.03064396424430509
0 0.4203125 0.65546875 0.0375 0.0359375
0 0.43046875 0.61484375 0.0171875 0.0296875
0 0.54375 0.8536042636257836 0.028125 0.030420823637421535
0 0.6 0.8943251163509404 0.028125 0.030420823637421535
0 0.6640625 0.8984707402879245 0.028125 0.030420823637421535
0 0.559375 0.9163913060494384 0.028125 0.031983323637421714
0 0.7390625 0.9189110439214667 0.0265625 0.030293277879787084