0 0.00859375 0.43046875 0.0171875 0.0171875
0 0.00390625 0.36328125 0.0078125 0.0203125
0 0.06698508383211213 0.38916338730151806 0.03723989087179334 0.018651840912470873
0 0.05254407553374243 0.405425057263462 0.037358290041956364 0.02021434091247105
0 0.04035080623771048 0.347930892244434 0.025923882573423464 0.033767504942915846
0 0.10078125 0.42578125 0.0328125 0.0265625
0 0.06606120125868867 0.35628722030532367 0.0199106809137497 0.03663783695813834
0 0.048233238601352556 0.2864840562748789 0.03181868506293437 0.029334672927693362
0 0.01558760457803654 0.3520745641835442 0.030374584233097402 0.030833505931498983
0 0.03635039047080788 0.37787306022921163 0.03458848755244546 0.024774506920082116
0 0.01622622200461308 0.3191347301911554 0.03037458423309758 0.03083350593149916
0 0.0109375 0.3875 0.021875 0.01875
0 0.028749532792493683 0.2982492272254059 0.02291728174358667 0.03520267095052709
0 0.046032121174776106 0.319487557263462 0.03158188672260849 0.026209672927693363
0 0.06885431453608018 0.33109621931674055 0.035677390871793335 0.018588173916276672
0 0.7287924639067359 0.06384505232054619 0.07085787427505377 0.05117518083635879
0 0.805737162666625 0.2519233724727705 0.050285265146846926 0.06747134288963733
0 0.8365834983496148 0.18327153156029946 0.05184776514684693 0.06753500988583169
0 0.7242503643262989 0.2521090562748789 0.05797936597668389 0.06622717787060921
0 0.71015625 0.02265625 0.0671875 0.0453125
0 0.757794724904398 0.13632754737763025 0.06976897095570571 0.05736151384016441
0 0.640625 0.01484375 0.075 0.0296875
0 0.6442775991794518 0.18954007209220966 0.06243006763635783 0.06329317885919253
0 0.8461934514591812 0.08257119460216118 0.05509116431700996 0.06922484387822055
0 0.772072557687603 0.2626990463890471 0.056180067636357835 0.06303851087441484
0 0.6486565232447241 0.14390923711123768 0.07495337842423862 0.043553681824942014
0 0.6663157746946167 0.04601556517212742 0.07362767676456468 0.046615014828747636
0 0.5890625 0.4203125 0.05625 0.0375
0 0.5835768975197778 0.1951480849437909 0.07386447510489073 0.04974001482874764
0 0.7690444913006449 0.3882083823586022 0.044153664317009955 0.06877917490485981
0 0.6818260659859728 0.2507030651721275 0.04607136182749905 0.07353034190105419
0 0.6141882800932014 0.22681457901229188 0.07975927759440164 0.045307182813525235
0 0.6882643975197779 0.19088239619876668 0.061104365976683894 0.06635451186299805
0 0.5224995327924937 0.31988809977253857 0.05833456348717307 0.0709146778706092
0 0.88835948590206 0.20467168768207894 0.06351897095570588 0.057106845855386903
0 0.7920550161957542 0.3402510434232976 0.07483497925407559 0.0419911818249421
0 0.7344793145360802 0.34573172228249005 0.041265462657336015 0.07177684091247105
0 0.6913875522890183 0.08731172722540595 0.07675267676456468 0.04674234882113639
0 0.6264048601771139 0.2639325770351255 0.07651587842423861 0.04361734882113648
0 0.6941107332027678 0.12324922722540595 0.07421967261537983 0.054427514828747636
0 0.8342406709649947 0.235088699545077 0.0591866684661948 0.061603344866803765
0 0.7696327966899409 0.18913421239665834 0.059423466806520865 0.06472834486680376
0 0.8075560813333125 0.027721868518437786 0.07062107593472752 0.048050180836358834
0 0.5295298601771139 0.26787993079917777 0.06470296265733602 0.0727318458553869
0 0.6423384361118416 0.3087357410655704 0.05954186597668389 0.06629084486680377
0 0.5965001821631495 0.03475441300468067 0.07675267676456468 0.04674234882113639
0 0.790625 0.4296875 0.04375 0.01875
0 0.5830818352820046 0.3127175869209573 0.05833456348717299 0.0709146778706092
0 0.7515698809230383 0.2196493833471854 0.0737460759347277 0.04817751482874764
0 0.9191340439906485 0.09370501277721917 0.04439046265733602 0.07190417490485981
0 0.9440174900512449 0.19456717581908087 0.07303568091374953 0.038802514828747636
0 0.5478510398414637 0.11667025787148436 0.07289397095570589 0.05748884783255326
0 0.8101608630768989 0.062096868518437806 0.06340057178554286 0.0555443458553869
0 0.95234375 0.02890625 0.0578125 0.0578125
0 0.828125 0.4296875 0.046875 0.01875
0 0.8225013780232533 0.4111073714841874 0.07291728174358666 0.037240014828747545
0 0.8493669182657022 0.14513486159835556 0.04727866431700996 0.06890650889724856
0 0.6183340962796668 0.38494541399326376 0.06278526514684693 0.06798067885919253
0 0.7921875 0.009375 0.071875 0.01875
0 0.8569463103868953 0.3485781965793276 0.07014747925407576 0.041800180836358794
0 0.5773735190955392 0.1546504189361797 0.07398287427505376 0.05130251482874763
0 0.7533943352820047 0.3057778843357686 0.0659335759347277 0.04785917984777566
0 0.530337188811134 0.4026369327763442 0.07289397095570589 0.05748884783255335
0 0.8762827705454317 0.04529668768207893 0.07109467261537965 0.05430018083635879
0 0.9109375 0.4171875 0.053125 0.04375
0 0.9420047041584736 0.16800467581908088 0.07268048340326061 0.03411501482874764
0 0.71484375 0.4234375 0.0546875 0.03125
0 0.95 0.4234375 0.05 0.03125
0 0.54296875 0.0171875 0.0546875 0.034375
0 0.7535090439906484 0.10045371437382467 0.07242037427505377 0.05123884783255326
0 0.9460051199253762 0.13806250783430327 0.0714731809137497 0.03873884783255317
0 0.8640625 0.0140625 0.065625 0.028125
0 0.9247202705454317 0.04332301080005285 0.06086756763635783 0.06322951186299815
0 0.8081732332027679 0.11860153650321537 0.04595296265733602 0.07196784190105418
0 0.9579597456503224 0.08898833787235941 0.05317346680652087 0.06447367688202607
0 0.8774201406713006 0.10167402167446773 0.058097765146846926 0.0677896778706093
0 0.9403256502190702 0.2699491777962472 0.0718283784242388 0.04342634783255317
0 0.9391649693053207 0.23394801080005284 0.07339087842423844 0.04349001482874755
0 0.7982547041584735 0.1738620394689649 0.047752260997662076 0.07515650889724856
0 0.75859375 0.0375 0.0453125 0.075
0 0.9268569913006448 0.3817780157429687 0.042591164317009954 0.06871550790866543
0 0.5626024693053207 0.24929175688290117 0.06098596680652095 0.06479201186299814
0 0.6700849278134718 0.3232784021302658 0.05376546265733602 0.07228617688202625
0 0.6215253381817897 0.11680290905034796 0.07772318091374952 0.03899351581733077
0 0.87734375 0.42265625 0.0484375 0.0328125
0 0.9141901253239609 0.3180338507239407 0.057742567636357836 0.0631021778706092
0 0.6830119029183626 0.36977140015309934 0.07073947510489073 0.049612680836358794
0 0.6564027813426012 0.4116060730807929 0.07339087842423861 0.04349001482874755
0 0.6093087580978771 0.07968491102751427 0.07374607593472753 0.04817751482874755
0 0.5930022095570584 0.3609004189361797 0.06314046265733601 0.07266817885919252
0 0.65234375 0.434375 0.0734375 0.009375
0 0.7053120327924937 0.31243906121779474 0.035015462657336016 0.07152217292769336
0 0.8596676460698853 0.2810723615983555 0.07218357593472771 0.04811384783255335
0 0.8168899954498297 0.3784222054765761 0.07050267676456468 0.04648768083635879
0 0.7280409830022752 0.4055523912558508 0.062430067636358014 0.06329317885919253
0 0.8863252344521676 0.3019286896592453 0.06676237012586875 0.05879667984777566
0 0.5486313672260839 0.06491675688290117 0.07398287427505376 0.05130251482874763
0 0.95869898715146 0.3883171758190809 0.038022063487172984 0.07008700692008211
0 0.7165311074778216 0.17092272327107327 0.06074916846619498 0.061667011862998146
0 0.8797451929603188 0.3805630256288005 0.06531826929603195 0.06029551285158128
0 0.5264981033286367 0.186502596806789 0.03849566016782511 0.0763370069200822
0 0.9520453228344501 0.32119334281527523 0.04884116431700995 0.06897017589344294
0 0.8194929319626567 0.30935387049560414 0.06425267676456467 0.04623301285158128
0 0.8916728174358652 0.14497835270110698 0.04571616431700996 0.06884284190105419
0 0.8830333684754837 0.2378025226630509 0.06195647095570571 0.05704317885919252
0 0.1430972979393407 0.9397204387078432 0.020052390871793335 0.017951503954332714
0 0.18938030208852563 0.9299979288220115 0.018371491701630306 0.016325336958138335
0 0.17948508383211212 0.9648822647915665 0.020052390871793245 0.017951503954332714
0 0.13203125 0.99140625 0.0203125 0.0171875
0 0.11227427304423143 0.9879961126241199 0.018489890871793247 0.017887836958138337
0 0.16015625 0.99296875 0.0203125 0.0140625
0 0.16279449130064494 0.9514564347535105 0.020052390871793335 0.017951503954332714
0 0.1855933738740684 0.9834412638029834 0.018371491701630306 0.016325336958138335
0 0.13225488632162302 0.9621047746773982 0.018489890871793334 0.017887836958138337
0 0.15519547885309032 0.9752759367306769 0.020052390871793335 0.017951503954332714
0 0.5660108892214082 0.8073987341454881 0.05317346680652087 0.06447367688202607
0 0.5190408008391257 0.7873700770351255 0.053291865976683894 0.06603617688202616
0 0.5942058215850501 0.7451242272254059 0.050640462657336016 0.07215884288963732
0 0.48656018756173414 0.813770750951402 0.06207487012586892 0.058605678859192524
0 0.5994405410908635 0.8969413952101835 0.049077962657336015 0.07209517589344294
0 0.6234375 0.96796875 0.05 0.0640625
0 0.5701548601771138 0.8620862341454881 0.05497276514684692 0.06766234387822045
0 0.6546016377715156 0.9009630503433798 0.07421967261537983 0.054427514828747546
0 0.46640625 0.8328125 0.0328125 0.053125
0 0.5505061336223307 0.913041239088404 0.07109467261537965 0.05430018083635879
0 0.6475946211747761 0.9325950523205462 0.0744564709557057 0.05755251482874755
0 0.49921875 0.97890625 0.0578125 0.0421875
0 0.475 0.97109375 0.05 0.0578125
0 0.5258091738647795 0.6491697400769871 0.06411096680652087 0.0649193458553869
0 0.6157507800932014 0.822612557263462 0.07206517676456467 0.04655134783255317
0 0.4871503381817897 0.7181399159704303 0.05220296265733602 0.0722225098858317
0 0.5915059514591813 0.6888105602292115 0.07109467261537983 0.05430018083635879
0 0.6397084983496149 0.7871552183281574 0.06953217261537983 0.05423651384016441
0 0.55390625 0.9796875 0.0703125 0.040625
0 0.4995822510489072 0.8822024159704303 0.04607136182749905 0.07353034190105419
0 0.5333885659859728 0.8526130750579591 0.03333456348717299 0.06989600593149899
0 0.46640625 0.8875 0.0328125 0.071875
0 0.651404860177114 0.8587755503433797 0.07362767676456468 0.046615014828747546
0 0.5427617207552131 0.7487877380998208 0.06254846680652086 0.06485567885919252
0 0.642051325734235 0.7353380503433798 0.06278526514684693 0.06798067885919253
0 0.48265116971559474 0.6587649159704302 0.061104365976683894 0.06635451186299815
0 0.5735362788438015 0.637821063194961 0.06688076929603178 0.060359179847775654
0 0.5424531448204855 0.7033479041074321 0.06820647095570571 0.05729784684397003