0 0.534375 0.4484375 0.0390625 0.0375
0 0.3796875 0.309375 0.0390625 0.0390625
0 0.490625 0.3953125 0.0359375 0.0359375
0 0.5890625 0.20625 0.0421875 0.040625
0 0.4 0.4203125 0.0375 0.0375
0 0.209375 0.6453125 0.0390625 0.0359375
0 0.3984375 0.48125 0.0375 0.0375
0 0.4734375 0.153125 0.0375 0.0390625
0 0.7453125 0.2390625 0.0390625 0.0375
0 0.49375 0.353125 0.0359375 0.0359375
0 0.425 0.2921875 0.0359375 0.0375
0 0.165625 0.2046875 0.0421875 0.0421875
0 0.45 0.6125 0.0359375 0.034375
0 0.690625 0.309375 0.0390625 0.0375
0 0.603125 0.5578125 0.0328125 0.0328125
0 0.6953125 0.203125 0.0375 0.0375
0 0.5140625 0.325 0.0375 0.0375
0 0.2484375 0.3015625 0.0390625 0.0390625
0 0.5671875 0.85625 0.0328125 0.034375
0 0.209375 0.1484375 0.040625 0.040625
0 0.6703125 0.23125 0.0375 0.0359375
0 0.5140625 0.1625 0.0375 0.0390625
0 0.5796875 0.5359375 0.0328125 0.034375
0 0.6109375 0.5203125 0.034375 0.034375
0 0.29375 0.309375 0.0390625 0.0375
0 0.6 0.4875 0.0359375 0.034375
0 0.5578125 0.5046875 0.034375 0.034375
0 0.5578125 0.7140625 0.0328125 0.034375