0 0.3383324449727998 0.3422384938955645 0.022466033386094784 0.021458920171816588
0 0.434054121932404 0.3231808774326497 0.020903533386094963 0.021377033016686652
0 0.3777586578257813 0.32769131501732074 0.020903533386094963 0.021377033016686652
0 0.39134979638472556 0.2895362177762827 0.020903533386094787 0.02137703301668683
0 0.3891962629986308 0.30993060493141245 0.020903533386094963 0.02137703301668683
0 0.355929121932404 0.32727523518913726 0.020903533386094963 0.02137703301668683
0 0.38024716033306377 0.3494025407070612 0.020903533386094963 0.02137703301668683
0 0.36763951174498943 0.300139525103229 0.020903533386094963 0.021377033016686742
0 0.3411679399582349 0.29840660674043484 0.020903533386094963 0.02137703301668683
0 0.44465665281121625 0.28050205450187116 0.020903533386094963 0.02137703301668683
0 0.41401440657214 0.31487041044933645 0.022466033386094784 0.021458920171816588
0 0.3994972655059132 0.33123239484550415 0.020903533386094787 0.021377033016686652
0 0.33901440657214 0.3188009938955645 0.020903533386094787 0.021377033016686652
0 0.4147585526529317 0.3429135232942067 0.022466033386094965 0.021458920171816588
0 0.35846308854630904 0.3474239608788777 0.020903533386094963 0.02137703301668683
0 0.4315656194251215 0.3014696517429092 0.020903533386094963 0.021377033016686742
0 0.31709394246551736 0.32150991406738105 0.020903533386094963 0.02137703301668683
0 0.4131793322781029 0.2899522976044662 0.020903533386094963 0.02137703301668683
0 0.36412205516021423 0.3674089122583588 0.022466033386094965 0.021458920171816588
0 0.4534860835317442 0.2987607315710926 0.020858069279472247 0.01981453301668683
0 0.52890625 0.08046875 0.0578125 0.0359375
0 0.6472120368178141 0.11232077905995794 0.056142351411925875 0.05286605042954129
0 0.8765645676966265 0.05817775441101407 0.054579851411925874 0.05278416327441171
0 0.6904786520197935 0.18025855156119502 0.04221624373179385 0.056816566033373664
0 0.83828125 0.0265625 0.0390625 0.053125
0 0.6727743264721152 0.1453036974227521 0.06189224623907634 0.03600609905006032
0 0.700502172869476 0.050243502940676074 0.0530628155185485 0.05426477611928178
0 0.827490570203909 0.08259125622003642 0.04065374373179385 0.056734678878243724
0 0.6047972162847007 0.12234423224846118 0.03922763605166182 0.06134029172311415
0 0.6578145676966265 0.06964195612917941 0.04069920783841656 0.058297178878243726
0 0.7531270676966265 0.06464683966626454 0.0604206744523216 0.03904921189493056
0 0.7754279650310595 0.1024810323393183 0.058949102665567035 0.042092324739800804
0 0.5328125 0.02265625 0.040625 0.0453125
0 0.8279619316449647 0.12000936906490667 0.06046613855894432 0.040611711894930555
0 0.6004446854058884 0.1646955065587207 0.06368206677218975 0.04390048620519007
0 0.70234375 0.01640625 0.0609375 0.0328125
0 0.6179169934025894 0.04677102216255289 0.03927310015828454 0.06290279172311415
0 0.7821158857224575 0.03348537087392902 0.06198317445232178 0.03913109905006031
0 0.7380356136191337 0.1543644369073025 0.03444920783841656 0.057969630257724704
0 0.7833935777257564 0.15042720940853976 0.058949102665567035 0.042092324739800804
0 0.6 0.01953125 0.05 0.0390625
0 0.5794622471635131 0.08154881388566704 0.045341243731793844 0.056980340343633175
0 0.705479177884041 0.09366595432015705 0.05145485141192587 0.05262038896415202
0 0.9195249575092121 0.02940430122251083 0.06216503087881229 0.04538109905006031
0 0.7161820310118264 0.36924580845860006 0.03440374373179385 0.0564071302577247
0 0.33855243916681205 0.778824447084068 0.09321645407749272 0.09381195499752551
0 0.24135449340258947 0.6341471121675017 0.05259145407749273 0.09168288896415203
0 0.6203125 0.98359375 0.040625 0.0328125
0 0.5857075501456492 0.8062124626879001 0.03702863855894449 0.03938340456798421
0 0.5140625 0.7375 0.028125 0.040625
0 0.618127593560874 0.8715984452750455 0.03854567445232178 0.03790279172311415
0 0.5759855576674967 0.8722468984635489 0.03698317445232178 0.03782090456798422
0 0.6588602421489482 0.9193874920865422 0.03859113855894432 0.03946529172311415
0 0.5949795985754389 0.9164948654468621 0.0369831744523216 0.03782090456798422
0 0.5706782805496079 0.9474106727738084 0.03854567445232178 0.03790279172311415