0 0.4515625 0.6875 0.03125 0.0421875
0 0.621875 0.596875 0.0359375 0.0328125
0 0.4734375 0.7328125 0.028125 0.04375
0 0.50625 0.490625 0.028125 0.040625
0 0.5734375 0.69375 0.0328125 0.0375
0 0.54375 0.7515625 0.028125 0.04375
0 0.6171875 0.6296875 0.0359375 0.0328125
0 0.63125 0.5609375 0.028125 0.0375
0 0.603125 0.66875 0.0421875 0.028125
0 0.621875 0.515625 0.0390625 0.0328125
0 0.5625 0.65 0.03125 0.040625
0 0.59375 0.496875 0.0296875 0.040625
0 0.509375 0.7453125 0.0265625 0.0453125
0 0.609375 0.4703125 0.034375 0.0359375
0 0.521875 0.43125 0.0296875 0.0390625
0 0.521875 0.634375 0.0375 0.0359375
0 0.553125 0.6125 0.0390625 0.0328125
0 0.578125 0.4484375 0.040625 0.0265625
0 0.5390625 0.5484375 0.0421875 0.0265625
0 0.4640625 0.5546875 0.0296875 0.040625
0 0.5265625 0.69375 0.040625 0.03125
0 0.575 0.5578125 0.03125 0.0375
0 0.5859375 0.740625 0.040625 0.028125
0 0.5921875 0.5421875 0.0328125 0.0375
0 0.5109375 0.378125 0.0375 0.0296875
0 0.471875 0.4609375 0.0375 0.0328125
0 0.5421875 0.4703125 0.0421875 0.025
0 0.471875 0.51875 0.0390625 0.0328125
0 0.4953125 0.4109375 0.028125 0.0390625
0 0.55625 0.403125 0.0296875 0.0375
0 0.65625 0.4828125 0.0328125 0.034375
0 0.634375 0.4265625 0.025 0.0390625