0 0.39154796608047293 0.31350283966693626 0.06929187606301604 0.06592652837152997
0 0.4062159860843522 0.416809696093427 0.07448955909355419 0.07231292069139794
0 0.5506993097217739 0.27205948574772804 0.08022937606301603 0.06624477711788863
0 0.6503488812331637 0.17519650910469303 0.05819487939699588 0.08275031551854842
0 0.6932382697140153 0.07044682462324152 0.0673147878817268 0.07989810015828454
0 0.6571404994202719 0.31568511678482497 0.07487219636645773 0.07700042069139794
0 0.6658465933514369 0.09770800659741052 0.054942333639361254 0.08109688730530315
0 0.6200556033533765 0.14781565518548484 0.054942333639361254 0.08109688730530315
0 0.6819176166892961 0.2182023630239013 0.0519448793969957 0.08256845909205772
0 0.5609356948686457 0.14921301913382284 0.08140923879011233 0.06160274122451135
0 0.619035495168208 0.05893501161197552 0.0716196506088231 0.07534699247815269
0 0.4939713354755291 0.16908759844242488 0.05519742515463033 0.08422188730530315
0 0.6875 0.0171875 0.0875 0.034375
0 0.803952371231224 0.12822588387358386 0.05363492515463051 0.08417642319868043
0 0.58046875 0.01484375 0.0796875 0.0296875
0 0.53359375 0.56796875 0.0421875 0.0171875