0 0.1682091554406151 0.1593264188815046 0.03842451333591956 0.0708527205426357
0 0.13501401816771158 0.16611663942414032 0.04011455909355419 0.07251535009228505
0 0.2223545215016914 0.14342201419342765 0.07168355242559432 0.04034320018457009
0 0.23243115210663526 0.1723084777962331 0.07168355242559432 0.04034320018457009
0 0.32076032846921354 0.19462596391657244 0.06839905575957417 0.05723031153562221
0 0.1930813518070728 0.08312486428571271 0.05653678454774695 0.06424177513842758
0 0.39914041998448263 0.1864944864341064 0.04598192182065049 0.06822836829088227
0 0.34920406392534603 0.15083639112218333 0.071013872729036 0.05118057063492083
0 0.08998830271545835 0.10838328501291858 0.0690687354561323 0.04639294108527148
0 0.15829227937759924 0.22368930753045255 0.06670901000193971 0.05556768198597286
0 0.2863850705933058 0.1206668322074548 0.07012105242559433 0.04024307063492074
0 0.21773066544255482 0.10486016194167425 0.05915160151720862 0.05819203423772627
0 0.1523303533048849 0.5442626233850113 0.040369650608823096 0.07564035009228505
0 0.07889182180125384 0.2443207850129186 0.06109673879011233 0.06297966378737563
0 0.22378999149587245 0.29720834824658376 0.05809928454774678 0.06434190468807692
0 0.24598398482791256 0.32998127545219463 0.041677059093554195 0.0726154796419344
0 0.11715812785069205 0.5371906030269458 0.04349465060882309 0.07584060919158375
0 0.28220852725156736 0.34320316626061087 0.04011455909355419 0.07251535009228505
0 0.05280884330294526 0.60193302591362 0.07362868969849785 0.045130829734219446
0 0.16668015360444732 0.6350483096899208 0.04805460485118864 0.0745784978405318
0 0.10226696723992923 0.6624909916758938 0.05586710485118864 0.07507914558877822
0 0.24595280754725035 0.5398173504060522 0.048182150608823096 0.07614099784053163
0 0.20545561118079264 0.6170202004983372 0.038807150608823095 0.07554022054263569
0 0.155838506329604 0.6916988278885181 0.07152405575957417 0.05743057063492074
0 0.8265952245361088 0.11321288248431002 0.08058006242753386 0.09220608883351815
0 0.9139045505894264 0.30035433220745483 0.11141547424624462 0.10817105027685522
0 0.8335793218012538 0.3132734392395702 0.08214256242753386 0.09230621838316751
0 0.090625 0.98515625 0.046875 0.0296875
0 0.17592606059136617 0.8304585441122173 0.05070137272903601 0.0498788864894796
0 0.0171875 0.9671875 0.034375 0.046875