0 0.45625 0.5859375 0.0546875 0.0734375
0 0.4875 0.65625 0.0734375 0.05625
0 0.54375 0.7203125 0.075 0.05625
0 0.3984375 0.4296875 0.053125 0.078125
0 0.525 0.5640625 0.0734375 0.0625
0 0.5578125 0.50625 0.075 0.0609375
0 0.4328125 0.715625 0.0734375 0.059375
0 0.425 0.5046875 0.059375 0.071875
0 0.4484375 0.3359375 0.0546875 0.08125
0 0.353125 0.346875 0.08125 0.05625
0 0.4109375 0.6375 0.075 0.0625
0 0.559375 0.4421875 0.0640625 0.075
0 0.3140625 0.3984375 0.0765625 0.0671875
0 0.49375 0.346875 0.05625 0.0796875
0 0.559375 0.596875 0.053125 0.0765625
0 0.3453125 0.565625 0.0796875 0.053125
0 0.48125 0.471875 0.0671875 0.0703125
0 0.33125 0.4765625 0.071875 0.0671875
0 0.2296875 0.4390625 0.084375 0.0546875
0 0.2375 0.534375 0.075 0.0671875
0 0.6140625 0.740625 0.05 0.0796875