0 0.13638815216496064 0.3734137751605081 0.026365078925077688 0.023873876623205347
0 0.13764681527678793 0.4218240016215578 0.026365078925077688 0.023873876623205347
0 0.2369341837349917 0.3845342816533298 0.026365078925077688 0.023873876623205347
0 0.15413709428657024 0.3565535576279123 0.026365078925077688 0.023873876623205347
0 0.23839026792174128 0.40953428165332983 0.026365078925077688 0.023873876623205347
0 0.6171875 0.01328125 0.10625 0.0265625
0 0.4953125 0.02265625 0.071875 0.0453125
0 0.5570169835091128 0.214350241068251 0.10555132096198286 0.09705800649282174
0 0.4984375 0.0984375 0.078125 0.09375
0 0.6644500519108468 0.23651734171687408 0.08164338410204497 0.1153716298696164
0 0.5776039573419278 0.058618438308307395 0.11632222099021768 0.06758869480442442
0 0.5628581888554892 0.1270411558409034 0.12037268415851479 0.05673301542127547
0 0.5782380780780316 0.3911036558409034 0.11926521046687384 0.06451824188232536
0 0.6562874833679384 0.36436960632737064 0.06463789462538863 0.11819662094116268
0 0.17007988367852195 0.6003264715864904 0.10738683674699842 0.10177278003177222
0 0.17109375 0.48125 0.1109375 0.084375
0 0.1683493256589573 0.7314128303527884 0.107659852532014 0.10646028003177221
0 0.8687148047534443 0.7435934561652149 0.036741136803468064 0.041225017856907444
0 0.7839464206513993 0.6281672792176979 0.04538809471009344 0.028888659090609538
0 0.737253431174743 0.6304740730491878 0.040973610495108836 0.03349433847375849
0 0.8842796205949295 0.689233238632619 0.033707142065139806 0.04273297077900686
0 0.8614468782756758 0.9136059472367611 0.02929265785015538 0.04733865016215581
0 0.706549462744774 0.6393036022701809 0.033707142065139986 0.04273297077900686
0 0.9494635467903493 0.8168048595737816 0.027457142065139807 0.042623876623205346
0 0.8683214206513993 0.6296400503210162 0.04400760523343692 0.031986385551659245
0 0.9609375 0.9921875 0.0375 0.015625
0 0.755335573239883 0.6729343084386911 0.04529708944842135 0.027326159090609536
0 0.855637952080256 0.7870707207757115 0.03517863680346807 0.041197744317957155
0 0.8636310045558002 0.9511059472367613 0.035360647326811726 0.04432274431795715
0 0.7352792204255204 0.8645763376596843 0.03398015785015538 0.047420470779006865
0 0.8649835890248984 0.6795309561652149 0.032144642065139985 0.04270569724005639
0 0.7774373573701627 0.7576093173671449 0.03968412628012441 0.038154564934808025
0 0.7518142730422388 0.8804740730491878 0.0353606473268119 0.04432274431795715
0 0.6911512468750539 0.7233240462638265 0.042718121018452494 0.03664661201270878
0 0.797157594145396 0.8281945527566483 0.02148015785015538 0.04720228246740419
0 0.691833057313693 0.8154297256469754 0.04142863680346807 0.04130683847375849
0 0.6794255206231644 0.6560001785690748 0.029383663111827295 0.048901150162155814
0 0.7396628835373475 0.9130411111986347 0.03545165258848364 0.04588524431795715
0 0.6842333889401938 0.7653479050301245 0.01982665258848364 0.04561250892845372
0 0.8410910627165393 0.6713093530809597 0.03803062101845249 0.03656479139585791
0 0.88984375 0.9796875 0.0359375 0.040625
0 0.896764210043351 0.7159866534052715 0.0275481473268119 0.04418637662320535
0 0.7111753205384598 0.7455263287312306 0.04418961575678075 0.03511138555165907
0 0.8448376889966636 0.7088366266199102 0.03076415258848364 0.04580342370110611
0 0.7260106362387707 0.8394399699649326 0.03076415258848364 0.04580342370110611
0 0.9566081888554893 0.8590741801906325 0.02607665258848364 0.04572160308425506
0 0.9247365625753649 0.8210559829505761 0.03352513154179633 0.039607970779006865
0 0.74744602048199 0.8054740730491877 0.04391659997176518 0.03042388555165907
0 0.8092950311465081 0.661388882301953 0.0337981473268119 0.04429547077900686
0 0.7938058100151161 0.7438468262955986 0.04280912628012441 0.038209112012708955
0 0.9103870942865703 0.6818843887947749 0.027548147326811722 0.04418637662320535
0 0.7859375 0.98671875 0.028125 0.0265625
0 0.94140625 0.978125 0.0296875 0.04375
0 0.8158782310900383 0.7208184293798536 0.04115562101845249 0.03661933847375849
0 0.9101294890531333 0.6506616623337251 0.04253611049510866 0.03352161201270896
0 0.9643590466491749 0.9653514537295831 0.0291106473268119 0.04421365016215582
0 0.9207910571725186 0.9677127946389733 0.038303636803468065 0.04125229139585791
0 0.7527103731551783 0.7618604407439393 0.04124662628012423 0.038181838473758486
0 0.8187441678088018 0.8504241087630027 0.027821163111827297 0.048873876623205345
0 0.9377671835938173 0.8571843977232285 0.02763915258848364 0.04574887662320535
0 0.752634778445085 0.7337627142828897 0.04695059471009326 0.028915932629559826
0 0.7698810045558002 0.9494695348997407 0.04004814732681172 0.0444045649348082
0 0.9570478046122698 0.8934219066516823 0.03223564732681172 0.044268197240056394
0 0.7131480732398828 0.672197922887032 0.04814907366340595 0.022693206168510116
0 0.6921816678088017 0.8482149521080252 0.03683214206513989 0.042787517856907445
0 0.8832308730140038 0.9124252767820659 0.030855157850155378 0.04736592370110628
0 0.846875 0.98828125 0.040625 0.0234375
0 0.9070030310053336 0.8113809740221225 0.03803062101845249 0.03656479139585791
0 0.7090190992658935 0.9765035933417272 0.04749662628012441 0.03829093262955983
0 0.6894221469032887 0.6936365462638265 0.04409861049510884 0.03354888555165925
0 0.8435327942301004 0.7400320795420094 0.033798147326811724 0.04429547077900686
0 0.7722346469032887 0.6950820438281945 0.04529708944842135 0.027326159090609536
0 0.925 0.99140625 0.0375 0.0171875
0 0.9326862994917724 0.7431491712621788 0.0448420631400623 0.019513659090609536
0 0.9120993256589573 0.8988809740221224 0.033798147326811724 0.04429547077900686
0 0.8348535571725186 0.9662127499967047 0.04280912628012441 0.03820911201270878
0 0.735325452080256 0.7849706582765353 0.04695059471009326 0.028915932629559826
0 0.7774821309770988 0.8387774967502939 0.025985647326811724 0.04415910308425506
0 0.9290306784733199 0.7071843977232286 0.04502407366340595 0.022638659090609536
0 0.9001314047252095 0.7737991534052714 0.04253611049510884 0.03352161201270896
0 0.9250264469597586 0.6384343977232285 0.038303636803468065 0.04125229139585791
0 0.8884489940324565 0.9484173238599667 0.03683214206513981 0.042787517856907445
0 0.7387095153614925 0.6554740730491877 0.046495568401734036 0.021103432629560003
0 0.7599306099304115 0.8322274878218401 0.03232665258848364 0.045830697240056395
0 0.8130416574266324 0.6989161558409034 0.040973610495108836 0.03349433847375849
0 0.9318980732398827 0.6760162183400795 0.030491136803468065 0.0411159237011061
0 0.7187903994635375 0.7690729228870319 0.04557010523343692 0.032013659090609534
0 0.8418932414722077 0.8726809383083074 0.02929265785015538 0.04733865016215581
0 0.8269823310618035 0.7506695706135558 0.039502115756780753 0.03502956493480802
0 0.8720372258283664 0.7202377767820659 0.03526964206513998 0.042760244317956976
0 0.8705349099868812 0.7748434561652149 0.04124662628012441 0.038181838473758486
0 0.7127209519390817 0.9328626874975285 0.041519642065139806 0.04286933847375849
0 0.7775423151356136 0.8934104496723932 0.04695059471009326 0.028915932629559826
0 0.7931995942865703 0.6798388733734992 0.04529708944842135 0.027326159090609536
0 0.7766337205666947 0.7170115909060952 0.046768584186749604 0.025790932629559827
0 0.80703125 0.9796875 0.0421875 0.040625
0 0.9301227416133819 0.7259343977232285 0.0448420631400623 0.019513659090609536
0 0.936887952080256 0.7884889448011292 0.04520608418674961 0.025763659090609535
0 0.9317747888272543 0.8882980300284767 0.036741136803468064 0.041225017856907444
0 0.7775900048381488 0.6530309115229462 0.04253611049510884 0.03352161201270896
0 0.9356138784168501 0.7666139448011291 0.04529708944842135 0.027326159090609536
0 0.835311499576477 0.6524775324641088 0.04244510523343692 0.03195911201270896
0 0.7795304783886152 0.7935468173671449 0.0275481473268119 0.04418637662320535
0 0.8327464836502871 0.7960366176914564 0.038121626280124235 0.03812729139585791
0 0.7609375 0.98671875 0.021875 0.0265625
0 0.86640625 0.98125 0.0390625 0.0375
0 0.8775900048381489 0.654776418015768 0.04529708944842135 0.027326159090609536
0 0.7899667204255203 0.8655309115229463 0.04253611049510884 0.03352161201270896
0 0.7788163887990195 0.9152854496723932 0.04695059471009326 0.028915932629559826
0 0.7097640099586464 0.8016945081143796 0.03977513154179615 0.0397170649348082
0 0.8129183730140038 0.9111979675293007 0.035360647326811726 0.04432274431795715
0 0.8044394731269435 0.7924206939903502 0.03968412628012441 0.038154564934808025
0 0.8192747888272545 0.8863343352240524 0.041064615756780755 0.03505683847375849
0 0.8931981362387708 0.842358238632619 0.04529708944842135 0.027326159090609536
0 0.8264069364364147 0.6335911647693571 0.045388094710093266 0.028888659090609538
0 0.9093229361540661 0.9316116534052714 0.02763915258848364 0.04574887662320535
0 0.9099151993788329 0.8613809740221224 0.038303636803468065 0.04125229139585791
0 0.8187903994635375 0.7708184293798537 0.04502407366340577 0.022638659090609536
0 0.9477483993223632 0.92135599187903 0.04547909997176518 0.030451159090609536
0 0.7027243256589573 0.8952263198027769 0.04290013154179615 0.03977161201270896
0 0.7314122258283665 0.7177831582765354 0.045388094710093266 0.028888659090609538
0 0.7239791574266324 0.697361564120734 0.04713260523343692 0.03204093262956
0 0.8151024992941283 0.9486979675293007 0.04418961575678075 0.03511138555165925
0 0.9411189677240973 0.9415321241842782 0.046495568401734036 0.021103432629559826
0 0.9003288258001316 0.7503889269442217 0.04244510523343692 0.031959112012708776
0 0.8768142730422388 0.882655956165215 0.0448420631400623 0.019513659090609536
0 0.8891784941736308 0.8001434650936687 0.04391659997176518 0.030423885551659247
0 0.8685775678370368 0.821636635548364 0.04529708944842135 0.027326159090609536
0 0.7389040203408157 0.953611564120734 0.04704159997176518 0.030478432629560005
0 0.8510106362387708 0.8416218530809598 0.046677578925077866 0.024228432629560002
0 0.8279525678370365 0.820927523535655 0.04364358418674961 0.02573638555165907
0 0.7924084519390817 0.934253637983996 0.04382559471009344 0.02886138555165907
0 0.8724151993788329 0.8607264090873142 0.045388094710093266 0.028888659090609538
0 0.838464404584035 0.921009344152506 0.027821163111827297 0.048873876623205345