0 0.58515625 0.37421875 0.0578125 0.0703125
0 0.4916766636765247 0.32916538502724135 0.08103716837349921 0.053638730355292805
0 0.321875 0.18515625 0.04375 0.0703125
0 0.4984375 0.3828125 0.075 0.053125
0 0.5025371109186318 0.19649843424145308 0.060527247298576906 0.0760573858558109
0 0.40950120050822764 0.3143708308506309 0.07818518415851479 0.05818068114108108
0 0.32265625 0.25234375 0.0453125 0.0796875
0 0.46171875 0.39375 0.0671875 0.03125
0 0.41605503739640026 0.36324497849326604 0.05878273677523325 0.07285961124870503
0 0.6578125 0.38984375 0.071875 0.0390625
0 0.3644925373964003 0.3608434164587727 0.05262374203690508 0.07413101282028159
0 0.325 0.3859375 0.05 0.046875
0 0.7574080794897752 0.366609842842343 0.051061242036904986 0.07405823821317573
0 0.34633188452556796 0.10775264970954979 0.08608868942018658 0.0601070541766104
0 0.3203125 0.32578125 0.040625 0.0703125
0 0.7677533162650083 0.29658844127076645 0.07358868942018652 0.05952485731976367
0 0.41175946345064574 0.08729890860088992 0.06999325256024883 0.07805653349844607
0 0.28984375 0.75390625 0.0203125 0.0234375
0 0.25485847411516377 0.7185661410230975 0.02480257892507769 0.024529119106587772
0 0.1752913424321932 0.6051885376322752 0.024893584186749605 0.02609161910658786
0 0.26481032678835204 0.7628983378799442 0.023240078925077866 0.024456344499482086
0 0.09366191083392725 0.5810189834556647 0.026547089448421435 0.027726893713693725
0 0.265597094992442 0.5341911410230974 0.023331084186749607 0.026018844499481997
0 0.1754285793486007 0.6835318614535927 0.026456084186749607 0.026164393713693813
0 0.25352275824544357 0.6339000425946739 0.023240078925077866 0.024456344499481995
0 0.16819293202178898 0.7270635376322753 0.026456084186749607 0.026164393713693813
0 0.12114987400222432 0.5932664263835703 0.026456084186749607 0.026164393713693723
0 0.29453125 0.57109375 0.0109375 0.0234375
0 0.08725926336594111 0.4757492865988179 0.029763094710093262 0.029434942927905362
0 0.05271766339417603 0.5039085198495948 0.029763094710093262 0.02943494292790545
0 0.20368935821720874 0.6018109805601807 0.02480257892507769 0.02452911910658786
0 0.28828125 0.80390625 0.0234375 0.0234375
0 0.23369610565695992 0.6784120219165095 0.024802578925077867 0.024529119106587772
0 0.24435913182414487 0.5222347965236154 0.024893584186749605 0.02609161910658786
0 0.2384592003670533 0.6504325711307212 0.02480257892507769 0.024529119106587772
0 0.1871865847514469 0.8313529313459689 0.026456084186749607 0.026164393713693813
0 0.2759452478632743 0.786918034736791 0.02324007892507769 0.024456344499482086
0 0.24771529009782337 0.921909464844415 0.026456084186749607 0.026164393713693813
0 0.01484375 0.82890625 0.0296875 0.0296875
0 0.2921875 0.778125 0.015625 0.025
0 0.3186941899848839 0.7140754243166556 0.03132559471009326 0.029507717535011226
0 0.48105841111627595 0.8046748072769823 0.03132559471009326 0.029507717535011226
0 0.5587885689664314 0.7612929884180636 0.029763094710093262 0.02943494292790554
0 0.6276758058828389 0.8428383949520388 0.02985409997176518 0.030997442927905537
0 0.7626584796591842 0.9462631095915659 0.03150760523343692 0.03263271753501122
0 0.6716078164061827 0.8417510839510027 0.02985409997176518 0.030997442927905537
0 0.6561494163779478 0.8112630632728383 0.029763094710093262 0.029434942927905362
0 0.7519631743410427 0.8877956381276132 0.03307010523343692 0.032705492142117085
0 0.7103371164626523 0.9030909983428609 0.02985409997176518 0.030997442927905537
0 0.7238227637894641 0.859850420592602 0.029763094710093262 0.02943494292790554