0 0.2581088868549933 0.384375 0.046809298022528624 0.04375
0 0.6264661309029085 0.5890625 0.025076409654926125 0.0234375
0 0.586573104419805 0.55625 0.025076409654926034 0.0234375
0 0.48042165738601206 0.621875 0.025076409654926034 0.0234375
0 0.598046199960659 0.615625 0.02518567029858776 0.025
0 0.5835138063972763 0.6 0.025076409654926034 0.0234375
0 0.5969750088789508 0.496875 0.025076409654926034 0.0234375
0 0.557934652190232 0.5859375 0.025076409654926034 0.0234375
0 0.5384198276845998 0.596875 0.023513909654926037 0.0234375
0 0.48707584897192335 0.59375 0.025076409654926034 0.0234375
0 0.5427245514535979 0.490625 0.025076409654926034 0.0234375
0 0.5757884237296571 0.509375 0.025076409654926034 0.0234375
0 0.4590601096155851 0.5921875 0.025076409654926034 0.0234375
0 0.5256684554085407 0.578125 0.025076409654926034 0.0234375
0 0.6597049658001009 0.65 0.02518567029858776 0.025
0 0.4761926153155683 0.48125 0.025076409654926034 0.0234375
0 0.4983953972465535 0.4765625 0.025076409654926034 0.0234375
0 0.4484375 0.57265625 0.01875 0.0234375
0 0.47454299798318755 0.571875 0.025076409654926034 0.0234375
0 0.5023402160522024 0.5765625 0.025076409654925948 0.0234375
0 0.5196041257071284 0.553125 0.025076409654926034 0.0234375
0 0.5318527534310693 0.534375 0.025076409654926034 0.0234375
0 0.446875 0.53671875 0.015625 0.0234375
0 0.461573104419805 0.55625 0.025076409654926034 0.0234375
0 0.5550388811550101 0.515625 0.023404649011264312 0.021875
0 0.5333824024423336 0.5125 0.025076409654926034 0.0234375
0 0.5052902534310693 0.534375 0.025076409654926034 0.0234375
0 0.499073104419805 0.55625 0.023513909654926037 0.0234375
0 0.46688331729303967 0.525 0.025076409654926034 0.0234375
0 0.5115074024423336 0.5125 0.023404649011264312 0.021875
0 0.49541250887895094 0.496875 0.02496714901126431 0.021875
0 0.44765625 0.5140625 0.0171875 0.021875
0 0.47466296630430393 0.503125 0.023513909654926037 0.0234375
0 0.48919535986768664 0.51875 0.025076409654926034 0.0234375
0 0.48297821085642234 0.540625 0.025076409654926034 0.0234375
0 0.24685504055783455 0.76875 0.018498627723940862 0.01875
0 0.2421875 0.74453125 0.01875 0.0109375
0 0.9102519969747813 0.896875 0.0383412341605581 0.034375
0 0.9046875 0.74609375 0.0375 0.0140625
0 0.8723913640550606 0.8796875 0.03823197351689629 0.0328125
0 0.9953125 0.7921875 0.009375 0.03125