0 0.4171875 0.5359375 0.0875 0.05
0 0.4984375 0.459375 0.078125 0.065625
0 0.5 0.5890625 0.0390625 0.0859375
0 0.6171875 0.459375 0.0515625 0.0828125
0 0.378125 0.4828125 0.0875 0.0453125
0 0.3328125 0.6859375 0.0671875 0.08125
0 0.3109375 0.51875 0.090625 0.04375
0 0.4359375 0.4171875 0.05 0.0828125
0 0.590625 0.55625 0.0890625 0.0390625
0 0.325 0.5796875 0.0671875 0.078125
0 0.5609375 0.6015625 0.084375 0.0515625
0 0.453125 0.6390625 0.0671875 0.078125
0 0.39375 0.6296875 0.0734375 0.0703125
0 0.3484375 0.4203125 0.0609375 0.08125
0 0.434375 0.5765625 0.0875 0.0515625
0 0.3921875 0.421875 0.0546875 0.0796875
0 0.215625 0.453125 0.0890625 0.0640625
0 0.2828125 0.4390625 0.0640625 0.08125
0 0.3453125 0.8125 0.0734375 0.084375
0 0.28125 0.5890625 0.059375 0.084375
0 0.315625 0.371875 0.0828125 0.065625
0 0.2265625 0.6296875 0.09375 0.0359375
0 0.5953125 0.2359375 0.0546875 0.0828125
0 0.7046875 0.234375 0.0921875 0.0453125