0 0.24296875 0.00625 0.0578125 0.0125
0 0.27421875 0.29609375 0.0484375 0.0453125
0 0.3097346469032887 0.1519510425618325 0.0649571420651398 0.04619268198597286
0 0.2592502575395719 0.03352241517165151 0.062287168373499215 0.053804922886674336
0 0.22428299431480517 0.10133167643041849 0.0472992052052021 0.06374112739018098
0 0.20234375 0.009375 0.0515625 0.01875
0 0.22963689420186562 0.21998154688076924 0.0666106473268119 0.04785531153562204
0 0.28212485737016274 0.21244845156884615 0.048952710466874015 0.06540375693983017
0 0.34902538908136815 0.07819216995201347 0.0504242052052021 0.06394138648947952
0 0.2599012468750539 0.1783342674234049 0.05796368942018652 0.059754534237726274
0 0.1907270416698518 0.11319132633813345 0.04877069994353036 0.062278756939830336
0 0.10231698905313333 0.09195907155777139 0.05345819994353036 0.06257914558877822
0 0.06496817847331986 0.1456057032668891 0.0519867052052021 0.06404151603912886
0 0.0234375 0.2953125 0.046875 0.046875
0 0.2002392785862593 0.03596749228497735 0.05180469468185844 0.060916516039128864
0 0.10078125 0.29140625 0.0546875 0.0546875
0 0.059375 0.29296875 0.046875 0.0515625
0 0.10586619425833543 0.1528965715577714 0.03672572625188941 0.0692902205426357
0 0.2953220783603804 0.278674228866742 0.0566742052052021 0.06434190468807692
0 0.14835753114650804 0.10736282849760173 0.0488617052052021 0.06384125693983016
0 0.33742003114650815 0.11947850400516966 0.062287168373499215 0.053804922886674336
0 0.3337027679217413 0.1892903562569231 0.06817314732681172 0.04795544108527139
0 0.3314724099868812 0.23117746760797503 0.06568518415851479 0.05869268198597268
0 0.13125 0.2984375 0.05 0.040625
0 0.17109375 0.30546875 0.0484375 0.0265625
0 0.22341771530502275 0.1666562877814705 0.036816731513561504 0.0708527205426357
0 0.23972452574366193 0.2595446946290158 0.06375866311182747 0.052342552436323506
0 0.3118292259695409 0.027551819859728433 0.06826415258848365 0.04951794108527156
0 0.13288372056669467 0.16241127390180984 0.03672572625188941 0.0692902205426357
0 0.21796875 0.29765625 0.0640625 0.0421875
0 0.18567406257536484 0.26697766039128956 0.05640118942018653 0.05965440468807692
0 0.1911512468750539 0.17392856723883482 0.04123121572854575 0.06646560919158376
0 0.25058788908136814 0.07188400832410631 0.056583199943530185 0.06277940468807693
0 0.26480157850155467 0.12883491517165152 0.057872684158514785 0.05819203423772627
0 0.3037128890813682 0.07528841301218323 0.054929694681858446 0.06111677513842757
0 0.1114175152203182 0.24820907155777147 0.06394067363517095 0.05546755243632351
0 0.31875 0.309375 0.05625 0.01875
0 0.0457323310618035 0.18951638957179862 0.044447220990217674 0.06822836829088227
0 0.1610534941736308 0.2451632171465497 0.0566742052052021 0.06434190468807692
0 0.0399065362670056 0.24985311227390267 0.0457367052052021 0.06364099784053164
0 0.13607036277300893 0.05676205119970579 0.06670165258848364 0.04941781153562204
0 0.318774988911959 0.2537138016611312 0.06430469468185844 0.06171755243632351
0 0.15861176266006946 0.17651334669619906 0.03360072625188941 0.06908996144333716
0 0.08873887841685013 0.20628238741233035 0.0488617052052021 0.06384125693983016
0 0.09348656257536483 0.776837114433371 0.026365078925077688 0.025039572794389287
0 0.17801275199555136 0.8382938510151356 0.026456084186749607 0.026602072794389107
0 0.2128273677523321 0.8747715715577715 0.026456084186749607 0.026602072794389107
0 0.34562445720075347 0.9097449537283143 0.024802578925077867 0.024939443244739755
0 0.28094033092062914 0.8682397717423417 0.02480257892507769 0.024939443244739755
0 0.43750812031258085 0.9638898380583256 0.026456084186749607 0.02660207279438893
0 0.30213206243419044 0.9380911967884842 0.024893584186749605 0.026501943244739756
0 0.3851265729575342 0.9465230629198981 0.024893584186749605 0.026501943244739933
0 0.43761453612583123 0.938989967607975 0.026456084186749607 0.026602072794389288
0 0.3993108993223632 0.8960619879660406 0.02480257892507769 0.024939443244739935
0 0.8305917204255202 0.8662185919158372 0.07377069994353036 0.06388082973421945
0 0.8950644731269435 0.7971867921004072 0.05860072625188941 0.07069203423772627
0 0.6060636153332577 0.6728133436138801 0.05914675782192065 0.08006703423772628
0 0.8559403309206293 0.9005330351605769 0.06770271046687401 0.06660531153562203
0 0.7216269731269433 0.7860724120893325 0.0601632262518895 0.07079216378737563
0 0.742636694117161 0.852798837135475 0.07082771046687401 0.06680557063492074
0 0.9095357677805669 0.8852875693983032 0.06025423151356133 0.07235466378737562
0 0.7942608363234753 0.7502536304725 0.08259966837349922 0.05510660703211538
0 0.6057443678935064 0.7475129549649321 0.0726632262518895 0.07159320018457009
0 0.7865253890813682 0.6174411304725 0.060527247298576906 0.07704216378737563
0 0.5731740625753649 0.8030224753229976 0.043339747298576904 0.07594073874123311
0 0.5880878890813681 0.6047246776670362 0.0757882262518895 0.0717934592838688
0 0.6685019731269434 0.7826680074012555 0.05418624203690507 0.07507914558877822
0 0.7105368256589573 0.88965848704319 0.07487817363517095 0.0561684592838688
0 0.6176396102127601 0.5241150277593213 0.08765118942018661 0.06165699568106335
0 0.8086565362670056 0.8103295373200453 0.07515118942018653 0.0608559592838688
0 0.96796875 0.82265625 0.0640625 0.0609375
0 0.73359375 0.96875 0.0515625 0.0625
0 0.8671875 0.98515625 0.053125 0.0296875
0 0.9268744572007535 0.942438735345147 0.0728606473268119 0.04825582973421945
0 0.98984375 0.87734375 0.0203125 0.0546875
0 0.5984375 0.97109375 0.05625 0.0578125
0 0.6818085260260106 0.5033204688445927 0.07311825256024881 0.07940570018457009
0 0.7093398047534443 0.7354716347914365 0.07818518415851469 0.059493718383167506
0 0.6204130836220523 0.8122763618124773 0.0778211631118273 0.05324371838316751
0 0.7756466151920833 0.8315641872277603 0.0688101841585147 0.058892941085271565
0 0.8828125 0.96875 0.05625 0.0625
0 0.97265625 0.96875 0.0546875 0.0625
0 0.774022472985769 0.9373135394795135 0.0786556210184525 0.040843847932816854