0 0.015625 0.35625 0.03125 0.075
0 0.00703125 0.5890625 0.0140625 0.078125
0 0.00625 0.41875 0.0125 0.075
0 0.059387163590198355 0.3575326672115796 0.06640053218308672 0.07918866801906325
0 0.12182218956909878 0.5359110373419633 0.08016810124083733 0.05289890340856669
0 0.16572500887895086 0.4883269253292545 0.07893338317182241 0.0575591298696164
0 0.2171896838691157 0.6450484837712409 0.08507412252816078 0.05610572402541756
0 0.0140625 0.4984375 0.028125 0.075
0 0.2028865192705111 0.5594655397775953 0.07824496832111638 0.07003185633066593
0 0.02109375 0.684375 0.0421875 0.053125
0 0.06664265269443508 0.432314478899977 0.08005884059717552 0.05133640340856651
0 0.13917321655640552 0.4216848961082613 0.07501070767745457 0.06841480925276536
0 0.1916862113606254 0.3848746428618504 0.058588032183086725 0.07905230032431154
0 0.06326700837474783 0.6368110641273246 0.05557229282674854 0.08056025324641088
0 0.04754345540854068 0.571540620133679 0.05847877153942491 0.07748980032431163
0 0.1923646464902488 0.6876178133165457 0.08216764381548422 0.05917617694751698
0 0.738364833384583 0.39505203247069937 0.046809298022528624 0.04451365909060954
0 0.978125 0.43203125 0.04375 0.0421875
0 0.7129163551761096 0.2456793238665572 0.046918558666190255 0.04607615909060954
0 0.7212766143071621 0.6840599853927987 0.04859031930985207 0.04766593262955965
0 0.8384083920507734 0.3480485730557783 0.04524679802252862 0.04448638555165907
0 0.6681516143071621 0.6849872857171102 0.04859031930985207 0.04766593262955983
0 0.99453125 0.4671875 0.0109375 0.04375
0 0.6259848017056994 0.32834754789197484 0.048481058666190256 0.04610343262955983
0 0.6569291630859954 0.42144298295716676 0.046809298022528624 0.04451365909060954
0 0.714053976191661 0.6311259001654511 0.045356058666190434 0.04604888555165907
0 0.5793283229930228 0.32604075406048505 0.048481058666190256 0.04610343262955983
0 0.6906371635901983 0.2741588798729116 0.046918558666190345 0.04607615909060954
0 0.6858953972465535 0.38660433279501094 0.046918558666190255 0.04607615909060954
0 0.5896973764634331 0.24470893344363404 0.048481058666190256 0.04610343262955983
0 0.5424731791775387 0.3844259983784422 0.048481058666190256 0.04610343262955983
0 0.6322462373395259 0.4842975389635211 0.048481058666190346 0.04610343262955983
0 0.98515625 0.39140625 0.0296875 0.0421875
0 0.7187514559127438 0.34077363555495455 0.04524679802252862 0.04448638555165907
0 0.5390425405578345 0.4781214513005415 0.046918558666190255 0.04607615909060954
0 0.5427788177972428 0.29078509253424356 0.04859031930985207 0.04766593262955983
0 0.5237888811550101 0.4284487337679456 0.048481058666190346 0.04610343262956
0 0.5933694076381137 0.46000665097623 0.046918558666190345 0.04607615909060954
0 0.8227291257071284 0.4606849407505299 0.04357503737886681 0.04289661201270896
0 0.5895995514535979 0.40233051867098163 0.04859031930985207 0.04766593262956
0 0.5800281734775555 0.49457256574888236 0.046918558666190255 0.04607615909060954
0 0.7597370888324647 0.3572247500032953 0.04524679802252862 0.04448638555165925
0 0.6217022212479825 0.5234964066582728 0.048371798022528625 0.044540932629559826
0 0.6476848390845662 0.2858327654245708 0.048481058666190346 0.04610343262955983
0 0.4999471895690989 0.4569555633132504 0.046809298022528534 0.04451365909060954
0 0.97890625 0.34609375 0.0421875 0.0453125
0 0.8763889932916106 0.2958860551988708 0.046809298022528624 0.04451365909060954
0 0.8568527534310693 0.4413621964325728 0.04513753737886681 0.04292388555165907
0 0.9371194076381137 0.4540064724071552 0.04357503737886681 0.04289661201270896
0 0.7584266890648957 0.5991395146137919 0.04535605866619026 0.04604888555165907
0 0.5629606417986718 0.42620439529418713 0.04859031930985207 0.04766593262956
0 0.6166655239620881 0.6624770860414217 0.04859031930985207 0.04766593262955983
0 0.8928773707634499 0.35021899919251637 0.04190327673520518 0.04130683847375849
0 0.7367045083747479 0.5527008912369974 0.04513753737886681 0.04292388555165907
0 0.9728933806508071 0.5673053133165457 0.04524679802252862 0.04448638555165907
0 0.7717350722367182 0.5427258733800898 0.04524679802252862 0.04448638555165925
0 0.7160856417986718 0.42353158847705374 0.04513753737886681 0.04292388555165907
0 0.8353605296620714 0.5478576582831259 0.04346577673520517 0.04133411201270878
0 0.5106111739817585 0.34908851623534964 0.048481058666190346 0.04610343262956
0 0.7597477965099193 0.2901190706201463 0.04346577673520517 0.04133411201270878
0 0.6991716573860122 0.5315077297107559 0.04357503737886681 0.04289661201270896
0 0.7624036309029085 0.4976315616916926 0.046809298022528624 0.04451365909060954
0 0.885546199960659 0.5220121785756653 0.04535605866619026 0.04604888555165907
0 0.5156807222563887 0.23195556331325035 0.05015281930985207 0.04769320616851021
0 0.907705423225454 0.56220080195246 0.04524679802252862 0.04448638555165907
0 0.8944620140747309 0.4391451314977647 0.041903276735205 0.04130683847375849
0 0.8279415135705278 0.587001978899977 0.04535605866619026 0.04604888555165907
0 0.8256034813874411 0.6650724318220762 0.04848105866619044 0.04610343262956
0 0.7820162804183759 0.3287451939969408 0.04513753737886681 0.04292388555165907
0 0.614161780922579 0.1849793774372796 0.05015281930985207 0.04769320616851021
0 0.9393596148113652 0.5335576047124034 0.04524679802252862 0.04448638555165907
0 0.8785206677775722 0.6001644521146157 0.045356058666190434 0.046048885551659244
0 0.730530190073302 0.30623499432125245 0.04368429802252862 0.04445911201270878
0 0.8389447155479994 0.6305065170494238 0.04524679802252862 0.04448638555165907
0 0.7971942581226463 0.6249929026010831 0.04535605866619026 0.04604888555165907
0 0.7860268012014963 0.4722497321463878 0.04368429802252862 0.044459112012708954
0 0.98046875 0.61171875 0.0390625 0.0453125
0 0.7556951729733524 0.6382020146137919 0.04201253737886681 0.04286933847375849
0 0.9219428858465871 0.6040882930240062 0.04524679802252862 0.04448638555165907
0 0.8927581303987054 0.642051943186162 0.046809298022528624 0.04451365909060954
0 0.08359375 0.97890625 0.0453125 0.0421875
0 0.0453125 0.9890625 0.046875 0.021875
0 0.00703125 0.9671875 0.0140625 0.04375
0 0.00546875 0.925 0.0109375 0.04375
0 0.06788807844090457 0.9385372053610265 0.046809298022528624 0.04451365909060954
0 0.12109375 0.9859375 0.0421875 0.028125
0 0.0314806848775218 0.9235667702958347 0.046809298022528624 0.04451365909060954
0 0.07697885517610956 0.8978031112052254 0.043465776735205 0.04133411201270878
0 0.11771311581977137 0.8955314991925164 0.04524679802252862 0.04448638555165925
0 0.17375530220990248 0.8305689724071552 0.05026207995351371 0.0492557061685102
0 0.2 0.98125 0.046875 0.0375
0 0.2796875 0.99375 0.046875 0.0125
0 0.2390625 0.98984375 0.046875 0.0203125
0 0.01484375 0.8875 0.0296875 0.046875
0 0.22444371706060862 0.842168945621794 0.04859031930985207 0.04766593262955983
0 0.11986547770427033 0.8424337727314667 0.05026207995351371 0.0492557061685102