0 0.3418032678562542 0.4955623214309252 0.06341764381548413 0.05884889448011297
0 0.5 0.5359375 0.0375 0.05625
0 0.496875 0.478125 0.04375 0.05625
0 0.5046875 0.42421875 0.028125 0.0515625
0 0.3590778851886348 0.5859964066582728 0.06352690445914586 0.06041139448011297
0 0.4635468639013114 0.5810440795486 0.058620883171822416 0.05720457386326192
0 0.4562699594421654 0.5217236266265007 0.06007412252816078 0.05566934740221221
0 0.55078125 0.00625 0.0484375 0.0125
0 0.6212401235365669 0.8374770860414218 0.0803209205506894 0.09971935633066593
0 0.55234375 0.840625 0.0671875 0.09375
0 0.56640625 0.9859375 0.0828125 0.028125
0 0.7999878364098016 0.8656451761400333 0.07116444183801285 0.10268071509696393
0 0.6483267834435945 0.9339975300350674 0.10447968639013112 0.06580800649282174
0 0.546875 0.91953125 0.05625 0.0984375
0 0.7408749163633154 0.9151736176980471 0.09507183540139544 0.08749209172016936
0 0.78828125 0.98203125 0.1015625 0.0359375