0 0.20324893013758327 0.452078072137809 0.01778770072563951 0.01808825870642732
0 0.11905746861217077 0.3975742786056727 0.01940476442797028 0.019732645861557076
0 0.13876976788653134 0.4158263116223594 0.017842264427970277 0.01965075870642714
0 0.14845230273292156 0.45233702170826773 0.01778770072563951 0.01808825870642732
0 0.2243054746026205 0.4766619923096256 0.01778770072563951 0.018088258706427142
0 0.18535210200728222 0.4714898134313817 0.01940476442797028 0.019732645861557076
0 0.1934027041842004 0.4202548620519007 0.01778770072563951 0.018088258706427142
0 0.16945428349562794 0.4784834418800842 0.017842264427970277 0.019650758706427317
0 0.1153521152541261 0.3692036171402834 0.01940476442797028 0.019732645861557076
0 0.15066956716089183 0.4336689088633975 0.01778770072563951 0.01808825870642732
0 0.2271229397562302 0.4408063794647553 0.01940476442797028 0.019732645861557076
0 0.16602174864923763 0.44230028041469505 0.01778770072563951 0.018088258706427142
0 0.17443444937487707 0.4255222161903437 0.017842264427970277 0.019650758706427317
0 0.22777770418420049 0.4220563794647553 0.017842264427970277 0.01965075870642714
0 0.21071917895645703 0.37263623360319825 0.01778770072563951 0.01808825870642732
0 0.13986104193314847 0.3845763116223594 0.01778770072563951 0.018088258706427142
0 0.19454854193314847 0.3874423620519007 0.01778770072563951 0.018088258706427142
0 0.22843246861217067 0.40330637946475534 0.01935020072563951 0.018170145861557074
0 0.21798604193314847 0.38867066937884703 0.01778770072563951 0.018088258706427142
0 0.14821917895645703 0.36936074739800817 0.01778770072563951 0.01808825870642732
0 0.1552132234214941 0.39320768317365695 0.017842264427970277 0.01965075870642714
0 0.18426580636111875 0.3681191519659925 0.01778770072563951 0.01808825870642732
0 0.16557037006344952 0.3655740061044355 0.01778770072563951 0.018088258706427142
0 0.17439973304014095 0.38169032903521394 0.017842264427970277 0.019650758706427317
0 0.17218246861217076 0.4003584418800842 0.017842264427970277 0.019650758706427317
0 0.5527578568166056 0.28682048507353636 0.049002984390903316 0.06339411465389269
0 0.5028669842212674 0.28107509610938425 0.05508929328391084 0.059034163274411536
0 0.5037251344914198 0.16684882179912472 0.06526290145127885 0.03773237336031983
0 0.5933878352170593 0.15432888964152056 0.059613102176918176 0.0545923247398008
0 0.475 0.315625 0.0125 0.065625
0 0.4765625 0.18984375 0.015625 0.0390625
0 0.6332638123515684 0.26755922998515363 0.06542659255827132 0.042419873360319826
0 0.5288689782308176 0.2088659034363305 0.06542659255827132 0.042419873360319826
0 0.5403322678865313 0.23920850067736854 0.06704365626060227 0.04406426051544958
0 0.475 0.2359375 0.0125 0.0625
0 0.5883878219702153 0.2526845024863908 0.027291675497895972 0.0669351944820761
0 0.4890625 0.11640625 0.040625 0.0671875
0 0.6808878352170593 0.15891457032878673 0.03359623920022692 0.06882524310259512
0 0.7625 0.0078125 0.06875 0.015625
0 0.5476041092636763 0.12062227498762805 0.03817461179556503 0.06594590456798421
0 0.4796875 0.08125 0.021875 0.053125
0 0.5147370455613455 0.12046514472990326 0.04593254809323426 0.064792840343633
0 0.6594642138028473 0.23449442446722965 0.0683333377489479 0.03633364767057934
0 0.6859375 0.0125 0.0375 0.025
0 0.3882836729660072 0.9475078380803256 0.061974210344286365 0.032881099050060314
0 0.3243303003706689 0.9410254647200057 0.03628472958157989 0.056489017412854635