0 0.540625 0.7359375 0.0515625 0.0921875
0 0.4828125 0.565625 0.075 0.0875
0 0.5078125 0.8359375 0.0765625 0.084375
0 0.5109375 0.69375 0.0546875 0.0921875
0 0.4796875 0.6640625 0.0546875 0.0921875
0 0.4421875 0.503125 0.0875 0.075
0 0.4515625 0.421875 0.075 0.0890625
0 0.396875 0.8 0.090625 0.0734375
0 0.4125 0.6703125 0.090625 0.071875
0 0.5625 0.5078125 0.096875 0.059375
0 0.53125 0.60625 0.0546875 0.09375
0 0.5671875 0.5765625 0.065625 0.0875
0 0.3375 0.6953125 0.05625 0.096875
0 0.684375 0.6296875 0.0515625 0.09375