0 0.4313291585174399 0.2532593246232415 0.023414189212119397 0.020948997492717503
0 0.5255760659859728 0.24197013512722504 0.021851689212119395 0.020903533386094963
0 0.46944446515613586 0.24189592728880846 0.021851689212119395 0.020903533386094963
0 0.4791028850722233 0.20475964014179002 0.021851689212119395 0.020903533386094963
0 0.4790795742843425 0.2250266760351673 0.021851689212119395 0.020903533386094787
0 0.44745106598597284 0.23969692979609097 0.021851689212119395 0.020903533386094963
0 0.4742270535384181 0.2638618555020539 0.021851689212119395 0.020903533386094787
0 0.4563757800932013 0.21345267854244981 0.021851689212119395 0.020903533386094963
0 0.4295764817528752 0.20955478872986416 0.021851689212119395 0.020903533386094963
0 0.5317542883915711 0.20005541976696115 0.021851689212119395 0.020903533386094787
0 0.5045531709649946 0.23200410174113023 0.023414189212119397 0.02094899749271768
0 0.49167466266662496 0.24721992478152616 0.021851689212119395 0.020903533386094963
0 0.4295531709649946 0.22982182462324144 0.021851689212119395 0.020903533386094963
0 0.508246856027929 0.2601745658477529 0.023414189212119397 0.020948997492717503
0 0.45211525519809204 0.2601003580093364 0.021851689212119395 0.020903533386094963
0 0.5207934776036904 0.22000420691397976 0.021851689212119395 0.020903533386094963
0 0.4077965701351577 0.23074782713052394 0.021851689212119395 0.020903533386094963
0 0.5010962842423862 0.20695863763450753 0.021851689212119395 0.020903533386094787
0 0.45990444441021144 0.28059471443582706 0.023414189212119397 0.020948997492717503
0 0.5425500784335273 0.21907820440669729 0.021733290041956364 0.019341033386094962
0 0.675 0.26796875 0.0125 0.0453125
0 0.68203125 0.31796875 0.0265625 0.0453125
0 0.7621074070675474 0.3651970349689405 0.04862767676456468 0.04506845909205772
0 0.6890625 0.4015625 0.040625 0.046875
0 0.7797648132866805 0.1661517812080168 0.047065176764564495 0.04502299498543509
0 0.7232528589277141 0.078759429796091 0.04718357593472753 0.04658549498543509
0 0.7274686074778216 0.17554350158284565 0.047065176764564676 0.04502299498543509
0 0.8711468298834198 0.13762962760537767 0.05019017676456468 0.04511392319868044
0 0.8046053282330348 0.5145438171013941 0.050426975104890734 0.048238923198680436
0 0.878440956857766 0.8868039473470682 0.025095088382282426 0.02255696159934022
0 0.8888582386013525 0.9214062678801817 0.023532588382282428 0.022511497492717504
0 0.79453125 0.99140625 0.0234375 0.0171875
0 0.8089824070675474 0.9783262061225569 0.023532588382282428 0.02251149749271768
0 0.831496024494124 0.9462411318285199 0.023532588382282428 0.022511497492717504
0 0.8531575369416785 0.9234855934278599 0.023532588382282428 0.022511497492717504
0 0.9567794444102115 0.9124691885715797 0.023532588382282428 0.022511497492717504
0 0.9869405410908636 0.9195830065974105 0.023532588382282428 0.02251149749271768