0 0.4203125 0.2109375 0.0765625 0.040625
0 0.390625 0.475 0.0765625 0.053125
0 0.4125 0.2734375 0.0640625 0.065625
0 0.48125 0.2921875 0.075 0.0453125
0 0.5328125 0.228125 0.0671875 0.05625
0 0.3140625 0.353125 0.04375 0.0765625
0 0.2140625 0.2984375 0.071875 0.0625
0 0.3578125 0.3171875 0.0515625 0.071875
0 0.325 0.7734375 0.0421875 0.0828125
0 0.4765625 0.484375 0.0765625 0.0421875
0 0.53125 0.271875 0.0734375 0.034375
0 0.4984375 0.76875 0.078125 0.0546875
0 0.43125 0.334375 0.0390625 0.078125
0 0.46875 0.5375 0.071875 0.0640625
0 0.3734375 0.7734375 0.059375 0.08125
0 0.34375 0.2578125 0.078125 0.0359375
0 0.4203125 0.7828125 0.071875 0.0640625
0 0.2453125 0.465625 0.0734375 0.0609375
0 0.4265625 0.7015625 0.0609375 0.075
0 0.1859375 0.196875 0.0390625 0.0765625
0 0.46875 0.6640625 0.0703125 0.0640625
0 0.515625 0.653125 0.0328125 0.078125
0 0.4796875 0.825 0.075 0.0546875
0 0.4671875 0.36875 0.0359375 0.0765625