0 0.5125 0.48671875 0.046875 0.0265625
0 0.98359375 0.24765625 0.0328125 0.0453125
0 0.95 0.01875 0.059375 0.0375
0 0.9512300731513417 0.21996543666314894 0.05045635698624169 0.06205023213953691
0 0.9643798591788585 0.3340867252587971 0.06095734736759475 0.05050713939685174
0 0.9504463339511149 0.2870162356263896 0.04576885698624169 0.06164012902925915
0 0.98515625 0.37578125 0.0296875 0.0609375
0 0.98125 0.29765625 0.0375 0.0515625
0 0.1412995455613455 0.8044183491042599 0.13370536660488846 0.08179538708777745
0 0.50078125 0.9703125 0.1484375 0.059375
0 0.4874106537287135 0.7959457189437051 0.10280259618646852 0.13361216531583314
0 0.507524746286985 0.755242806502594 0.09935021397248338 0.12396376324231469
0 0.18550092414713362 0.8768798180014823 0.113139895460829 0.11738157257314796
0 0.41918644338442734 0.8315113635243531 0.0774752139724832 0.12204994872768501
0 0.21640625 0.95703125 0.0953125 0.0859375
0 0.35278268258465406 0.7703387091417604 0.08819445916315996 0.11675685598499985
0 0.3826140263240518 0.8082296884065752 0.07898315027015243 0.12062414976444433
0 0.32616064048186966 0.90819002365639 0.12073414065150559 0.11181507775694435
0 0.653125 0.775 0.06875 0.1125
0 0.8367161945655536 0.9076049718184273 0.10505457694917482 0.10888556738935158
0 0.8505654181566837 0.7786597655978716 0.10823414065150558 0.1107214694628702
0 0.6453125 0.90703125 0.053125 0.1140625