0 0.425 0.4265625 0.009375 0.021875
0 0.3984375 0.39917079425987556 0.01875 0.021514054595791875
0 0.3171875 0.4470890576781108 0.01875 0.019951554595791877
0 0.396875 0.4350081647102262 0.01875 0.019951554595791877
0 0.409375 0.44830920110742073 0.01875 0.019951554595791877
0 0.3765625 0.42120648056478505 0.01875 0.019951554595791877
0 0.403125 0.3541586829088235 0.01875 0.019951554595791877
0 0.2578125 0.4510966347914366 0.0203125 0.02161418414544123
0 0.253125 0.4804837461424887 0.0203125 0.02161418414544123
0 0.2703125 0.4378351711886312 0.01875 0.021514054595791875
0 0.3609375 0.4295801850682919 0.01875 0.019951554595791877
0 0.3875 0.36253238741233035 0.01875 0.019951554595791877
0 0.3203125 0.4238518167774094 0.01875 0.019951554595791877
0 0.3 0.42098763263196837 0.0203125 0.02005168414544123
0 0.26875 0.33929754163898185 0.01875 0.019951554595791877
0 0.2578125 0.40890913479143653 0.0203125 0.02161418414544123
0 0.2546875 0.42745887569213803 0.01875 0.019951554595791877
0 0.359375 0.34666755551864253 0.01875 0.019951554595791877
0 0.35 0.41325427822074656 0.01875 0.019951554595791877
0 0.259375 0.3933842643410859 0.0203125 0.02161418414544123
0 0.3546875 0.37917966686969456 0.01875 0.019951554595791877
0 0.2890625 0.4062242257844231 0.01875 0.019951554595791877
0 0.325 0.3335272054263575 0.01875 0.019951554595791877
0 0.3703125 0.3661184623661877 0.0171875 0.018288925046142525
0 0.3328125 0.41215285317460404 0.01875 0.019951554595791877
0 0.2703125 0.3675226711886312 0.01875 0.021514054595791875
0 0.3078125 0.33555078038021496 0.01875 0.019951554595791877
0 0.3453125 0.39420388957179864 0.01875 0.019951554595791877
0 0.2859375 0.3607114666851244 0.01875 0.019951554595791877
0 0.3546875 0.36355466686969456 0.01875 0.019951554595791877
0 0.3296875 0.39476509407530536 0.0203125 0.02161418414544123
0 0.2765625 0.39448568938722844 0.01875 0.021514054595791875
0 0.3 0.39286263263196836 0.0203125 0.02161418414544123
0 0.3109375 0.4076260394795136 0.01875 0.019951554595791877
0 0.284375 0.377798837135475 0.0203125 0.02005168414544123
0 0.3359375 0.3607906122739027 0.01875 0.019951554595791877
0 0.3328125 0.37777785317460405 0.01875 0.019951554595791877
0 0.3234375 0.3490520758767081 0.01875 0.019951554595791877
0 0.3078125 0.35117578038021496 0.01875 0.019951554595791877
0 0.3203125 0.3660393167774094 0.0203125 0.02005168414544123
0 0.303125 0.3680628917312669 0.01875 0.019951554595791877
0 0.3171875 0.3830265576781109 0.0203125 0.02005168414544123
0 0.1953125 0.7308165222037669 0.028125 0.029927331893687813
0 0.1984375 0.7028917813030655 0.028125 0.029927331893687813
0 0.25 0.7515085564414932 0.028125 0.029927331893687813
0 0.1953125 0.7636290222037669 0.0296875 0.03158996144333699
0 0.296875 0.7029499429309728 0.028125 0.029927331893687813
0 0.2671875 0.6994849814876357 0.0296875 0.030027461443337077
0 0.234375 0.709882260945 0.0296875 0.030027461443337167
0 0.2984375 0.7389875724806221 0.0296875 0.03002746144333699
0 0.321875 0.721739515725362 0.0296875 0.03002746144333699
0 0.2234375 0.7748063540974547 0.028125 0.029927331893687813
0 0.2203125 0.746481094998156 0.028125 0.029927331893687636
0 0.278125 0.757998388335181 0.028125 0.029927331893687636
0 0.165625 0.7304765607604298 0.0296875 0.030027461443337167
0 0.3265625 0.7517274043743098 0.0296875 0.03158996144333699
0 0.353125 0.7206171067183483 0.028125 0.028364831893687638
0 0.2328125 0.8019696313953506 0.0296875 0.03158996144333699
0 0.3390625 0.6947159407715044 0.028125 0.028364831893687725
0 0.265625 0.7275098519379863 0.0296875 0.03002746144333699
0 0.253125 0.7782713155407918 0.0296875 0.030027461443337167
0 0.3015625 0.7766878315799207 0.03125 0.03169009099298634
0 0.6625 0.8318783744555203 0.021875 0.023276813695090583
0 0.671875 0.7684166517534162 0.021875 0.02483931369509058
0 0.7140625 0.8398701495939479 0.0203125 0.02161418414544123
0 0.64375 0.8134893198597284 0.021875 0.023276813695090583
0 0.728125 0.8251463155407917 0.0203125 0.023176684145441228
0 0.7140625 0.7758076495939479 0.0203125 0.023176684145441228
0 0.7265625 0.8031711859911426 0.0203125 0.02161418414544123
0 0.709375 0.756757260945 0.01875 0.019951554595791877
0 0.653125 0.7922150971576244 0.0203125 0.023176684145441228
0 0.703125 0.7938567427464026 0.0203125 0.02161418414544123
0 0.69375 0.7729434654485068 0.0203125 0.02161418414544123
0 0.696875 0.8153312245478054 0.0203125 0.023176684145441228
0 0.6765625 0.8140295404023641 0.0203125 0.02161418414544123
0 0.6890625 0.8351430767995588 0.0203125 0.023176684145441228
0 0.6796875 0.7939172995016628 0.0203125 0.023176684145441228