0 0.32452628222371727 0.3896404112167323 0.03058161465389251 0.04900618506293455
0 0.3191969730877487 0.31764701204656925 0.03214411465389251 0.04912458423309758
0 0.3336821969684669 0.2673869029183626 0.049747694482076096 0.028670374275053766
0 0.3087242198083883 0.444469621174776 0.042917840343632996 0.04682837842423861
0 0.2734130823145743 0.21613113362233066 0.04127345318850324 0.045147479254075765
0 0.399785231794176 0.34087286972488345 0.027538501809022266 0.050331886722608486
0 0.33720998869158086 0.3050053020885256 0.03839411465389268 0.049598180913749526
0 0.2931324400710619 0.29544012532396097 0.042917840343633176 0.04682837842423861
0 0.2911472161903437 0.34664742781347185 0.03214411465389251 0.0491245842330974
0 0.2553734905006032 0.34704924689972233 0.04719590456798421 0.0393710759347277
0 0.2709365355030776 0.25796343611184164 0.04563340456798422 0.039252676764564676
0 0.3091535877416412 0.3635748186852651 0.033788501809022264 0.05080548340326043
0 0.21680231343138168 0.35346426764564676 0.029019114653892685 0.04888778589277152
0 0.246558412481442 0.4164145535384181 0.048840291723114146 0.04105197510489074
0 0.6265625 0.01328125 0.065625 0.0265625
0 0.7515867492070305 0.37941330623771047 0.03781426051544958 0.06822978174358649
0 0.6166983355939347 0.09217157013515762 0.06602779172311415 0.04235436597668398
0 0.6862052521477067 0.022736331132819743 0.06306656603337366 0.04524256763635801
0 0.75546875 0.0078125 0.0671875 0.015625
0 0.7128363511977669 0.0854498186852651 0.06191350180902226 0.05293666846619498
0 0.7945090750784851 0.0402808738740684 0.048506099050060314 0.06437107593472771
0 0.64652967774659 0.18625345685776598 0.03773237336031983 0.06666728174358667
0 0.7263123530067892 0.13471611287640622 0.05590916327441153 0.057150571785542684
0 0.58046875 0.27734375 0.0234375 0.0671875
0 0.6358245511069098 0.2492503643262988 0.04390048620519007 0.06557837842423861
0 0.7868404172311404 0.13152118051276424 0.0483423247398008 0.06124607593472771
0 0.6514761273170487 0.13215795270858113 0.05294793758467105 0.0600387734452168
0 0.59375 0.16015625 0.05 0.0421875
0 0.863586623699004 0.051740437361241474 0.03937676051544958 0.06834818091374953
0 0.8907156897323777 0.09425982408384988 0.06742651741285463 0.03934776514684692
0 0.836322518090223 0.24421135727732893 0.06067855042954129 0.059068269296031775
0 0.7281891135222388 0.20022271370624328 0.05130355042954129 0.05835787427505377
0 0.8377411759375677 0.15249745395798103 0.06043288896415202 0.05438076929603177
0 0.6117319538658719 0.2349743767738534 0.0514673247398008 0.061482874275053764
0 0.6561769154221182 0.07337494855939627 0.06619156603337366 0.045479365976683984
0 0.8888123530067892 0.14702962657336088 0.0687433559474652 0.034778664317009954
0 0.7588924796464693 0.07337679379015585 0.039294873360319824 0.06678568091374952
0 0.7482027996365719 0.43362720955705836 0.04554487336031983 0.06725927759440165
0 0.81875 0.01484375 0.0625 0.0296875
0 0.59921875 0.19375 0.0609375 0.04375
0 0.57578125 0.23515625 0.0140625 0.0640625
0 0.7871701243763727 0.49416289047080797 0.04570864767057934 0.07038427759440165
0 0.6229704262762519 0.36032957428434254 0.06726274310259513 0.03622276514684693
0 0.8233710594746529 0.05647455893700286 0.05015048620519007 0.06605197510489073
0 0.59609375 0.06328125 0.0546875 0.0390625
0 0.8658196675698246 0.3616123448297743 0.049986711894930556 0.06292697510489073
0 0.5796875 0.13203125 0.021875 0.0484375
0 0.7872652996365719 0.436587188811134 0.04858798620519007 0.0659335759347277
0 0.7875242492070305 0.38213648715146 0.042419873360319826 0.06702247925407576
0 0.6962640841235966 0.2740620327924937 0.034689260515449585 0.06799298340326061
0 0.7490615355030776 0.2718376045780365 0.06594590456798421 0.0407918659766839
0 0.6912357473980082 0.32659503694167863 0.05574538896415202 0.05402557178554286
0 0.6037158152404041 0.40867198590206016 0.05179487336031983 0.06773287427505377
0 0.9041651153312611 0.261802521594339 0.040611711894930735 0.06221658008391255
0 0.8345430913596859 0.47752076474586164 0.057717324739800804 0.06195647095570571
0 0.8874202713695833 0.12046712657336078 0.06857958163720568 0.03165366431701013
0 0.6770559814554916 0.11542073860135256 0.05426477611928178 0.05546967261537983
0 0.8335803776557331 0.37006346225635073 0.04538109905006031 0.06413427759440164
0 0.6679000667107421 0.23767424689972233 0.026631099050060315 0.06271348755244546
0 0.8686657858417618 0.5050071473192852 0.041184921980838854 0.07315408008391255
0 0.7160321087725403 0.5027790286433088 0.05319359905006031 0.06472627344521661
0 0.89375 0.01015625 0.053125 0.0203125
0 0.7159767978275495 0.38294012532396093 0.03773237336031983 0.06666728174358649
0 0.9106474886915809 0.3261018199346649 0.03452548620519025 0.06486798340326061
0 0.8789061657608024 0.3143588365314045 0.03921298620519007 0.06522318091374953
0 0.58984375 0.034375 0.0421875 0.046875
0 0.7504934814554918 0.12098549959901472 0.042419873360319826 0.06702247925407559
0 0.8337574400710619 0.3140502605966768 0.06067855042954129 0.05906826929603195
0 0.9057010391211222 0.3801973240838499 0.04718926051544958 0.06894017676456468
0 0.8163442107632768 0.21935306723537257 0.06948034034363318 0.04884116431700995
0 0.7876526447299033 0.17671528134260123 0.05434666327441153 0.05703217261537983
0 0.900759075078485 0.04833201744515403 0.048424211894930555 0.0628085759347277
0 0.710516934643995 0.1599762220046131 0.06750840456798421 0.040910265146846925
0 0.621790785841762 0.48630007843352735 0.042665534825709096 0.07170997925407577
0 0.7743005529159321 0.3079885921304818 0.06602779172311415 0.04235436597668389
0 0.8972754647200057 0.5460824332120566 0.06224105042954129 0.05918666846619516
0 0.7789814088633975 0.33791289047080786 0.06726274310259513 0.03622276514684693
0 0.7757944538658718 0.24740628964097092 0.06306656603337366 0.04524256763635783
0 0.7293974886915808 0.3123675161957542 0.040611711894930735 0.06221658008391255
0 0.5921875 0.30234375 0.046875 0.0609375
0 0.7125 0.015625 0.040625 0.03125
0 0.822465815240404 0.42524786972488354 0.03921298620519007 0.06522318091374953
0 0.8374910289443569 0.5337707647458618 0.05319359905006031 0.06472627344521698
0 0.5765625 0.09765625 0.015625 0.0515625
0 0.57890625 0.3453125 0.0203125 0.065625
0 0.8671875 0.0171875 0.05625 0.034375
0 0.6729571381711825 0.42325654938923324 0.064792840343633 0.04848596680652086
0 0.7008298326532586 0.4502693352820046 0.06043288896415202 0.05438076929603177
0 0.5828125 0.4828125 0.028125 0.071875
0 0.8651845024863908 0.2604050423402633 0.049904824739800804 0.061364475104890556
0 0.7161737924004825 0.2382196211747761 0.06306656603337366 0.04524256763635783
0 0.6564180913596859 0.46402325934727695 0.054919873360319824 0.06796967261537983
0 0.76015625 0.02578125 0.0578125 0.0515625
0 0.7605102905914602 0.19333409627966675 0.0436548247398008 0.06089087842423861
0 0.7801698518751354 0.5387649954498297 0.07030585594746519 0.03489706348717334
0 0.6872365649017198 0.19089433528200458 0.05294793758467105 0.06003877344521662
0 0.6670147546340974 0.5177402551980921 0.06923467887824372 0.044153664317009955
0 0.7097998824054313 0.05720641951510208 0.06339411465389269 0.05149256763635801
0 0.8872719436891066 0.41459563487173057 0.06651911465389268 0.05172936597668389
0 0.8118890841235966 0.2828235713845575 0.06759029172311415 0.042472765146846926
0 0.641795669378847 0.3928819651561358 0.06610967887824373 0.04391686597668389
0 0.6489730042954132 0.29226665851743994 0.06323034034363299 0.048367567636357835
0 0.6789747648108627 0.35990444441021135 0.048424211894930555 0.0628085759347277
0 0.8381638998182858 0.10117175229830702 0.03913109905006031 0.06366068091374952
0 0.6514960594746528 0.04345065021907022 0.06602779172311415 0.04235436597668398
0 0.8331289190401627 0.18327385727732892 0.057226001809022264 0.052581470955705714
0 0.7991832869734157 0.09977427304423143 0.04702548620519007 0.06581517676456468
0 0.6124136273170487 0.12919797345450554 0.05590916327441153 0.05715057178554286
0 0.7480257372212429 0.4896404112167324 0.05179487336031983 0.06773287427505377
0 0.8732027996365718 0.44309914317010024 0.07055151741285463 0.039584563487172986
0 0.8906957575747736 0.18296712657336087 0.06915279172311398 0.042591164317009954
0 0.5796875 0.4078125 0.021875 0.046875
0 0.6259382960185272 0.3278722717948316 0.06602779172311415 0.04235436597668389
0 0.9051012528250751 0.48753622740319774 0.04562676051544958 0.06882177759440164
0 0.8892085006773686 0.2139803282330348 0.06610967887824373 0.04391686597668389
0 0.01015625 0.915625 0.0203125 0.025