0 0.41562208390440086 0.05573436390131139 0.03572466837349921 0.052294473516896464
0 0.353125 0.01640625 0.05 0.0328125
0 0.24303299431480516 0.1650443898802118 0.047678636803468066 0.04379355866619043
0 0.354319104809914 0.20550513493653327 0.046116136803468065 0.04368429802252862
0 0.25612525753957194 0.09593375696049086 0.03572466837349921 0.05229447351689629
0 0.29553636803468086 0.1313685124083726 0.04602513154179633 0.04212179802252862
0 0.24180369425833542 0.22409160794922656 0.03728716837349921 0.0524037341605581
0 0.307186499576477 0.17108657627034293 0.05016659997176518 0.033074579953513705
0 0.3695044890531333 0.17233200201681242 0.05034861049510866 0.03619957995351371
0 0.28346203128768244 0.030931469833725612 0.03728716837349921 0.05240373416055819
0 0.36646757821920606 0.4942398530055481 0.029747684158514788 0.0565449309422494
0 0.3750726786144941 0.08090932652244454 0.05025760523343692 0.0346370799535138
0 0.4772413943430401 0.1518552470731338 0.04915013154179633 0.04234031930985207
0 0.4638929839326358 0.029543204498486908 0.048877115756780755 0.03765281930985207
0 0.2545304783886152 0.30901291116753526 0.047769642065139804 0.045356058666190434
0 0.47938074701622824 0.10843302900411907 0.03563366311182729 0.05073197351689629
0 0.25621480475344427 0.2577781930985205 0.05182010523343692 0.03474634059717552
0 0.40324245222143035 0.16379823617737052 0.031037168373499215 0.051966691585911204
0 0.1795781680911505 0.06412674606472764 0.03737817363517095 0.053966234160558194
0 0.4533319994353027 0.3291390129125757 0.04602513154179633 0.04212179802252862
0 0.4104626889966635 0.23432925746469396 0.05034861049510884 0.03619957995351371
0 0.3318672521367258 0.24750696463794553 0.031128173635170953 0.053529191585911205
0 0.397160510240995 0.03265749682103225 0.037196163111827295 0.0508412341605581
0 0.2725076626883043 0.2169018208224613 0.028003173635170953 0.053310670298587756
0 0.3926521046687396 0.35601858716610624 0.053473610495108834 0.03641810124083733
0 0.4949272362105358 0.4020737683604573 0.04758763154179633 0.04223105866619044
0 0.8728548151356137 0.5234788747970747 0.18405575256024864 0.08756497402109957
0 0.6796875 0.58359375 0.14375 0.1109375
0 0.6671875 0.36640625 0.134375 0.1703125
0 0.7232525733810572 0.14576950201681238 0.17047764192396553 0.20176958565349698
0 0.9609375 0.19375 0.078125 0.20625
0 0.8107665258848362 0.2857167948435609 0.15274411035393456 0.19119271857321785
0 0.9210823996047118 0.25608356118720577 0.10963114718563745 0.19907092055068923
0 0.7683368312029778 0.2251727787520174 0.16918815770898127 0.20634782500983526
0 0.327498999576477 0.8793796775111803 0.021495568401734035 0.0217328883676025
0 0.2986459574831022 0.8649129859252691 0.021495568401734035 0.0217328883676025
0 0.3185944364364149 0.8600833742928715 0.019842063140062295 0.020061127723940864
0 0.3444288943430401 0.8494408052351211 0.021404563140062293 0.020170388367602498
0 0.24092446274477403 0.8624328421097849 0.021495568401734035 0.0217328883676025
0 0.8780883467056448 0.7428858945717888 0.059981215728545756 0.06799588317182241
0 0.73046875 0.65234375 0.0484375 0.0265625
0 0.890625 0.66640625 0.040625 0.0546875
0 0.7846267730422388 0.7145645165957465 0.0731336631118273 0.05335422896477802
0 0.8640625 0.65078125 0.04375 0.0234375