0 0.5046875 0.1828125 0.028125 0.134375
0 0.16773453117468057 0.19829423870145294 0.10372556956195363 0.12142156134627217
0 0.203125 0.403125 0.084375 0.03125
0 0.07434516409440148 0.2144090400222717 0.07839778763096841 0.11644316000954502
0 0.0734375 0.3796875 0.10625 0.078125
0 0.4272844937958137 0.24353620273708768 0.10855518119435104 0.1011817866804539
0 0.7123150576577841 0.05868848806490612 0.0383412341605581 0.034793170671545234
0 0.707911780922579 0.09929530673136067 0.038231973516896466 0.03323067067154524
0 0.6301909725084902 0.07024305872054297 0.038341234160558194 0.034793170671545234
0 0.7707724138423 0.11722824140672392 0.038122712873234835 0.03166817067154515
0 0.6007112861183591 0.13401465738381585 0.0383412341605581 0.034793170671545234
0 0.6691442118648285 0.07226009205917912 0.036669473516896464 0.033212489337999786
0 0.5555516054282112 0.0865760360439071 0.038450494804219915 0.036355670671545236
0 0.593237275726799 0.061994206715452284 0.038231973516896466 0.03323067067154515
0 0.5462973017056993 0.24128171737745258 0.04157549480421992 0.036392033338636054
0 0.7674510358662575 0.20945210407381473 0.039903734160558105 0.03481135200509069
0 0.6385283603718898 0.19700555338954287 0.039903734160558105 0.03481135200509069
0 0.5909428022099025 0.09480670671545229 0.038341234160558194 0.03479317067154515
0 0.5780721895690989 0.368316932049634 0.04179401609154336 0.03951703333863606
0 0.525 0.09296875 0.0125 0.0359375
0 0.7644567118648286 0.0733691534054512 0.038231973516896466 0.03323067067154515
0 0.7575404403254036 0.1499134720719058 0.03823197351689629 0.03323067067154524
0 0.6840265306704774 0.17251463072881532 0.0383412341605581 0.034793170671545234
0 0.8942106417986718 0.3422838800922685 0.04157549480421992 0.036392033338636054
0 0.8014546952690822 0.2598884560789054 0.040012994804219916 0.03637385200509069
0 0.8220728338887862 0.16630208808081445 0.03823197351689629 0.03323067067154524
0 0.40183747150008403 0.6069623560629971 0.07827781930985207 0.04774770401018138
0 0.50390625 0.6671875 0.0296875 0.05
0 0.2718878915465703 0.6539271680458161 0.055353771539425 0.07714430267345414
0 0.473559652190232 0.6547100600731784 0.035150532183086725 0.07847044533736351
0 0.2200190249704943 0.5235305960375437 0.059822750252101556 0.07407384667409059
0 0.31534223264794886 0.4573976133831795 0.07435514381548422 0.058630660009544935
0 0.3436421952690821 0.4999487400540884 0.058260250252101554 0.07405566534054522
0 0.4219857165564055 0.4977328067313607 0.04743201089576328 0.07549089600572714
0 0.38259543462542034 0.5019657733927245 0.05357275025210147 0.07400112133990877
0 0.3098256620775891 0.8717328333863612 0.06930701089576327 0.0757454346753633
0 0.36904711481136515 0.6957157733927245 0.06854218639013113 0.0648079346753633
0 0.28150282818880296 0.516427168045816 0.059822750252101556 0.07407384667409041
0 0.41494947669586413 0.6430816693984516 0.08005884059717552 0.05089088534372692
0 0.43121933288038 0.7011305267345423 0.06596348960843983 0.0725840720082724
0 0.3661620514535978 0.5580703227243611 0.07795003737886681 0.04306020401018138
0 0.3139882742141896 0.7451157893857248 0.06294775025210156 0.07411020934118148
0 0.30282081729303967 0.5917362507160886 0.07940327673520509 0.041515885343726744
0 0.313059194764879 0.6465873827179976 0.06283848960843982 0.07254770934118149
0 0.4788477217521856 0.5343611974060876 0.07301116510280767 0.06173747867599957
0 0.2191563754550269 0.6924078653723618 0.08510697351689647 0.033776110677908554
0 0.5974234870874243 0.7320361760820872 0.025076409654926125 0.023710220003181702
0 0.6467022212479826 0.6982066160884505 0.025076409654926125 0.023710220003181702
0 0.6545911309029085 0.6748418414226323 0.025076409654926125 0.023710220003181702
0 0.5842022212479826 0.6974793627466327 0.025076409654926125 0.023710220003181702
0 0.5323776412944687 0.7453532414067239 0.023513909654926123 0.02369203866963616
0 0.6451832799141728 0.6528395720878141 0.025076409654925948 0.023710220003181702
0 0.5778758115930565 0.7208623187459964 0.023513909654926123 0.02369203866963616
0 0.6140753915465703 0.6728066267504507 0.025076409654926125 0.023710220003181702
0 0.7053452477310861 0.7317281880967228 0.025076409654926125 0.023710220003181702
0 0.5662277534310693 0.619081642743451 0.025076409654926125 0.023710220003181702
0 0.5358846895690988 0.6281111974060876 0.023404649011264312 0.022129538669636163
0 0.5471721148113652 0.7126861920750874 0.023513909654926123 0.02369203866963616
0 0.5793397586268494 0.6552009560789054 0.023513909654926123 0.02369203866963616
0 0.6119008863507902 0.6368145827498143 0.023404649011264312 0.022129538669636163
0 0.6260397960057162 0.613522533418178 0.023513909654926123 0.02369203866963616
0 0.6420040135705279 0.7653941160884504 0.02518567029858776 0.025272720003181703
0 0.5379606417986718 0.5984236974060876 0.025076409654926125 0.023710220003181702
0 0.5615295457536147 0.6862691427434511 0.023404649011264312 0.022129538669636163
0 0.52578125 0.66484375 0.0140625 0.0234375
0 0.52734375 0.70703125 0.0171875 0.0234375
0 0.5584809554085407 0.6627770987428147 0.023513909654926123 0.02369203866963616
0 0.564698104419805 0.6409566427434511 0.023404649011264312 0.022129538669636163
0 0.5417633489719234 0.6782202854073602 0.023404649011264312 0.022129538669636163