0 0.3117856272350257 0.1332733584995575 0.06393850362819702 0.0894867052052021
0 0.07578125 0.01484375 0.0734375 0.0296875
0 0.24453125 0.03359375 0.0828125 0.0671875
0 0.34946916570961306 0.0811802374811049 0.04691469473518968 0.09317314732681173
0 0.0265625 0.109375 0.053125 0.0875
0 0.33828125 0.01171875 0.0546875 0.0234375
0 0.2871229000156984 0.34833691637794767 0.0486954495445131 0.09951415258848365
0 0.3272568266947207 0.3600332795744796 0.05343751324684387 0.10134966837349921
0 0.9739731139881818 0.47388148990017936 0.03562996515360979 0.03793961575678075
0 0.9392062775051782 0.26383863196531926 0.033958337748947985 0.03472361049510884
0 0.990625 0.3125 0.01875 0.034375
0 0.32582827986743085 0.8543880372552259 0.01940476442797028 0.019842063140062295
0 0.18811002505810745 0.8686465002823487 0.01940476442797028 0.019842063140062295
0 0.3915078435697617 0.8490033162650082 0.01940476442797028 0.019842063140062295
0 0.19309516933781015 0.6812375055440205 0.01935020072563942 0.018279563140062294
0 0.2707786813187097 0.8232892266754126 0.01940476442797028 0.019842063140062295
0 0.18342750345856107 0.7348175318523797 0.01940476442797028 0.019842063140062295
0 0.23514871616510002 0.8612288424321932 0.017842264427970277 0.0197510578783902
0 0.18039178349562796 0.7770960371140516 0.01940476442797028 0.019842063140062115
0 0.21296618131870967 0.8266564213572709 0.01940476442797028 0.019842063140062295
0 0.18604656117044213 0.6598175318523797 0.01940476442797028 0.019842063140062295
0 0.24841260799773196 0.8386258003388184 0.01940476442797028 0.019842063140062295
0 0.20810012124457594 0.7427364476656302 0.01940476442797028 0.019842063140062115
0 0.20878960200728222 0.7676454424039584 0.01940476442797028 0.019842063140062295
0 0.3108034805930703 0.8381105898719443 0.01940476442797028 0.019842063140062115
0 0.23344237242570226 0.8207858529555369 0.01940476442797028 0.019842063140062295
0 0.2168005094490108 0.8061619108339272 0.017842264427970277 0.0197510578783902
0 0.19270824502104053 0.8262769897590051 0.01940476442797028 0.019842063140062115
0 0.33097213685367255 0.7963935267318822 0.01940476442797028 0.019842063140062295
0 0.17973701906765766 0.7958460371140517 0.01940476442797028 0.019842063140062115
0 0.1966864168907394 0.8463164739739895 0.01940476442797028 0.019842063140062295
0 0.1988144012816428 0.7853789739739895 0.01940476442797028 0.019842063140062295
0 0.33812987242570225 0.814688500423523 0.017842264427970277 0.019751057878390377
0 0.19648800944901082 0.8073449792356613 0.017842264427970277 0.0197510578783902
0 0.17746519093735652 0.8162495423757236 0.01940476442797028 0.019842063140062295
0 0.17615566208141603 0.8537495423757235 0.01940476442797028 0.019842063140062295
0 0.30228165246276917 0.8588781161803037 0.017842264427970277 0.019751057878390377
0 0.21025784356976174 0.8595599266189428 0.01940476442797028 0.019842063140062295
0 0.18584317532825995 0.754948021329036 0.01940476442797028 0.019842063140062295
0 0.684375 0.9171875 0.03125 0.03125
0 0.7452131969278064 0.9778130427992465 0.03390377404661713 0.033161110495108836
0 0.7625842354023937 0.9269029901825281 0.03541171034428636 0.031689615756780753
0 0.777752878416152 0.9837144323041377 0.03541171034428636 0.031689615756780753
0 0.7134771020072822 0.8595936638176991 0.03541171034428636 0.031689615756780753