0 0.03125 0.37265625 0.0625 0.0671875
0 0.1836923506453278 0.32023253114650807 0.05432503571381488 0.07184417889684287
0 0.08608096509366865 0.27240270492285346 0.07899775324641087 0.054550263083592475
0 0.015625 0.41015625 0.03125 0.0578125
0 0.09802758603483124 0.3308522417545564 0.07129434740221222 0.06034523677523325
0 0.08688771428288974 0.1397722154461971 0.05753185633066593 0.07671368942018653
0 0.0203125 0.25625 0.040625 0.059375
0 0.1375 0.4140625 0.065625 0.05
0 0.06249918911908629 0.35219662073610386 0.06504434740221221 0.059981215728545756
0 0.0203125 0.30546875 0.040625 0.0734375
0 0.3021617069759938 0.4004954257718968 0.07118525324641087 0.054095236775233244
0 0.2575116801906326 0.34638477844508503 0.06973184740221221 0.060254231513561504
0 0.3537048417168741 0.31296460466873965 0.04812958279171564 0.07460515785015538
0 0.3587275324641088 0.24301612571542702 0.07129434740221222 0.06034523677523325
0 0.01015625 0.034375 0.0203125 0.06875
0 0.1921875 0.40546875 0.053125 0.0671875
0 0.11616965989809311 0.38654079963294674 0.06819662094116259 0.06172572625188959
0 0.4140502321397973 0.5549546835938173 0.0730204886359143 0.06981124203690499
0 0.24685482385996665 0.6341886153332578 0.0730477621748646 0.07137374203690498
0 0.35421158197764147 0.5249339836502871 0.06986821509696384 0.0680667315135615
0 0.2373240909060952 0.5352960890248984 0.06827844155801355 0.06641322625188958
0 0.364396879866321 0.6613265099586464 0.06984094155801354 0.06650423151356133
0 0.4953125 0.784375 0.071875 0.05625
0 0.4796875 0.93984375 0.040625 0.0765625
0 0.5058559025944925 0.8391491311182733 0.05898526217486477 0.07055469468185845
0 0.6095263733734992 0.8764054783886153 0.046648903408566686 0.07920165258848363
0 0.4845263733734993 0.8691250574548673 0.049664809252765355 0.07313366311182748
0 0.5078125 0.96796875 0.0375 0.0640625
0 0.4640625 0.91640625 0.009375 0.0765625