0 0.3171875 0.30625 0.0328125 0.0328125
0 0.3609375 0.4734375 0.0328125 0.03125
0 0.3796875 0.3109375 0.0328125 0.03125
0 0.2578125 0.4421875 0.0328125 0.03125
0 0.3296875 0.3390625 0.03125 0.0328125
0 0.415625 0.3046875 0.0328125 0.03125
0 0.2890625 0.428125 0.0328125 0.03125
0 0.259375 0.490625 0.0328125 0.03125
0 0.2171875 0.4203125 0.0328125 0.03125
0 0.25 0.409375 0.0328125 0.0328125
0 0.184375 0.421875 0.0328125 0.03125
0 0.1546875 0.40625 0.034375 0.0328125
0 0.265625 0.353125 0.0328125 0.0328125
0 0.2734375 0.54375 0.0328125 0.0328125
0 0.2953125 0.4640625 0.0328125 0.0328125
0 0.3625 0.3390625 0.03125 0.03125
0 0.215625 0.3875 0.0328125 0.03125
0 0.1828125 0.3890625 0.0328125 0.03125
0 0.2984375 0.3671875 0.0328125 0.03125
0 0.153125 0.3734375 0.034375 0.0328125