0 0.7774203067313608 0.33274627730005896 0.10585110534690863 0.10854556576151389
0 0.6978964387332697 0.3403039436606976 0.08221361067790856 0.0894448793969957
0 0.6533817280394528 0.1368602082045652 0.07907042934436319 0.0876272878817268
0 0.09133845074790532 0.7131993097217739 0.09133407200827222 0.06833515394280312
0 0.13757710407381474 0.6623381824508099 0.0866829346753633 0.07107751666989941
0 0.10067599339590619 0.5765921300252156 0.08377611067790855 0.08957242515463051
0 0.21010772676635908 0.8587027415443641 0.0929329346753633 0.07158769970043757
0 0.01875 0.48671875 0.0375 0.0953125
0 0.18547025875235973 0.753664555179846 0.08375792934436319 0.08800992515463033
0 0.031855457431540925 0.833225025174027 0.06364542401336308 0.1035393303053814
0 0.18728839210690412 0.9099145551798461 0.08984429734245403 0.0744576081851683
0 0.15647146005727014 0.5421212773000589 0.06199201734563573 0.09559928454774677
0 0.01953125 0.74609375 0.0390625 0.0984375
0 0.0328125 0.57734375 0.065625 0.0671875
0 0.92421875 0.98359375 0.0859375 0.0328125
0 0.97890625 0.96796875 0.0421875 0.0640625
0 0.805272586728179 0.9094687897178947 0.08217724801081765 0.08631987939699588
0 0.73828125 0.98046875 0.0796875 0.0390625
0 0.82265625 0.9765625 0.0828125 0.046875
0 0.7133214440642698 0.9222560900174571 0.08217724801081765 0.08631987939699588