0 0.23753877294996678 0.32287059460536643 0.024529119106587772 0.023710220003181702
0 0.19382300620074383 0.2905489906110935 0.024529119106587772 0.023710220003181702
0 0.09531703969918981 0.3573557772915474 0.02452911910658786 0.023710220003181702
0 0.21221344127076644 0.34974217727563894 0.024601893713693812 0.025272720003181703
0 0.1958606951997078 0.33429899061109347 0.024529119106587772 0.023710220003181702
0 0.1973075711307212 0.2311012652769117 0.024529119106587772 0.023710220003181702
0 0.16864322373575505 0.320545573281366 0.024529119106587772 0.023710220003181702
0 0.03557816666366054 0.3502341679662743 0.02452911910658786 0.023710220003181702
0 0.019191187341824945 0.36762166263527424 0.02452911910658786 0.023710220003181702
0 0.15040264598549608 0.33170124928391137 0.022966619106587947 0.02369203866963616
0 0.01625027791236553 0.4051762066359105 0.02609161910658786 0.023728401336727066
0 0.0986945967712844 0.32917623329091106 0.02452911910658786 0.023710220003181702
0 0.14232897270229777 0.22548761195100225 0.02452911910658786 0.023710220003181702
0 0.1775772679875681 0.24383762261300249 0.024529119106587772 0.023710220003181702
0 0.07049682216417855 0.32794099729472903 0.02452911910658786 0.023710220003181702
0 0.023506198095191923 0.22530689330045606 0.02452911910658786 0.023710220003181702
0 0.13546685070022582 0.3131148812858203 0.02452911910658786 0.023710220003181702
0 0.01577078080784968 0.29418416263527425 0.02452911910658786 0.023710220003181702
0 0.27787698262709526 0.38337174260027573 0.024601893713693812 0.025272720003181703
0 0.07470482505966265 0.21689440929345638 0.02452911910658786 0.023710220003181702
0 0.028377788665732505 0.26277053063336514 0.02452911910658786 0.023710220003181702
0 0.09636150123834505 0.21195237062382014 0.02452911910658786 0.023710220003181702
0 0.015227125307331679 0.3160773439688196 0.02452911910658786 0.023710220003181702
0 0.05556102687890822 0.309354629296638 0.02452911910658786 0.023710220003181702
0 0.08361325227180236 0.30746486529282 0.02452911910658786 0.023710220003181702
0 0.01475624441391954 0.33953302530236507 0.02452911910658786 0.023710220003181702
0 0.11195657609311996 0.31182510128900204 0.02452911910658786 0.023710220003181702
0 0.1264899569865321 0.2882057879535476 0.02452911910658786 0.023710220003181702
0 0.13655416170126183 0.2693285186187294 0.02452911910658786 0.023710220003181702
0 0.0476372109154735 0.2734898546308198 0.02452911910658786 0.023710220003181702
0 0.03920828080784968 0.2939114426320925 0.02452911910658786 0.023710220003181702
0 0.06882300620074382 0.292003497294729 0.02452911910658786 0.023710220003181702
0 0.1575558664159915 0.2503239799490933 0.022893844499481997 0.022129538669636163
0 0.13553531720177978 0.24745351861872944 0.02452911910658786 0.023710220003181702
0 0.10999166170126182 0.26963760128900205 0.02452911910658786 0.023710220003181702
0 0.10632300620074382 0.29156714528963834 0.02296661910658786 0.02369203866963616
0 0.07049251405862664 0.2607171346276381 0.02452911910658786 0.023710220003181702
0 0.11366031720177983 0.24770805728836578 0.022893844499482084 0.022129538669636163
0 0.09574507113072124 0.2322830519573656 0.024456344499481995 0.022147720003181704
0 0.048108091808885645 0.25003417329727445 0.022893844499481997 0.022129538669636163
0 0.07572366955914464 0.23876940929345639 0.02296661910658786 0.02369203866963616
0 0.09207641563020323 0.25421259595800194 0.02452911910658786 0.023710220003181702
0 0.08840776012968524 0.27614213995863823 0.02452911910658786 0.023710220003181702
0 0.46640625 0.16171875 0.0328125 0.0453125
0 0.846905156738863 0.0737945585614593 0.04891268899896417 0.04429544000636341
0 0.86796875 0.015625 0.0484375 0.03125
0 0.9500643899896399 0.039763909213914594 0.05047518899896417 0.04431362133990877
0 0.6065370219165095 0.11567516526100334 0.04742296360606986 0.045839758672817865
0 0.46015625 0.20390625 0.0203125 0.0453125
0 0.8875686980951919 0.10771502522282325 0.05047518899896417 0.04431362133990877
0 0.6115927030575906 0.1906569839274579 0.048985463606069854 0.04585794000636341
0 0.30042826302516934 0.9029046346276381 0.02296661910658786 0.02369203866963616
0 0.44453125 0.8453125 0.0109375 0.021875
0 0.2754282630251693 0.9031955359643653 0.022893844499482084 0.022129538669636163
0 0.423099475597782 0.8514501279440025 0.021331344499482086 0.0221113573360908
0 0.2590755169541108 0.8877523492998197 0.022893844499481997 0.022129538669636163
0 0.39995307402620534 0.8579728479471843 0.021331344499482086 0.0221113573360908
0 0.2715070504525568 0.953268261298547 0.02296661910658786 0.02369203866963616
0 0.3763700248119936 0.855120567950366 0.022893844499481997 0.02212953866963625
0 0.3175087551672865 0.9339728212921837 0.02296661910658786 0.02369203866963616
0 0.27934947559778195 0.8531228106301836 0.022893844499481997 0.02212953866963625
0 0.2878511803125116 0.8342637226289108 0.021331344499481996 0.0221113573360908
0 0.26110889784752295 0.8642784866327288 0.022893844499481997 0.022129538669636163
0 0.3000986232404171 0.8622614532940928 0.022893844499481997 0.022129538669636163
0 0.2476628279551468 0.8441114373010924 0.022893844499482084 0.022129538669636163
0 0.24123304549015806 0.8738898439688196 0.022893844499481997 0.022129538669636163
0 0.2952698821317572 0.9264148599618199 0.02296661910658786 0.02369203866963616
0 0.2658306310982999 0.8313932612985472 0.022893844499482084 0.022129538669636163
0 0.35711060256225263 0.8444012439529113 0.021331344499481996 0.0221113573360908
0 0.3086003279551468 0.84340236529282 0.021331344499482086 0.0221113573360908
0 0.25210207898860404 0.9394239373010924 0.02296661910658786 0.02369203866963616
0 0.2441054884180635 0.9019966626352742 0.02296661910658786 0.02369203866963616
0 0.2718323821317572 0.9266875799650016 0.022893844499482084 0.022129538669636163
0 0.33530837716935846 0.8462182826225476 0.022893844499481997 0.022129538669636163
0 0.3221191724546288 0.8651319146244564 0.022893844499481997 0.022129538669636163
0 0.2664942187733564 0.9799034866327287 0.02452911910658786 0.023710220003181702
0 0.4390625 0.8765625 0.021875 0.021875
0 0.29166969313279323 0.8826830412953655 0.02296661910658786 0.02369203866963616
0 0.4926114549196175 0.7564125373170008 0.05225601282028158 0.049019302673454314
0 0.4765625 0.984375 0.05 0.03125
0 0.8200130169541108 0.8041933199395481 0.04905823821317572 0.047420440006363404
0 0.5234375 0.984375 0.05 0.03125
0 0.48906273159363794 0.9487454879853644 0.050547963606069855 0.045876121339908774
0 0.5200857915612167 0.8092466359802737 0.05225601282028158 0.04901930267345413
0 0.7824787837033338 0.8374603532781844 0.05062073821317572 0.04743862133990895
0 0.6528683664159916 0.9077557666295473 0.05062073821317572 0.04743862133990877
0 0.5517039727022978 0.8839193719764555 0.050547963606069855 0.045876121339908774
0 0.5288144363083677 0.9295227733131828 0.050547963606069855 0.04587612133990895
0 0.6669093258882322 0.5714728212921838 0.049203787427387444 0.05054544000636332
0 0.60234375 0.98046875 0.0515625 0.0390625
0 0.4609375 0.9109375 0.021875 0.05
0 0.6041397679875681 0.9020693879694559 0.05062073821317572 0.04743862133990877
0 0.471875 0.64140625 0.04375 0.0484375
0 0.7557022679875681 0.9003057986155479 0.05062073821317572 0.04743862133990877
0 0.774045545490158 0.7906580786123661 0.05062073821317572 0.04743862133990877
0 0.47265625 0.80625 0.0453125 0.046875