0 0.58828125 0.2734375 0.0484375 0.03125
0 0.47421875 0.2796875 0.0296875 0.01875
0 0.446875 0.68984375 0.025 0.0453125
0 0.256604442686307 0.9296948809230383 0.04629814732681172 0.047065176764564676
0 0.41456667405869396 0.7235185037481996 0.04464464206513981 0.04538427759440165
0 0.34458737400222433 0.6585787427505375 0.0447356473268119 0.04694677759440165
0 0.3359375 0.99140625 0.04375 0.0171875
0 0.2765066899848839 0.8574413726246686 0.04629814732681172 0.047065176764564676
0 0.45 0.7328125 0.01875 0.046875
0 0.31056390059293226 0.9463388518787441 0.04464464206513981 0.04538427759440165
0 0.4183580739457546 0.6045317054078735 0.04482665258848364 0.04850927759440164
0 0.22429174260160245 0.8377908008391257 0.04629814732681172 0.047065176764564676
0 0.08569822141374069 0.6844737788438015 0.04951415258848364 0.04886447510489074
0 0.17039246885349196 0.7662225315430938 0.04786064732681172 0.0471835759347277
0 0.39651535309671126 0.8178838103868953 0.04464464206513981 0.04538427759440165
0 0.326534594992442 0.5912961543682551 0.04638915258848364 0.04862767676456468
0 0.3765625 0.97890625 0.04375 0.0421875
0 0.4342127741716335 0.8442812896409709 0.04473564732681172 0.04694677759440165
0 0.3958152160108945 0.5604498186852651 0.04473564732681172 0.04694677759440165
0 0.28961290571342974 0.7940892676456467 0.04473564732681172 0.04694677759440165
0 0.09207004777856964 0.7367466738647797 0.049423147326811724 0.04730197510489074
0 0.29243552687305663 0.907299662666625 0.04464464206513998 0.04538427759440165
0 0.4515625 0.91953125 0.015625 0.0453125
0 0.28681964760916046 0.5725927759440165 0.04629814732681172 0.047065176764564676
0 0.3922968319088495 0.6747491170255911 0.04473564732681172 0.04694677759440165
0 0.34492349004135364 0.9222627344521677 0.04299113680346807 0.04370337842423862
0 0.3347558896460655 0.5040329527085812 0.04638915258848364 0.04862767676456468
0 0.3167647528425975 0.5434739610069509 0.04638915258848364 0.04862767676456468
0 0.37339710053646247 0.8914630203449392 0.04464464206513981 0.04538427759440165
0 0.39079743216296325 0.9430022095570584 0.04464464206513981 0.04538427759440165
0 0.36837494254513264 0.789071726153798 0.0447356473268119 0.04694677759440165
0 0.18548684783503938 0.8034624224148871 0.044553636803468064 0.043821777594401645
0 0.4092098580760344 0.5190911128764062 0.04638915258848364 0.04862767676456468
0 0.26373075810426927 0.5378858892214081 0.04638915258848364 0.04862767676456468
0 0.2583474951618511 0.7650403850722232 0.04620714206513989 0.045502676764564674
0 0.45390625 0.6125 0.0109375 0.05
0 0.19710761632147805 0.8733964141165174 0.04629814732681172 0.047065176764564676
0 0.2407666110598062 0.8782740908810821 0.04629814732681172 0.047065176764564495
0 0.26967837926389615 0.6513330825827123 0.04629814732681172 0.047065176764564676
0 0.27204451606736424 0.6107080825827123 0.04638915258848364 0.04862767676456468
0 0.25915113196531925 0.7242969859020602 0.044553636803468064 0.043821777594401645
0 0.120680895190086 0.7844271572680401 0.049423147326811724 0.04730197510489074
0 0.2266578794050705 0.7971658008391257 0.04629814732681172 0.047065176764564676
0 0.22829451606736423 0.6073929058181476 0.04638915258848364 0.04862767676456468
0 0.44375 0.478125 0.03125 0.05
0 0.22441065287083228 0.5662943091374955 0.04795165258848364 0.048746075934727705
0 0.446875 0.8765625 0.025 0.04375
0 0.37301621089039705 0.7093842261537979 0.0447356473268119 0.04694677759440165
0 0.22218029493597222 0.5237516116270065 0.04638915258848364 0.04862767676456468
0 0.32071171629324324 0.8529440493892333 0.04133763154179633 0.04202247925407558
0 0.22418386874055246 0.6510245066479846 0.04629814732681181 0.047065176764564676
0 0.32700648990017933 0.7718124485593962 0.04464464206513981 0.04538427759440165