0 0.46485020830765855 0.0941081047058129 0.06550844606059654 0.1025716209411626
0 0.6402771834125492 0.14398319399035026 0.09763386182749904 0.07348413879807011
0 0.6435224278134719 0.24858887337349928 0.08499215186945541 0.09198867694751697
0 0.7509797303029828 0.24578324756107275 0.07464664772027056 0.0996102621748646
0 0.8296875 0.03671875 0.065625 0.0734375
0 0.58359375 0.0234375 0.1015625 0.046875
0 0.6025655410908635 0.2229070348997407 0.08799875269929239 0.09048072402541756
0 0.702633628223746 0.06080822970416522 0.09100535352912935 0.08897277110331832
0 0.590607224904398 0.06509453489974079 0.10426237012586874 0.057995506492821744
0 0.8943064456596111 0.40744922483290136 0.06742614357108571 0.10728639448011279
0 0.46490236557569864 0.36250354869945856 0.0657452444009226 0.10569662094116268
0 0.92421875 0.04921875 0.0609375 0.0984375
0 0.8436911390209154 0.41904919804754004 0.0810150468904336 0.10128185633066593
0 0.8264999485593962 0.21277192450858973 0.09810745850815117 0.07973413879807012
0 0.40801374814912217 0.3942796542193456 0.1017060551888033 0.0860386858759707
0 0.8857547041584738 0.10925718668345437 0.10523287427505376 0.05021028003177212
0 0.915752625323961 0.2580219691508584 0.057577546890433595 0.10087275324641087
0 0.86953125 0.0265625 0.0578125 0.053125
0 0.31953125 0.93515625 0.0203125 0.0390625
0 0.21837887262466857 0.8759695795420095 0.04370337842423862 0.04133411201270896
0 0.23046875 0.98046875 0.0421875 0.0390625
0 0.19609375 0.990625 0.0421875 0.01875
0 0.7336505203449392 0.9111513287312306 0.020170790041956366 0.01907728246740419
0 0.6796267937901559 0.9601422077900679 0.020170790041956276 0.019077282467404012
0 0.6471694913006449 0.964256963472111 0.020170790041956366 0.019077282467404012
0 0.6346928020885256 0.9437535486994584 0.018489890871793334 0.017487508928453722
0 0.6984467261537979 0.8996138108743231 0.018489890871793334 0.017487508928453722
0 0.7328450369416786 0.8799286022701809 0.018608290041956365 0.01905000892845372
0 0.6831536128764063 0.9243138019458694 0.018489890871793334 0.017487508928453722
0 0.7004595120465693 0.9261763108743232 0.018489890871793247 0.017487508928453722
0 0.6382196211747762 0.9079251428552599 0.020052390871793245 0.017514782467404188
0 0.6553604995990148 0.9487956047058128 0.018489890871793247 0.017487508928453722
0 0.6682390078973844 0.933416066556366 0.020170790041956366 0.01907728246740419
0 0.7237301460698854 0.8626047345754293 0.018489890871793334 0.017487508928453722
0 0.6681439195151021 0.9115683400953163 0.018489890871793334 0.017487508928453722
0 0.6348345120465693 0.9250308222384088 0.018489890871793247 0.017487508928453722
0 0.7065426460698854 0.8623047256469754 0.018489890871793247 0.017487508928453722
0 0.6335554319626567 0.8875580957773591 0.01860829004195628 0.01905000892845372
0 0.6778974278134718 0.8961342548679687 0.020052390871793245 0.01751478246740401
0 0.6530158269836349 0.8972603782447631 0.018489890871793247 0.017487508928453722
0 0.6983516377715155 0.8777660844132734 0.018489890871793247 0.017487508928453722
0 0.6502926460698853 0.8613228782447632 0.018489890871793247 0.017487508928453722
0 0.6547200369416786 0.878564925322664 0.020170790041956366 0.01907728246740419
0 0.6369405410908635 0.8704524163942102 0.018489890871793247 0.017487508928453722
0 0.6690426460698854 0.8616501607121674 0.018489890871793247 0.017487508928453722
0 0.6877926460698853 0.8619774431795714 0.020052390871793245 0.017514782467404188
0 0.6780391377715156 0.8774115284069189 0.018489890871793247 0.017487508928453722