0 0.08050378622258166 0.5118651491738442 0.020903533386094963 0.021021828130301047
0 0.14591818606429713 0.4532738883740709 0.020903533386094963 0.021021828130301047
0 0.06078231960867662 0.531468321043543 0.02251149749271768 0.022638891832631992
0 0.00859375 0.44453125 0.0171875 0.0234375
0 0.16953125 0.540625 0.0203125 0.01875
0 0.6325543680384662 0.39589291959226414 0.06592652837152997 0.06629961179556502
0 0.9303553705457487 0.3844395867374576 0.07061402837152997 0.06646330290255768
0 0.93359375 0.5171875 0.0703125 0.065625
0 0.97734375 0.53203125 0.0453125 0.0359375
0 0.6418049990755632 0.49923617440158763 0.07079588479802065 0.07271330290255769
0 0.7238252595669115 0.09938499654143892 0.06606292069139794 0.07098711179556502
0 0.7554917628656167 0.38301595207640177 0.07075042069139811 0.07115080290255768
0 0.8219351167848249 0.4134326275742978 0.07075042069139795 0.07115080290255768
0 0.76953125 0.51953125 0.0703125 0.0609375
0 0.4890625 0.9609375 0.021875 0.046875
0 0.4921875 0.9171875 0.015625 0.046875
0 0.4725836376345075 0.883343334290387 0.04663095909205772 0.04689484736759475
0 0.46778848904643333 0.9331250794810636 0.04667642319868044 0.04845734736759475
0 0.465625 0.98046875 0.046875 0.0390625
0 0.7620312678801817 0.6811756551642939 0.03859113855894432 0.03880952885594056
0 0.7349639656894683 0.8238343811176769 0.04015363855894431 0.03886409255827132
0 0.6259072144358271 0.8309524219545169 0.04916492570596294 0.02669147477225664
0 0.7832817937444292 0.7677679195922641 0.046085389812585476 0.02814484736759475