0 0.4515625 0.6046875 0.0234375 0.0234375
0 0.409375 0.571875 0.0234375 0.0234375
0 0.3078125 0.6375 0.0234375 0.0234375
0 0.425 0.63125 0.0234375 0.025
0 0.409375 0.615625 0.0234375 0.0234375
0 0.415625 0.5125 0.0234375 0.0234375
0 0.3828125 0.6015625 0.0234375 0.0234375
0 0.2484375 0.6296875 0.0234375 0.0234375
0 0.23125 0.646875 0.0234375 0.0234375
0 0.3640625 0.6125 0.021875 0.0234375
0 0.2265625 0.684375 0.025 0.0234375
0 0.3125 0.609375 0.0234375 0.0234375
0 0.3609375 0.50625 0.0234375 0.0234375
0 0.3953125 0.525 0.0234375 0.0234375
0 0.284375 0.6078125 0.0234375 0.0234375
0 0.2421875 0.5046875 0.0234375 0.0234375
0 0.35 0.59375 0.0234375 0.0234375
0 0.23125 0.5734375 0.0234375 0.0234375
0 0.4890625 0.665625 0.0234375 0.025
0 0.29375 0.496875 0.0234375 0.0234375
0 0.2453125 0.5421875 0.0234375 0.0234375
0 0.315625 0.4921875 0.0234375 0.0234375
0 0.2296875 0.5953125 0.0234375 0.0234375
0 0.2703125 0.5890625 0.0234375 0.0234375
0 0.2984375 0.5875 0.0234375 0.0234375
0 0.228125 0.61875 0.0234375 0.0234375
0 0.3265625 0.5921875 0.0234375 0.0234375
0 0.3421875 0.56875 0.0234375 0.0234375
0 0.353125 0.55 0.0234375 0.0234375
0 0.2640625 0.553125 0.0234375 0.0234375
0 0.2546875 0.5734375 0.0234375 0.0234375
0 0.284375 0.571875 0.0234375 0.0234375
0 0.375 0.53125 0.021875 0.021875
0 0.353125 0.528125 0.0234375 0.0234375
0 0.3265625 0.55 0.0234375 0.0234375
0 0.321875 0.571875 0.021875 0.0234375
0 0.2875 0.540625 0.0234375 0.0234375
0 0.33125 0.528125 0.021875 0.021875
0 0.3140625 0.5125 0.0234375 0.021875
0 0.265625 0.5296875 0.021875 0.021875
0 0.29375 0.51875 0.021875 0.0234375
0 0.309375 0.534375 0.0234375 0.0234375
0 0.3046875 0.55625 0.0234375 0.0234375