0 0.3484375 0.3578125 0.0625 0.071875
0 0.18321692051022484 0.40389969018666283 0.08874325256024881 0.07942190637700648
0 0.19163709428657025 0.30628770579049514 0.07513577886860805 0.08649742198083885
0 0.3083526993788329 0.48040687924167197 0.08718075256024882 0.0793400192218769
0 0.30324245222143026 0.2581224434660232 0.0812037683452644 0.08369997060135788
0 0.31000766268830426 0.3204586691557637 0.08856124203690499 0.07629690637700648
0 0.24872155219319544 0.29075788105069433 0.06134629465362344 0.09044793758467104
0 0.2812133467056447 0.5257127351891373 0.06924979991529537 0.09241987336031983
0 0.26464893103356857 0.4027665581199158 0.06299979991529536 0.09209232473980081
0 0.16474139434303997 0.24814101311744138 0.05371580517696728 0.09316350180902226
0 0.22987908888372405 0.45160684984302985 0.05371580517696728 0.09316350180902226
0 0.3176675152203182 0.42506428200063395 0.06594278939195171 0.08913109905006031
0 0.3081581943995097 0.18106862053524475 0.055096294653623444 0.09012038896415202
0 0.3453125 0.54765625 0.06875 0.0609375
0 0.6368460945689189 0.08884125622003643 0.04648015785015538 0.04916784034363304
0 0.6266212261107151 0.12855885346107443 0.04638915258848364 0.04760534034363308
0 0.6726771787556685 0.11203973880718188 0.04638915258848364 0.04760534034363308
0 0.7173974155309017 0.1802231727738083 0.04638915258848364 0.04760534034363299
0 0.7591592522779 0.27833976820582407 0.04473564732681172 0.04596095318850333
0 0.8525606417827912 0.24053215174290918 0.04629814732681172 0.04604284034363308
0 0.7240422576807463 0.1328568498430298 0.04638915258848364 0.04760534034363308
0 0.7295473469879934 0.3081025113084191 0.04308214206513998 0.04431656603337357
0 0.6679419890531333 0.35364738466873896 0.04464464206513981 0.04439845318850324
0 0.7008300837632266 0.38013464156614385 0.0447356473268119 0.04596095318850324
0 0.6874523102974648 0.15044714156614386 0.04473564732681172 0.04596095318850333
0 0.7599306099304115 0.5337642526019918 0.04464464206513981 0.04439845318850324
0 0.8418792889684287 0.43386607191472565 0.04629814732681172 0.04604284034363317
0 0.8774094523626047 0.1828081829505736 0.04638915258848364 0.04760534034363299
0 0.7653784311747429 0.33130099389556456 0.04473564732681172 0.04596095318850333
0 0.9097808785580245 0.3080604884684976 0.0462981473268119 0.046042840343633
0 0.7504198310618035 0.45119741406738106 0.0462071420651398 0.044480340343633
0 0.8796875 0.5671875 0.046875 0.025
0 0.646235047072698 0.22313436906490666 0.0447356473268119 0.04596095318850333
0 0.6016659997176513 0.21136470940853974 0.04638915258848364 0.04760534034363299
0 0.721764210043351 0.41665199570458683 0.0462071420651398 0.044480340343633
0 0.6816235994070677 0.5347336103584794 0.0462071420651398 0.04448034034363317
0 0.7151516470444631 0.24930072139432732 0.04473564732681172 0.04596095318850324
0 0.7936868997458861 0.1715232021724505 0.04638915258848364 0.04760534034363299
0 0.8144683785580245 0.3130556049314125 0.0462981473268119 0.046042840343633
0 0.8755122943712749 0.2847801187262224 0.04638915258848364 0.04760534034363299
0 0.6197033681758551 0.17123767639185292 0.04638915258848364 0.04760534034363299
0 0.6246470153614926 0.36375272501237194 0.04464464206513981 0.04439845318850324
0 0.8528769731269434 0.4881441361390769 0.042900131541796324 0.04119156603337348
0 0.8375 0.575 0.04375 0.009375
0 0.944672547072698 0.20749392243512405 0.04795165258848364 0.04768722749876275
0 0.8698251945406842 0.10640945726083315 0.04648015785015556 0.04916784034363304
0 0.6784384152485531 0.48004611035847944 0.04464464206513981 0.04439845318850324
0 0.9038024362952404 0.47450436001979507 0.0462071420651398 0.04448034034363317
0 0.5627084574831022 0.34975882406243225 0.04629814732681172 0.04604284034363317
0 0.60224139434304 0.3288797580290587 0.0447356473268119 0.04596095318850333
0 0.8090220153614925 0.35409004070706124 0.0447356473268119 0.04596095318850324
0 0.5493585890248984 0.3896401956137298 0.04629814732681172 0.04604284034363317
0 0.6422124889119589 0.5038864020815934 0.0447356473268119 0.04596095318850324
0 0.6362817363517103 0.42896828923672314 0.042900131541796324 0.041191566033373664
0 0.8542589206513991 0.3235084260531687 0.04299113680346807 0.042754066033373575
0 0.6595849155309017 0.18325299751360916 0.04473564732681172 0.04596095318850333
0 0.8447620942865702 0.3757260232942067 0.04464464206513998 0.04439845318850324
0 0.6140287628012437 0.28908027363289096 0.04299113680346807 0.042754066033373575
0 0.8027580628577136 0.2196331535519315 0.04638915258848364 0.04760534034363299
0 0.5935482047816791 0.4218042424252265 0.04629814732681172 0.046042840343633
0 0.5177907996329467 0.3050947772509356 0.04786064732681181 0.04612472749876275
0 0.4602219523626047 0.20467205337021738 0.04795165258848364 0.04768722749876275
0 0.5532872258283665 0.4301833084586001 0.04629814732681172 0.04604284034363317
0 0.6005710204819901 0.5154723552700967 0.0462071420651398 0.044480340343633
0 0.61015625 0.56875 0.0453125 0.021875
0 0.79296875 0.5671875 0.0453125 0.025
0 0.5201569364364148 0.3457197772509356 0.044553636803468064 0.04283595318850324
0 0.8165937787274338 0.13427550769037447 0.04638915258848364 0.04760534034363308
0 0.5949888784168501 0.4734486295803563 0.04629814732681172 0.046042840343633
0 0.5549099099868812 0.48495269561372983 0.0462981473268119 0.04604284034363317
0 0.513314673211648 0.41660548733684377 0.04786064732681172 0.04612472749876275
0 0.46475680489461857 0.3094414405253471 0.04795165258848364 0.04768722749876275
0 0.8780450311465081 0.35517450588135213 0.04299113680346807 0.042754066033373485
0 0.4507251259977757 0.2568896506112554 0.049605157850155554 0.049331614653892505
0 0.7620699626035996 0.48976859113660254 0.042900131541796324 0.041191566033373664
0 0.7503471524473093 0.10013288105069429 0.04648015785015538 0.04916784034363304
0 0.6546875 0.5625 0.04375 0.034375
0 0.08467592079257358 0.6318874920865423 0.06070925782192056 0.07951043758467105
0 0.01796875 0.81171875 0.0359375 0.0703125
0 0.05513961021276011 0.689857122344267 0.054459257821920556 0.07918288896415202
0 0.1008763154179622 0.7485836691557637 0.07046368942018652 0.05977114767057934
0 0.0484375 0.61640625 0.059375 0.0734375
0 0.04031824701622817 0.7313828810506943 0.057220236775233246 0.07309666327441153
0 0.13125 0.61953125 0.05 0.0796875
0 0.10339509968941644 0.6841936205352447 0.04977175782192056 0.07893722749876284
0 0.1589464206513993 0.7768857315710926 0.07763915258848364 0.04924308344622812
0 0.0109375 0.7265625 0.021875 0.078125
0 0.0711425837632266 0.8300726865686183 0.07524219468185844 0.06157930913596861
0 0.09377644695975854 0.7881374920865423 0.06752069994353035 0.06273237336031982
0 0.16360455759604164 0.6685000214851844 0.08049113680346806 0.04471935775648763
0 0.178125 0.61328125 0.059375 0.0671875
0 0.0375 0.99296875 0.046875 0.0140625
0 0.15818755745486737 0.8176745058813522 0.0759856473268119 0.047598696291098364
0 0.03125 0.87265625 0.0625 0.0484375
0 0.0140625 0.90703125 0.028125 0.0421875
0 0.1390625 0.58828125 0.06875 0.0171875
0 0.17456996260359964 0.9374956829505736 0.03690773677523325 0.0720321302577247
0 0.03046875 0.94140625 0.0609375 0.0453125
0 0.021875 0.60390625 0.04375 0.0484375
0 0.17074774161338208 0.8718706829505736 0.04931673151356133 0.07112472749876275
0 0.040469436436414784 0.7877966553609539 0.06301521046687401 0.06561171189493056
0 0.08984375 0.9828125 0.0515625 0.034375
0 0.16484375 0.9796875 0.0484375 0.040625
0 0.01640625 0.66328125 0.0328125 0.0828125
0 0.08125 0.5875 0.08125 0.015625
0 0.12699774161338206 0.8741635232942067 0.05850972099021767 0.06849105042954129
0 0.1611767785862593 0.7344525701057034 0.07856461575678075 0.03838747060135787
0 0.0960361679499762 0.853844379241672 0.06926521046687384 0.06593926051544959
0 0.06622684158514716 0.9071265094993969 0.0743321420651398 0.04595430913596861
0 0.13983094155691234 0.9330472003634283 0.04315773677523325 0.07235967887824372
0 0.08992194681858416 0.9372300893275802 0.0676117052052021 0.06429487336031983
0 0.1234375 0.97421875 0.05625 0.0515625
0 0.15944767861449413 0.7047650701057033 0.07994510523343692 0.03534435775648763
0 0.03359375 0.97421875 0.0671875 0.0390625
0 0.7268142730422388 0.6597070341483405 0.07524219468185844 0.06157930913596861
0 0.8484375 0.6109375 0.05 0.0625
0 0.82421875 0.59140625 0.0546875 0.0234375
0 0.6796875 0.59140625 0.046875 0.0234375
0 0.819714404584035 0.694020079150815 0.06632222099021767 0.06890048620519007