0 0.4875 0.90625 0.059375 0.059375
0 0.4359375 0.5984375 0.0640625 0.065625
0 0.7 0.775 0.0578125 0.0578125
0 0.696875 0.6234375 0.0609375 0.0609375
0 0.7609375 0.6890625 0.0609375 0.059375
0 0.4 0.684375 0.0625 0.0640625
0 0.6484375 0.5265625 0.0640625 0.0640625
0 0.6625 0.684375 0.0578125 0.059375
0 0.6265625 0.7234375 0.0609375 0.0609375
0 0.4140625 0.9 0.059375 0.059375
0 0.63125 0.625 0.0625 0.0609375
0 0.478125 0.5453125 0.0609375 0.0609375
0 0.275 0.61875 0.0640625 0.0625
0 0.51875 0.4171875 0.0640625 0.065625