0 0.328125 0.63125 0.04375 0.0421875
0 0.115625 0.621875 0.0453125 0.04375
0 0.24375 0.5125 0.04375 0.0421875
0 0.759375 0.553125 0.04375 0.0421875
0 0.621875 0.5796875 0.0421875 0.040625
0 0.1671875 0.56875 0.0453125 0.0421875
0 0.4546875 0.6359375 0.0421875 0.0421875
0 0.228125 0.4609375 0.04375 0.0421875
0 0.2625 0.5515625 0.04375 0.0421875
0 0.4890625 0.4109375 0.040625 0.0421875
0 0.7140625 0.5890625 0.04375 0.04375
0 0.6640625 0.6 0.0421875 0.0421875
0 0.3671875 0.4125 0.0421875 0.0421875
0 0.375 0.534375 0.0421875 0.0421875
0 0.4625 0.4703125 0.0421875 0.0421875
0 0.8453125 0.5375 0.046875 0.0421875
0 0.421875 0.5375 0.0421875 0.0421875
0 0.3328125 0.5453125 0.0421875 0.0421875
0 0.834375 0.5796875 0.0453125 0.0421875
0 0.5390625 0.4265625 0.0421875 0.040625
0 0.7171875 0.5203125 0.04375 0.0421875
0 0.24375 0.6609375 0.0453125 0.04375
0 0.5859375 0.6359375 0.04375 0.0421875
0 0.303125 0.6671875 0.04375 0.04375
0 0.534375 0.384375 0.040625 0.040625
0 0.790625 0.59375 0.04375 0.0421875
0 0.40625 0.6 0.0421875 0.0421875
0 0.7515625 0.6109375 0.04375 0.0421875
0 0.2625 0.6015625 0.04375 0.0421875
0 0.4 0.4390625 0.0421875 0.0421875
0 0.5453125 0.5578125 0.0421875 0.040625
0 0.5640625 0.5984375 0.04375 0.0421875
0 0.3515625 0.459375 0.0421875 0.0421875
0 0.484375 0.521875 0.0421875 0.040625
0 0.6859375 0.403125 0.0421875 0.040625
0 0.30625 0.4765625 0.0421875 0.040625
0 0.4484375 0.378125 0.0421875 0.0421875
0 0.4046875 0.484375 0.0421875 0.0421875
0 0.63125 0.36875 0.0421875 0.040625
0 0.825 0.6296875 0.0453125 0.04375
0 0.134375 0.6640625 0.0453125 0.04375
0 0.4953125 0.66875 0.04375 0.0421875
0 0.659375 0.653125 0.04375 0.0421875