0 0.024313815417962202 0.11395096699889144 0.023149073663405774 0.023276813695090492
0 0.003125 0.11953125 0.00625 0.0234375
0 0.08258134172632152 0.11805867366186655 0.02314907366340595 0.023276813695090492
0 0.0136339206513993 0.146002003396086 0.023149073663405774 0.023276813695090583
0 0.53984375 0.34921875 0.0203125 0.0421875
0 0.58515625 0.37421875 0.0421875 0.0109375
0 0.1335192993505981 0.6620275215946834 0.019842063140062295 0.019951554595791877
0 0.27963543615406616 0.6934406030269458 0.019842063140062295 0.019951554595791877
0 0.3140258467056446 0.6645751233850113 0.018279563140062294 0.019851425046142523
0 0.3176212835655825 0.6455247347360634 0.018279563140062117 0.019851425046142523
0 0.14222644141573798 0.703814503396086 0.019842063140062115 0.019951554595791877
0 0.23027247298576903 0.707582248615724 0.019842063140062295 0.019951554595791877
0 0.36235693089239424 0.6865712368955317 0.019933068401734033 0.021514054595791875
0 0.20609152034081574 0.7232468214101131 0.019842063140062295 0.019951554595791877
0 0.18926804138750306 0.7305982464562557 0.019842063140062295 0.019951554595791877
0 0.10885249929412835 0.723204853488371 0.019933068401734033 0.021514054595791875
0 0.31546652034081574 0.7162377529346606 0.019933068401734033 0.021514054595791875
0 0.17779992036905057 0.6952615237541516 0.019842063140062115 0.019951554595791877
0 0.263464404584035 0.6850668985234389 0.019842063140062295 0.019951554595791877
0 0.3088077256871921 0.62883788248431 0.019842063140062295 0.019951554595791877
0 0.21281195720075347 0.7039961736618665 0.019842063140062295 0.019951554595791877
0 0.15917174673387963 0.6447003192506449 0.019842063140062295 0.019951554595791877
0 0.2639348414439729 0.6662167689737897 0.018279563140062294 0.019851425046142523
0 0.28628027830391056 0.6459648257290498 0.019842063140062295 0.019951554595791877
0 0.155651904584035 0.6919758374492421 0.019842063140062295 0.019951554595791877
0 0.17358285722898845 0.6767117828534502 0.018279563140062294 0.019851425046142523
0 0.28989112571542697 0.6002518075304526 0.019842063140062295 0.019951554595791877
0 0.16789429935059808 0.6598246715023983 0.019842063140062295 0.019951554595791877
0 0.2432891415004425 0.6079431940199321 0.018279563140062294 0.019851425046142523
0 0.2381003835373477 0.6804189713178281 0.0181885578783902 0.018288925046142525
0 0.20216288353734768 0.6827219509597625 0.018279563140062294 0.019851425046142523
0 0.17215759414539597 0.5983865237541516 0.019842063140062295 0.019951554595791877
0 0.28151718359381733 0.6180400848283485 0.018279563140062294 0.019851425046142523
0 0.25889873094886406 0.6336045280730882 0.019842063140062295 0.019951554595791877
0 0.18088014676211445 0.613510876005905 0.019842063140062295 0.019951554595791877
0 0.13778259414539598 0.6005893738464367 0.019842063140062295 0.019951554595791877
0 0.18775177304223883 0.650710487356957 0.019842063140062295 0.019951554595791877
0 0.22073087301400393 0.6783953963639706 0.018279563140062117 0.019851425046142523
0 0.21404125725722328 0.6443207850129186 0.018279563140062294 0.019851425046142523
0 0.1724151993788329 0.6297366533038009 0.019842063140062295 0.019951554595791877
0 0.22041308362205222 0.5921575077150226 0.018279563140062117 0.019851425046142523
0 0.22177816254713 0.6155950077150226 0.019842063140062295 0.019951554595791877
0 0.24776380987394173 0.6578430644702828 0.019842063140062295 0.019951554595791877
0 0.1930917204255204 0.6346849691583598 0.019842063140062295 0.019951554595791877
0 0.24419919411716107 0.6235681940199321 0.019842063140062115 0.019951554595791877
0 0.2039228046122698 0.6590841918604639 0.019842063140062295 0.019951554595791877
0 0.24363775199555135 0.6408558235695815 0.019842063140062295 0.019951554595791877
0 0.23030329408892616 0.6542569895164254 0.0181885578783902 0.018288925046142525
0 0.07942260452756526 0.7564574444813574 0.021495568401734035 0.02161418414544123
0 0.698844836605824 0.5802978578073077 0.03793961575678075 0.0366779796419344
0 0.699648473409292 0.621022987356957 0.037848610495108834 0.0351154796419344
0 0.6183228786991988 0.5980045943890724 0.03793961575678075 0.0366779796419344
0 0.7647120312876824 0.634105175821335 0.03775760523343692 0.0335529796419344
0 0.5970540944277446 0.6636691671834616 0.03793961575678058 0.0366779796419344
0 0.6574763839608706 0.5970638556478394 0.03628611049510884 0.03501535009228505
0 0.546875 0.61875 0.034375 0.0375
0 0.5803678523908395 0.5925952035806562 0.037848610495108834 0.0351154796419344
0 0.5564584574831022 0.7744855536729413 0.04115562101845249 0.038440738741233105
0 0.7732063417263214 0.7260924167220362 0.039502115756780753 0.03677810919158375
0 0.6428818048946185 0.7234656693429299 0.039502115756780753 0.03677810919158375
0 0.5822789628859484 0.6254077035806562 0.03793961575678066 0.0366779796419344
0 0.604454883678522 0.8984446853820589 0.04133763154179633 0.04156573874123311
0 0.7527888839608706 0.5909559531192308 0.037848610495108834 0.0351154796419344
0 0.7556856417827913 0.6676185826688801 0.037848610495108834 0.0351154796419344
0 0.6851757207078689 0.6956620419527489 0.03793961575678075 0.0366779796419344
0 0.9167882837067568 0.8486311459025453 0.04115562101845249 0.038440738741233105
0 0.8136185100998207 0.7736893075304525 0.03959312101845249 0.038340609191583754
0 0.8222206943995097 0.6790381415836086 0.037848610495108834 0.0351154796419344