0 0.48125 0.25 0.0640625 0.0515625
0 0.440625 0.33125 0.0671875 0.0484375
0 0.371875 0.3046875 0.0703125 0.040625
0 0.4234375 0.35625 0.06875 0.0484375
0 0.5171875 0.2078125 0.0703125 0.0390625
0 0.55 0.440625 0.0703125 0.0375
0 0.628125 0.2140625 0.0671875 0.0390625
0 0.51875 0.2734375 0.0640625 0.053125
0 0.603125 0.259375 0.0625 0.0546875
0 0.7046875 0.428125 0.0390625 0.071875
0 0.6015625 0.3515625 0.0578125 0.059375
0 0.5921875 0.290625 0.0609375 0.05625
0 0.4421875 0.2359375 0.0625 0.05625
0 0.6578125 0.2453125 0.0578125 0.05625
0 0.68125 0.7609375 0.0328125 0.078125
0 0.45625 0.4671875 0.0578125 0.0609375
0 0.571875 0.7640625 0.0453125 0.0796875
0 0.6109375 0.6734375 0.0390625 0.075
0 0.653125 0.7765625 0.0390625 0.08125
0 0.740625 0.6109375 0.046875 0.071875
0 0.640625 0.4359375 0.0578125 0.059375
0 0.65 0.6625 0.0390625 0.075
0 0.7328125 0.728125 0.06875 0.05625
0 0.7109375 0.8015625 0.059375 0.06875