0 0.39147701264304297 0.3290197725478312 0.05190246144333717 0.03318384059717552
0 0.0170358220191968 0.7402636391239072 0.024939443244739755 0.025076409654926125
0 0.2095632834625339 0.7832809376506389 0.023376943244739757 0.02496714901126431
0 0.15259139265411753 0.8166290331914929 0.024939443244739935 0.025076409654925948
0 0.27294346544850673 0.8499328421097848 0.023376943244739757 0.02496714901126431
0 0.34157235193798635 0.9013967891435776 0.023376943244739934 0.02496714901126431
0 0.387425072480622 0.9372685871661062 0.024939443244739935 0.025076409654926125
0 0.34874450184570127 0.8676773530055482 0.023376943244739757 0.02496714901126431
0 0.2917540222037669 0.8279157304773873 0.023376943244739934 0.02496714901126431
0 0.3056558358988575 0.8506648156266813 0.02171431369509058 0.023295388367602497
0 0.3734836859911425 0.8896287626604741 0.023376943244739934 0.02496714901126431
0 0.7337202791435973 0.8022608945717888 0.060355311535622215 0.06799588317182241
0 0.64375 0.503125 0.059375 0.028125
0 0.5865868584163914 0.6908649366422327 0.04961807063492083 0.07035605866619025
0 0.6827027899409389 0.5887011391239072 0.058892941085271565 0.0694491225281606
0 0.6454240330011085 0.540984904963349 0.0703916455887783 0.054698207677454744
0 0.7266926218346267 0.6197761765027741 0.04961807063492083 0.07035605866619044
0 0.7469631539128845 0.7176345222957297 0.04034320018457009 0.07126299480421991
0 0.6401309654485068 0.7739395165957464 0.07341651603912895 0.05335422896477802
0 0.7374112739018099 0.5443062829393914 0.06989099784053163 0.04688570767745457
0 0.7200606924695474 0.6861988519971419 0.045030700184570095 0.07159077673520517
0 0.8426180104835745 0.6325489641337424 0.04336807063492074 0.06991901609154336
0 0.7467652899409389 0.5931808255140384 0.05869268198597286 0.0663241225281606
0 0.6921965083241063 0.6640289210548923 0.044930570634920744 0.070028276735205
0 0.6396722856220022 0.6696890591703933 0.07321625693983033 0.050229228964778015