0 0.34571907560680587 0.29293412242417594 0.04476829255305557 0.047065176764564676
0 0.2994584053945835 0.11473734482977424 0.043205792553055566 0.04694677759440165
0 0.3462632830537503 0.2493025215943389 0.04320579255305575 0.04694677759440165
0 0.3026587534184725 0.2522373448297742 0.04476829255305557 0.047065176764564676
0 0.3494584053945835 0.118526118274991 0.043205792553055566 0.04694677759440165
0 0.31726546086541685 0.20967133653140452 0.04480466014423605 0.04862767676456468
0 0.26083231648875016 0.13052736557569866 0.04476829255305557 0.047065176764564676
0 0.371875 0.2375 0.015625 0.05
0 0.36640625 0.159375 0.0265625 0.046875
0 0.2929915062682641 0.17195784897895913 0.04480466014423605 0.04862767676456468
0 0.35859375 0.2015625 0.0421875 0.046875
0 0.33165396276527803 0.15773032823303473 0.043242160144236055 0.04850927759440164
0 0.46330923195131984 0.311508030293694 0.04473192496187504 0.045502676764564674
0 0.43431271618375045 0.3389459460605965 0.04473192496187504 0.045502676764564674
0 0.5266820541396532 0.353743997100215 0.044695557370694416 0.04394017676456467
0 0.46327025151861145 0.1758073286340201 0.043169424961874994 0.04538427759440165
0 0.5032432477188893 0.28489890871793266 0.04469555737069451 0.04394017676456467
0 0.6724647199834726 0.25092941826570225 0.043133057370694415 0.043821777594401645
0 0.7528432042159032 0.28665527594401646 0.04316942496187508 0.04538427759440165
0 0.4786822716545839 0.4358927236549982 0.04473192496187504 0.045502676764564674
0 0.7056785699072227 0.3376724016689627 0.04160692496187508 0.04526587842423879
0 0.6327878901956949 0.4226142415011376 0.04316942496187508 0.04538427759440165
0 0.40851393559854215 0.3697456601678251 0.04473192496187504 0.0455026767645645
0 0.6514638485925699 0.3538409307132569 0.043133057370694505 0.043821777594401645
0 0.5922680737069448 0.22301606058738804 0.043133057370694505 0.043821777594401645
0 0.5459061392457645 0.44254638797200824 0.04473192496187508 0.045502676764564674
0 0.402115852392292 0.22888386182749915 0.04473192496187504 0.045502676764564674
0 0.5041498246568754 0.1898232070582587 0.043133057370694505 0.043821777594401645
0 0.44656075588701444 0.4630938410815747 0.04476829255305557 0.047065176764564676
0 0.4449969494662505 0.39590634108157474 0.04473192496187504 0.045502676764564674
0 0.6208281783803475 0.17682814482048545 0.041570557370694414 0.04370337842423862
0 0.40637086056041716 0.41169636182749914 0.04473192496187504 0.045502676764564674
0 0.6750818801277088 0.2963603174358653 0.04160692496187508 0.04526587842423861
0 0.4062955125365281 0.2744331601678251 0.04473192496187504 0.0455026767645645
0 0.5347101468452087 0.2295727912913561 0.043133057370694505 0.043821777594401645
0 0.7804603643601393 0.33398056183678787 0.041570557370694414 0.04370337842423862
0 0.5653405913743753 0.13830917386477964 0.043133057370694415 0.043821777594401645
0 0.6877299633339589 0.43769571245684336 0.04316942496187508 0.04538427759440165
0 0.5912913744281255 0.44910496390673593 0.043133057370694505 0.043821777594401645
0 0.6202528290252783 0.4871736489696704 0.04316942496187508 0.04538427759440165
0 0.5757702515186114 0.18433206888575776 0.043133057370694415 0.043821777594401645
0 0.562072733851181 0.2659605771841275 0.043133057370694505 0.043821777594401645
0 0.48034995516583373 0.2394913203356503 0.04469555737069451 0.04394017676456467
0 0.5079710345723617 0.48802390871793266 0.04473192496187499 0.045502676764564674
0 0.4392521764804864 0.2161004419114117 0.043169424961875036 0.04538427759440165
0 0.7330775245043755 0.3756226875617341 0.04160692496187508 0.04526587842423861
0 0.679257621009653 0.1407023132866804 0.043133057370694415 0.043821777594401645
0 0.7737752596867365 0.38182606598597274 0.04160692496187508 0.04526587842423861
0 0.5386378466927088 0.3983227912913561 0.04469555737069451 0.04394017676456467
0 0.6380182912218755 0.3122687373519527 0.043133057370694415 0.043821777594401645
0 0.739692506836945 0.4587903850722232 0.04316942496187508 0.04538427759440165
0 0.7732310522397923 0.4254576668158097 0.04160692496187508 0.04526587842423861
0 0.6716334910693755 0.4832683215850501 0.04316942496187508 0.04538427759440165
0 0.40579028552229224 0.4537654626573361 0.043169424961875036 0.04538427759440165
0 0.5797732993900006 0.49034527054543176 0.04160692496187508 0.04526587842423861
0 0.359375 0.89765625 0.040625 0.0765625
0 0.359375 0.95234375 0.040625 0.0703125
0 0.3703125 0.834375 0.01875 0.078125
0 0.24964285619201415 0.8668881502190702 0.042479747150208344 0.08276587842423862
0 0.2711918542921531 0.9215523394311894 0.06420927678548623 0.07817346680652104
0 0.25703125 0.984375 0.0765625 0.03125
0 0.33203125 0.98671875 0.0515625 0.0265625
0 0.3241350163362503 0.9177654112167323 0.05025587955902786 0.08179537427505376
0 0.98046875 0.98984375 0.0390625 0.0203125
0 0.9034978208571532 0.8619675423402633 0.054216027735416714 0.05090057178554268
0 0.9244298763279865 0.9571383323822197 0.04963763050895835 0.05523287427505359
0 0.775 0.975 0.05 0.05
0 0.959201000568681 0.7757233116362953 0.04193423328249999 0.05932837842423862
0 0.8890625 0.990625 0.034375 0.01875
0 0.8836594059632643 0.9478099539579811 0.04811149810013902 0.05667697510489056
0 0.7916888050895837 0.8831303020885256 0.06181032218833345 0.042117567636357836
0 0.9286419848011114 0.8030428282330349 0.05715918977951375 0.04332487012586892
0 0.98359375 0.95546875 0.0328125 0.0578125
0 0.617668117209931 0.777918893370593 0.0590853656913195 0.059068269296031775
0 0.6296875 0.9796875 0.05 0.040625
0 0.9492830995425005 0.885713618274991 0.04200696846486114 0.06245337842423861
0 0.94453125 0.97734375 0.0484375 0.0453125
0 0.74296875 0.99375 0.0390625 0.0125
0 0.84296875 0.97578125 0.0390625 0.0484375