0 0.16484375 0.27265625 0.0546875 0.0734375
0 0.2109375 0.27890625 0.059375 0.0609375
0 0.275 0.2890625 0.075 0.040625
0 0.01875 0.146875 0.0375 0.059375
0 0.0421875 0.09921875 0.084375 0.0703125
0 0.0736119848837217 0.1600727479856526 0.08944203423772627 0.0581891847906915
0 0.2244316101144344 0.2400892173395742 0.05813147748246621 0.0802896778706093
0 0.015625 0.26484375 0.03125 0.0515625
0 0.0703125 0.28046875 0.075 0.0578125
0 0.17409164867109722 0.21237539422160032 0.05540699568106326 0.08641234387822054
0 0.2789188510151357 0.23473587247277047 0.05540699568106326 0.08641234387822054
0 0.10724650524178729 0.1226709070731816 0.06205751387966067 0.09291701186299806
0 0.13359375 0.2859375 0.0734375 0.046875
0 0.363075003082319 0.15454435368969016 0.06770673658176456 0.08379667984777565
0 0.24054106415651583 0.05144321140807513 0.08701794108527157 0.06899935079830274
0 0.1179813510151357 0.2412935730807928 0.08056768198597286 0.06561968281352523
0 0.05400278685861988 0.049644583955207724 0.09442992288667415 0.06306768577927473
0 0.3452051850682919 0.21793569163641163 0.09040375693983016 0.04887785178688588
0 0.21942513263196836 0.1619642173395742 0.06468186613141391 0.0852318458553869
0 0.0375 0.29140625 0.075 0.0359375
0 0.3120131508305656 0.1644578645641051 0.05414488433001132 0.09103617688202617
0 0.3591303778516063 0.0685431866934958 0.07093186613141408 0.08548651384016441
0 0.17437344848652714 0.14343439323301715 0.0796059592838688 0.07493101581733086
0 0.14719158235511304 0.061513231179738635 0.09110466378737563 0.05981535178688593
0 0.0359375 0.190625 0.071875 0.053125
0 0.318745209745294 0.09838719559074435 0.07834384793281686 0.07955484882113639
0 0.16375732109634616 0.10000272821398912 0.09150518198597286 0.06606535178688588
0 0.04140625 0.2328125 0.0828125 0.05625
0 0.2580265576781109 0.17762370943090883 0.06770673658176456 0.08379667984777565
0 0.3416982557032126 0.28544152661738365 0.08677810919158375 0.04093801779449713
0 0.25372098704318996 0.11043620943090877 0.08944203423772627 0.0581891847906915
0 0.3398959238095248 0.25731652661738363 0.0882404796419344 0.03943918479069151
0 0.10736522362495471 0.1978619080617648 0.08369268198597286 0.065747016805914
0 0.8323814173311199 0.5581043882901013 0.04332849784053163 0.04384284190105418
0 0.795882712827613 0.5752573961987666 0.04332849784053163 0.04384284190105418
0 0.8819994879660407 0.6234455454004639 0.04489099784053181 0.043906508897248564
0 0.9046965083241062 0.5864893734613537 0.046553627390180985 0.04553267589344294
0 0.709325846696199 0.495755580000875 0.044991127390180984 0.045469008897248565
0 0.7617475447213009 0.6048467371112377 0.04332849784053163 0.04384284190105418
0 0.8825235148025113 0.46049987642710316 0.04489099784053181 0.043906508897248564
0 0.8478876989479524 0.4822767173395742 0.04489099784053163 0.043906508897248564
0 0.9023911335548188 0.6727452084423257 0.046553627390180985 0.04553267589344294
0 0.6029733220191968 0.6207157707230656 0.044991127390180984 0.045469008897248565
0 0.6427391239940949 0.5078682608372339 0.046453497840531634 0.043970175893442945
0 0.7320414558877827 0.5324279090503479 0.04489099784053181 0.043906508897248564
0 0.8597029858065725 0.6666517173395742 0.044991127390180984 0.045469008897248565
0 0.8584036967884842 0.5241458823586023 0.04489099784053163 0.043906508897248564
0 0.9349242288667421 0.6181558675298546 0.04645349784053181 0.043970175893442945
0 0.9619082310262105 0.5747586946021612 0.04489099784053163 0.043906508897248564
0 0.5940803809339253 0.5552817717116488 0.04489099784053163 0.043906508897248564
0 0.8383682063492082 0.7004192222824901 0.04489099784053181 0.043906508897248564
0 0.9297336859911425 0.7327277034994097 0.04489099784053181 0.043906508897248564
0 0.5555790854374321 0.5411847796203142 0.046553627390180985 0.04553267589344294
0 0.5933003284976017 0.49421693771926006 0.044991127390180984 0.04546900889724874
0 0.6773539558877828 0.5346562539171517 0.04489099784053163 0.043906508897248564
0 0.569620601476561 0.5891766106469534 0.046553627390180985 0.04553267589344294
0 0.9737445018457013 0.7105688606097724 0.046553627390180985 0.04553267589344294
0 0.6777730629198981 0.6145347549057348 0.04489099784053163 0.043906508897248564
0 0.9828125 0.50390625 0.034375 0.0453125
0 0.6359255243632352 0.6460049307991778 0.04489099784053163 0.043906508897248564
0 0.5722425586009614 0.7034301116355366 0.046453497840531634 0.043970175893442945
0 0.6957849784053167 0.45557624897423576 0.04489099784053181 0.043906508897248564
0 0.98515625 0.66015625 0.0296875 0.0453125
0 0.9068364065337782 0.76655887543852 0.046553627390180985 0.04553267589344294
0 0.7801551881506108 0.6965249011416825 0.04489099784053163 0.043906508897248564
0 0.7232858220191968 0.6158134120160975 0.04166586829088246 0.04221667490485981
0 0.7908972193060181 0.4485675622063779 0.04332849784053163 0.04384284190105418
0 0.98828125 0.46171875 0.0234375 0.0453125
0 0.7417726110372851 0.7576189100389311 0.046553627390181165 0.04553267589344294
0 0.5165747470653393 0.6414686225099515 0.048015997840531635 0.04403384288963732
0 0.7826632171465497 0.4912007311797386 0.04156573874123311 0.040654174904859806
0 0.8610700169619797 0.41907638038143585 0.04489099784053163 0.043906508897248564
0 0.6232042813030656 0.6919541007611217 0.04489099784053163 0.043906508897248564
0 0.5144906153562216 0.6822846234985347 0.04967862739018099 0.0456600098858317
0 0.8907317427464025 0.7108182114080751 0.04332849784053163 0.04384284190105418
0 0.8594211859911425 0.7355927183281573 0.04156573874123311 0.040654174904859806
0 0.7244058358988574 0.7066294130046806 0.04322836829088246 0.04228034190105419
0 0.6352827791435972 0.7337595987839554 0.046553627390180985 0.04553267589344294
0 0.9052415191214479 0.3749788704956042 0.044991127390180984 0.045469008897248565
0 0.739334719306018 0.4506685730807928 0.04489099784053163 0.043906508897248564
0 0.5695390607604298 0.6612426116355367 0.04479086829088237 0.04234400889724856
0 0.5182187877814706 0.5693389545251739 0.04479086829088228 0.04234400889724856
0 0.8647166486710972 0.3781967123966583 0.04322836829088246 0.04228034190105419
0 0.9223870511997058 0.47140820152224344 0.0431282387412331 0.04071784190105419
0 0.6304603670542647 0.46293776281440024 0.046553627390180985 0.04553267589344294
0 0.98984375 0.32578125 0.0203125 0.0328125
0 0.9515625 0.32109375 0.046875 0.0234375
0 0.7257938510151357 0.41048924205415355 0.04489099784053163 0.043906508897248564
0 0.8225687214654863 0.40497938829010127 0.04489099784053181 0.043906508897248564
0 0.9921875 0.80234375 0.015625 0.0453125
0 0.89765625 0.32734375 0.0484375 0.0359375
0 0.7804813510151357 0.40826089718734987 0.044991127390180984 0.045469008897248565
0 0.7936031122739027 0.3685617272254059 0.046653756939830336 0.04709517589344294