0 0.70625 0.746875 0.1046875 0.0703125
0 0.559375 0.6046875 0.096875 0.0625
0 0.4265625 0.809375 0.1015625 0.06875
0 0.6078125 0.540625 0.09375 0.071875
0 0.4703125 0.475 0.096875 0.0625
0 0.684375 0.8078125 0.103125 0.0734375
0 0.36875 0.3859375 0.084375 0.0890625
0 0.3890625 0.68125 0.0640625 0.1015625
0 0.6703125 0.6328125 0.0921875 0.0875
0 0.4484375 0.3828125 0.0703125 0.0953125
0 0.4671875 0.653125 0.0625 0.0984375
0 0.5 0.74375 0.0609375 0.1078125
0 0.2890625 0.4640625 0.065625 0.0984375
0 0.5625 0.4578125 0.0875 0.0828125
0 0.178125 0.6484375 0.06875 0.103125
0 0.2953125 0.628125 0.1015625 0.0671875
0 0.296875 0.553125 0.0953125 0.08125
0 0.359375 0.4609375 0.0703125 0.096875
0 0.3859375 0.5625 0.075 0.09375
0 0.621875 0.409375 0.0625 0.096875
0 0.20625 0.5453125 0.075 0.0984375