0 0.3250039192622919 0.21480291603125057 0.042188806420763926 0.06813305737069442
0 0.19968314304548657 0.5335866707809032 0.06497168977951392 0.040553571238402954
0 0.3218477773541671 0.4817722104841673 0.06965918977951394 0.04066267401194459
0 0.28034603590354185 0.24187325588701442 0.06820579255305556 0.04531380642076392
0 0.2203125 0.5734375 0.05 0.03125
0 0.19535801253652813 0.48195143559854214 0.04058993882958326 0.06653418977951393
0 0.32457404027194486 0.5318085780753478 0.04520470364722229 0.06351829255305556
0 0.2821683347248616 0.5214516531134727 0.03899107123840295 0.06493532218833345
0 0.3203125 0.578125 0.065625 0.021875
0 0.19670100056868084 0.4054616707809033 0.0559603656913195 0.0559603656913195
0 0.00625 0.5078125 0.0125 0.05
0 0.256551392095556 0.5614584040634033 0.06035692496187508 0.043569468464861136
0 0.05811127925402815 0.42253745516583374 0.04829333605604162 0.062028527735416714
0 0.1625 0.5765625 0.0625 0.025
0 0.24546580888930586 0.4206515661075005 0.05592399810013902 0.054397865691319505
0 0.2409978208571532 0.4970685957427783 0.052871733282499986 0.05745013050895835
0 0.09470078305375029 0.31719664494534766 0.06660692496187508 0.04371493882958344
0 0.2681408958952781 0.4555357123840283 0.05443423328249999 0.05748649810013902
0 0.03359375 0.58515625 0.0671875 0.0078125
0 0.23815984232430587 0.30804246333395885 0.06210126291777769 0.051418336056041715
0 0.13064220231604207 0.5194864967689587 0.04513196846486114 0.06039329255305574
0 0.0171875 0.459375 0.034375 0.065625
0 0.3315851468452086 0.43046428362243117 0.04524107123840295 0.06508079255305557
0 0.058803569907222644 0.519376087574653 0.04669446846486114 0.06042966014423605
0 0.14121471998347257 0.4369649374984032 0.04055357123840277 0.06497168977951392
0 0.115625 0.5625 0.040625 0.053125
0 0.08950805603951428 0.4966659393982643 0.03739220364722229 0.06333645459715279
0 0.2920485617390975 0.3420914614340978 0.04680357123840277 0.06511716014423614
0 0.7212658958952781 0.21603157560680586 0.07322060087368065 0.05948540919430556
0 0.8369999986688198 0.22341027735416708 0.043969511967847194 0.07754442496187508
0 0.8786056172099309 0.19939220231604207 0.06555357123840296 0.06555357123840296
0 0.8780289614340978 0.44299673195131983 0.07434668977951393 0.04077177678548623
0 0.6650561827487506 0.41773823955076417 0.036157011967847284 0.07736258700597229
0 0.96953125 0.4890625 0.0609375 0.065625
0 0.7573878466927088 0.35898279502159747 0.07761716014423614 0.0470945119678472
0 0.9070241707809032 0.346849083774931 0.036157011967847194 0.07736258700597229
0 0.8550979948690977 0.33002395326597267 0.05323540919430556 0.07307513050895835
0 0.634602350492431 0.24993249050069472 0.054834276785486226 0.07467399810013901
0 0.8708307912218753 0.2679239967689588 0.06704333605604162 0.06246493882958326
0 0.7772288744281255 0.4062942061157642 0.07587282218833344 0.03924564437666671
0 0.8083684652338199 0.33518292553055584 0.06242857123840295 0.06548083605604163
0 0.9069527420193062 0.41087521618375045 0.07274782218833345 0.039172909194305564
0 0.94921875 0.55625 0.0296875 0.065625
0 0.6717439002636811 0.5037848423243059 0.05011040919430556 0.07300239532659739
0 0.8098932912218754 0.266505660712917 0.06558993882958326 0.06711607123840295
0 0.9198501726807644 0.294051392095556 0.07434668977951375 0.04077177678548623
0 0.8470322281515976 0.3860557477188893 0.06838763050895835 0.05312630642076392
0 0.7731972974901395 0.501461235751042 0.07162173328249999 0.05788654160312508
0 0.8675655465402089 0.5302057912218754 0.05933993882958326 0.06697060087368065
0 0.6110246058107645 0.5117415062682641 0.05323540919430556 0.07307513050895835
0 0.6046875 0.321875 0.05 0.065625
0 0.1984375 0.98515625 0.04375 0.0296875
0 0.0046875 0.97734375 0.009375 0.0453125
0 0.11192856990722264 0.8712983442241669 0.04473192496187508 0.043205792553055566
0 0.49161737632798663 0.9472868012898615 0.043133057370694415 0.04160692496187508
0 0.036675303189722695 0.9257663322563197 0.04629442496187504 0.043242160144236055
0 0.325 0.98828125 0.04375 0.0234375
0 0.0951034393982643 0.8193721683123613 0.04473192496187508 0.043205792553055566
0 0.13158775968673658 0.9107972553183336 0.04473192496187508 0.043205792553055566
0 0.3548771764804865 0.7754455560395144 0.04160692496187508 0.043133057370694415
0 0.5703125 0.9578125 0.01875 0.04375
0 0.5342776550133339 0.9685812262517366 0.04316942496187508 0.04316942496187508
0 0.233038544071667 0.7741713839274309 0.04316942496187508 0.04316942496187508
0 0.24368771618375043 0.8962282218833337 0.04316942496187508 0.04316942496187508
0 0.32969664494534767 0.8342023069894449 0.04316942496187508 0.04316942496187508
0 0.2906354513661116 0.9004442496187505 0.04316942496187508 0.04316942496187508
0 0.20175478932201435 0.9061837969214587 0.04316942496187508 0.04316942496187508
0 0.4052408523922921 0.792234318957292 0.043133057370694415 0.04160692496187508
0 0.57109375 0.8890625 0.0171875 0.04375
0 0.45625 0.98984375 0.04375 0.0203125
0 0.399571427430417 0.7499377161837504 0.041570557370694414 0.041570557370694504
0 0.27646515501333385 0.9625805737069448 0.04316942496187508 0.04316942496187508
0 0.13275152260451434 0.9607972553183336 0.04473192496187508 0.043205792553055566
0 0.2664692931217365 0.8014976033422225 0.04316942496187508 0.04316942496187508
0 0.4145457300514588 0.9236297893220143 0.043133057370694415 0.04160692496187508
0 0.4342412874221533 0.9646912004161811 0.04473192496187508 0.04320579255305575
0 0.21850457180708371 0.8206827080156252 0.04316942496187508 0.04316942496187508
0 0.352771775454306 0.8862739532659727 0.043133057370694415 0.04160692496187508
0 0.5515703385245837 0.7722153725282644 0.043133057370694415 0.04160692496187508
0 0.17359211531006985 0.8368155478713891 0.043133057370694415 0.04160692496187508
0 0.3134884570656947 0.7416874986688198 0.04316942496187508 0.04316942496187508
0 0.2722114532659726 0.8469192061157642 0.04316942496187508 0.04316942496187508
0 0.4960827515186114 0.736567506836945 0.043133057370694415 0.04160692496187499
0 0.8808591014423616 0.9704658088893059 0.06177395459715278 0.037355836056041626
0 0.9921875 0.95078125 0.015625 0.0453125
0 0.7031678996950003 0.8507676386770836 0.060538762917777864 0.051381968464861136