0 0.17317406490171977 0.16207404027194486 0.05961401741285464 0.035720600873680654
0 0.01328125 0.21953125 0.0265625 0.0203125
0 0.1491832869734157 0.06163762917777822 0.04924972749876275 0.046403527735416714
0 0.11640625 0.21484375 0.0515625 0.0296875
0 0.14870076661988502 0.8569825775066668 0.019650758706427317 0.017623911094166722
0 0.1806877510160528 0.871772429330278 0.01808825870642732 0.017587543502986237
0 0.11382115558403712 0.9061097553183336 0.019732645861557076 0.019186411094166723
0 0.12304566937884705 0.843900696047778 0.01808825870642732 0.01758754350298606
0 0.1507413014455941 0.9256962099154864 0.018170145861557074 0.019150043502986058
0 0.1763211555840371 0.9075644589655558 0.01808825870642732 0.017587543502986237
0 0.19531681704942638 0.9126883700597226 0.016443871551297562 0.015988675911805573
0 0.11966836386092305 0.8687915932742364 0.01808825870642723 0.017587543502986237
0 0.0953234611019611 0.8807097118153475 0.01808825870642732 0.01758754350298606
0 0.13989233265325857 0.897353004368403 0.018170145861557074 0.019150043502986235
0 0.8737206987774891 0.7715594494662505 0.019732645861557076 0.019186411094166723
0 0.9384316519659925 0.8152016531134727 0.021295145861557074 0.01922277868534721
0 0.92518802351729 0.8304993447928478 0.019732645861557076 0.019186411094166543
0 0.9111388116223594 0.7708697716545838 0.019732645861557076 0.019186411094166723
0 0.9287357473980082 0.77908231515757 0.019732645861557076 0.019186411094166723