0 0.03125 0.5109375 0.0625 0.0625
0 0.05105649147766149 0.349299658774595 0.08030754809323426 0.0688772878817268
0 0.1432538820443491 0.5645742302859847 0.04825893992586625 0.08807382697140156
0 0.11654753830495138 0.5262450539234064 0.052891876223535306 0.0868939642443051
0 0.11147311398818176 0.6715575539234064 0.07304068511654274 0.08386455909355402
0 0.08966263449141984 0.4037959690760971 0.06986112141421197 0.08204696757828493
0 0.13511897823081753 0.4405945963470611 0.05434524881887377 0.08389651000193972
0 0.15625 0.403125 0.046875 0.084375
0 0.08477174864923764 0.49923601483373165 0.05278274881887359 0.08376896424430509
0 0.15078125 0.34140625 0.0578125 0.0578125
0 0.061433485487211746 0.2752244299864223 0.06991568511654282 0.08360946757828502
0 0.0234375 0.6421875 0.046875 0.071875
0 0.8653124205189364 0.3317947126980014 0.04845734736759475 0.04913887272903601
0 0.5564930143431523 0.07343904725544662 0.04689484736759475 0.04901132697140156
0 0.9122419842212673 0.32640583996896533 0.04684028366526398 0.047448826971401556
0 0.9035713339511149 0.44085097724186895 0.04845734736759475 0.04913887272903601
0 0.9480207715147284 0.19416742481627464 0.04840278366526398 0.04757637272903601
0 0.8427429613557766 0.4427002617896158 0.04845734736759475 0.04913887272903601
0 0.98125 0.21640625 0.0375 0.0484375
0 0.5544741573569105 0.1312515472554466 0.04533234736759475 0.04888378121376702
0 0.5586110419331485 0.2804862727096394 0.045277783665263985 0.04732128121376711
0 0.882698327960665 0.36932666360638694 0.04840278366526398 0.04757637272903601
0 0.6492807150687916 0.04872634755500904 0.04689484736759475 0.04901132697140156
0 0.6464582715147283 0.21878375603973996 0.045277783665263985 0.04732128121376693
0 0.7257638255984123 0.2232164224003787 0.045277783665263985 0.04732128121376711
0 0.5069096765942043 0.1102054657421172 0.04689484736759475 0.04901132697140156
0 0.4499156321291672 0.09148715877459504 0.04533234736759484 0.04888378121376693
0 0.8768352522774346 0.22490698390982872 0.04684028366526398 0.047448826971401556
0 0.8285614433844273 0.22417340239649927 0.04684028366526398 0.047448826971401556
0 0.8113789217848808 0.09158404300338283 0.04684028366526398 0.047448826971401556
0 0.4948114698781151 0.05510337756082802 0.046949411069925694 0.05057382697140156
0 0.7791516873091595 0.4790520920949972 0.04684028366526398 0.047448826971401556
0 0.7116566524627691 0.4487266054309168 0.04689484736759475 0.04901132697140156
0 0.6468799121662341 0.11747634755500905 0.045277783665263985 0.04732128121376693
0 0.7948510983790852 0.43102918027628634 0.04689484736759475 0.04901132697140156
0 0.9510515130772079 0.2858447417857365 0.04840278366526398 0.04757637272903601
0 0.4799404049098399 0.3024885605913662 0.04684028366526398 0.047448826971401556
0 0.48984375 0.01015625 0.0484375 0.0203125
0 0.8356596368536724 0.377840536335423 0.04684028366526398 0.047448826971401556
0 0.878125 0.01484375 0.046875 0.0296875
0 0.872683432499836 0.4776493466369251 0.04845734736759475 0.04913887272903601
0 0.98359375 0.13046875 0.0328125 0.0484375
0 0.7793798989193901 0.20481736664080447 0.045277783665263985 0.04732128121376693
0 0.5944989566312712 0.14512285755694868 0.045277783665263985 0.04732128121376693
0 0.791621949374877 0.30041690906445917 0.045223219962933214 0.04575878121376711
0 0.9184225515517952 0.23865074845369624 0.04678571996293286 0.04588632697140156
0 0.7341815047245055 0.07139883088510954 0.04684028366526398 0.047448826971401556
0 0.5602132366683381 0.18998881846727392 0.04684028366526398 0.047448826971401556
0 0.9681943399415648 0.508804009663584 0.05163691106992587 0.05095646424430509
0 0.7546725647986392 0.15386064452059153 0.046785719962933035 0.04588632697140156
0 0.8547816922033009 0.14257271603198127 0.046785719962933035 0.04588632697140156
0 0.6861804481089326 0.5536372460378003 0.04533234736759475 0.04888378121376711
0 0.52109375 0.77109375 0.0484375 0.0640625
0 0.7398362161651001 0.7859715139156478 0.06262897477225664 0.053411784547746775
0 0.775 0.759375 0.053125 0.040625
0 0.8915227125369029 0.8592819839098287 0.0645188569862416 0.0629143303053814
0 0.62109375 0.7609375 0.0703125 0.04375
0 0.60546875 0.74375 0.0671875 0.009375
0 0.7873808495602115 0.8522025496713426 0.06602679328391084 0.06147937606301603
0 0.6953125 0.7640625 0.0625 0.05
0 0.484375 0.74609375 0.046875 0.0140625
0 0.6872370058208137 0.8198680239175873 0.04760417549789579 0.06932382697140156
0 0.7839631836809624 0.9054550954289772 0.0730208377489479 0.03867960485118864
0 0.5538441524627691 0.8027119590741574 0.035104175497895795 0.06830346091032524
0 0.5390625 0.746875 0.0625 0.015625
0 0.61917648658352 0.8503524914958724 0.061284729581580065 0.059534238790112326
0 0.87265625 0.7671875 0.0671875 0.05625
0 0.6561655658949476 0.906538847555009 0.044588302902557685 0.07219373545613247