0 0.490625 0.4015625 0.0515625 0.0625
0 0.4046875 0.453125 0.05 0.0609375
0 0.571875 0.5109375 0.06875 0.046875
0 0.584375 0.5546875 0.0671875 0.053125
0 0.5453125 0.659375 0.0453125 0.0734375
0 0.5125 0.6328125 0.0484375 0.0703125
0 0.5265625 0.56875 0.0578125 0.0609375
0 0.5859375 0.659375 0.04375 0.0734375
0 0.4859375 0.6984375 0.05625 0.0640625
0 0.5015625 0.5453125 0.0546875 0.0671875
0 0.471875 0.625 0.0515625 0.0671875
0 0.628125 0.6703125 0.05 0.0703125
0 0.6296875 0.496875 0.0484375 0.06875
0 0.64375 0.56875 0.0609375 0.0640625
0 0.60625 0.4609375 0.059375 0.0640625
0 0.6109375 0.40625 0.05625 0.0640625
0 0.5875 0.253125 0.0578125 0.05625
0 0.6265625 0.603125 0.053125 0.0671875
0 0.6625 0.425 0.071875 0.046875
0 0.565625 0.6 0.0703125 0.0484375
0 0.6609375 0.290625 0.0703125 0.046875
0 0.4484375 0.559375 0.0640625 0.0578125
0 0.5953125 0.3484375 0.059375 0.0609375
0 0.6890625 0.4640625 0.0765625 0.05
0 0.478125 0.3515625 0.06875 0.046875
0 0.4421875 0.3953125 0.0515625 0.0640625
0 0.675 0.6203125 0.065625 0.059375
0 0.378125 0.5640625 0.046875 0.0671875
0 0.3609375 0.628125 0.0453125 0.0671875
0 0.3875 0.5015625 0.0421875 0.06875
0 0.44375 0.6875 0.046875 0.06875
0 0.6375 0.24375 0.0671875 0.0515625
0 0.5203125 0.734375 0.05625 0.0671875
0 0.4296875 0.5140625 0.0484375 0.0640625
0 0.56875 0.453125 0.0328125 0.071875
0 0.4046875 0.6765625 0.0453125 0.071875
0 0.53125 0.465625 0.040625 0.0703125
0 0.65 0.740625 0.0515625 0.075
0 0.4421875 0.6109375 0.05625 0.0671875
0 0.6796875 0.6828125 0.05 0.0703125
0 0.5671875 0.734375 0.04375 0.0734375
0 0.4 0.6171875 0.04375 0.06875
0 0.5671875 0.3796875 0.0484375 0.0640625
0 0.365625 0.69375 0.04375 0.0703125
0 0.671875 0.540625 0.071875 0.0625
0 0.60625 0.7234375 0.046875 0.078125
0 0.540625 0.31875 0.0546875 0.0625
0 0.653125 0.3421875 0.0546875 0.0671875
0 0.6859375 0.50625 0.0734375 0.0578125
0 0.4453125 0.4515625 0.034375 0.0703125
0 0.4984375 0.475 0.034375 0.06875
0 0.53125 0.403125 0.0515625 0.0609375
0 0.546875 0.26875 0.0546875 0.0609375
0 0.471875 0.4625 0.0359375 0.0703125
0 0.690625 0.3875 0.071875 0.053125
0 0.703125 0.3375 0.053125 0.0671875
0 0.603125 0.30625 0.065625 0.05