0 0.14705848642947209 0.265625 0.10750613342392405 0.1296875
0 0.2827881728196032 0.3296875 0.1128491972858944 0.1390625
0 0.39296875 0.0578125 0.1234375 0.115625
0 0.02109375 0.2125 0.0421875 0.1
0 0.4636011302449562 0.3234375 0.14536676634364482 0.1125
0 0.97890625 0.35859375 0.0421875 0.0609375
0 0.8235453047309178 0.209375 0.07207137797604232 0.0921875
0 0.8324725544788164 0.1359375 0.08591535668871889 0.0890625
0 0.98125 0.22109375 0.0375 0.0828125
0 0.88984375 0.5390625 0.1015625 0.059375
0 0.9046753364098017 0.140625 0.07664961733238052 0.090625
0 0.9537126780153834 0.484375 0.06938342055068922 0.0984375
0 0.8554829916252522 0.4203125 0.07083665990702759 0.096875
0 0.7577017834435945 0.20625 0.07083665990702759 0.096875
0 0.7672838690970915 0.365625 0.1012454257464693 0.0625
0 0.7669453794886516 0.29375 0.09586951089576327 0.075
0 0.6525329542463854 0.378125 0.07105518119435103 0.1
0 0.6814777730520343 0.278125 0.0770866599070276 0.096875
0 0.850850485925269 0.309375 0.08111859604505725 0.0875
0 0.9243751032576496 0.4 0.06894637797604233 0.0921875
0 0.9265281930985205 0.2296875 0.09633940445914604 0.059375
0 0.55390625 0.8921875 0.0109375 0.040625
0 0.46645407057035976 0.8296875 0.04335651609154336 0.0390625
0 0.3322318898802118 0.8765625 0.04335651609154336 0.0390625
0 0.4378263260182414 0.8671875 0.04335651609154336 0.0390625
0 0.4156342517647108 0.9296875 0.04513753737886681 0.0421875
0 0.4887882564562879 0.746875 0.04513753737886681 0.0421875
0 0.723446023808339 0.8875 0.046809298022528624 0.04375
0 0.8377598960843982 0.86875 0.045028276735205174 0.040625
0 0.9475283799928548 0.8296875 0.04491901609154354 0.0390625
0 0.8354768582013282 0.6796875 0.04157549480421992 0.0359375
0 0.7313578047309179 0.5984375 0.040012994804219916 0.0359375