0 0.2953125 0.5609375 0.075 0.0984375
0 0.3640625 0.5546875 0.084375 0.078125
0 0.2046875 0.75625 0.0625 0.096875
0 0.6140625 0.4828125 0.0578125 0.0921875
0 0.6625 0.4875 0.05625 0.09375
0 0.540625 0.5890625 0.0578125 0.0921875
0 0.4078125 0.5 0.0859375 0.0734375
0 0.6625 0.375 0.0546875 0.09375
0 0.3640625 0.6328125 0.0921875 0.059375
0 0.415625 0.41875 0.08125 0.0796875
0 0.33125 0.421875 0.090625 0.06875
0 0.68125 0.68125 0.0484375 0.0953125
0 0.35625 0.703125 0.09375 0.0703125
0 0.253125 0.6765625 0.0953125 0.0484375
0 0.5265625 0.45625 0.0890625 0.0703125
0 0.5078125 0.421875 0.0890625 0.0734375
0 0.4359375 0.38125 0.0796875 0.08125
0 0.4703125 0.35625 0.0796875 0.078125
0 0.525 0.5125 0.0828125 0.078125
0 0.3453125 0.4796875 0.096875 0.0484375
0 0.659375 0.5890625 0.0921875 0.065625
0 0.2453125 0.878125 0.078125 0.0875
0 0.559375 0.1765625 0.0921875 0.0703125