0 0.5396134099673324 0.3456388260182414 0.08338303029369402 0.13638525025210155
0 0.43570992781347184 0.492241038387273 0.095764631123531 0.13569683540139543
0 0.5201315493892332 0.4577346344323302 0.11224173610255281 0.1275237024816745
0 0.3484375 0.49609375 0.096875 0.1328125
0 0.521875 0.546875 0.121875 0.10625
0 0.60234375 0.584375 0.1265625 0.03125
0 0.3234375 0.4015625 0.046875 0.140625
0 0.05246860747782156 0.9422181671196201 0.048746075934727705 0.04848105866619044
0 0.1272551199253762 0.924134438659045 0.048746075934727705 0.048481058666190346
0 0.0171875 0.9640625 0.034375 0.046875
0 0.1125 0.98046875 0.05 0.0390625
0 0.6988503904708079 0.6959551723154002 0.03349958423309758 0.03187271287323483
0 0.6605682178554282 0.6419889381548419 0.0319370842330974 0.03176345222957302
0 0.6709388780232534 0.7173167200858271 0.03349958423309758 0.031872712873234656
0 0.7475964664055356 0.7444362309815904 0.03361798340326061 0.03343521287323466
0 0.7197315755337425 0.7253913000393409 0.03349958423309758 0.031872712873234656
0 0.5741571211747761 0.6297296027534465 0.03349958423309758 0.03187271287323483
0 0.6660863572773289 0.7558329168675184 0.03361798340326061 0.03343521287323483