0 0.03203125 0.3453125 0.0640625 0.096875
0 0.16499637543852003 0.324932257862681 0.10987901878308026 0.09587130937615385
0 0.096875 0.36328125 0.065625 0.0734375
0 0.057369559240628386 0.2365730598375791 0.10576452174882985 0.10963342072720579
0 0.18737539422160032 0.23707131245847285 0.06714769072219058 0.11806768198597269
0 0.10985788927868448 0.255602464525656 0.09795202174882985 0.10913277297895937
0 0.0705009120160975 0.1449863371354751 0.10101335475263547 0.1077705320782579
0 0.26640625 0.375 0.1171875 0.05
0 0.2977000819780414 0.1438801218346267 0.10512785178688588 0.09400842072720579
0 0.7159354288220114 0.3115658744555203 0.043970175893442945 0.046453497840531634
0 0.6609375 0.3953125 0.04375 0.009375
0 0.6375 0.3765625 0.04375 0.046875
0 0.7153969179475965 0.36322850400516965 0.043906508897248564 0.04489099784053181
0 0.6047140859323741 0.3498693059800678 0.04234400889724856 0.04479086829088228
0 0.9082104535365907 0.2063939204134388 0.04709517589344294 0.046653756939830336
0 0.3300775473776303 0.8119711829088235 0.07155134783255326 0.0731557001845701
0 0.44453125 0.4109375 0.0734375 0.021875
0 0.4602982410655704 0.6918565468807693 0.07311384783255334 0.07325582973421944
0 0.3267217371112377 0.7020955351605769 0.06998884783255317 0.07305557063492074
0 0.4650600424347144 0.8441199537283144 0.06829901384016442 0.06983044108527156
0 0.5294010681378769 0.7260498766149887 0.07148768083635879 0.07159320018457009
0 0.6083988655526882 0.8799435255998528 0.04553267589344294 0.046553627390180985
0 0.58359375 0.8484375 0.0296875 0.046875
0 0.6672990216744678 0.9338485780361765 0.04553267589344294 0.046553627390181165
0 0.6334678497353575 0.9567458574935408 0.045469008897248565 0.044991127390180984
0 0.6515625 0.98515625 0.04375 0.0296875
0 0.6953125 0.9859375 0.04375 0.028125
0 0.5912803497353576 0.954042359653009 0.043906508897248564 0.04489099784053181
0 0.6272470246402173 0.917182709745294 0.043906508897248564 0.04489099784053163
0 0.58671875 0.9125 0.0359375 0.04375
0 0.609375 0.984375 0.04375 0.03125
0 0.57890625 0.9828125 0.0203125 0.034375