0 0.1282687775051782 0.3457808359325486 0.05923115626060209 0.04129770934118149
0 0.0841021152541261 0.31349559460536647 0.060684528855940556 0.03819089067472685
0 0.2575346368536725 0.4457979225811858 0.05621528366526398 0.0443863466740904
0 0.3968699553653268 0.4363672838956411 0.05599702885594056 0.0381363466740904
0 0.19185507315134168 0.4481240385900945 0.06224702885594056 0.03820907200827221
0 0.12792154792359822 0.4004501545990031 0.04102679328391083 0.05670453333863605
0 0.3146973508261558 0.3295547572406406 0.05906746515360979 0.03661020934118149
0 0.027370998734055664 0.05957171061427515 0.053472229581579975 0.055287484006999676
0 0.121875 0.47578125 0.046875 0.0265625
0 0.18444934483570616 0.25766267059200343 0.04878472958158007 0.055232940006363404
0 0.30703125 0.4796875 0.0578125 0.01875
0 0.05303067532825993 0.3981978586091845 0.05928571996293304 0.04286020934118149
0 0.20703125 0.471875 0.0609375 0.034375
0 0.41328125 0.35234375 0.0328125 0.0421875
0 0.07605151307720792 0.36513081993954816 0.0516369110699257 0.04745680267345413
0 0.33198899983036406 0.4605502185710044 0.04867560217691817 0.05210794000636341
0 0.34129456716089185 0.3729774932368226 0.05012897477225664 0.04900112133990877
0 0.1517806885751039 0.29865129726291234 0.0379563569862416 0.05823067067154515
0 0.3053967618960815 0.28280702657545864 0.03801092068857255 0.059793170671545326
0 0.34579361652007046 0.06523771857100442 0.05621528366526398 0.04438634667409058
0 0.4046875 0.26015625 0.05 0.0359375
0 0.18518841090028965 0.41540244525782166 0.05890377404661713 0.031922709341181486
0 0.3828818664352525 0.38967409723109564 0.0395188569862416 0.058248852005090515
0 0.26875 0.47265625 0.053125 0.0328125
0 0.34423602868630454 0.42292294923618623 0.05298115626060227 0.04122498400699968
0 0.37964282686435674 0.03516841056655005 0.0379563569862416 0.058230670671545234
0 0.03608127750517811 0.34685353461172974 0.04426092068857255 0.059865896005727136
0 0.2983134373939775 0.21729111457673142 0.047222229581579886 0.05521475867281796
0 0.23809515609096624 0.4210342799172766 0.05448909255827132 0.03968066534054522
0 0.4125 0.30390625 0.034375 0.0546875
0 0.2564334722403679 0.253701329248913 0.0379563569862416 0.05823067067154515
0 0.08415170055600338 0.4462535506047301 0.0426438569862416 0.0582852146721816
0 0.25223206716089186 0.37401382924891297 0.04253472958158007 0.055160214672181594
0 0.2198759241471336 0.31660131858691276 0.03946429328391084 0.05668635200509069
0 0.41328125 0.38515625 0.0328125 0.0265625
0 0.365823341207509 0.34145477323364093 0.05437996515360979 0.03655566534054522
0 0.38437493376578047 0.30219227856464104 0.03779266587924894 0.05354317067154533
0 0.25850191452848675 0.32864678524827673 0.043988102176918176 0.052053396005727136
0 0.19556540490983992 0.34187403859009446 0.04867560217691817 0.05210794000636341
0 0.29398305754224496 0.38602293324318604 0.04711310217691818 0.052089758672817864
0 0.13242550944901083 0.4503774292648213 0.056106156260602266 0.04126134667409058
0 0.4078125 0.46640625 0.04375 0.0453125
0 0.20356642178488088 0.157480857256549 0.05766865626060227 0.04127952800763594
0 0.34028268258465405 0.22305021857100443 0.04878472958157989 0.055232940006363404
0 0.036865016705404985 0.2796842159452753 0.04576885698624169 0.058321577339272325
0 0.3202281321291672 0.12644793857418607 0.051746038474587405 0.050581802673454225
0 0.4078125 0.21328125 0.04375 0.0546875
0 0.3663392402965352 0.1477774985678227 0.039627984390903495 0.06137385200509069
0 0.36128466334736037 0.24779567990136817 0.04565972958157989 0.0551965773392725
0 0.3458035070867581 0.28858431190327727 0.048511911069925695 0.047420440006363404
0 0.9317360286863046 0.15121048655318708 0.03713790145127902 0.034793170671545325
0 0.9301586597191633 0.06220253055382337 0.04031746515360979 0.036392033338636054
0 0.8778124205189364 0.12997183322727768 0.0370833377489479 0.03323067067154532
0 0.8231050731513416 0.17590249856782272 0.03713790145127884 0.034793170671545325
0 0.882212233040141 0.04870365189373214 0.0370833377489479 0.03323067067154532
0 0.3133928003706689 0.9062830786123662 0.04366071996293304 0.04267839600572696
0 0.32134914411006665 0.9467989906110935 0.04371528366526398 0.044240896005727136
0 0.340625 0.98125 0.04375 0.0375
0 0.4078125 0.9015625 0.04375 0.04375
0 0.2859375 0.98125 0.04375 0.0375
0 0.20750489891939009 0.9418762279599109 0.04371528366526398 0.04424089600572696
0 0.2553967618960815 0.9569376066200022 0.045223219962933034 0.0426965773392725
0 0.16484375 0.98203125 0.0453125 0.0359375
0 0.41328125 0.82109375 0.0328125 0.0453125
0 0.3477330840359329 0.8621512706079117 0.04366071996293304 0.04267839600572696
0 0.35725192777533066 0.9026490012730937 0.04366071996293304 0.04267839600572696
0 0.4024205840359329 0.8615149239338212 0.04371528366526398 0.04424089600572696
0 0.2015625 0.990625 0.04375 0.01875
0 0.425 0.85859375 0.009375 0.0421875
0 0.2475495455613455 0.9132966946212748 0.045223219962933124 0.042696577339272325
0 0.3964037078123976 0.9443637866009121 0.04042659255827132 0.03951703333863606
0 0.48419139529119304 0.8317194306174567 0.02581845553496285 0.023728401336727066
0 0.5059771152541261 0.789295573281366 0.02581845553496285 0.023728401336727066
0 0.44796122941194394 0.8852444199554566 0.02581845553496285 0.023728401336727066