0 0.0862336664125003 0.2584456647102262 0.06050239532659738 0.052242422886674154
0 0.029334275454306002 0.49506548272425344 0.04665810087368065 0.06071625693983016
0 0.0203125 0.28125 0.040625 0.059375
0 0.12268292553055585 0.41679838525286195 0.06631598423243049 0.03389294108527139
0 0.2305317931217365 0.42526982417866516 0.06478985182361115 0.03535531153562203
0 0.11370927545430601 0.5004724784053167 0.062028527735416714 0.05078005243632351
0 0.19397865691319485 0.530579085437432 0.052871733282499986 0.05955427513842757
0 0.14938958947451422 0.3576632171465498 0.0512728656913195 0.05789164558877822
0 0.030713631077639292 0.4202657418235519 0.031178571238402775 0.065964961443337
0 0.10923736815986143 0.3753723488556674 0.06337282218833344 0.04150518198597286
0 0.17845753400368078 0.26591580813953614 0.03582970364722229 0.06470285009228505
0 0.213885887727153 0.24634378778147054 0.055887630508958355 0.05506703423772628
0 0.18983275151861143 0.35245408543743206 0.043569468464861136 0.062078497840531634
0 0.2437928996950003 0.32470861967515835 0.06638871941479163 0.037017941085271566
0 0.20425762100965308 0.3018928809339253 0.055851262917777686 0.053504534237726276
0 0.18165788202756977 0.40341580813953615 0.06042966014423605 0.04911742288667433
0 0.23387369224805585 0.36775771282761305 0.031178571238402952 0.06596496144333716
0 0.20466027735416709 0.4532551218346267 0.0664250870059723 0.03858044108527139
0 0.15273148860083358 0.30015110579549764 0.05120013050895835 0.054766645588778216
0 0.2868194671336809 0.49752435841639137 0.05443423328249999 0.05965440468807692
0 0.2665446411456255 0.5648725447213009 0.028017203647222287 0.06420220234403846
0 0.6698826210096531 0.10151334669619905 0.07700021751493047 0.09074371838316742
0 0.703679658813056 0.2799783081395361 0.08891833605604163 0.06654475478036197
0 0.6076787874221533 0.37835764651162884 0.0767820119678472 0.0813687183831675
0 0.25346537252826445 0.8559424259689932 0.04476829255305557 0.046553627390180985
0 0.18151633092513944 0.7811240962347737 0.04476829255305557 0.046553627390180985
0 0.251863892095556 0.7201050555186426 0.043133057370694415 0.04332849784053163
0 0.2946332735544449 0.7478085533591742 0.04316942496187508 0.04489099784053163
0 0.2044823586605561 0.8294009099298641 0.04476829255305557 0.046553627390180985
0 0.24347081705743107 0.7616917782207466 0.04316942496187508 0.04489099784053163
0 0.2608427678548617 0.9047804441675904 0.04480466014423623 0.048116127390180986
0 0.20720600873680603 0.7453262985788122 0.041570557370694504 0.04322836829088228
0 0.1825372363197229 0.9590488371354752 0.046403527735416714 0.04977875693983051
0 0.22109375 0.64453125 0.0421875 0.0296875
0 0.17606772435187562 0.8821859484865271 0.04636716014423614 0.04821625693983034
0 0.23667922245201453 0.9391158713732013 0.04484102773541672 0.04967862739018116
0 0.10978810771062557 0.8498555074012557 0.04633079255305557 0.046653756939830336
0 0.3295901550133339 0.7750114034514592 0.043205792553055566 0.04645349784053181
0 0.18144228932201437 0.7109117257844231 0.041570557370694414 0.04322836829088246
0 0.2989947716545839 0.8011338124584728 0.04316942496187508 0.04489099784053181
0 0.340347123478195 0.8349871807493552 0.04476829255305557 0.046553627390180985
0 0.21694337822784765 0.6944647054263575 0.04316942496187508 0.04489099784053181
0 0.3125 0.640625 0.04375 0.021875
0 0.14815831705743107 0.755583875692138 0.04476829255305557 0.046553627390181165
0 0.3372961650813201 0.9049992921004073 0.04480466014423605 0.048116127390180986
0 0.30234375 0.9765625 0.0453125 0.046875
0 0.43293597340194506 0.9251696946290157 0.043205792553055566 0.046453497840531634
0 0.3951086650813201 0.9087040854374321 0.043205792553055566 0.046453497840531634
0 0.40982447530180616 0.8706428809339253 0.043205792553055566 0.04645349784053181
0 0.49757643559854214 0.7530128948135859 0.04316942496187508 0.04489099784053163
0 0.341179658813056 0.6696625693983032 0.04473192496187508 0.044991127390180984
0 0.509375 0.63515625 0.04375 0.0109375
0 0.54296875 0.69140625 0.0328125 0.0453125
0 0.4677785264042365 0.679335562919898 0.04316942496187508 0.04489099784053181
0 0.5097841884483337 0.6742265607604299 0.04320579255305575 0.046453497840531634
0 0.3607661134102088 0.706801623994095 0.04473192496187508 0.044991127390180984
0 0.53828125 0.80234375 0.0421875 0.0453125
0 0.3926707300514588 0.7369292149870814 0.04316942496187508 0.04489099784053163
0 0.4260690307726396 0.9652940468807693 0.04476829255305574 0.046553627390181165
0 0.36611214931375063 0.9364891239940949 0.043205792553055566 0.046453497840531634
0 0.436238892095556 0.7319203423772624 0.04316942496187508 0.04489099784053163
0 0.45233928362243114 0.8874088787744568 0.04476829255305557 0.046553627390180985
0 0.32901219281673677 0.9512735148025111 0.04480466014423605 0.04811612739018116
0 0.4671875 0.63984375 0.04375 0.0203125
0 0.41328125 0.98984375 0.0453125 0.0203125
0 0.5383832735544449 0.7634287631044683 0.041570557370694414 0.04322836829088228
0 0.4426720364722227 0.8072207310262105 0.043133057370694415 0.04332849784053163
0 0.37890625 0.97578125 0.0453125 0.0484375
0 0.5123286134102087 0.7165141903100791 0.04476829255305557 0.046553627390180985
0 0.4253364532659726 0.6656945650793664 0.041570557370694414 0.04322836829088228
0 0.45586171428388944 0.7706218969730543 0.04316942496187508 0.04489099784053181