0 0.1203125 0.378125 0.05 0.0484375
0 0.09375 0.6140625 0.0484375 0.046875
0 0.4453125 0.4296875 0.046875 0.046875
0 0.140625 0.6140625 0.0484375 0.0453125
0 0.1078125 0.5703125 0.0484375 0.0453125
0 0.1140625 0.665625 0.0484375 0.046875
0 0.1453125 0.43125 0.05 0.0484375
0 0.0296875 0.578125 0.0515625 0.05
0 0.0296875 0.4453125 0.0515625 0.05
0 0.40625 0.4625 0.0484375 0.046875
0 0.2734375 0.53125 0.0484375 0.046875
0 0.1734375 0.50625 0.0484375 0.0453125
0 0.0296875 0.5078125 0.05 0.0515625
0 0.1484375 0.5515625 0.0484375 0.0453125
0 0.303125 0.1953125 0.046875 0.05
0 0.2203125 0.6078125 0.0484375 0.046875
0 0.0671875 0.5328125 0.05 0.0484375
0 0.196875 0.646875 0.05 0.0484375
0 0.225 0.525 0.0484375 0.046875
0 0.1015625 0.2640625 0.05 0.0484375
0 0.3765625 0.525 0.0484375 0.046875
0 0.4 0.415625 0.0484375 0.046875
0 0.096875 0.428125 0.0484375 0.046875