0 0.1435959268918438 0.4775587373395259 0.024939443244739755 0.025076409654926125
0 0.23029489049464918 0.4589401412944687 0.023276813695090583 0.023404649011264312
0 0.046001431210780555 0.39963011531556825 0.02161418414544123 0.0217328883676025
0 0.08584398364710406 0.4580546205113484 0.023276813695090583 0.023404649011264312
0 0.03740648364710406 0.46144170046486216 0.023276813695090583 0.023404649011264312
0 0.021760499686232927 0.511190328188803 0.023477072794389285 0.02652964901126431
0 0.13424191085271495 0.42955827991417284 0.023276813695090583 0.023404649011264312
0 0.04838355644149317 0.4857861366028917 0.023276813695090583 0.023404649011264312
0 0.11256716995201348 0.43421292892543717 0.02171431369509058 0.023295388367602497
0 0.15873886797711528 0.5424189128338938 0.02503957279438911 0.026638909654926123
0 0.01713355644149317 0.48797134947612636 0.02171431369509058 0.023295388367602497
0 0.7867289558877827 0.20044993412121723 0.04322836829088246 0.043465776735205
0 0.922701238427466 0.46089612520292533 0.04821625693983016 0.04848105866619044
0 0.9875 0.27109375 0.025 0.0453125
0 0.5261128284976018 0.17472794032540354 0.046653756939830336 0.048371798022528625
0 0.7044566764304185 0.23916250887895085 0.04489099784053163 0.04513753737886681
0 0.6120503284976018 0.1687186049240081 0.04489099784053181 0.04513753737886681
0 0.5442410672388348 0.2126978338887861 0.046553627390180985 0.046809298022528624
0 0.4975477375046154 0.145335371267653 0.046553627390180985 0.046809298022528624
0 0.5904337492248076 0.2722477965099193 0.046553627390180985 0.046809298022528624
0 0.5530944355297172 0.25288579131413924 0.044991127390180984 0.04670003737886681
0 0.9737421067183483 0.49813404524941163 0.04821625693983052 0.04848105866619044
0 0.9875 0.4609375 0.025 0.053125
0 0.8650122470653393 0.2954239445127774 0.046453497840531634 0.04524679802252862
0 0.97578125 0.35390625 0.0484375 0.0484375
0 0.6529547331856786 0.21922134947612637 0.046553627390180985 0.046809298022528624
0 0.12076159931709274 0.6003620888324648 0.05078005243632351 0.06421531930985189
0 0.07056134021779403 0.6007334294296403 0.05672966378737563 0.05996486188449914
0 0.029214449409377785 0.6412927274521688 0.05088018198597286 0.06577781930985208
0 0.1984375 0.57578125 0.065625 0.0328125
0 0.103125 0.56796875 0.06875 0.0171875
0 0.02265625 0.57578125 0.0453125 0.0328125
0 0.15234375 0.57734375 0.0296875 0.0359375
0 0.03406024058693431 0.7414019880958305 0.05556768198597286 0.06610560124083734
0 0.7962250693983031 0.7004713494761263 0.05819203423772627 0.0585116225281606
0 0.9710829719269117 0.7839836999606591 0.05652940468807692 0.056839861884498966
0 0.7228271421926922 0.7307158603718896 0.05819203423772627 0.0585116225281606
0 0.6987445018457012 0.9427131158197714 0.06171755243632351 0.06498014381548423