0 0.44738100852233853 0.16609180438149823 0.03234127404661713 0.032705492142117265
0 0.4345337789407585 0.11089488213175724 0.03234127404661713 0.032705492142117175
0 0.5328472825689555 0.20127163316521451 0.03228671034428636 0.031142992142117264
0 0.48402783665263965 0.18807812034493293 0.03077877404661713 0.03263271753501122
0 0.5541072128761749 0.27401992845048484 0.03234127404661713 0.032705492142117265
0 0.4247619640573014 0.18843768527491028 0.03234127404661713 0.032705492142117265
0 0.5117708907363236 0.17845056327283837 0.030724210344286185 0.031070217535011223
0 0.512078425582714 0.14258583787994422 0.03234127404661713 0.032705492142117085
0 0.30486612630835336 0.1500943151348652 0.03390377404661713 0.03277826674922295
0 0.35650303737827904 0.19929810256225267 0.035520837748947896 0.03441354135632899
0 0.706795703257528 0.30581789205655474 0.035520837748947896 0.03441354135632899
0 0.6496726840202344 0.2781980062007438 0.035520837748947896 0.03441354135632881
0 0.61484375 0.24453125 0.0296875 0.0359375
0 0.11210822975121597 0.8519093722069598 0.03557540145127884 0.035976041356328814
0 0.0109375 0.84453125 0.021875 0.0359375
0 0.01328125 0.80703125 0.0265625 0.0359375
0 0.009375 0.90546875 0.01875 0.0359375
0 0.0046875 0.73671875 0.009375 0.0359375
0 0.044538783834899974 0.8378425641014079 0.03713790145127884 0.03604881596343468
0 0.07079374898850968 0.8749444578151016 0.03713790145127884 0.03604881596343468
0 0.2142907778444502 0.9190669470617348 0.034012901451278846 0.03590326674922313
0 0.18663700379783305 0.8865797787409351 0.034012901451278846 0.03590326674922295
0 0.1738294689514428 0.9218623072769823 0.0356299651536097 0.03753854135632899
0 0.23360128383489992 0.8466482915612167 0.035520837748947896 0.03441354135632881
0 0.3344395867374576 0.9199830918088857 0.03557540145127884 0.035976041356328814
0 0.05184534154678104 0.9130608879227256 0.03719246515360961 0.03761131596343468
0 0.2184475097882828 0.8147433200972639 0.033958337748947895 0.03434076674922295
0 0.6539633691367772 0.7137544007430071 0.07843751324684387 0.10193068114108109
0 0.7224951143274538 0.7107064834556647 0.08710318511654283 0.08205482878371625
0 0.96953125 0.64921875 0.0609375 0.0953125
0 0.99375 0.65625 0.0125 0.096875
0 0.9002580157787327 0.7533050140586266 0.06103175843752044 0.09488016046291677
0 0.7643353847458739 0.6580566724546288 0.08850199400955017 0.07744010339082212
0 0.9921875 0.54375 0.015625 0.096875
0 0.7252232994439967 0.7888314834556648 0.09426092068857254 0.06366870181924558
0 0.7693105722246694 0.577170545490158 0.0840327488188736 0.08347177956950454
0 0.6850446996293311 0.5763657167064418 0.09302580290255769 0.07297092721213971
0 0.7198661660488852 0.8587801104201354 0.09620536660488846 0.07467897642635143
0 0.63203125 0.8265625 0.0640625 0.053125
0 0.8815576010806099 0.6198375425946739 0.09151786660488845 0.07446065260503384
0 0.8616071996293311 0.5845892473094036 0.09162699400955017 0.07758565260503403
0 0.7883135433687288 0.5406166153825342 0.08252481252120454 0.08496150496239867
0 0.8218155241314351 0.5172176567388631 0.08241568511654282 0.08183650496239867
0 0.8819593943645208 0.6760147679875681 0.08554068511654264 0.08198205417661039
0 0.7011260566155728 0.6348331881703945 0.09856647477225647 0.05294952564056317
0 0.98515625 0.75859375 0.0296875 0.0703125