0 0.23869197408638004 0.306682306386422 0.023176684145441228 0.021203837946721472
0 0.16721749228497734 0.31000362456148 0.02483931369509058 0.02283000494291585
0 0.2016134762458483 0.2630941324701454 0.023176684145441228 0.021203837946721472
0 0.2021932695828733 0.32077929847775655 0.023276813695090583 0.02276633794672147
0 0.2342652899409389 0.2862424723940332 0.02161418414544123 0.021140170950527094
0 0.18995408543743206 0.30002112950439586 0.023276813695090583 0.02276633794672147
0 0.19979016039128955 0.28327929847775657 0.023176684145441228 0.021203837946721472
0 0.21465369678848417 0.29635230144350616 0.023276813695090583 0.02276633794672147
0 0.23452610579549765 0.26599363939022763 0.021514054595791875 0.019577670950527093
0 0.16375253084164018 0.2802524575652856 0.023276813695090583 0.02276633794672147
0 0.9859375 0.15859375 0.028125 0.0453125
0 0.6371246838316742 0.30544877574034357 0.04831638648947969 0.04872134288963732
0 0.6993428840162442 0.3765544545995361 0.04821625693983034 0.047158842889637495
0 0.5291167149870815 0.05481742296487448 0.046553627390180985 0.04553267589344294
0 0.49173543337024883 0.12809841406762593 0.048116127390180986 0.04559634288963732
0 0.8290303840162443 0.3818388152836706 0.04987888648947951 0.0487850098858317
0 0.6128651634736085 0.340303936805039 0.046653756939830336 0.04709517589344294
0 0.8800922362679977 0.3761273261580854 0.048316386489479515 0.048721342889637496
0 0.4789164558877827 0.04965507908665394 0.04821625693983034 0.04715884288963732
0 0.956754865817647 0.38080950897161064 0.04997901603912887 0.0503475098858317
0 0.559375 0.015625 0.046875 0.03125
0 0.8587994247323756 0.31136448919994725 0.046653756939830336 0.04709517589344294
0 0.5145325832779637 0.09474208600673624 0.04821625693983016 0.047158842889637495
0 0.6630654225729071 0.34546628068325946 0.04675388648947969 0.04865767589344294
0 0.5997481924695475 0.1356164368050389 0.046653756939830336 0.04709517589344294
0 0.8081404858065724 0.20176931330650422 0.046453497840531634 0.043970175893442945
0 0.61015625 0.01796875 0.0453125 0.0359375
0 0.8963599814876357 0.289518664104807 0.046553627390181165 0.04553267589344294
0 0.99453125 0.334375 0.0109375 0.046875
0 0.5689382834625338 0.1655294298849567 0.046553627390180985 0.04553267589344294
0 0.978125 0.24296875 0.04375 0.0484375
0 0.99140625 0.38515625 0.0171875 0.0484375
0 0.6331428809339252 0.07308194471370433 0.044790868290882455 0.04234400889724856
0 0.98359375 0.20078125 0.0328125 0.0453125
0 0.5896536967884841 0.05105043581645576 0.044991127390180984 0.045469008897248565
0 0.8294518861757126 0.33977864927605933 0.046553627390180985 0.04553267589344294
0 0.3815408081395361 0.599899112698482 0.05606832973421945 0.07241351087441501
0 0.3151147717423416 0.5847250988583175 0.06504281153562222 0.06654551285158128
0 0.24013096544850673 0.7764722470714315 0.0755797933370248 0.060741181824942106
0 0.3534553809339253 0.6236894397707885 0.0483559592838688 0.07365767589344294
0 0.38046875 0.54296875 0.0765625 0.0421875
0 0.2832849784053167 0.5257665929268184 0.07089229333702499 0.06055018083635879
0 0.2564592674234049 0.6664897520143473 0.07391716378737563 0.05911501482874755
0 0.31250900832410633 0.6656567638773454 0.051280700184570094 0.0706600098858317
0 0.3620269494093778 0.7331281067669828 0.05001858883351815 0.07528384288963733
0 0.3376487106681448 0.6931742688202613 0.0546059592838688 0.07391234387822046
0 0.2890625 0.4828125 0.06875 0.028125
0 0.19339806291989814 0.6795044051703774 0.04845608883351806 0.07522017589344294
0 0.33325920418973976 0.8192274328507063 0.06670544108527157 0.06817167984777583
0 0.61015625 0.99609375 0.0171875 0.0078125