0 0.521875 0.0140625 0.0625 0.028125
0 0.5173069244672297 0.715625 0.018088258706427142 0.0171875
0 0.5483865061044355 0.7421875 0.018088258706427142 0.0171875
0 0.5899122648108628 0.759375 0.01808825870642732 0.0171875
0 0.6279035877416412 0.76875 0.018088258706427142 0.0171875
0 0.5664747648108628 0.759375 0.01808825870642732 0.0171875
0 0.6141000373120999 0.7140625 0.01652575870642714 0.0171875
0 0.6312056501569702 0.7125 0.016443871551297562 0.015625
0 0.6478066519659925 0.7609375 0.016525758706427317 0.0171875
0 0.6352314088633975 0.7296875 0.018006371551297563 0.015625
0 0.6313627804146951 0.7453125 0.018088258706427142 0.0171875
0 0.6765625 0.78984375 0.034375 0.1234375
0 0.7570864767057933 0.8296875 0.13082063206674716 0.08125
0 0.7916031603337356 0.5640625 0.13328389077317446 0.0984375
0 0.71875 0.51640625 0.11875 0.0734375
0 0.6703125 0.60859375 0.021875 0.1359375
0 0.70625 0.7328125 0.09375 0.109375
0 0.8862074106724197 0.7890625 0.1183958751693421 0.1125
0 0.7118138410210016 0.6515625 0.09108974672063966 0.128125
0 0.8839698812737776 0.865625 0.1317280348257091 0.06875