0 0.09943952354224557 0.5728598017056994 0.03656479139585791 0.038450494804219915
0 0.12975431493810347 0.5348463494761264 0.03656479139585791 0.038450494804219915
0 0.27195763149776464 0.7028101096155851 0.03974433847375849 0.04179401609154336
0 0.11854053084914158 0.8196583920507734 0.039798885551659245 0.04491901609154336
0 0.00703125 0.58671875 0.0140625 0.0421875
0 0.2345509090939048 0.5212758863507901 0.0365920649348082 0.040012994804219916
0 0.07184062906213269 0.6340922326479489 0.0365920649348082 0.040012994804219916
0 0.15768049188562044 0.454863918533877 0.0365920649348082 0.040012994804219916
0 0.26775314691904023 0.5860596521902319 0.03812729139585791 0.038559755447881726
0 0.2255929204579905 0.5874471895690989 0.03656479139585791 0.038450494804219915
0 0.3090678936726293 0.6331096148113652 0.038154564934808025 0.04012225544788173
0 0.24511448782843068 0.6313393012014963 0.03656479139585791 0.038450494804219915
0 0.2211587905883743 0.6626657108564225 0.03812729139585791 0.038559755447881726
0 0.06555189854389329 0.8155607539352724 0.03820911201270878 0.04324725544788173
0 0.6713145235422455 0.8400473017056994 0.03656479139585791 0.038450494804219915
0 0.7016293149381034 0.8020338494761265 0.03656479139585791 0.038450494804219915
0 0.8438326314977648 0.9699976096155851 0.03974433847375849 0.04179401609154336
0 0.5680531558474939 0.8550710041873739 0.038181838473758486 0.04168475544788173
0 0.8064259090939048 0.7884633863507902 0.0365920649348082 0.040012994804219916
0 0.6437156290621326 0.9012797326479489 0.0365920649348082 0.040012994804219916
0 0.7295554918856204 0.722051418533877 0.0365920649348082 0.040012994804219916
0 0.8396281469190402 0.853247152190232 0.03812729139585791 0.038559755447881726
0 0.7974679204579905 0.8546346895690988 0.03656479139585791 0.038450494804219915
0 0.8809428936726293 0.9002971148113652 0.038154564934808025 0.04012225544788173
0 0.8169894878284307 0.8985268012014963 0.03656479139585791 0.038450494804219915
0 0.7930337905883743 0.9298532108564224 0.03812729139585791 0.038559755447881726