0 0.14766117608208712 0.2771888780232533 0.045839758672817865 0.04874607593472753
0 0.06820893873326969 0.15720641951510209 0.044259077339272326 0.047065176764564676
0 0.18543389608526883 0.30346795810716587 0.045839758672817865 0.048746075934727705
0 0.18470664274345108 0.2409679581071659 0.044259077339272326 0.047065176764564676
0 0.09179079471672491 0.037225806237710476 0.044277258672817864 0.04862767676456468
0 0.02983842409290478 0.34787804109086345 0.047420440006363404 0.050426975104890734
0 0.01015625 0.18125 0.0203125 0.05
0 0.04034066677272232 0.4454634361118416 0.047420440006363404 0.050426975104890914
0 0.10578275875235973 0.3005546004288517 0.04585794000636341 0.050308575934727526
0 0.03354522676635909 0.3981148394311895 0.04743862133990895 0.051989475104890735
0 0.06088733473899666 0.198801923664287 0.045839758672817865 0.048746075934727705
0 0.21871911075745043 0.3465793406805894 0.047420440006363404 0.050426975104890734
0 0.15660091876190468 0.3746558738740684 0.044277258672817864 0.04862767676456468
0 0.10516678278163108 0.5159428020885255 0.04743862133990877 0.051989475104890916
0 0.09684520544235867 0.47160080623771067 0.044277258672817864 0.04862767676456485
0 0.1820554521005408 0.4156127605966768 0.0442590773392725 0.047065176764564495
0 0.09911349339590618 0.1298869029183626 0.044259077339272326 0.047065176764564676
0 0.08532590276890435 0.42077201204656933 0.045839758672817865 0.048746075934727705
0 0.06121678811263118 0.495440125323961 0.04745680267345431 0.05355197510489092
0 0.14982475477399504 0.46312637802325335 0.04585794000636341 0.05030857593472789
0 0.1288577267663591 0.405337188811134 0.044277258672817864 0.04862767676456468
0 0.14355547875554137 0.32683368051276424 0.045839758672817865 0.048746075934727705
0 0.10654637476126841 0.36617960042885167 0.045839758672817865 0.04874607593472753
0 0.7713339387332697 0.2110221942097187 0.06529883068109008 0.1111043659766839
0 0.6153748400699968 0.22418227719341638 0.09629429201145392 0.0915973493799445
0 0.6335804947485417 0.3129846680652095 0.06680678668045381 0.10653526514684693
0 0.7679736760820871 0.3247294966992296 0.10710452267663584 0.08148864357108572
0 0.5969873720559974 0.11975488632162304 0.10096361067790856 0.09039004689043359
0 0.7165737133990879 0.2006282232540128 0.06684314934754472 0.10966026514684693
0 0.509375 0.19765625 0.040625 0.0890625
0 0.7760930693825432 0.08337079089037083 0.06998633068109025 0.11145956348717298
0 0.6192805427275426 0.15734997470390547 0.10248974801081764 0.08738344606059663
0 0.5546875 0.04375 0.090625 0.0875
0 0.7926475067631774 0.4327554842516751 0.05906701201463562 0.11219326929603177
0 0.5234375 0.065625 0.06875 0.1
0 0.51171875 0.10625 0.0453125 0.096875
0 0.45859375 0.56171875 0.0453125 0.0234375
0 0.45291010805217946 0.6505098240838498 0.044277258672817864 0.04862767676456468
0 0.2945885307129069 0.5948015078973844 0.042696577339272325 0.04694677759440165
0 0.47578125 0.6765625 0.0265625 0.046875
0 0.34088282272436105 0.6826100838321121 0.042696577339272325 0.04694677759440165
0 0.38336012937617986 0.5765502605966768 0.044277258672817864 0.04862767676456468
0 0.43207034937936156 0.6036581348717306 0.044259077339272326 0.047065176764564676
0 0.3833612240610881 0.7108068614265137 0.0426965773392725 0.04694677759440165
0 0.1828125 0.5578125 0.04375 0.015625
0 0.22578125 0.56640625 0.0421875 0.0328125
0 0.3371396573838158 0.629248285491786 0.042678396005727134 0.04538427759440165
0 0.3062169213876339 0.6550053020885256 0.04111589600572696 0.04526587842423861
0 0.3907010093889065 0.670773857277329 0.044259077339272326 0.047065176764564676
0 0.17825555338954285 0.6593590701351577 0.04267839600572696 0.04538427759440165
0 0.3203896040738147 0.7997024954498297 0.042678396005727134 0.04538427759440165
0 0.4180089440642698 0.7368491431701003 0.042678396005727134 0.04538427759440165
0 0.2742225813971789 0.7228314195151021 0.0426965773392725 0.04694677759440165
0 0.24108281739336093 0.6922200369416787 0.042678396005727134 0.04538427759440165
0 0.42990896005727014 0.6862338365314045 0.041097714672181596 0.04370337842423862
0 0.4124316534054513 0.7941880464894482 0.044259077339272326 0.047065176764564676
0 0.2472430054105419 0.8191377344521676 0.04267839600572696 0.04538427759440165
0 0.1989862240610881 0.6968357593472769 0.04267839600572696 0.04538427759440165
0 0.09511578938572489 0.6249589141165174 0.0458215773392725 0.0471835759347277
0 0.46953125 0.83984375 0.0390625 0.0453125
0 0.20999754408017815 0.8381711543682551 0.0426965773392725 0.04694677759440165
0 0.2934089334022696 0.7617522095570584 0.042678396005727134 0.04538427759440165
0 0.3260407147517233 0.8828701929603188 0.042678396005727134 0.04538427759440165
0 0.4109375 0.98828125 0.04375 0.0234375
0 0.4521657680617245 0.7207039249136868 0.041097714672181596 0.04370337842423862
0 0.19186352005090673 0.6213621626666248 0.041097714672181596 0.04370337842423862
0 0.35781797342454125 0.9305506763635794 0.04267839600572696 0.04538427759440165
0 0.4208805000795418 0.8494675423402633 0.04107953333863605 0.04214087842423879
0 0.1378487293920882 0.675030691710919 0.0442590773392725 0.047065176764564676
0 0.028125 0.57109375 0.046875 0.0421875
0 0.44382819875872304 0.9433126307225457 0.0442590773392725 0.047065176764564676
0 0.22013616008908682 0.9045065493892332 0.0426965773392725 0.04694677759440165
0 0.33005660009545024 0.9596694913006448 0.042696577339272325 0.04694677759440165
0 0.24787935208463246 0.8738252344521676 0.04424089600572696 0.045502676764564674
0 0.20349410009545021 0.9500791585174401 0.042696577339272325 0.04694677759440165
0 0.2984375 0.98203125 0.04375 0.0359375
0 0.2484375 0.9859375 0.04375 0.028125
0 0.4017497867599957 0.9494908531281439 0.041097714672181596 0.04370337842423862
0 0.042008970719270344 0.6224958423309745 0.045839758672817865 0.048746075934727705
0 0.36875 0.98828125 0.040625 0.0234375
0 0.16526575206872404 0.7504809776036904 0.044259077339272326 0.047065176764564676
0 0.12267826273072431 0.7129092000092887 0.04425907733927241 0.047065176764564676
0 0.16791913208145087 0.8443493767738535 0.044240896005727136 0.045502676764564674
0 0.12378732407699644 0.8082217000092887 0.0442590773392725 0.047065176764564676
0 0.20756234006999677 0.763052755198092 0.041097714672181596 0.04370337842423862
0 0.1749509294239049 0.9120104734545056 0.044259077339272326 0.047065176764564676
0 0.12471347740290586 0.7536525991794518 0.0442590773392725 0.047065176764564676
0 0.08546916406745142 0.7350676199253762 0.0458215773392725 0.0471835759347277
0 0.09558850405790639 0.6655839141165174 0.0426602146721816 0.043821777594401645
0 0.16430323607572372 0.8019250784335273 0.044259077339272326 0.047065176764564495
0 0.26603046276254105 0.957940125323961 0.0426965773392725 0.04694677759440165
0 0.33021913741245096 0.8394753904708079 0.04107953333863605 0.042140878424238616
0 0.8759487133990879 0.6286796004288517 0.0426602146721816 0.043821777594401645
0 0.50703125 0.61171875 0.0359375 0.0453125
0 0.8095066480744512 0.6876509361118417 0.042678396005727134 0.04538427759440165