0 0.6224248187459963 0.28870666261277816 0.07743520401018138 0.0767820119678472
0 0.5379600067631773 0.4132689450978475 0.07745338534372674 0.0783445119678472
0 0.614140698758723 0.3822384570656947 0.07745338534372674 0.0783445119678472
0 0.5471520987428147 0.2635235182361114 0.07743520401018138 0.0767820119678472
0 0.5198634400859051 0.33474390159486134 0.07899770401018139 0.07681837955902786
0 0.7555282200827234 0.31679790786312545 0.07429202267663584 0.07514677678548623
0 0.98359375 0.325 0.0328125 0.075
0 0.8253861867440874 0.2793719494662505 0.07583634134309047 0.07362064437666671
0 0.9177736814130872 0.29870513734590337 0.07585452267663584 0.0751831443766667
0 0.25958156277844935 0.8411419848011115 0.046148841343090476 0.07292966014423641
0 0.28081912141945053 0.6526249986688197 0.07087612133990877 0.0500740416031249
0 0.078125 0.63046875 0.046875 0.0421875
0 0.2906850174251776 0.6950307042159032 0.06466248400699967 0.05305357123840295
0 0.13125 0.63515625 0.0625 0.0515625
0 0.3963532147517233 0.6475037004161811 0.06471702800763594 0.057741071238402955
0 0.15033273742835926 0.7151951210096531 0.03988066000954502 0.07122168977951393
0 0.2866884080999045 0.7542966014423615 0.05079997867599957 0.06991376291777787
0 0.33948614409608646 0.7274080995425004 0.06626134667409059 0.056214938829583436
0 0.21821112810308615 0.776133927430417 0.06315452800763595 0.057704703647222286
0 0.1979338960852688 0.6444475163362503 0.06769657733927241 0.04531380642076392
0 0.11710206675681403 0.6784939015948613 0.05074543467536321 0.06522626291777786
0 0.3765497920909958 0.6907809217308338 0.055469297342454024 0.0684603656913195
0 0.39108610144808564 0.8660718624602783 0.07857953333863606 0.04088087955902786
0 0.39197589210690414 0.8082957300514588 0.07100339067472702 0.061011541603125254
0 0.21553956675681407 0.6807850598392364 0.07080339600572697 0.04382404160312507
0 0.19140625 0.6140625 0.0703125 0.009375
0 0.25625 0.6265625 0.071875 0.034375
0 0.8077816107574505 0.8199645011373619 0.03475680800445424 0.03361258700597229
0 0.7008963587682681 0.8971426373459034 0.033212489337999786 0.03513871941479163
0 0.8078554307765404 0.9605531335461812 0.03477498933799979 0.03517508700597212