0 0.9265625 0.3921875 0.0484375 0.046875
0 0.9484375 0.184375 0.05 0.05
0 0.8328125 0.3234375 0.046875 0.0453125
0 0.7984375 0.228125 0.0484375 0.0484375
0 0.884375 0.20625 0.0453125 0.046875
0 0.915625 0.4359375 0.05 0.046875
0 0.85 0.2828125 0.046875 0.0453125
0 0.7703125 0.19375 0.0484375 0.0484375
0 0.8109375 0.16875 0.0484375 0.0484375
0 0.94375 0.265625 0.05 0.0484375
0 0.8609375 0.1671875 0.046875 0.046875
0 0.925 0.3046875 0.046875 0.0453125
0 0.8453125 0.3875 0.0484375 0.046875
0 0.8796875 0.3140625 0.046875 0.0453125
0 0.8375 0.2046875 0.0453125 0.0453125
0 0.90625 0.1671875 0.04375 0.0453125
0 0.89375 0.271875 0.0453125 0.0453125
0 0.9578125 0.2265625 0.0453125 0.0453125
0 0.915625 0.234375 0.0453125 0.046875
0 0.878125 0.35625 0.046875 0.0453125
0 0.8046875 0.271875 0.0453125 0.0453125
0 0.934375 0.3484375 0.0484375 0.0453125
0 0.8609375 0.2390625 0.0453125 0.0453125