0 0.09021338238362117 0.3828478787873868 0.03390377404661713 0.0329696302577247
0 0.12880465643023825 0.4160631705105008 0.03390377404661713 0.0329696302577247
0 0.08349215643023826 0.413688443011738 0.030724210344286275 0.03124335594746519
0 0.08307549417918625 0.44641905585660824 0.03077877404661713 0.03280585594746519
0 0.10985624898850968 0.45406113749381394 0.030724210344286275 0.03124335594746519
0 0.8811062224948218 0.12760261533126105 0.05923115626060209 0.0436548247398008
0 0.8346478847458739 0.0924153878324983 0.060684528855940556 0.040611711894930555
0 0.9518949268486583 0.2342487630018404 0.06224702885594056 0.040693599050060314
0 0.8845784520764017 0.1823720024863908 0.04102679328391083 0.058297178878243726
0 0.8861806468115916 0.27291511533126106 0.04727679328391084 0.058624727498762755
0 0.9311756551642938 0.04288677860567267 0.04878472958158007 0.057144114653892505
0 0.8094693246717402 0.17531641904016276 0.05928571996293321 0.0452173247398008
0 0.96953125 0.2625 0.0609375 0.04375
0 0.8301984869227921 0.14365033921197928 0.0516369110699257 0.04949538896415202
0 0.9013443114248961 0.08187403550307763 0.0379563569862416 0.059695904567984216
0 0.9429365890997105 0.2010268272261917 0.05890377404661713 0.034279824739800804
0 0.7889187224948218 0.12277127317860578 0.04426092068857237 0.06158595318850324
0 0.9765625 0.34453125 0.046875 0.0484375
0 0.984375 0.209375 0.03125 0.040625
0 0.99140625 0.0421875 0.0171875 0.059375
0 0.8439732994439966 0.22547354929788757 0.0426438569862416 0.05994156603337366
0 0.9921875 0.16328125 0.015625 0.0578125
0 0.9707490758528664 0.10422707032878673 0.03946429328391084 0.05821529172311415
0 0.99375 0.11796875 0.0125 0.0546875
0 0.9481845950901601 0.12799876300184038 0.04867560217691817 0.05401911465389268
0 0.8925744905509891 0.23269955110690982 0.056106156260602266 0.04349105042954129
0 0.785009983294595 0.055501886023476034 0.0457688569862416 0.06010534034363317
0 0.918303666048885 0.29955285843385615 0.02874504809323426 0.06389208163720568
0 0.39453125 0.5734375 0.0765625 0.046875
0 0.2850843943645207 0.6785432383528966 0.090466287293461 0.1341912935321364
0 0.3711657381039185 0.6425039190401627 0.10732640507947586 0.12571705223856355
0 0.1885913402808367 0.6844037347348519 0.11217759618646843 0.130650213703953
0 0.34296875 0.95703125 0.1140625 0.0859375
0 0.36980662394610064 0.7375707575747735 0.11782739546082902 0.11379026232447184
0 0.36583343047685535 0.891766934643995 0.08572422359113005 0.13238313206674715
0 0.42265625 0.80703125 0.0734375 0.1046875
0 0.15703125 0.6046875 0.0796875 0.109375
0 0.2953125 0.98203125 0.090625 0.0359375
0 0.29237608310926055 0.8426876255080264 0.08125497840045356 0.13838747060135786
0 0.15923620089527546 0.8263522173219975 0.12871033175849825 0.11280097241038015
0 0.22920644971414905 0.9095608649925768 0.08432541469812271 0.1369887449116174
0 0.7913145469969259 0.8773082869734157 0.017842264427970277 0.01965075870642714
0 0.7739633558899334 0.8717200282669884 0.017787700725639333 0.01808825870642732
0 0.8320833907363238 0.8388942401619189 0.017787700725639333 0.01808825870642732
0 0.7596280373782791 0.8631705438708206 0.017842264427970277 0.01965075870642714
0 0.7610466936388812 0.9037955438708206 0.01778770072563942 0.018088258706427142
0 0.784211375127227 0.897211351197767 0.017842264427970277 0.01965075870642714
0 0.7462401491738442 0.926414172319523 0.017842264427970277 0.019650758706427317
0 0.8232540277596321 0.8540279172311405 0.01778770072563942 0.018088258706427142
0 0.8036310085223384 0.8280452713695834 0.01778770072563942 0.01808825870642732