0 0.49597154797586657 0.26697895843375924 0.01962329528527027 0.020061127723940864
0 0.0234375 0.94453125 0.046875 0.0765625
0 0.01015625 0.8515625 0.0203125 0.05625
0 0.0171875 0.8890625 0.034375 0.059375
0 0.055217999590224484 0.9032213690970915 0.03645123035529281 0.0804194735168963
0 0.10939607734048344 0.9179829916252522 0.07583906203449331 0.05669775025210129
0 0.01171875 0.7390625 0.0234375 0.08125
0 0.16118551737290474 0.7820890502914425 0.04419095574818695 0.079403276735205
0 0.05627969355158715 0.7794560871661063 0.07329625889134021 0.06897922896477801
0 0.13955876633944744 0.8761996832111635 0.08136131596343468 0.041509792826748534
0 0.16483286393930144 0.5691520077167955 0.05044095574818712 0.07984031930985207
0 0.25538508933219556 0.5770516250491762 0.0846318651776464 0.044853314114071986
0 0.8687926178682428 0.6143116884069435 0.06021406203449331 0.055605143815484225
0 0.8243962626153938 0.49050284780976805 0.057016287427387444 0.05382412252816069
0 0.9179578639393015 0.6020737683604572 0.07038958271265763 0.07344820767745475