0 0.4328125 0.4796875 0.0359375 0.0359375
0 0.4625 0.44375 0.0359375 0.0359375
0 0.6078125 0.621875 0.0390625 0.0390625
0 0.45625 0.728125 0.0390625 0.0421875
0 0.3296875 0.4875 0.0375 0.0390625
0 0.5671875 0.4375 0.0359375 0.0375
0 0.40625 0.5390625 0.0359375 0.0375
0 0.4890625 0.365625 0.0359375 0.0375
0 0.6015625 0.5046875 0.0375 0.0359375
0 0.559375 0.503125 0.0359375 0.0359375
0 0.64375 0.5546875 0.0375 0.0375
0 0.5796875 0.5484375 0.0359375 0.0359375
0 0.55625 0.578125 0.0375 0.0359375
0 0.403125 0.7203125 0.0375 0.040625