0 0.090625 0.48324635346107436 0.0171875 0.018088258706427142
0 0.1296875 0.6077616745828307 0.0171875 0.01808825870642732
0 0.225 0.5293290581199158 0.0171875 0.01808825870642732
0 0.0359375 0.5376749038906158 0.0171875 0.01808825870642732
0 0.1578125 0.542225205790495 0.015625 0.018006371551297563
0 0.165625 0.5918157700148463 0.0171875 0.019650758706427317
0 0.115625 0.5272486589789984 0.0171875 0.018088258706427142
0 0.1546875 0.5064514801007546 0.015625 0.018006371551297563
0 0.0875 0.5474726277713339 0.015625 0.018006371551297563
0 0.065625 0.5658065479431504 0.015625 0.018006371551297563
0 0.0625 0.54878282225341 0.015625 0.016443871551297562
0 0.0796875 0.5275695635469827 0.015625 0.016443871551297562
0 0.0171875 0.5261575497521728 0.0171875 0.018088258706427142
0 0.1375 0.5089147388071819 0.015625 0.018006371551297563
0 0.9796875 0.2641467141582382 0.0296875 0.03124335594746519
0 0.8765625 0.22267626639680174 0.0296875 0.02968085594746519
0 0.8953125 0.27481862053524464 0.0296875 0.03124335594746519
0 0.8453125 0.19775150949939677 0.028125 0.02959896879233561
0 0.921875 0.256239038898039 0.028125 0.02959896879233561
0 0.9625 0.2197349728646653 0.0296875 0.03124335594746519
0 0.8953125 0.24669362053524466 0.0296875 0.02968085594746519
0 0.934375 0.23058394165700094 0.028125 0.03116146879233561
0 0.959375 0.16833624717492487 0.028125 0.029598968792335523
0 0.98515625 0.1390625 0.0296875 0.03125
0 0.8375 0.15441094527504556 0.028125 0.02959896879233561
0 0.990625 0.165625 0.01875 0.03125
0 0.9453125 0.13938573157109263 0.028125 0.029598968792335523
0 0.8875 0.14866555631089348 0.028125 0.03116146879233552
0 0.928125 0.19028649027751995 0.0296875 0.03124335594746519
0 0.9546875 0.2998319086403141 0.0296875 0.02968085594746519
0 0.9 0.18394795906985545 0.028125 0.03116146879233552
0 0.9140625 0.14102347467368767 0.028125 0.029598968792335523
0 0.8734375 0.17440254070706124 0.0296875 0.03124335594746519
0 0.9296875 0.3120796031223902 0.0296875 0.03124335594746519
0 0.928125 0.1637239902775199 0.0296875 0.02968085594746528
0 0.51796875 0.9890625 0.0578125 0.021875
0 0.4671875 0.71484375 0.0625 0.0515625
0 0.440625 0.79375 0.04375 0.06875
0 0.659375 0.8234132507929696 0.059375 0.06404921189493074
0 0.44609375 0.98984375 0.0546875 0.0203125
0 0.72890625 0.71953125 0.0609375 0.0609375
0 0.6625 0.72481197648271 0.0609375 0.06256859905006032
0 0.7921875 0.7805153426069407 0.059375 0.05936171189493056
0 0.7328125 0.8711270545018712 0.0578125 0.0608423247398008
0 0.69375 0.782549233380115 0.059375 0.06092421189493056