0 0.1957521360598154 0.31995041116753525 0.055396572008272214 0.0647616225281606
0 0.09011811203054405 0.09711420868586078 0.07080339600572705 0.04710422896477802
0 0.2739498613939972 0.331663443350622 0.06308180267345413 0.05437042574646931
0 0.24215442138763388 0.28260323047738733 0.06001134667409058 0.05883940445914604
0 0.03515625 0.165625 0.0703125 0.040625
0 0.30078125 0.4015625 0.0578125 0.05625
0 0.2764021520528157 0.2740694646379455 0.05534202800763595 0.06007412252816078
0 0.11157603604390705 0.19697209705346336 0.052289753341817756 0.06610560124083734
0 0.3654828333863612 0.28185982132666443 0.06769657733927233 0.04844820767745457
0 0.3331248667249973 0.31862784780976805 0.06767839600572696 0.046885707677454744
0 0.3179725813971789 0.3581602413731506 0.07225680800445425 0.03783848960843983
0 0.31039534404836144 0.24366069879850372 0.04603975334181776 0.06566855866619026
0 0.09122826806172446 0.32669244804219905 0.046076116008908666 0.06879355866619026
0 0.34771353071290695 0.2306579542463853 0.04138861600890866 0.06846577673520508
0 0.2896646733768161 0.20630281043090112 0.0537613466740904 0.05840236188449897
0 0.36640625 0.4125 0.0515625 0.034375
0 0.05269193204963409 0.23500769259431742 0.07385567067154523 0.04107275025210146
0 0.031145290738360344 0.3958687829393914 0.061610209341181485 0.06207366510280767
0 0.09609375 0.40546875 0.0640625 0.0484375
0 0.17578125 0.4046875 0.0359375 0.05
0 0.19048283338636124 0.2696226292365501 0.049146572008272216 0.06432457995351389
0 0.2460055800445434 0.21105601240837255 0.03513861600890866 0.06802873416055819
0 0.9134850760661788 0.35498097502950576 0.05992044000636341 0.05102690445914604
0 0.7772919427116343 0.18933455967459648 0.05530566534054513 0.05694912252816078
0 0.8238942227084525 0.16917487898444855 0.04911020934118149 0.06119957995351379
0 0.76328125 0.409375 0.0671875 0.040625
0 0.92109375 0.40078125 0.0484375 0.0578125
0 0.8061452907383604 0.388066990616846 0.04295111600890866 0.0685750373788668
0 0.98515625 0.39140625 0.0296875 0.0671875
0 0.9012930640515432 0.24640365052387353 0.052217028007635946 0.05985560124083733
0 0.8467339280712695 0.387782767352051 0.044513616008908664 0.06868429802252862
0 0.8162282680617245 0.3153943151224782 0.04912839067472685 0.06276207995351371
0 0.7558907520687241 0.3626956500196705 0.05534202800763595 0.0600741225281606
0 0.72578125 0.403125 0.0328125 0.053125
0 0.88671875 0.409375 0.0546875 0.040625
0 0.7424998667249973 0.28525906487037656 0.0413704346753633 0.06690327673520499
0 0.7717328333863611 0.24827251709994957 0.04131589067472685 0.062215776735204995
0 0.39869532272436103 0.569087033695696 0.04304202267663584 0.0763875373788668
0 0.44453125 0.7953125 0.0484375 0.059375
0 0.43203125 0.50625 0.0734375 0.046875
0 0.4307463960852688 0.7742879859252689 0.07563634667409058 0.05993201089576328
0 0.3720782787237247 0.5625421027534465 0.04931020401018138 0.07838707995351371
0 0.4272395880808144 0.7412569646379455 0.07861589600572713 0.04765053218308672
0 0.40863284937936156 0.4839143582013282 0.07705339600572714 0.04754127153942509
0 0.45625 0.5953125 0.025 0.075
0 0.42754757606617877 0.6335537252816072 0.052398841343090474 0.07548060124083733
0 0.3837975760661788 0.6304944272590787 0.07102157200827239 0.06585422896477802
0 0.44106682542963194 0.8561935497872394 0.04467724801081765 0.08274679802252863
0 0.45 0.63203125 0.0375 0.0734375
0 0.4453125 0.45625 0.046875 0.053125
0 0.45703125 0.68828125 0.0234375 0.0703125
0 0.45859375 0.85859375 0.0203125 0.0828125
0 0.3514748773869975 0.536121714385844 0.04931020401018138 0.07838707995351371
0 0.3776759400859051 0.77526062404077 0.033776110677908554 0.08510697351689647
0 0.45859375 0.52734375 0.0203125 0.0484375
0 0.43296123472308834 0.5621157678562542 0.03214088534372674 0.07874771287323483
0 0.6865033107097254 0.5745286505238736 0.07599997334499946 0.09118201089576328
0 0.7182453014003606 0.7531671027534464 0.08820907200827222 0.06705609604505725
0 0.6210259507479053 0.8509711822027572 0.07589088534372693 0.08180701089576328