0 0.12303254975217275 0.2957232990093239 0.0590275192218769 0.08535961124870495
0 0.17833312415328936 0.45992704011798385 0.06667624491161739 0.08259848428423418
0 0.2890869176854257 0.3690408668347855 0.08304487336031982 0.06777400496239885
0 0.1809888919048282 0.2010614623677248 0.06050813206674697 0.0838698858558109
0 0.14854380484055546 0.37402808147431266 0.06667624491161739 0.08259848428423436
0 0.2925261782008753 0.30341586683478544 0.06963747060135787 0.07961903349844598
0 0.22737256897404964 0.20825322415454908 0.06355124491161739 0.08245293507002263
0 0.24987393148023562 0.4332146827982202 0.08000176051544958 0.06919095574818712
0 0.20703125 0.521875 0.0859375 0.034375
0 0.121875 0.51171875 0.0875 0.0546875
0 0.20980220940853975 0.33532514640429 0.07424308344622813 0.07827485731976366
0 0.0821419561291794 0.21345876261539382 0.08732293758467105 0.06017982878371626
0 0.28853363975712154 0.46882254301346793 0.0605900192218769 0.0854323858558109
0 0.03984375 0.26484375 0.0796875 0.0765625
0 0.04878282225341 0.3443834309361934 0.08041119629109836 0.07700345574818712
0 0.056123931480235624 0.4422387340793465 0.08888543758467105 0.060252603390822126
0 0.8635889507021124 0.07925062076372687 0.034532130257724704 0.03434076674922295
0 0.89565782225341 0.062170128621609776 0.034532130257724704 0.03434076674922295
0 0.7991989020815934 0.08848437965506709 0.034532130257724704 0.03434076674922295
0 0.9178670149264636 0.08451600951502192 0.036094630257724705 0.03441354135632881
0 0.8224659837187993 0.06090303515558508 0.034532130257724704 0.03434076674922295
0 0.6707397094085398 0.0710871720448532 0.03609463025772479 0.03441354135632899
0 0.81015625 0.0109375 0.0359375 0.021875
0 0.943460157169976 0.1612582919800106 0.03617651741285464 0.035976041356328814
0 0.8977050011316537 0.023107628621609776 0.03617651741285464 0.035976041356328814
0 0.7231343690649067 0.11229006079614816 0.03609463025772488 0.03441354135632899
0 0.5752169267305371 0.6710230136488511 0.04924972749876275 0.04749573821317572
0 0.5328125 0.9140625 0.028125 0.046875
0 0.8138545443251057 0.9654107526905964 0.041191566033373664 0.0424443651776464
0 0.5853820635469826 0.8934416691493692 0.04760534034363299 0.04586046360606986
0 0.5601430461341281 0.928908288255957 0.046042840343633 0.045787688998963995
0 0.8746216259623116 0.9360828176205738 0.044480340343633 0.04571491439185813
0 0.7848907406162041 0.8935015194398194 0.04448034034363317 0.04571491439185813
0 0.6142174717330116 0.7596103246498871 0.046042840343633 0.045787688998963995
0 0.7921875 0.99140625 0.04375 0.0171875
0 0.5962509644969224 0.9537241976854164 0.049167840343632994 0.04593323821317572
0 0.8849925599289381 0.9761256207637269 0.04439845318850324 0.04415241439185813
0 0.6739665287212736 0.9578979673301236 0.042754066033373575 0.042517139784752446
0 0.7483933186353654 0.9653422861890423 0.04439845318850324 0.04415241439185813
0 0.5375 0.7875 0.0375 0.046875
0 0.7556679873368439 0.7670503354032541 0.04456222749876275 0.04727741439185813
0 0.9890625 0.8421875 0.021875 0.04375
0 0.7466072478522934 0.7020075322601009 0.04448034034363317 0.04571491439185813
0 0.6609286974227521 0.7605520864367113 0.046042840343633 0.045787688998963995
0 0.8250730845778819 0.7513482526905964 0.04283595318850324 0.04407963978475227
0 0.9859375 0.98828125 0.028125 0.0234375
0 0.779331216644629 0.6724270401179837 0.04448034034363317 0.04571491439185813
0 0.99453125 0.93828125 0.0109375 0.0453125
0 0.814538376300996 0.7144304495474432 0.04127345318850324 0.044006865177646404
0 0.6495618294894993 0.6800298325077699 0.046042840343633 0.045787688998963995
0 0.7264098552700967 0.8494647291169478 0.04596095318850324 0.044225188998963993
0 0.950017773632891 0.8655476856937042 0.044316566033373486 0.04258991439185813
0 0.5637460809598372 0.8601582882559569 0.04596095318850324 0.044225188998963993
0 0.7777820047496984 0.7317292655108779 0.04283595318850324 0.04407963978475227
0 0.6200912562200365 0.9152053531859344 0.04760534034363308 0.04586046360606986
0 0.8676965965636695 0.8600297398703148 0.04439845318850324 0.04415241439185813
0 0.9287359158764034 0.9444732063718687 0.04439845318850324 0.04415241439185813
0 0.6975965377663852 0.7152010450803825 0.046042840343633 0.045787688998963995
0 0.53125 0.86640625 0.025 0.0453125
0 0.5549376469932108 0.820042710505698 0.04752345318850333 0.04429796360606986
0 0.6008300011316537 0.8366094722925222 0.04760534034363308 0.04586046360606986
0 0.5846871019907364 0.7282533167920042 0.04760534034363299 0.04586046360606986
0 0.6655542424252265 0.8507404387940763 0.04596095318850333 0.044225188998963993
0 0.9520162856186787 0.9761213126581751 0.04439845318850324 0.04415241439185813
0 0.7047738726829513 0.8161813482235356 0.04448034034363309 0.04571491439185813
0 0.7072769957045868 0.9766094259737947 0.04604284034363308 0.045787688998963995
0 0.908485370873929 0.8550126000855623 0.041191566033373664 0.0424443651776464
0 0.7575713240624322 0.8199570115819366 0.04439845318850324 0.04415241439185813
0 0.8260889507021124 0.8806718796550671 0.04283595318850324 0.04407963978475227
0 0.7507680461341282 0.9200297861890423 0.04439845318850324 0.04415241439185813
0 0.9346052148356065 0.7135143048002922 0.04439845318850324 0.04415241439185813
0 0.8788598258714545 0.7659886414418914 0.04439845318850324 0.04415241439185813
0 0.7923491157855463 0.7809287448327135 0.04439845318850324 0.04415241439185813
0 0.6932985413844298 0.6187626927230176 0.04768722749876275 0.04742296360606986
0 0.934946051561195 0.7664937555860805 0.04275406603337366 0.042517139784752266