0 0.0109375 0.378125 0.021875 0.025
0 0.9623742199067987 0.18156693032477805 0.020052390871793335 0.018718049091614473
0 0.99765625 0.18203125 0.0046875 0.0203125
0 0.9437892406527231 0.21935397274843274 0.020170790041956366 0.020280549091614475
0 0.9388882531002777 0.24253638123316365 0.020170790041956366 0.020280549091614475
0 0.9052954257156575 0.1879127830499348 0.020170790041956366 0.020280549091614475
0 0.9552236481212558 0.23443683880950897 0.020170790041956366 0.020280549091614475
0 0.9475761688671802 0.27311670153660544 0.020170790041956366 0.020280549091614475
0 0.9772170472914189 0.23465997941639252 0.020170790041956366 0.020280549091614475
0 0.9199732323543532 0.20168824062628019 0.020170790041956366 0.020280549091614475
0 0.99140625 0.23984375 0.0171875 0.0203125
0 0.9896704257156574 0.19480025396219974 0.020170790041956366 0.020280549091614475
0 0.9337756232261466 0.1855211066873565 0.020170790041956366 0.020280549091614475
0 0.9643385389930492 0.21788706759768176 0.020170790041956366 0.020280549091614475
0 0.9467725306946793 0.20073151850606727 0.020170790041956366 0.020280549091614475
0 0.9193346149277769 0.1686206491110111 0.018608290041956365 0.020153003333980023
0 0.9864503373333751 0.21654770820456512 0.020170790041956366 0.020280549091614475
0 0.98984375 0.26171875 0.0203125 0.0203125
0 0.8981700099487548 0.15746000850412756 0.020170790041956366 0.020280549091614475
0 0.01328125 0.9265625 0.0265625 0.05
0 0.00703125 0.9765625 0.0140625 0.046875
0 0.45078125 0.63046875 0.0640625 0.0859375
0 0.5623257531002777 0.5538565185060673 0.0845418659766839 0.07056733363936125
0 0.43671875 0.53984375 0.0359375 0.0859375
0 0.56640625 0.50390625 0.0703125 0.0484375
0 0.5216522862937568 0.613422966080473 0.08153526514684692 0.07187474212409217
0 0.4779004410629971 0.7136144136548787 0.08743006763635801 0.06769742515463033
0 0.4359375 0.778125 0.034375 0.071875
0 0.48359375 0.51484375 0.0765625 0.0703125
0 0.536279780895172 0.7938437897178946 0.09067346680652086 0.06951501666989941
0 0.5594357062098442 0.6542391557789708 0.06252515601864025 0.08740414727484325
0 0.6139544950024006 0.8269111233572559 0.06467965186945542 0.09534419303247788