0 0.03203125 0.2703125 0.0640625 0.1
0 0.09551687340863291 0.2622866573569106 0.08528406667727229 0.08107143992586625
0 0.34468053206554244 0.18168146498397367 0.05888519867918127 0.09420635698624161
0 0.3931725760661788 0.18467749021171712 0.057340880012726636 0.09571429328391083
0 0.2724793627466327 0.2904959589935238 0.05888519867918127 0.09420635698624161
0 0.13863052673454232 0.20607137369164663 0.08679202267663584 0.07643850362819701
0 0.39186352005090674 0.07217749021171711 0.055778380012726815 0.0956597295815799
0 0.09642594008590515 0.3404116573569106 0.09287839067472695 0.06259425843752045
0 0.14549759739017923 0.12454855517999235 0.08217724801081765 0.08252481252120454
0 0.06115896005727008 0.1306199951058586 0.09142497867599957 0.0719146947351895
0 0.4141770614258139 0.37777272578374693 0.049546561346272 0.09700397477225664
0 0.08943160009545018 0.4109969758685649 0.09456816000954502 0.07358632213985139
0 0.01640625 0.38671875 0.0328125 0.0515625
0 0.2568714493952699 0.15817453231450163 0.08988066000954512 0.07342263103285873
0 0.23772146005727013 0.12445429674247191 0.08991702267663584 0.07654763103285873
0 0.16537374538508853 0.08633922704969121 0.0806329293443632 0.0840327488188736
0 0.19945784404836148 0.06013882559841237 0.08059656667727211 0.0809077488188736
0 0.25596347740290587 0.2144790960168324 0.08372156667727211 0.0810168762235353
0 0.07589416939845153 0.1879414217848808 0.09743862133990877 0.051820449544512925
0 0.39122936274663267 0.2863491176163788 0.09295111600890867 0.06884425843752044
0 0.009375 0.5890625 0.01875 0.090625
0 0.49451908943345 0.913496949374877 0.044259077339272326 0.045277783665263985
0 0.6099259134309045 0.8907092354023938 0.0426602146721816 0.04209821996293321
0 0.30494641740926925 0.7419195936545797 0.03951703333863606 0.04042659255827132
0 0.6186634720719058 0.7012647894860777 0.03948067067154533 0.037301592558271326