0 0.465625 0.653125 0.0671875 0.05
0 0.615625 0.65 0.0734375 0.03125
0 0.3921875 0.7015625 0.059375 0.065625
0 0.5109375 0.7359375 0.0609375 0.0671875
0 0.4296875 0.55625 0.040625 0.06875
0 0.409375 0.79375 0.0609375 0.06875
0 0.484375 0.684375 0.0703125 0.053125
0 0.425 0.6109375 0.0671875 0.04375
0 0.3703125 0.6515625 0.0703125 0.0421875
0 0.3390625 0.584375 0.0546875 0.0671875
0 0.39375 0.5578125 0.0453125 0.0703125
0 0.4515625 0.740625 0.0640625 0.0578125
0 0.359375 0.521875 0.0625 0.05625
0 0.5421875 0.6890625 0.034375 0.075
0 0.5953125 0.69375 0.0671875 0.0515625
0 0.4265625 0.9140625 0.0640625 0.06875
0 0.3515625 0.7140625 0.0515625 0.0703125
0 0.3109375 0.75625 0.078125 0.03125
0 0.6203125 0.5609375 0.0390625 0.071875
0 0.525 0.5765625 0.0578125 0.059375
0 0.4671875 0.546875 0.0359375 0.071875
0 0.28125 0.5984375 0.05625 0.06875
0 0.5890625 0.3765625 0.0359375 0.0703125
0 0.6703125 0.3671875 0.0703125 0.0390625