0 0.707640385390834 0.18684884982908018 0.05818293836009243 0.05935827962517113
0 0.691843270781668 0.5099226369760987 0.0493547425071295 0.065335494985435
0 0.7494000754943528 0.3508371419906636 0.06619092799249984 0.04400606426490725
0 0.7157659522145378 0.2364851369760987 0.06374943317629622 0.05172763605166182
0 0.6705519055603713 0.3079342396416657 0.04908134043361088 0.062210494985435
0 0.6663318802070377 0.19584341660126983 0.05363213939685174 0.06078438730530315
0 0.6586001267666678 0.42672970374828834 0.06789012902925914 0.04561402837152997
0 0.7126820340239826 0.41424642412311724 0.050780541470370366 0.06381845909205772
0 0.7549254885011117 0.18079742663039972 0.062323634213055534 0.05324467194503919
0 0.7998484262955563 0.2730016470052286 0.052206340433611054 0.06230142319868044
0 0.695240255795927 0.3820249575092121 0.05960873732333329 0.05784124373179385
0 0.6123321365686124 0.5636674140939875 0.044803943543888634 0.06676160266556704
0 0.6349465962295379 0.3229969499873647 0.05050713939685174 0.06069345909205772
0 0.7291683220539829 0.5820871419906636 0.04765554147037036 0.06372753087881229
0 0.5488136065971305 0.3099179399582349 0.05519463939685174 0.06082985141192587
0 0.5032673692737972 0.3673500067304246 0.053768840433611055 0.062346887305303154
0 0.43748796145083463 0.531350322248973 0.05234304147037028 0.06386392319868044
0 0.6558441480675008 0.2444627730277606 0.05349543836009261 0.05922188730530316
0 0.6499688376053717 0.5610137755350431 0.044803943543888815 0.06676160266556704
0 0.5182690697449086 0.5165316528112163 0.05689384043361097 0.06243781551854859
0 0.47567146663463084 0.5224466836900288 0.04908134043361105 0.062210494985435
0 0.5434822661635195 0.3708554399582349 0.03869064458064795 0.06814224623907635
0 0.7163155904800937 0.4795986394833812 0.05845634043361105 0.062483279625171126
0 0.5930324983030564 0.3210994808661772 0.05064384043361105 0.06225595909205772
0 0.7820949983030564 0.31559832396483267 0.06374943317629622 0.05172763605166182
0 0.7681309516488899 0.3861381444979461 0.06945262902925933 0.04565949247815269
0 0.75975252365639 0.42846203681781414 0.06728453628657398 0.05650606426490725
0 0.4753010282745384 0.5801227913701605 0.049628144580647945 0.06846049498543501
0 0.5468629614508347 0.5281678347853853 0.050780541470370276 0.06381845909205772
0 0.5088558220539829 0.5884975810244617 0.047792242507129504 0.06529003087881229
0 0.5849685541935198 0.5379687321198183 0.04921804147037019 0.06377299498543501
0 0.6601229620164825 0.37369563196153377 0.03882734561740726 0.06970474623907634
0 0.6629951008476864 0.46556488321517503 0.06517523213953709 0.05021060015828453
0 0.7697111584350933 0.22556435735092756 0.06958933006601846 0.04722199247815269
0 0.5693612609797232 0.3778950501456492 0.03869064458064795 0.06814224623907635
0 0.5485239147966681 0.598253014252272 0.05505793836009252 0.05926735141192587
0 0.6357299718184272 0.5099968448145152 0.06632762902925915 0.045568564264907255
0 0.6073506935903715 0.4780936269469688 0.05804623732333329 0.05779577962517131
0 0.6264902557959269 0.3840253782006101 0.0431047425071295 0.06515363855894449
0 0.7014109262955563 0.27586588572245746 0.05831963939685174 0.06092077962517113
0 0.7074271889722231 0.3317976369760987 0.05947203628657398 0.05627874373179385
0 0.7545359262955563 0.2743201060972863 0.05662043836009243 0.05931281551854841
0 0.5351435029212048 0.4661679399582349 0.06544863421305554 0.053335600158284535
0 0.43344571894370515 0.5953673581423503 0.046366443543888726 0.06680706677218957
0 0.7339528583405569 0.5273996419906636 0.05763613421305536 0.053108279625171305
0 0.4774280392077788 0.41329900422314214 0.046366443543888816 0.06680706677218957
0 0.5856903070682419 0.458463088546309 0.05845634043361088 0.062483279625171306
0 0.46272169877416786 0.47450928886287824 0.047518840433611056 0.06216503087881229
0 0.5796875 0.621875 0.053125 0.05625
0 0.65859375 0.6171875 0.0453125 0.065625
0 0.5880319314793526 0.2713722655059132 0.06802683006601846 0.04717652837152997
0 0.62109375 0.621875 0.0453125 0.05625
0 0.6865119303480569 0.5708601369760987 0.04425713939685174 0.06051160266556703
0 0.7436395081050011 0.45230871377741827 0.06599543836009243 0.059585600158284534
0 0.5932676526856492 0.3896676244396864 0.03556564458064795 0.0680513180258309
0 0.5183852298769456 0.4261339733443297 0.05064384043361105 0.06225595909205772
0 0.690625 0.628125 0.04375 0.04375
0 0.98359375 0.74140625 0.0328125 0.0359375