0 0.3793013525655204 0.3892907212939069 0.026602072794389107 0.026018671939110227
0 0.2934429981542987 0.3429197400769873 0.026602072794389107 0.026018671939110404
0 0.3883363911221833 0.4185325523205462 0.026702202344038462 0.027581171939110406
0 0.127897143743077 0.29979577566598153 0.026602072794389107 0.026018671939110404
0 0.3286795913067534 0.3523928991645162 0.026602072794389288 0.026018671939110227
0 0.26123127545219466 0.3348817469970694 0.026602072794389107 0.026018671939110404
0 0.07054571869693445 0.3192752875289796 0.026602072794389153 0.026018671939110227
0 0.10329766194167425 0.29456444760509176 0.026602072794389107 0.026018671939110227
0 0.210111261572534 0.4273530898867068 0.026702202344038462 0.02758117193911023
0 0.18338807526762452 0.40662409581820586 0.026602072794389107 0.026018671939110404
0 0.17931994139903856 0.32419359779537216 0.02503957279438911 0.02595500494291585
0 0.14999338680324667 0.3440896037268712 0.026602072794389107 0.026018671939110227
0 0.20588244139903855 0.32311125886006753 0.026501943244739756 0.024456171939110226
0 0.22685627545219464 0.33628242091334604 0.024939443244739755 0.02439250494291585
0 0.07028729796972857 0.42058311954420197 0.026702202344038462 0.027581171939110406
0 0.15914953887042996 0.4200791007611217 0.02826470234403846 0.027644838935304606
0 0.35077583436692317 0.396686727225406 0.026602072794389107 0.026018671939110404
0 0.333227388962715 0.3787007311797386 0.026602072794389288 0.026018671939110227
0 0.13060303671096163 0.37916494068500955 0.026602072794389107 0.026018671939110227
0 0.18649209130675345 0.3581865958182059 0.02503957279438911 0.02595500494291585
0 0.12725679365079193 0.33410710866978716 0.026602072794389107 0.026018671939110404
0 0.29917376157253395 0.4237240711036264 0.026702202344038462 0.027581171939110406
0 0.3276992797711313 0.41632806517212745 0.026702202344038462 0.027581171939110406
0 0.09871268661867653 0.414749613612703 0.026602072794389107 0.026018671939110227
0 0.09913179365079192 0.33525311460128615 0.026602072794389107 0.026018671939110227
0 0.24234157310815618 0.3621445839552077 0.026602072794389107 0.026018671939110227
0 0.14150096391657244 0.4036556047154544 0.026602072794389107 0.026018671939110404
0 0.16467764806201365 0.38245176676873294 0.026602072794389107 0.026018671939110404
0 0.29622803671096165 0.37241623908840404 0.026602072794389107 0.026018671939110227
0 0.10514196175710415 0.3630597796203142 0.026702202344038462 0.027581171939110406
0 0.1198867797711313 0.42479577566598153 0.026602072794389107 0.026018671939110404
0 0.21109157310815618 0.36341792387909555 0.02503957279438911 0.02595500494291585
0 0.31045122301587114 0.3936545691264602 0.026602072794389107 0.026018671939110404
0 0.0893772594130657 0.3901952825860636 0.02816457279438911 0.026082338935304605
0 0.0726298504060521 0.35970928654039636 0.026702202344038462 0.027581171939110406
0 0.22783898211516976 0.3939039199247629 0.026602072794389107 0.026018671939110404
0 0.2697656662606109 0.37193607802370876 0.026602072794389107 0.026018671939110404
0 0.23687402067183266 0.4231457509514021 0.026602072794389107 0.026018671939110404
0 0.2822260934662218 0.39636307505795915 0.026602072794389107 0.026018671939110227
0 0.2541010934662218 0.39750908098945825 0.026602072794389107 0.026018671939110227
0 0.06467764806201363 0.386526454525174 0.026602072794389153 0.026018671939110227
0 0.2666616502214819 0.4203735780237087 0.02503957279438911 0.02595500494291585
0 0.2500515484311539 0.24183208395520772 0.026602072794389107 0.026018671939110227
0 0.6499909916758938 0.06598055528629568 0.03647772054263569 0.03421317391627667
0 0.572566898523439 0.0582264050960152 0.03501535009228505 0.03571200692008212
0 0.559375 0.14609375 0.01875 0.0359375
0 0.68984375 0.015625 0.0359375 0.03125
0 0.6931216255444796 0.1468193784042695 0.03657785009228505 0.035775673916276673
0 0.7026177390550001 0.1931850424347144 0.0382404796419344 0.03740184091247105
0 0.6687038140088576 0.2117095493547966 0.0382404796419344 0.037401840912470875
0 0.58671875 0.0078125 0.0359375 0.015625
0 0.565625 0.11015625 0.03125 0.0359375
0 0.6121114574381675 0.12206872920257225 0.03501535009228505 0.03571200692008212
0 0.55625 0.20546875 0.0125 0.0359375
0 0.6522358096899209 0.12822588730151807 0.03501535009228505 0.03571200692008212
0 0.5932031662606109 0.22257806517212747 0.0366779796419344 0.037338173916276675
0 0.6622325709486878 0.16677905133196305 0.0366779796419344 0.037338173916276675
0 0.623831405001844 0.1823695592406283 0.03501535009228505 0.03571200692008212
0 0.55703125 0.01953125 0.0140625 0.0328125
0 0.8350507048172737 0.24233351376580234 0.039903109191583755 0.03902800790866543
0 0.44039474861572403 0.8195671758190809 0.046453497840531634 0.043970175893442945
0 0.33125 0.98203125 0.046875 0.0359375
0 0.20239649599483034 0.9586137242596564 0.04342862739018098 0.045405341901054184
0 0.17286728717238695 0.8600780651721275 0.04332849784053163 0.04384284190105418
0 0.23897434608711537 0.9228380503433797 0.04489099784053181 0.043906508897248564
0 0.12000070789959283 0.7609349110275143 0.04489099784053163 0.043906508897248564
0 0.3803188417681788 0.8329240216744678 0.04489099784053181 0.043906508897248564
0 0.16875 0.9828125 0.04375 0.034375
0 0.215625 0.99375 0.04375 0.0125
0 0.41319189852343896 0.8549608477581911 0.046453497840531634 0.043970175893442945
0 0.3969871051864141 0.9132826837277463 0.046553627390180985 0.04553267589344294
0 0.2140930644702829 0.8490477232710733 0.04332849784053181 0.04384284190105418
0 0.2560988942045023 0.7772072153624079 0.044991127390180984 0.045469008897248565
0 0.37890625 0.98203125 0.0453125 0.0359375
0 0.2735891779808032 0.8933760434232976 0.044790868290882455 0.04234400889724856
0 0.00703125 0.79296875 0.0140625 0.0453125
0 0.01015625 0.88984375 0.0203125 0.0453125
0 0.29149856878921954 0.9300483724727705 0.046453497840531634 0.043970175893442945
0 0.3327639188815046 0.8940816975679107 0.046453497840531634 0.043970175893442945
0 0.07601087600590502 0.7907789199247628 0.046453497840531634 0.043970175893442945
0 0.12989733960871047 0.8010505750579592 0.04489099784053163 0.043906508897248564
0 0.25173276681432133 0.8210208823586023 0.04489099784053181 0.043906508897248564
0 0.43598904843115394 0.8883171758190809 0.046553627390180985 0.04553267589344294
0 0.11957920574012446 0.7188747450199031 0.04489099784053163 0.043906508897248564
0 0.053113596548540754 0.7589850918638732 0.046553627390180985 0.04553267589344294
0 0.44119818014027157 0.9286238408381088 0.048116127390180986 0.04559634288963732
0 0.5128915098744911 0.8555736600017501 0.04967862739018081 0.0456600098858317
0 0.05079202807308825 0.8681690908752898 0.04489099784053163 0.043906508897248564
0 0.47837680753045253 0.8834731669218323 0.046453497840531634 0.043970175893442945
0 0.47669319401993215 0.8367891679104155 0.048015997840531635 0.0440338428896375
0 0.16292868754152715 0.72334206912646 0.04489099784053181 0.043906508897248564
0 0.0561174830380204 0.7121100918638732 0.046553627390180985 0.04553267589344294
0 0.40625958050941174 0.7929065167315519 0.046353368290882456 0.042407675893442943
0 0.4624328300479865 0.9620438358951929 0.048116127390180986 0.04559634288963732
0 0.01640625 0.73203125 0.0328125 0.0453125
0 0.24515899907714936 0.6560962193167406 0.044991127390180984 0.045469008897248565
0 0.1158582186969345 0.9714904090503479 0.04332849784053163 0.04384284190105418
0 0.28929092844222853 0.7213100424347144 0.046553627390180985 0.04553267589344294
0 0.24025744139903846 0.9757720493547966 0.04332849784053181 0.04384284190105418
0 0.32883548735695706 0.7851523665412714 0.04322836829088246 0.04228034190105419
0 0.2163936489848643 0.6915535582520451 0.04332849784053163 0.04384284190105418
0 0.46184585132890277 0.6550590068457202 0.04977875693983034 0.047222509885831696
0 0.25808050123661774 0.6976470493547966 0.04489099784053181 0.043906508897248564
0 0.13114086212624443 0.8789209070731816 0.04322836829088246 0.04228034190105419
0 0.09051586212624438 0.8805762489742358 0.040003238741233016 0.04059050790866543
0 0.16563218538205887 0.6811545691264602 0.04489099784053163 0.043906508897248564
0 0.2973246715023983 0.7661768734613537 0.04489099784053181 0.043906508897248564
0 0.19087441240309957 0.7736312292025722 0.04322836829088246 0.04228034190105419
0 0.34754351943521494 0.6877680305717163 0.046553627390180985 0.04553267589344294
0 0.3586602945736425 0.6358871955907444 0.04665375693983016 0.04709517589344294
0 0.4164727945736425 0.633531516731552 0.04665375693983016 0.04709517589344294
0 0.3073190376338122 0.6831733724727705 0.04322836829088246 0.04228034190105419
0 0.21212765114433269 0.7338047252482396 0.04489099784053181 0.043906508897248564
0 0.06147110734588242 0.9690312539171517 0.04332849784053163 0.04384284190105418
0 0.8292569895164255 0.6223632064651593 0.026602072794389107 0.026018671939110227
0 0.885045914562568 0.6029473615983555 0.028064443244739935 0.024519838935304607
0 0.8227251897009955 0.5540588754385201 0.024939443244739755 0.02439250494291585
0 0.8796155397932806 0.5174555305717163 0.024939443244739935 0.02439250494291585
0 0.9359075077150226 0.6117838507239407 0.026602072794389107 0.026018671939110404
0 0.8160350987080092 0.5854998764271032 0.026501943244739933 0.024456171939110406
0 0.7927768738464367 0.5350197153624079 0.024939443244739935 0.02439250494291585
0 0.8371486351052037 0.5721722054765761 0.024939443244739935 0.02439250494291585
0 0.8639113942045024 0.5679648665412714 0.024939443244739935 0.02439250494291585
0 0.8480255783499434 0.5483527034994097 0.024939443244739755 0.02439250494291585
0 0.8242271329457352 0.5306213754385201 0.024939443244739935 0.02439250494291585
0 0.7719031693429299 0.5202860533091294 0.024939443244739755 0.02439250494291585
0 0.7890625 0.496875 0.025 0.015625
0 0.8763508374492421 0.5440816975679107 0.024939443244739935 0.02439250494291585
0 0.9277130783499434 0.5451056866934958 0.026501943244739756 0.024456171939110226
0 0.9183986351052036 0.5688615216744678 0.026501943244739933 0.024456171939110406
0 0.8869483760059051 0.5732598615983556 0.024939443244739755 0.02439250494291585
0 0.8082411875415272 0.5125717123966583 0.024939443244739935 0.02439250494291585
0 0.8461417057401246 0.5047937044879929 0.024939443244739755 0.02439250494291585
0 0.9380102282576583 0.5789713507239407 0.026501943244739933 0.024456171939110406
0 0.9205409284422286 0.5111126886706622 0.026501943244739933 0.024456171939110226
0 0.76328125 0.4921875 0.0265625 0.00625
0 0.941614892045034 0.5227213507239407 0.026501943244739756 0.024456171939110226
0 0.90078125 0.5 0.0265625 0.021875
0 0.9625 0.4921875 0.025 0.00625
0 0.9605861351052036 0.5671425127772192 0.026501943244739933 0.024456171939110406
0 0.9559382078995927 0.5423971807619967 0.024939443244739935 0.02439250494291585
0 0.9642909284422286 0.5093300127772192 0.02483931369509058 0.02283000494291585