0 0.196875 0.05790559603754373 0.0421875 0.04267839600572696
0 0.0203125 0.084375 0.040625 0.04375
0 0.065625 0.01484375 0.04375 0.0296875
0 0.1609375 0.02936242536599849 0.0421875 0.04267839600572696
0 0.1484375 0.08859197469763495 0.04375 0.0426965773392725
0 0.0546875 0.13437609468490824 0.0453125 0.04271475867281786
0 0.29453125 0.0046875 0.0421875 0.009375
0 0.428125 0.10890447469763495 0.1328125 0.09998291335136278
0 0.61875 0.1033100973901792 0.1296875 0.09682155068427192
0 0.4328125 0.2605215186982713 0.134375 0.09843859468490823
0 0.4375 0.41057606269890756 0.1390625 0.10161813868554467
0 0.628125 0.25341918539145186 0.1328125 0.09685791335136287
0 0.6359375 0.4035100920591791 0.134375 0.10000109468490823
0 0.4421875 0.56484375 0.14375 0.1078125
0 0.6453125 0.5551816800604519 0.1390625 0.10474313868554468
0 0.66875 0.8678453120623608 0.09375 0.10109088001272681
0 0.5796875 0.8621214760502702 0.1109375 0.0794158746817267
0 0.459375 0.8091590133672713 0.115625 0.06540791868236298
0 0.596875 0.7982589707192703 0.1171875 0.05761360001590852
0 0.55 0.713338530712907 0.1078125 0.08875451201463562
0 0.78125 0.7269668680776328 0.09375 0.10265338001272664
0 0.746875 0.889066878739633 0.075 0.11024770401018102
0 0.7421875 0.8077623347389966 0.1171875 0.05761360001590852
0 0.475 0.7468408267027256 0.1125 0.0716215560152719