0 0.696875 0.5609375 0.0453125 0.04375
0 0.88125 0.484375 0.046875 0.04375
0 0.8921875 0.55625 0.046875 0.0453125
0 0.9234375 0.503125 0.0484375 0.0453125
0 0.846875 0.578125 0.046875 0.0453125
0 0.8546875 0.5265625 0.046875 0.04375
0 0.890625 0.603125 0.046875 0.0453125
0 0.6703125 0.675 0.04375 0.0453125
0 0.9125 0.740625 0.046875 0.0453125
0 0.625 0.746875 0.0453125 0.0453125
0 0.896875 0.65 0.046875 0.046875
0 0.7 0.60625 0.0453125 0.0453125
0 0.940625 0.66875 0.046875 0.046875
0 0.8109375 0.60625 0.0453125 0.0453125
0 0.63125 0.7015625 0.04375 0.0453125
0 0.596875 0.66875 0.0453125 0.0453125
0 0.76875 0.5859375 0.0453125 0.04375
0 0.70625 0.6484375 0.0453125 0.0453125
0 0.671875 0.721875 0.0453125 0.046875
0 0.8796875 0.7765625 0.046875 0.0453125
0 0.7078125 0.7859375 0.0453125 0.046875
0 0.7921875 0.7828125 0.0453125 0.046875
0 0.7125 0.7390625 0.0453125 0.0453125
0 0.8609375 0.6765625 0.0453125 0.046875
0 0.86875 0.7296875 0.046875 0.046875
0 0.7921875 0.7375 0.0453125 0.0453125
0 0.7109375 0.69375 0.04375 0.046875
0 0.903125 0.6953125 0.0453125 0.0453125
0 0.8265625 0.7046875 0.0453125 0.0453125
0 0.821875 0.65625 0.0453125 0.0453125
0 0.590625 0.71875 0.0453125 0.046875
0 0.9453125 0.7140625 0.046875 0.0453125
0 0.834375 0.75625 0.04375 0.0453125
0 0.659375 0.621875 0.0453125 0.04375
0 0.6671875 0.76875 0.0453125 0.0453125
0 0.78125 0.6390625 0.04375 0.0453125
0 0.7515625 0.7671875 0.0453125 0.0453125
0 0.7421875 0.6203125 0.0453125 0.04375
0 0.746875 0.6671875 0.04375 0.0453125
0 0.5875 0.7703125 0.0453125 0.0453125
0 0.753125 0.7109375 0.04375 0.04375
0 0.7875 0.684375 0.04375 0.04375
0 0.85625 0.628125 0.0453125 0.0453125