0 0.21875 0.48046875 0.0375 0.0578125
0 0.296875 0.49609375 0.025 0.0265625
0 0.08690336263183455 0.4443240429343052 0.04702618942018653 0.057268292553055565
0 0.11232902588483622 0.34359669111069413 0.0630306210184525 0.037355836056041626
0 0.21329926266006946 0.41165440045749957 0.05134966837349921 0.0511273953265972
0 0.27313074701622825 0.25692922644555505 0.061741136803468065 0.04200696846486114
0 0.04921875 0.48125 0.0421875 0.05625
0 0.2609375 0.4875 0.05 0.04375
0 0.16530137841685014 0.4471931633752774 0.039304694681858446 0.05864895459715278
0 0.12109375 0.49453125 0.0390625 0.0296875
0 0.3 0.22578125 0.01875 0.0640625
0 0.2592487994917724 0.42153724031326345 0.05134966837349921 0.0511273953265972
0 0.24230495222143036 0.31866681345152736 0.05420165258848364 0.046512630508958354
0 0.28294390472520936 0.45227809403673563 0.050060184158514785 0.055778527735416715
0 0.290625 0.34296875 0.0375 0.0609375
0 0.40340759414539595 0.27430509650527757 0.12081229991529537 0.0917537017473613
0 0.58046875 0.4984375 0.1171875 0.021875
0 0.559399988911959 0.23938196979604137 0.11143729991529536 0.09153549620027786
0 0.4993417204255203 0.30962304103444416 0.0680359104104042 0.12329333605604162
0 0.4437302153050228 0.16071406876986086 0.10756884727034208 0.10548889342673622
0 0.5633733993223632 0.3613297049784025 0.06481990514873245 0.12165810087368065
0 0.5729626889966635 0.14988305870187463 0.06914338410204497 0.11551720364722229
0 0.42256638879901953 0.3614777881846526 0.09432539462538862 0.11922408510611113
0 0.5237186360975963 0.4326604975314581 0.09561487884037315 0.1145729526972918
0 0.4977652679217413 0.17510257066972193 0.09975634727034208 0.10530705547083344
0 0.4477359048663837 0.06830836322277758 0.10279034200867017 0.10381729065319441
0 0.44921875 0.46484375 0.0953125 0.0890625
0 0.69296875 0.49609375 0.1171875 0.0265625
0 0.6675456888554893 0.296320341186944 0.11824874203690498 0.07452983415618064
0 0.6733883522496653 0.04741006250159678 0.10665879465362345 0.08986389342673622
0 0.8054405310053336 0.8594359773954856 0.0447356473268119 0.04473192496187508
0 0.7468706258566014 0.740323607904444 0.04464464206513981 0.04316942496187508
0 0.5237817363517102 0.7783730410344442 0.04786064732681181 0.04480466014423605
0 0.5413626204537552 0.8921809678961804 0.04620714206513998 0.043205792553055566
0 0.941287025743662 0.8547094969627771 0.0462071420651398 0.043205792553055566
0 0.6356292889684287 0.7914159420606246 0.04464464206513998 0.04316942496187508
0 0.9006466151920833 0.8822539219246522 0.0462981473268119 0.04476829255305557
0 0.7090080628577136 0.573790724545694 0.0447356473268119 0.04473192496187508
0 0.48107756783703665 0.8779379363610413 0.049423147326811724 0.04484102773541672
0 0.7170752519955513 0.9272066652751384 0.0462981473268119 0.04476829255305574
0 0.9890625 0.87421875 0.021875 0.0453125
0 0.9921875 0.67890625 0.015625 0.0453125
0 0.5970974099868812 0.828298999431319 0.0462981473268119 0.04476829255305574
0 0.8562456258566014 0.737777876521805 0.0462071420651398 0.043205792553055566
0 0.8396797521367259 0.7757142876159717 0.04473564732681172 0.04473192496187508
0 0.6309432470162282 0.630369339287083 0.0447356473268119 0.04473192496187499
0 0.98984375 0.78828125 0.0203125 0.0453125
0 0.47705792577189676 0.835786803952222 0.04786064732681172 0.04480466014423605
0 0.4697466837349917 0.7639845391345832 0.044553636803468064 0.04160692496187508
0 0.7904400733810573 0.575024609804305 0.04629814732681172 0.04476829255305557
0 0.8643759152485531 0.8236426413394439 0.04464464206513981 0.04316942496187508
0 0.5352359048663837 0.679535497531458 0.04629814732681172 0.04476829255305557
0 0.7862677838479313 0.6377064477602079 0.04464464206513981 0.04316942496187508
0 0.7158782310900383 0.7723373273192357 0.04464464206513981 0.04316942496187508
0 0.677407994314805 0.7028249143252079 0.04464464206513981 0.04316942496187508
0 0.8324426467621144 0.8932290959365968 0.04133763154179633 0.03997168977951393
0 0.7814430469315237 0.7160496533072912 0.04464464206513998 0.04316942496187508
0 0.692379088883724 0.8792783115516662 0.04142863680346807 0.04153418977951393
0 0.8027874259130711 0.6795666394395828 0.04464464206513981 0.04316942496187508
0 0.6084437046405048 0.9156535290665969 0.0462981473268119 0.04476829255305574
0 0.8589295520520212 0.8644494792953467 0.04464464206513981 0.04316942496187508
0 0.7896364365775892 0.5343632422131245 0.04308214206513981 0.043133057370694415
0 0.5676997943712749 0.6459229105254858 0.04629814732681172 0.04476829255305557
0 0.6488433785580245 0.6690681633752774 0.0447356473268119 0.04473192496187499
0 0.929183325941306 0.6468969969627771 0.04473564732681172 0.04473192496187508
0 0.6231755206231644 0.7119102800165275 0.04473564732681172 0.04473192496187508
0 0.9720078627730089 0.6568525720009022 0.0462981473268119 0.04476829255305557
0 0.8177152049228533 0.6135052283454161 0.04464464206513981 0.04316942496187508
0 0.8824272362105358 0.9186642006099994 0.04629814732681172 0.04476829255305557
0 0.7171875 0.53125 0.046875 0.04375
0 0.5597948310618035 0.8056979540284719 0.04620714206513989 0.043205792553055566
0 0.5023015785015547 0.7319344521286109 0.04629814732681172 0.04476829255305557
0 0.8220974099868812 0.823062066301319 0.04464464206513981 0.04316942496187508
0 0.6546845839044009 0.5813135902370135 0.0447356473268119 0.04473192496187508
0 0.7216438417263216 0.6564213865897912 0.04299113680346807 0.041570557370694414
0 0.82890625 0.528125 0.0453125 0.0375
0 0.98203125 0.9421875 0.0359375 0.04375
0 0.97890625 0.71328125 0.0421875 0.0453125
0 0.5435636153332577 0.7419263947579164 0.04473564732681172 0.04473192496187508
0 0.8587952312312126 0.6203721709747216 0.04299113680346807 0.041570557370694414
0 0.9360101786144941 0.6029287914156939 0.04638915258848364 0.04633079255305557
0 0.7238741996611816 0.6141247838162496 0.0447356473268119 0.04473192496187508
0 0.7491780365493543 0.5650326671749994 0.0447356473268119 0.04473192496187508
0 0.5904525678370367 0.8753922049784025 0.044553636803468064 0.04160692496187508
0 0.9130570679782111 0.7192447756481244 0.04464464206513998 0.04316942496187508
0 0.6724937101845253 0.6184499143252079 0.04473564732681172 0.04473192496187508
0 0.6791972784450849 0.787272649507569 0.04142863680346807 0.04153418977951393
0 0.5843104416980867 0.6893456022048607 0.0462981473268119 0.04476829255305557
0 0.7477190362670056 0.8623440782691663 0.04473564732681172 0.04473192496187508
0 0.5310929783886152 0.850175305852083 0.044553636803468064 0.04160692496187508
0 0.8906052153050229 0.7635766571070134 0.044553636803468064 0.04160692496187508
0 0.97734375 0.6140625 0.0453125 0.04375
0 0.957033852108491 0.8027105858686105 0.04620714206513998 0.043205792553055566