0 0.16860930342067243 0.1363774883880245 0.047222509885831696 0.048193459092057724
0 0.04940831726083692 0.20554868870459364 0.05041117688202608 0.04984688730530316
0 0.3448826433445603 0.1625355084462842 0.047222509885831696 0.048193459092057724
0 0.29201231132933786 0.17033128807145542 0.04715884288963732 0.04663095909205772
0 0.3640729951314462 0.24958086738005747 0.0503475098858317 0.048284387305303156
0 0.2557219842570313 0.20110992663039973 0.04559634288963732 0.046585494985435
0 0.3294141522418089 0.20522311361913373 0.047158842889637495 0.04663095909205772
0 0.3265625 0.26953125 0.046875 0.0203125
0 0.2196916423559771 0.1614851369760987 0.047222509885831696 0.048193459092057724
0 0.21579732121516954 0.2194794934025895 0.04728617688202626 0.049755959092057725
0 0.2998194941428631 0.24675739575158726 0.0440338428896375 0.04654003087881229
0 0.18014898129128182 0.18922970374828835 0.047222509885831696 0.048193459092057724
0 0.23828125 0.27109375 0.0453125 0.0171875
0 0.1984375 0.25703125 0.046875 0.0453125
0 0.25444332714666873 0.24651335484364517 0.0455963428896375 0.046585494985435
0 0.16015625 0.26875 0.0453125 0.021875
0 0.71484375 0.0046875 0.0296875 0.009375
0 0.7703125 0.0125 0.028125 0.025
0 0.7170627549800969 0.027916467538342003 0.03089717292769336 0.030551318025830908
0 0.81796875 0.00390625 0.0296875 0.0078125
0 0.7455697569572634 0.036473113619133725 0.029271005931499162 0.028943353919208194
0 0.740625 0.0109375 0.028125 0.021875
0 0.7994295860067362 0.014569369887339877 0.029271005931499162 0.028943353919208194
0 0.68515625 0.00546875 0.0296875 0.0109375
0 0.846875 0.009375 0.03125 0.01875
0 0.7560270958925679 0.0627628289793976 0.03089717292769336 0.030551318025830908
0 0.7753209239534578 0.03717179559330282 0.03083350593149916 0.02898881802583091
0 0.8235674229648744 0.031074908287999657 0.03245967292769336 0.030596782132453627
0 0.2988114565767024 0.8443671477966515 0.03896434091247105 0.03702863855894432
0 0.10577774509426519 0.6372319123781278 0.03571200692008221 0.03381271034569906
0 0.24968957117798857 0.5986287504622184 0.03408583992388783 0.03220474623907634
0 0.35443542098770814 0.6737985835317442 0.03564833992388792 0.03225021034569906
0 0.3018144397707885 0.7644977913701606 0.03571200692008229 0.03381271034569906
0 0.8438454308735398 0.7095756444979461 0.047158842889637495 0.04663095909205772
0 0.7725434338392894 0.7257294934025895 0.0487850098858317 0.048238923198680436
0 0.8703681215957305 0.8230016470052286 0.0487850098858317 0.048238923198680436
0 0.7403967787060931 0.7814172037482884 0.04715884288963732 0.04663095909205772
0 0.8495807777175098 0.7735472162847008 0.04865767589344294 0.04511392319868044
0 0.7699224526223697 0.8149738498290802 0.047158842889637495 0.04663095909205772
0 0.8064037806832595 0.7888827112701359 0.047222509885831696 0.048193459092057724
0 0.8155586047898165 0.744814462523777 0.04715884288963732 0.04663095909205772