0 0.46042727174234166 0.4057531555357038 0.06464229333702498 0.058167024004105096
0 0.36701723318567864 0.4348861436318471 0.06650518198597269 0.0628636143631848
0 0.270568525599853 0.14849412567786618 0.06348031153562203 0.06440793364502548
0 0.3058399012919909 0.40641570998682164 0.06640505243632351 0.06130111436318479
0 0.19277869678848408 0.42137711377400955 0.06181768198597286 0.06283634328594587
0 0.8857462492248077 0.2698611073311019 0.04941781153562204 0.06432612041330898
0 0.745542751384276 0.22687365573209553 0.04170544108527156 0.06584316861791084
0 0.7838018198597284 0.33643046291368783 0.05390505243632351 0.06122839149054773
0 0.7389737739018098 0.14873956537301591 0.05682979333702498 0.05812157220870695
0 0.8897514312107806 0.3323611073311019 0.06852875693983033 0.04569429508134384
0 0.8776543445367307 0.216708836253863 0.0712532387412331 0.03946247579950324
0 0.7551971560723529 0.28003501716841395 0.0665657387412331 0.03943520472226432
0 0.8517088155407919 0.4211690772768725 0.06999112739018098 0.044140885440423536
0 0.8371666517534162 0.3648554447633153 0.04190570018457009 0.06896816861791084
0 0.7697974814876357 0.4347497882456528 0.05400518198597286 0.06279089149054773
0 0.8153150308416401 0.1944793122497579 0.05849242288667433 0.05969316256778665
0 0.73515625 0.46015625 0.0640625 0.0390625
0 0.7912371807493551 0.15997704722264325 0.05829216378737563 0.05656816256778665
0 0.8399331014765611 0.26178498691779295 0.044930570634920744 0.06742384933607007
0 0.678632260945 0.4014191377781146 0.06842862739018099 0.044131795081344016
0 0.600251235345147 0.1776089330558503 0.05067992288667415 0.05964771077238851
0 0.8890295404023643 0.3698429266129427 0.07055233189368781 0.02852497579950324
0 0.7711273349760067 0.04115432435000632 0.06277940468807693 0.05347043364502548
0 0.55859375 0.26875 0.0171875 0.046875
0 0.8836249398486539 0.16363837840834067 0.04951794108527139 0.06588862041330898
0 0.7232648380583256 0.34232593890958274 0.059854663787375625 0.05657725292686635
0 0.8308422964193438 0.0711781676359522 0.04805557063492074 0.06744203005422929
0 0.86640625 0.45859375 0.0671875 0.0421875
0 0.6865892535437442 0.18435890280522926 0.04306768198597268 0.06272725897699036
0 0.6564172995016628 0.3716134631100796 0.0679279796419344 0.036319295081344016
0 0.7932187877814705 0.23964636650448404 0.05516716378737563 0.05654998184962743
0 0.5943783744555203 0.3540714391059745 0.06752746144333717 0.030069295081344018
0 0.6081218969730543 0.2760555234149299 0.04901729333702498 0.058076120413308986
0 0.7876067427464026 0.39580546291368784 0.061216904688076924 0.05346134328594587
0 0.8178368584163913 0.30695204117251906 0.06686612739018098 0.044122704722264317
0 0.6243920373200453 0.06685324023744266 0.06666586829088246 0.040997704722264314
0 0.55859375 0.38125 0.0171875 0.05
0 0.639332324178665 0.25124642095560185 0.04150518198597286 0.06271816861791066
0 0.688647611037285 0.43583958957351265 0.06364099784053182 0.042542024004105096
0 0.68515625 0.46953125 0.0484375 0.0203125
0 0.56328125 0.45078125 0.0265625 0.0578125
0 0.6827213787744569 0.2702418606507516 0.05078005243632351 0.06121021077238851
0 0.5671875 0.2203125 0.034375 0.0625
0 0.6734255243632352 0.3201691377781146 0.044730311535622035 0.06429884933607007
0 0.6192968337393892 0.4260646137740095 0.06802810919158375 0.03788179508134402
0 0.6013688540974547 0.3900362101832133 0.0665657387412331 0.03943520472226432
0 0.4505516239940949 0.699847547419035 0.05356509099298634 0.03154998184962743
0 0.4632938510151357 0.6062066317279904 0.05356509099298634 0.03154998184962743
0 0.3833641239940949 0.6994566619786114 0.05356509099298634 0.03154998184962743
0 0.4938195650793665 0.7656998063960254 0.05356509099298634 0.03154998184962743
0 0.4679555767995588 0.8983123184962739 0.05689035009228505 0.03469316256778665
0 0.43390434453673077 0.7325509631100796 0.04957849784053181 0.042460210772388506
0 0.5070042782207466 0.5814702521412993 0.037479016039128864 0.04863748789975162
0 0.32198413787375557 0.789690776538188 0.055327850092285046 0.03468407220870695
0 0.3088437877814706 0.7552521440246306 0.04226664558877831 0.05022725897699054
0 0.34418051048357456 0.7460862222834617 0.028304275138427572 0.05170794574527378
0 0.48831483497600675 0.5579327581914235 0.04196625693983034 0.04553975897699045
0 0.314313735345147 0.6943691861791083 0.04957849784053163 0.042460210772388506
0 0.3729482557032126 0.6587862101832134 0.04927810919158375 0.03777271077238851
0 0.4419009099298642 0.5404816377781146 0.0491779796419344 0.03621021077238851
0 0.40712060147656104 0.7776907462875668 0.03309190468807692 0.0532977168225127
0 0.33637040561092757 0.6242112222834617 0.03445414558877822 0.050181807181592306
0 0.3160135425618325 0.8427612343837101 0.04967862739018099 0.04402271077238851
0 0.25311781461794114 0.5924885236113215 0.04226664558877831 0.05022725897699045
0 0.5421875 0.5546875 0.015625 0.034375
0 0.31640625 0.50234375 0.0421875 0.0453125
0 0.36643983497600674 0.5572237101832134 0.04040375693983034 0.045530668617910844
0 0.3609375 0.4921875 0.04375 0.025
0 0.48911347624584833 0.6922623063960255 0.03289164558877822 0.050172716822512696
0 0.53046875 0.865625 0.0390625 0.040625
0 0.96875 0.8296875 0.0625 0.06875
0 0.9604878284976017 0.7210680415653025 0.07159320018457009 0.06914088544042371