0 0.28053385072394066 0.4243410754848197 0.019514003954332716 0.01907728246740419
0 0.2208405157429687 0.43111718100470675 0.021140170950527094 0.020667056006354302
0 0.21494334281527525 0.4607228603878557 0.021140170950527094 0.020667056006354302
0 0.23391351870871824 0.4172728693163094 0.019577670950527093 0.020639782467404187
0 0.321875 0.40390625 0.015625 0.0203125
0 0.28461385566685654 0.4009581225627203 0.019514003954332716 0.01907728246740419
0 0.2643650226630509 0.399041066556366 0.021076503954332713 0.0191045560063543
0 0.2363620394689649 0.31880809577735914 0.019514003954332716 0.01907728246740419
0 0.22255952464021728 0.38892968100470676 0.021140170950527094 0.020667056006354302
0 0.21867052068588455 0.40762513392680616 0.019514003954332716 0.01907728246740419
0 0.32265625 0.32109375 0.0140625 0.0203125
0 0.3148106916364116 0.38897631980277686 0.019514003954332716 0.01907728246740419
0 0.2247586946021612 0.37333195454365714 0.021140170950527094 0.02066705600635448
0 0.3203125 0.35390625 0.01875 0.0203125
0 0.25400052562880043 0.3847876517837136 0.019514003954332716 0.01907728246740419
0 0.2929940414461313 0.31041494317957136 0.019514003954332716 0.01907728246740419
0 0.29762319163641165 0.38867631087432314 0.019514003954332716 0.01907728246740419
0 0.23677853353746584 0.3469603693163094 0.019577670950527093 0.020639782467404187
0 0.27567920745374247 0.3132399342511176 0.019514003954332716 0.01907728246740419
0 0.31088719559074435 0.37014449918592585 0.019514003954332716 0.019077282467404012
0 0.2527218685184378 0.33942060470581287 0.019514003954332716 0.01907728246740419
0 0.3203125 0.33828125 0.01875 0.0203125
0 0.29519852859455 0.3714342637964224 0.021140170950527094 0.020667056006354302
0 0.24194619460216119 0.37363196347211086 0.019577670950527093 0.02063978246740401
0 0.26551102859455 0.370916066556366 0.021140170950527094 0.020667056006354302
0 0.27587552562880047 0.3851694813290184 0.019514003954332716 0.01907728246740419
0 0.25045903156029947 0.35658083116686257 0.021076503954332713 0.019104556006354478
0 0.3028492025108266 0.3371683579522237 0.019514003954332716 0.01907728246740419
0 0.2990238655526883 0.35430131087432315 0.019514003954332716 0.01907728246740419
0 0.2907948714841873 0.32601266964062103 0.019514003954332716 0.019077282467404012
0 0.2750425374917985 0.3288649342511176 0.019514003954332716 0.01907728246740419
0 0.286969534526049 0.3431456225627204 0.021076503954332713 0.019104556006354478
0 0.2696547005336602 0.34597061363426657 0.019514003954332716 0.01907728246740419
0 0.2831441975679107 0.36027857548481973 0.021076503954332713 0.0191045560063543
0 0.5458405157429687 0.36299802110002305 0.02439250494291585 0.023846603084255236
0 0.5122003447924416 0.3827377767820659 0.02439250494291585 0.023846603084255236
0 0.554671687682079 0.33813438879477475 0.02439250494291585 0.02384660308425506
0 0.6101921758190809 0.39539350973593734 0.02283000494291585 0.023819329545304767
0 0.6489363408381089 0.4038878482096958 0.02283000494291585 0.023819329545304767
0 0.6223685236516341 0.3268071509696394 0.02439250494291585 0.023846603084255236
0 0.4780508378723594 0.41497753246410884 0.02283000494291585 0.023819329545304767
0 0.6545788457810249 0.3805321688265469 0.02283000494291585 0.023819329545304767
0 0.5935140117886359 0.3825935008074836 0.02283000494291585 0.023819329545304767
0 0.5508808428152753 0.3927946152558245 0.02283000494291585 0.023819329545304767
0 0.6533638556668565 0.3336026217486462 0.02283000494291585 0.023819329545304767
0 0.6540350177201351 0.3555048952875965 0.02283000494291585 0.023819329545304767
0 0.5218008378723594 0.4157411915547183 0.02283000494291585 0.023819329545304767
0 0.6268703398495258 0.4081935186643911 0.02439250494291585 0.023846603084255236
0 0.5468645048685538 0.4146150681779238 0.02283000494291585 0.023819329545304767
0 0.6149088507239406 0.356385556813838 0.02283000494291585 0.023819329545304767
0 0.5909328398495257 0.40756622726853325 0.02283000494291585 0.023819329545304767
0 0.5754298566554397 0.32755144480112913 0.02439250494291585 0.023846603084255236
0 0.594978352701107 0.3466560008074836 0.02283000494291585 0.023819329545304767
0 0.4999258378723594 0.4153593620094136 0.02283000494291585 0.023819329545304767
0 0.5801518487467743 0.36516053895693057 0.02283000494291585 0.023819329545304767
0 0.6347120147543854 0.3692401128201924 0.02439250494291585 0.023846603084255236
0 0.5715116777962472 0.38533667126217885 0.02439250494291585 0.02384660308425506
0 0.5689305058571369 0.4103093977232285 0.02283000494291585 0.023819329545304767
0 0.634040852701107 0.3473378392812421 0.02283000494291585 0.023819329545304767
0 0.7097013803814358 0.8277969066516823 0.04553267589344294 0.04451365909060954
0 0.6494642173395742 0.809545738632619 0.043970175893442945 0.04448638555165907
0 0.6860675622063779 0.7554582564895265 0.043970175893442945 0.04448638555165925
0 0.6666862094309087 0.847373021100023 0.043906508897248564 0.04292388555165907
0 0.6053958823586022 0.8165945795420095 0.04553267589344294 0.04451365909060954
0 0.7270108971873499 0.7483548685022353 0.04553267589344294 0.04451365909060954
0 0.5580698961987667 0.7500968262955986 0.0487850098858317 0.04769320616851012
0 0.7268543882901013 0.7905696420411856 0.04553267589344294 0.04451365909060954
0 0.7500080454004638 0.8363185186643911 0.04234400889724874 0.04289661201270896
0 0.6456919130046807 0.6718820973989169 0.04553267589344294 0.04451365909060954
0 0.6883887489742359 0.6601184829505761 0.04553267589344294 0.04451365909060954
0 0.5737930552862957 0.7863343352240524 0.04553267589344294 0.04451365909060954
0 0.6510957015222434 0.8846275592494699 0.045469008897248565 0.042951159090609536
0 0.6073005750579592 0.6931025324641088 0.04553267589344294 0.04451365909060954
0 0.8118766926249948 0.9296515073003053 0.051973676882026254 0.049310253246410876
0 0.5061943784042695 0.8336263465881381 0.04553267589344294 0.04451365909060954
0 0.5395507064651592 0.8592263644450455 0.04553267589344294 0.04451365909060954
0 0.6112187539171516 0.6353173060030592 0.0487850098858317 0.04769320616851021
0 0.6426995641835442 0.745319597398917 0.043906508897248564 0.04292388555165907
0 0.6881685730807928 0.7038957564895265 0.04559634288963732 0.04607615909060954
0 0.53671875 0.98203125 0.0453125 0.0359375
0 0.59609375 0.98203125 0.0453125 0.0359375
0 0.5481325276059668 0.9172297792176979 0.047222509885831696 0.04766593262956
0 0.796875 0.978125 0.05 0.04375
0 0.410505193613578 0.9179547077900679 0.04884867688202617 0.04925570616851012
0 0.7498515365032153 0.8785332922033415 0.0502838428896375 0.046157979707460585
0 0.63828125 0.61328125 0.0453125 0.0265625
0 0.4609375 0.98359375 0.046875 0.0328125
0 0.45399520844232566 0.8483513198027769 0.04709517589344294 0.04454093262956001
0 0.614046687682079 0.9496525413925625 0.0455963428896375 0.04607615909060954
0 0.39210270349940973 0.8707251517837136 0.04553267589344294 0.04451365909060954
0 0.33515625 0.9421875 0.0109375 0.05
0 0.7308017420541535 0.6936946420411856 0.04553267589344294 0.04451365909060954
0 0.4650892173395742 0.806327461036479 0.045469008897248565 0.042951159090609536
0 0.8031675374917985 0.874773092527653 0.0503475098858317 0.047720479707460586
0 0.6572873517125238 0.962916200483172 0.04559634288963732 0.04607615909060954
0 0.63515625 0.98984375 0.0453125 0.0203125
0 0.530032420913346 0.6323365819776414 0.047222509885831696 0.04766593262955983
0 0.5072183675298547 0.8852433936660387 0.04553267589344294 0.04451365909060954
0 0.44027490114168255 0.7245865373353728 0.04709517589344294 0.044540932629559826
0 0.5251884120160975 0.6744695348997407 0.04384284190105418 0.041361385551659066
0 0.684375 0.609375 0.046875 0.01875
0 0.43312824600848626 0.6697353961016707 0.04553267589344294 0.04451365909060954
0 0.3826189100389311 0.6813626428552599 0.04865767589344294 0.044568206168510115
0 0.765436727225406 0.7646617069759938 0.04709517589344294 0.044540932629559826
0 0.5329717371112377 0.7136956761334428 0.04709517589344294 0.044540932629559826
0 0.45798768867066214 0.9422376874975285 0.0487850098858317 0.04769320616851012
0 0.3801518487467743 0.972151284088962 0.04715884288963732 0.04610343262955983
0 0.4186307114080751 0.833661528406919 0.04221667490485981 0.03977161201270896
0 0.35874637543852 0.8451251339268062 0.04553267589344294 0.04451365909060954
0 0.43166922228249005 0.7822899431795713 0.04553267589344294 0.04451365909060954
0 0.39490405133196294 0.8019751517837136 0.04228034190105419 0.04133411201270896