0 0.03111156109041726 0.3371179878494644 0.02200226502711473 0.022638891832631812
0 0.1608445128858153 0.3247767005560034 0.02199317466803503 0.02107639183263199
0 0.04867176581268158 0.27245528712382505 0.02199317466803503 0.021076391832631814
0 0.09524678396305415 0.32238087605389937 0.02199317466803503 0.02107639183263199
0 0.003125 0.3125 0.00625 0.021875
0 0.045392229708328104 0.2991269145284868 0.02199317466803503 0.021076391832631814
0 0.10027062724900002 0.2644046849469068 0.02199317466803503 0.02107639183263199
0 0.09375 0.34140625 0.021875 0.0171875
0 0.093902452580965 0.2849354397562302 0.02199317466803503 0.02107639183263199
0 0.025007006835691126 0.3123362426587878 0.020430674668035033 0.021021828130301047
0 0.00703125 0.34140625 0.0140625 0.0171875
0 0.9148229648776052 0.09205348059307025 0.12689884328594586 0.062232159888799286
0 0.7515625 0.0390625 0.1125 0.078125
0 0.61015625 0.028125 0.1015625 0.05625
0 0.7985798204601912 0.20234119456555363 0.11002950585373253 0.11631945916315996
0 0.6554025130822071 0.10892355517999235 0.07577268052176755 0.13543155771188112
0 0.2623706514494969 0.8201338736916466 0.07691702400410509 0.06361112141421188
0 0.11316956128680893 0.956567425413078 0.08011474687674199 0.07622024881887376
0 0.39047747073133754 0.8187846501005165 0.05048178903121965 0.08455853847458741
0 0.42925816959986945 0.865858057542245 0.07070338544042354 0.06964286660488846
0 0.36050816959986953 0.8682588604448027 0.07227497579950323 0.07125993030721922
0 0.41165251308220707 0.9383332582678845 0.05983860831306061 0.08176092068857255
0 0.05398545882748094 0.9258283461016503 0.09244203005422928 0.04696925843752044
0 0.1636877117543472 0.8657588869384906 0.06140110831306043 0.0818154843909035
0 0.43908768755385036 0.7874056753282599 0.07539088544042354 0.06980655771188111
0 0.48535363349551597 0.8904562642583344 0.08773634933607007 0.04368056733052796
0 0.296875 0.97890625 0.084375 0.0421875
0 0.4015625 0.9890625 0.078125 0.021875
0 0.47405251913233126 0.9533382101746503 0.04112496974937905 0.08735615626060227
0 0.35690138056864973 0.9511804878494644 0.07073065651766228 0.07433036660488845
0 0.8439468626146688 0.8664483677011969 0.10682269262201594 0.10214783175849824
0 0.8359375 0.98046875 0.103125 0.0390625
0 0.8495070370863121 0.7162846765942043 0.10682269262201594 0.10214783175849824
0 0.96640625 0.8578125 0.0671875 0.103125
0 0.9625 0.97421875 0.075 0.0515625
0 0.9734375 0.56484375 0.053125 0.1015625
0 0.8582103922761146 0.56288685808255 0.10526019262201594 0.10209326805616747
0 0.9703125 0.71171875 0.059375 0.0984375