0 0.4640625 0.253125 0.040625 0.0484375
0 0.640625 0.321875 0.0328125 0.05
0 0.58125 0.284375 0.0484375 0.0359375
0 0.4609375 0.44375 0.0453125 0.040625
0 0.5703125 0.4765625 0.04375 0.040625
0 0.478125 0.3734375 0.0328125 0.05
0 0.515625 0.40625 0.04375 0.0390625
0 0.45625 0.503125 0.034375 0.05
0 0.525 0.4453125 0.0484375 0.0296875
0 0.5875 0.4421875 0.0484375 0.0328125
0 0.509375 0.30625 0.034375 0.05
0 0.565625 0.765625 0.0265625 0.0546875
0 0.5984375 0.35 0.0484375 0.03125
0 0.696875 0.4140625 0.046875 0.0390625
0 0.690625 0.2921875 0.046875 0.034375
0 0.50625 0.23125 0.0390625 0.046875
0 0.4640625 0.5875 0.0453125 0.0421875
0 0.7015625 0.3703125 0.0328125 0.0484375
0 0.46875 0.5359375 0.05 0.03125
0 0.621875 0.43125 0.028125 0.05
0 0.403125 0.346875 0.034375 0.0515625
0 0.6625 0.59375 0.04375 0.0390625
0 0.625 0.5015625 0.0484375 0.0328125
0 0.7046875 0.2328125 0.0359375 0.0484375
0 0.5453125 0.5203125 0.028125 0.0515625
0 0.3671875 0.153125 0.0484375 0.04375
0 0.6234375 0.3 0.034375 0.0484375
0 0.4875 0.49375 0.025 0.0515625
0 0.6 0.625 0.0515625 0.0328125
0 0.7 0.6640625 0.0453125 0.0390625