0 0.5123593442803462 0.358669645139166 0.03499771287323483 0.03201371941479181
0 0.4582509984873907 0.3739686432393049 0.03343521287323483 0.031977351823611146
0 0.8618680353620544 0.03226045402847193 0.02496714901126431 0.02242051386770836
0 0.9890625 0.021875 0.021875 0.021875
0 0.8944184554085407 0.07986149943131907 0.023404649011264312 0.02238414627652787
0 0.9754499341212173 0.08109538468993023 0.023404649011264312 0.02238414627652787
0 0.918435109615585 0.09334211797243022 0.023513909654926037 0.023946646276527872
0 0.9549846148113652 0.12837042819291627 0.023513909654926123 0.023946646276527872
0 0.9517175031789676 0.10816703096645792 0.023404649011264312 0.02238414627652787
0 0.9831860244662913 0.10431467914284678 0.023404649011264312 0.02238414627652787
0 0.679711099224025 0.7767702541809718 0.037215776735205 0.04142508700597229
0 0.6095621262113315 0.6645261337399997 0.045716691585911205 0.029143292553055568
0 0.57109375 0.66796875 0.0234375 0.0328125
0 0.7022852217521856 0.7216463430868051 0.03420003737886681 0.04291485182361114
0 0.6506141890648958 0.9474827976839579 0.02984031930985207 0.047493249050069505
0 0.7512476096155851 0.8468632422131245 0.02795003737886681 0.042769381458888846
0 0.6939371262113315 0.6625622838162496 0.04437271287323465 0.03223192496187508
0 0.578125 0.709375 0.0375 0.028125
0 0.6610268012014963 0.8208839300927775 0.035653276735205 0.04138871941479163
0 0.64765625 0.98125 0.0359375 0.0375
0 0.684190785614156 0.7127077541809717 0.03263753737886681 0.04287848423243048
0 0.5864309927874075 0.7945409420606246 0.04012225544788164 0.03837282218833345
0 0.5971392638226295 0.8644897661488191 0.02202781930985207 0.04731141109416672
0 0.6612995888324648 0.7054407680486802 0.038450494804219915 0.03677395459715278
0 0.7113652908099362 0.7479542699485412 0.02805929802252862 0.04433188145888885
0 0.660239833384583 0.7429044004574996 0.031293558666190435 0.04596711664124999
0 0.7529850722367183 0.8889416394395828 0.026606058666190435 0.04585801386770818
0 0.7259198276846 0.8521326236720135 0.03398151609154336 0.039789851823611146
0 0.565625 0.84296875 0.0125 0.0296875
0 0.6307051526944351 0.6967931198722913 0.03430929802252862 0.04447735182361114
0 0.6046018385803631 0.7800783985576385 0.04324725544788173 0.03844555737069442
0 0.7293940249704943 0.7132155940367356 0.02805929802252862 0.04433188145888885
0 0.72109375 0.99375 0.0296875 0.0125
0 0.6296782482352892 0.7560953846899301 0.04157549480421992 0.03684668977951393
0 0.733141737843729 0.6819292264455551 0.04291947351689629 0.033758057370694414
0 0.74609375 0.9859375 0.0296875 0.028125
0 0.70234375 0.9890625 0.0390625 0.021875
0 0.5703125 0.79921875 0.021875 0.0390625
0 0.6159221148113652 0.8858919874634719 0.028387079953513705 0.049019381458888844
0 0.7343443328803799 0.8878155505337496 0.028168558666190436 0.04589438145888884
0 0.5734375 0.77109375 0.028125 0.0296875
0 0.56640625 0.98203125 0.0140625 0.0359375
0 0.7490188380761601 0.9233530070307634 0.032746798022528625 0.04444098423243048
0 0.6725984497085575 0.94541115140743 0.03140281930985207 0.047529616641250175
0 0.7093878915465702 0.8431576671749996 0.038450494804219915 0.03677395459715278
0 0.6549296205113484 0.7742271356398607 0.03430929802252862 0.04447735182361114
0 0.589238918533877 0.7320773096518052 0.045607430942249394 0.027580792553055566
0 0.7438828598676867 0.7737166829425689 0.045061127723940865 0.019768292553055566
0 0.7032692955015131 0.9306576671749994 0.03430929802252862 0.04447735182361114
0 0.61640625 0.990625 0.0421875 0.01875
0 0.5760619393169973 0.8759000448341663 0.026496798022528623 0.04429551386770836
0 0.7448333546719066 0.7378155505337495 0.045279649011264314 0.022893292553055566
0 0.7073226469944519 0.8057667699485412 0.04291947351689629 0.033758057370694414
0 0.7496408229930228 0.6690655505337495 0.038778276735204995 0.04146145459715278
0 0.671875 0.9796875 0.0375 0.040625
0 0.57109375 0.69296875 0.0234375 0.0203125
0 0.5671875 0.86953125 0.015625 0.0453125
0 0.6296453972465534 0.7342567522811108 0.04135697351689647 0.03372168977951393
0 0.7517060675451412 0.7064564477602079 0.030965776735204998 0.041279616641249996
0 0.6362674658001009 0.907257841186944 0.02984031930985207 0.047493249050069505
0 0.6369772960057162 0.7855646791428468 0.039903734160558105 0.035247822188333444
0 0.6860375088789509 0.7532236514074301 0.03576253737886681 0.04295121941479181
0 0.6775258863507903 0.8080202541809719 0.04168475544788173 0.03840918977951393
0 0.57578125 0.9296875 0.0328125 0.028125
0 0.6122065249704942 0.7159431633752774 0.045607430942249394 0.027580792553055743
0 0.5908342695226126 0.7538795744694442 0.04706067029858776 0.026054660144236054
0 0.7435222269479658 0.7565655505337495 0.045061127723940685 0.019768292553055566
0 0.7422768012014963 0.8189928153513885 0.045498170298587756 0.026018292553055745
0 0.7243466200071452 0.9192473884896522 0.037215776735205 0.04142508700597229
0 0.6000014559127438 0.6897079716959024 0.04291947351689647 0.033758057370694414
0 0.7438064502127606 0.7971178153513885 0.045607430942249574 0.027580792553055743
0 0.6579232165564055 0.6867998708222218 0.04281021287323465 0.03219555737069442
0 0.5839179979831876 0.8304784420606246 0.028059298022528534 0.04433188145888885
0 0.636933737339526 0.8308044439604856 0.038559755447881726 0.03833645459715278
0 0.7000014559127438 0.6873804458603467 0.045607430942249574 0.027580792553055566
0 0.5851420083747478 0.9022079716959024 0.04291947351689647 0.033758057370694414
0 0.575 0.9515625 0.03125 0.028125
0 0.6022859497085575 0.9470476930105551 0.03587179802252862 0.044513719414791805
0 0.6090272586268494 0.8283340606017358 0.04012225544788173 0.03837282218833345
0 0.6118466200071453 0.9218658550546524 0.0414662341605581 0.03528418977951393
0 0.6915776786733355 0.8747713430868052 0.045607430942249394 0.027580792553055743
0 0.6514218442803463 0.6682317087781245 0.045716691585911205 0.029143292553055568
0 0.6962873219846166 0.9635792699485413 0.028168558666190436 0.04589438145888884
0 0.7058915509493948 0.8931576671749996 0.038778276735204995 0.04146145459715278
0 0.6261819076381137 0.8060953846899302 0.045279649011264314 0.022893292553055566
0 0.7361146464902488 0.9517325801690273 0.045825952229573017 0.030705792553055566
0 0.59921875 0.9828125 0.0453125 0.034375
0 0.7268817581226463 0.9722269181249301 0.0467328883676025 0.021367160144236053
0 0.710524056649378 0.7822929023573606 0.04281021287323483 0.03219555737069442
0 0.6699869019381305 0.9158327541809719 0.045061127723940685 0.019768292553055566
0 0.6929652160522025 0.8326202106779856 0.04426345222957302 0.03066942496187508
0 0.6695605670409381 0.8550043569545135 0.045607430942249394 0.027580792553055566
0 0.6493901786733355 0.87575326804868 0.04695140965492613 0.024492160144236053
0 0.6289355670409381 0.855949914325208 0.04393567029858776 0.02598192496187508
0 0.5796875 0.9703125 0.040625 0.028125
0 0.6683915509493947 0.8940304893633328 0.045716691585911205 0.029143292553055745
0 0.6266303858465871 0.9558408115516663 0.028387079953513705 0.049019381458888844