0 0.3703125 0.709375 0.0828125 0.0609375
0 0.653125 0.55 0.0890625 0.0578125
0 0.6109375 0.5078125 0.0921875 0.034375
0 0.478125 0.6234375 0.084375 0.0546875
0 0.5671875 0.4015625 0.0875 0.0421875
0 0.359375 0.8296875 0.08125 0.0625
0 0.6984375 0.4671875 0.05 0.0828125
0 0.4546875 0.6953125 0.0859375 0.05625
0 0.38125 0.54375 0.05 0.08125
0 0.671875 0.6203125 0.065625 0.078125
0 0.5515625 0.45625 0.0859375 0.0515625
0 0.6125 0.7390625 0.0359375 0.0875
0 0.565625 0.6359375 0.078125 0.0625
0 0.45625 0.771875 0.0921875 0.0375
0 0.453125 0.4234375 0.0875 0.0453125
0 0.765625 0.390625 0.0671875 0.075
0 0.35625 0.2734375 0.0875 0.0390625
0 0.7828125 0.6 0.0859375 0.0375
0 0.640625 0.684375 0.046875 0.0828125
0 0.4609375 0.7359375 0.0859375 0.040625
0 0.509375 0.4078125 0.040625 0.075
0 0.4234375 0.5390625 0.0484375 0.0796875
0 0.5625 0.596875 0.075 0.075
0 0.4984375 0.5125 0.08125 0.05625
0 0.73125 0.421875 0.0375 0.0875
0 0.4921875 0.5546875 0.0890625 0.0359375
0 0.4515625 0.4859375 0.084375 0.0359375
0 0.5859375 0.565625 0.046875 0.0796875
0 0.3421875 0.525 0.065625 0.0765625
0 0.4546875 0.4546875 0.084375 0.034375
0 0.5828125 0.6875 0.0828125 0.05
0 0.528125 0.665625 0.0890625 0.0375
0 0.625 0.5953125 0.046875 0.078125
0 0.7640625 0.459375 0.0359375 0.0875