0 0.4050590144363893 0.29132904844007007 0.07732752583555573 0.10174564437666671
0 0.375880660712917 0.3125130642076394 0.07256729065319441 0.09851154160312507
0 0.2926317496187504 0.2918355818750699 0.09600479065319459 0.09905705547083343
0 0.27311803020395864 0.2585866707809032 0.0880104526972918 0.09106271751493064
0 0.32726262917777815 0.37072430128986167 0.0897184230620141 0.09734908510611114
0 0.30920230698944484 0.3328242577868755 0.09436955547083344 0.09589568787965277
0 0.41015625 0.41484375 0.0515625 0.1078125
0 0.31015625 0.43828125 0.0859375 0.0609375
0 0.36796875 0.41328125 0.0484375 0.1109375
0 0.78359375 0.02265625 0.1078125 0.0453125
0 0.64140625 0.021875 0.1078125 0.04375
0 0.7892924633339589 0.1526639791015283 0.10534342306201391 0.0977127610179167
0 0.6439435957427783 0.1477192931217365 0.10374455547083343 0.09611389342673622
0 0.5265625 0.1421875 0.053125 0.1
0 0.7946008252255562 0.3136378466927088 0.10690592306201392 0.09774912860909737
0 0.647580354860834 0.3039692931217365 0.10694229065319441 0.09931162860909737
0 0.52890625 0.3 0.0578125 0.10625
0 0.79765625 0.44140625 0.1078125 0.0546875
0 0.65390625 0.4375 0.1109375 0.0625
0 0.3107674198309727 0.7652678561920141 0.02074891109416672 0.01922277868534721
0 0.3255923328250005 0.7312565321038197 0.02074891109416672 0.01922277868534721
0 0.28522321238402826 0.8083996071419447 0.02074891109416672 0.01922277868534721
0 0.6637417237831947 0.6133482123840283 0.03397626291777787 0.05076371941479172
0 0.6034939015948614 0.5744662439191671 0.04927395459715278 0.0370648953265972
0 0.5046875 0.73046875 0.009375 0.0421875
0 0.5970296153100698 0.7663991707809032 0.044695557370694416 0.041643292553055745
0 0.509375 0.66015625 0.01875 0.0515625
0 0.5407055737069448 0.6948138050895838 0.04465918977951393 0.040080792553055564
0 0.5509897634864587 0.7340945106366672 0.04912848423243048 0.03081489532659738
0 0.6134170283040976 0.7324242142838895 0.04920121941479181 0.03393989532659738
0 0.5321280478713891 0.5946683347248616 0.03553876291777787 0.05080008700597229
0 0.6222088404244447 0.6404912874221533 0.04916485182361115 0.032377395326597204
0 0.7221374116628476 0.7068449456665283 0.04778418977951393 0.040153527735416715
0 0.7130507395507641 0.5848244753018061 0.0476750870059723 0.03546602773541672
0 0.5272574034947224 0.5195955995425005 0.040153527735416715 0.04778418977951393
0 0.5078125 0.87421875 0.015625 0.0421875
0 0.7258066191097919 0.6632040484400701 0.03393989532659738 0.04920121941479172
0 0.5109375 0.82265625 0.021875 0.0328125
0 0.6475374551658337 0.7222868012898617 0.02928876291777769 0.05065461664125
0 0.6919446846486116 0.8857323586605561 0.044659189779513754 0.040080792553055744
0 0.6522989967689587 0.7926720364722227 0.04920121941479181 0.03393989532659738
0 0.725731271085903 0.5257767836224312 0.03706489532659738 0.04927395459715278
0 0.5730479078631254 0.8095672893220144 0.029325130508958352 0.05221711664124999
0 0.646045077506667 0.5910731688810422 0.0355023953265972 0.04923758700597229
0 0.514617158813056 0.7816591884483337 0.026200130508958353 0.05214438145888885
0 0.6301720364722228 0.9155276550133339 0.052326219414791805 0.03401263050895835
0 0.7310812262517367 0.9569176808488894 0.04622168977951393 0.04011716014423605