0 0.55 0.790625 0.0265625 0.028125
0 0.5921875 0.728125 0.0265625 0.0265625
0 0.5546875 0.7 0.0265625 0.0265625
0 0.45 0.7578125 0.0265625 0.028125
0 0.6921875 0.671875 0.0265625 0.0265625
0 0.43125 0.784375 0.0265625 0.028125
0 0.6015625 0.6171875 0.0265625 0.0265625
0 0.7359375 0.7609375 0.028125 0.028125
0 0.6859375 0.778125 0.0265625 0.0265625
0 0.48125 0.665625 0.0265625 0.0265625
0 0.70625 0.7234375 0.0265625 0.028125
0 0.646875 0.7671875 0.028125 0.0265625
0 0.6390625 0.675 0.0265625 0.0265625
0 0.4828125 0.7625 0.0265625 0.028125
0 0.540625 0.759375 0.0265625 0.0265625
0 0.675 0.7515625 0.0265625 0.028125
0 0.6703125 0.8 0.0265625 0.028125
0 0.484375 0.796875 0.0265625 0.028125
0 0.6890625 0.6984375 0.0265625 0.0265625
0 0.665625 0.7203125 0.0265625 0.028125
0 0.609375 0.590625 0.0265625 0.0265625
0 0.6515625 0.575 0.0265625 0.0265625
0 0.521875 0.6078125 0.0265625 0.0265625
0 0.584375 0.5625 0.0265625 0.0265625
0 0.51875 0.7796875 0.0265625 0.028125