0 0.5875 0.628125 0.04375 0.04375
0 0.3046875 0.7125 0.04375 0.04375
0 0.55 0.6484375 0.04375 0.04375
0 0.721875 0.64375 0.04375 0.04375
0 0.1828125 0.540625 0.0453125 0.04375
0 0.5421875 0.6984375 0.04375 0.04375
0 0.1234375 0.5234375 0.046875 0.04375
0 0.371875 0.5234375 0.0421875 0.0421875
0 0.2453125 0.59375 0.04375 0.04375
0 0.2078125 0.4421875 0.04375 0.04375
0 0.4796875 0.734375 0.04375 0.04375
0 0.1578125 0.5859375 0.0453125 0.0453125
0 0.5671875 0.74375 0.0421875 0.04375
0 0.3421875 0.74375 0.0453125 0.0453125
0 0.278125 0.4578125 0.04375 0.04375
0 0.3984375 0.7546875 0.0453125 0.0453125
0 0.7484375 0.7625 0.0453125 0.0453125
0 0.4140625 0.8171875 0.04375 0.046875
0 0.4171875 0.4703125 0.04375 0.0421875
0 0.7484375 0.6875 0.04375 0.04375
0 0.184375 0.68125 0.0453125 0.0453125
0 0.46875 0.821875 0.0453125 0.046875
0 0.2015625 0.5953125 0.04375 0.04375
0 0.665625 0.7546875 0.04375 0.04375
0 0.5625 0.821875 0.0453125 0.046875
0 0.2265625 0.8125 0.0453125 0.046875
0 0.634375 0.6875 0.04375 0.0421875
0 0.6796875 0.61875 0.0421875 0.0421875
0 0.703125 0.728125 0.04375 0.04375
0 0.6109375 0.73125 0.04375 0.04375
0 0.321875 0.5234375 0.04375 0.0421875
0 0.784375 0.7234375 0.046875 0.04375
0 0.25 0.425 0.04375 0.04375
0 0.26875 0.3703125 0.04375 0.04375
0 0.6328125 0.7890625 0.04375 0.04375
0 0.2625 0.734375 0.04375 0.0453125
0 0.2296875 0.5484375 0.0453125 0.0421875
0 0.2140625 0.7234375 0.0453125 0.0453125
0 0.1578125 0.728125 0.0453125 0.0453125
0 0.6765625 0.6609375 0.04375 0.0421875
0 0.7046875 0.8203125 0.0453125 0.0453125
0 0.2734375 0.815625 0.0453125 0.046875
0 0.1828125 0.7734375 0.0453125 0.0453125