0 0.30859375 0.58046875 0.0421875 0.0390625
0 0.08203125 0.58203125 0.0421875 0.0359375
0 0.1828125 0.5859375 0.04375 0.028125
0 0.11530642243512404 0.5592312813410307 0.044480340343633 0.04497753087881229
0 0.11328125 0.59140625 0.0453125 0.0171875
0 0.14609375 0.57734375 0.0421875 0.0453125
0 0.365625 0.58359375 0.04375 0.0328125
0 0.221875 0.5890625 0.040625 0.021875
0 0.26276127657356707 0.5736621912118761 0.041109678878243724 0.04019910266556703
0 0.45546875 0.57890625 0.0421875 0.0421875
0 0.6464966259623116 0.45855871377741836 0.048499454997525684 0.09189799498543501
0 0.5751129488930902 0.4512750626820615 0.040686954997525504 0.09167067445232177
0 0.6733733864777612 0.3922517521780781 0.06404256784239593 0.09079013605166182
0 0.61640625 0.59296875 0.0953125 0.0140625
0 0.6255976277713339 0.4108031753767586 0.05458568068726599 0.08895485141192587
0 0.6640625 0.5625 0.06875 0.075
0 0.03671875 0.965625 0.0734375 0.06875
0 0.29609375 0.96640625 0.1078125 0.0671875
0 0.1750244176854256 0.8326901987337234 0.10663950361804453 0.09983016693047428
0 0.04453125 0.82890625 0.0890625 0.1015625
0 0.16015625 0.96484375 0.1046875 0.0703125
0 0.3153218690649068 0.8348484291376822 0.10647572930778501 0.09670516693047429
0 0.7744025407070613 0.7947930451310844 0.04439845318850324 0.04341503087881229
0 0.8286252939864216 0.9211449449727998 0.04612472749876275 0.046585494985435
0 0.98984375 0.81953125 0.0203125 0.0453125
0 0.8404104002725712 0.6665029090794224 0.04439845318850324 0.04341503087881229
0 0.7704453810506943 0.7512249015575752 0.04439845318850333 0.04341503087881229
0 0.9085119470840679 0.7066445242814018 0.04439845318850324 0.04341503087881229
0 0.6952550305302959 0.6379640351019545 0.042672178878243816 0.04024456677218975
0 0.7303117039814728 0.7430319683297648 0.04439845318850324 0.04341503087881229
0 0.7191971415661438 0.687191145289369 0.04448034034363309 0.04497753087881229
0 0.9058495352799942 0.9360592396416656 0.04612472749876275 0.046585494985435
0 0.7435951967453835 0.9361000067304246 0.04612472749876275 0.046585494985435
0 0.8183096709647859 0.7607530142522719 0.044480340343633 0.04497753087881229
0 0.7221915875185579 0.8384353965430101 0.044480340343633 0.04497753087881229
0 0.8990130370890167 0.8878945242814018 0.04456222749876275 0.04654003087881229
0 0.9603732609697347 0.937592995909872 0.04612472749876275 0.046585494985435
0 0.8701864314802356 0.6937186269469688 0.04604284034363317 0.04502299498543501
0 0.804302481909777 0.6410315476383668 0.04439845318850324 0.04341503087881247
0 0.7546831829505736 0.8733726861973112 0.04612472749876275 0.046585494985435
0 0.9472402544110141 0.6821158857224574 0.04439845318850324 0.04341503087881229
0 0.9769343984635489 0.7108941035900038 0.04439845318850324 0.04341503087881229
0 0.8376461691557637 0.8085540167595544 0.04439845318850324 0.04341503087881229
0 0.7021933480340075 0.7734923581423503 0.04119156603337348 0.041761602665567034
0 0.7337775407070612 0.7959751119032741 0.04283595318850324 0.04336956677218975
0 0.8154768407979184 0.9636506937191586 0.04612472749876275 0.046585494985435
0 0.8882592435568804 0.9740138807078926 0.04612472749876275 0.046585494985435
0 0.8089612471749248 0.8795939424655174 0.04456222749876275 0.04654003087881229
0 0.6821397976044662 0.8286799633151999 0.044480340343633 0.04497753087881247
0 0.8671875 0.60625 0.04375 0.0125
0 0.9386553912274597 0.9054624575092122 0.04604284034363317 0.04502299498543501
0 0.8853466847595959 0.8212071294542513 0.04439845318850324 0.04341503087881229
0 0.98828125 0.90703125 0.0234375 0.0453125
0 0.9875 0.865625 0.025 0.04375
0 0.9601010232942067 0.8237123523363626 0.04439845318850324 0.04341503087881229
0 0.9205825791508149 0.6251672037482884 0.04275406603337366 0.04180706677218957
0 0.6499491745828306 0.6689245300873896 0.046042840343633 0.04502299498543501
0 0.99296875 0.6765625 0.0140625 0.04375
0 0.76875 0.990625 0.046875 0.01875
0 0.8583614608788779 0.7705084474800822 0.04448034034363317 0.04497753087881229
0 0.9953125 0.634375 0.009375 0.04375
0 0.9732428324301752 0.7515645676966265 0.04431656603337366 0.041852530878812466
0 0.9562456829505737 0.8675078164429854 0.04604284034363317 0.04502299498543501
0 0.9625 0.62109375 0.04375 0.0421875
0 0.673446471055643 0.9350208915284453 0.04620661465389251 0.048147994985435004
0 0.98828125 0.61015625 0.0234375 0.0203125
0 0.78359375 0.61328125 0.0453125 0.0265625
0 0.98828125 0.94921875 0.0234375 0.0453125