0 0.04140625 0.1359375 0.0828125 0.075
0 0.01328125 0.0796875 0.0265625 0.1
0 0.07236102868630452 0.23657188879477484 0.050094258437520446 0.09300570616851012
0 0.061666609263676356 0.050334379866321034 0.08893850362819702 0.08743754464226879
0 0.01640625 0.28125 0.0328125 0.0625
0 0.0965277041842004 0.1713287183400795 0.10023810217691817 0.05328073295387146
0 0.0203125 0.21328125 0.040625 0.0921875
0 0.03203125 0.3453125 0.0640625 0.05
0 0.06036697097442341 0.31140824756107277 0.09694941106992569 0.0485386858759707
0 0.1296875 0.38359375 0.08125 0.0328125
0 0.815158686212851 0.17782418019063256 0.07454862141421188 0.07781708279171565
0 0.8617757366683382 0.27557193343704345 0.08655754809323427 0.06397277110331849
0 0.7595981669755575 0.20186960632737067 0.05752481252120454 0.08220457386326192
0 0.7607390263240518 0.3035139269442217 0.0575793762235353 0.08376707386326192
0 0.75859375 0.38828125 0.0609375 0.0234375
0 0.91875 0.38984375 0.0875 0.0203125
0 0.79296875 0.371875 0.0828125 0.05625
0 0.8147023292266095 0.23566395372958296 0.08047123920022674 0.06855117694751697
0 0.6828322811333752 0.2959002499967047 0.08521330290255769 0.07019549756436802
0 0.8300594891154087 0.1092923685022353 0.05278274881887377 0.08056025324641088
0 0.7046378484639032 0.20872753246410877 0.07136905771188111 0.07620003571381498
0 0.6877430143431523 0.15527524999670472 0.05127481252120454 0.08209547970746059
0 0.809866007086758 0.32938668019063255 0.059141876223535304 0.08379434740221221
0 0.7217658063611188 0.3450468620094136 0.052891876223535306 0.08368525324641088
0 0.45499496861217076 0.6094560097359374 0.016170637023308565 0.015897735389503433
0 0.45283226788653136 0.626616236196987 0.016170637023308565 0.015897735389503252
0 0.41495032197021536 0.6368991712621789 0.017733137023308566 0.01592500892845372
0 0.4369344493748771 0.6341560008074836 0.016170637023308565 0.015897735389503433
0 0.42848703231450164 0.6074298595737815 0.017733137023308566 0.01592500892845372
0 0.4247618315888622 0.6245628124958809 0.017733137023308566 0.01592500892845372
0 0.3951834589935239 0.6209196152558245 0.017733137023308566 0.01592500892845372
0 0.4553570671608919 0.6438582832748876 0.016170637023308565 0.015897735389503252
0 0.39431043975623015 0.6459196152558244 0.01778770072563951 0.017487508928453722
0 0.423670557542245 0.6558128124958809 0.01778770072563951 0.017487508928453722
0 0.5625544974681113 0.4984137751605081 0.02581845553496285 0.023873876623205347
0 0.5593005226958547 0.5468240016215578 0.02581845553496285 0.023873876623205347
0 0.6622271152541261 0.5095342816533298 0.02581845553496285 0.023873876623205347
0 0.5819046981937507 0.4815535576279123 0.02581845553496276 0.023873876623205347
0 0.6613540960168324 0.5345342816533298 0.02581845553496285 0.023873876623205347