0 0.3734375 0.63125 0.075 0.053125
0 0.3171875 0.5484375 0.05 0.0734375
0 0.3734375 0.5203125 0.0703125 0.0484375
0 0.4703125 0.6546875 0.05625 0.0703125
0 0.475 0.371875 0.071875 0.0515625
0 0.378125 0.3796875 0.0703125 0.053125
0 0.41875 0.4265625 0.05625 0.0703125
0 0.378125 0.31875 0.05625 0.0703125
0 0.45625 0.528125 0.040625 0.075
0 0.484375 0.425 0.0578125 0.0671875
0 0.5875 0.45625 0.0453125 0.0765625
0 0.4625 0.45625 0.0484375 0.0703125
0 0.484375 0.5609375 0.0359375 0.075
0 0.4265625 0.50625 0.0390625 0.0734375