0 0.046354095936596715 0.3811854416980866 0.0738024823325695 0.08699874203690498
0 0.05489786702249973 0.14855495222143028 0.09625805737069441 0.046176320961982854
0 0.0078125 0.35625 0.015625 0.090625
0 0.09083014133944385 0.41976209428657024 0.08143314437666689 0.07964126834526439
0 0.064415724545694 0.27740799431480506 0.09338763050895835 0.05693181043863902
0 0.0328125 0.19921875 0.065625 0.0421875
0 0.23959756250159678 0.2797880836220522 0.04585932028847228 0.09317314732681173
0 0.0912678588543745 0.3337335890248984 0.08288654160312507 0.07504477360693614
0 0.16794076804868013 0.26622684158514714 0.03804682028847228 0.09271812101845249
0 0.2645625013311802 0.21552816254713 0.061447952697291794 0.09252069994353036
0 0.21561193579236057 0.43641751522031813 0.09353310087368065 0.06318181043863902
0 0.00703125 0.528125 0.0140625 0.096875
0 0.21728745782819398 0.22998550469697446 0.05203658510611113 0.09041216837349922
0 0.01171875 0.134375 0.0234375 0.090625
0 0.03465157010104107 0.48063941012805556 0.04120818787965277 0.09446263154179615
0 0.019465594036735645 0.32642234698799333 0.03804682028847228 0.09271812101845249
0 0.26194272834541615 0.39530666780880175 0.06613545269729179 0.09279371572854593
0 0.78984375 0.56171875 0.0453125 0.0546875
0 0.8657249578281941 0.368123999576477 0.03114220364722229 0.06422909997176518
0 0.9225958197197915 0.21028067847331985 0.060538762917777864 0.05345819994353027
0 0.813761107904444 0.44958683120297777 0.04669446846486114 0.06201415258848364
0 0.851665070669722 0.2327479416980866 0.043605836056041805 0.06339464206513998
0 0.9580942957840968 0.3656808100151161 0.06635235182361114 0.03507222099021767
0 0.99296875 0.35078125 0.0140625 0.0484375
0 0.948390681042708 0.4464757837067568 0.06042966014423605 0.04877069994353036
0 0.8655418134515273 0.4432150048381488 0.043533100873680654 0.06026964206513998
0 0.98125 0.25 0.0375 0.05625
0 0.97890625 0.30546875 0.0421875 0.0578125
0 0.8159081022048607 0.29012082594130595 0.05745013050895835 0.05483868942018653
0 0.7742661160725691 0.26422618387616603 0.06181032218833336 0.0410492052052021
0 0.9449409855636107 0.3257992626600695 0.06337282218833344 0.04114021046687384
0 0.31994359840513864 0.6746624259130711 0.03670121941479163 0.034905621018452494
0 0.45546875 0.603125 0.0359375 0.028125
0 0.38125 0.59296875 0.0375 0.0078125
0 0.3021014817638886 0.7017863680346808 0.036737587005972294 0.036468121018452496
0 0.1169640687698609 0.6565817418957307 0.03993532218833336 0.03977513154179624
0 0.2133273096518052 0.8186560786427289 0.03833645459715278 0.03812162628012441
0 0.2996661595755553 0.7391953627730089 0.03989895459715278 0.038212631541796147
0 0.07808340672576367 0.6464941103539344 0.03993532218833336 0.03977513154179615
0 0.4101295744694441 0.833247741613382 0.03513871941479163 0.034814615756780756
0 0.39185104673402743 0.8791216837349918 0.03513871941479181 0.034814615756780756
0 0.26492356440145787 0.9546537628012437 0.03833645459715278 0.038121626280124235
0 0.21470927811666635 0.7592810786427291 0.03833645459715278 0.03812162628012441
0 0.5248142427818054 0.6114931099304115 0.03517508700597212 0.03637711575678075
0 0.36754203096645793 0.8479780995482422 0.036737587005972114 0.036468121018452496
0 0.23927547986402758 0.6449301523061349 0.03833645459715278 0.03812162628012441
0 0.4203760902370135 0.863572278445085 0.03513871941479163 0.034814615756780756
0 0.3422523966577774 0.7917435100998207 0.038300087005972296 0.036559126280124234
0 0.48273453913458314 0.6716269731269434 0.03833645459715278 0.03812162628012441
0 0.196724303952222 0.658098010240995 0.03517508700597229 0.03637711575678067
0 0.021863242213124502 0.9780479472421071 0.043060322188333354 0.039957142065139985
0 0.4163419004574996 0.9024527679217412 0.03510235182361114 0.033252115756780755