0 0.15 0.3625 0.03125 0.0125
0 0.24324582594130595 0.33556281046212905 0.03132559471009326 0.03072231969842587
0 0.20078125 0.35703125 0.0296875 0.0234375
0 0.16888286277300893 0.33993866069768475 0.03132559471009326 0.03072231969842587
0 0.8964310100998206 0.061322811027776855 0.046646757821920556 0.08025342799249983
0 0.9371624259130711 0.04001373902027679 0.06779371572854594 0.0696672425071295
0 0.9451092467338796 0.2832169348732398 0.07571263154179633 0.04548744872768502
0 0.83515625 0.190625 0.0515625 0.053125
0 0.9707169205102248 0.18907595560842488 0.038834257821920556 0.07956992280870363
0 0.9182443678935064 0.16893982139536945 0.05574874203690498 0.07638613421305536
0 0.9317916574266324 0.10794353279972127 0.0691742052052021 0.06667894354388881
0 0.8453125 0.2390625 0.071875 0.04375
0 0.8717333889401939 0.17108879029259177 0.06466871572854593 0.06939384043361105
0 0.9671875 0.2515625 0.065625 0.04375
0 0.8708541574266324 0.1026121923661103 0.06788472099021767 0.0712297425071295
0 0.971875 0.13671875 0.05625 0.0453125
0 0.912145557313693 0.22436961517481394 0.07019067363517095 0.057440644580648126
0 0.84375 0.334375 0.06875 0.0625
0 0.93671875 0.35078125 0.0609375 0.0359375
0 0.20357565216496062 0.6983758772858328 0.026365078925077688 0.025624716588148112
0 0.20483431527678791 0.7466766762490735 0.026365078925077688 0.025624716588147932
0 0.3041216837349917 0.7164997436384252 0.026365078925077688 0.025624716588148112
0 0.22132459428657025 0.6828287897269438 0.026365078925077688 0.025624716588148112
0 0.3055777679217413 0.7414997436384252 0.026365078925077688 0.025624716588148112
0 0.9721407255460178 0.9198202332708327 0.045463689420186526 0.05994092799249984
0 0.8889054783886152 0.6917936866166661 0.05318518415851479 0.059061933176296225
0 0.99375 0.9515625 0.0125 0.0625
0 0.9796875 0.83125 0.040625 0.0625
0 0.978125 0.8828125 0.04375 0.05
0 0.8882222099021767 0.7601335835063884 0.05024219468185844 0.0619135311027776
0 0.9349445624341903 0.8683753104621289 0.04242969468185844 0.06123002591898139
0 0.9006913887990194 0.8140787897269439 0.05888915258848364 0.05023373732333312
0 0.978125 0.77890625 0.04375 0.0484375
0 0.9398001204537552 0.738218918756203 0.06633763154179624 0.0446672425071295
0 0.9287407940889262 0.7885511094253698 0.05465667889684287 0.05763613421305536
0 0.8831581943995097 0.45966469180046243 0.06577618942018652 0.06171804147037019