0 0.07970311510817778 0.4805818675588884 0.042174211894930556 0.0625636439408634
0 0.3994644957045869 0.19777039906251942 0.0610946302577247 0.03765923879011233
0 0.18155329941348847 0.28868166785845073 0.034279824739800804 0.060363415152690794
0 0.3665081535519315 0.29225372269994104 0.06101274310259512 0.036096738790112326
0 0.3131574242441464 0.3899576411866116 0.04653416327441153 0.05669628121376711
0 0.3436305755327703 0.22410950057972814 0.03880355042954129 0.05762105242559432
0 0.11981021596726045 0.3684008608909286 0.049659163274411534 0.05695137272903601
0 0.3678803030315331 0.17701135997284467 0.05525406603337366 0.04496155575957417
0 0.30613057553277034 0.227170598762957 0.048014776119281774 0.055261326971401556
0 0.2662492039814728 0.2459842427038204 0.05994156603337366 0.04534419303247787
0 0.26614074061620413 0.12930692573435856 0.05977779172311415 0.04221919303247788
0 0.32571273518913735 0.2691349581560735 0.056489017412854635 0.0388391015172088
0 0.3387992333801149 0.3162970005797282 0.06241146879233561 0.03309928454774678
0 0.32141473880718185 0.1730252327018807 0.04809666327441153 0.05682382697140156
0 0.1949274819097769 0.15223398482791256 0.04793288896415202 0.05369882697140156
0 0.2704520251032291 0.28453655967328223 0.06093085594746519 0.034534238790112325
0 0.14995581863536528 0.20880272028404506 0.05846095318850324 0.046779147274843426
0 0.11541040027257114 0.18517377270963936 0.06125840456798422 0.04078423879011232
0 0.16997399027751997 0.36119439664662345 0.047932888964152195 0.05369882697140156
0 0.2476895545018712 0.3626296087648967 0.05985967887824373 0.04378169303247788
0 0.3725390682966811 0.4146708566388648 0.034197937584671045 0.05880091515269079
0 0.38014792967121325 0.23979840239649927 0.034361711894930556 0.06192591515269079
0 0.38628946630594463 0.12261090239649927 0.05113977611928178 0.05551641848667046
0 0.40048700588135216 0.3563801245167122 0.05549972749876275 0.049649055759574165
0 0.35117748190977693 0.13947940906445905 0.032635437584671044 0.058673369395056164
0 0.63828125 0.03046875 0.1390625 0.0609375
0 0.6391621607880207 0.1581647336199646 0.1395338907731743 0.10940643515657004
0 0.6405941067404347 0.30896195907415736 0.14446705223856354 0.11447657242947358
0 0.6398903426069407 0.47082423028598475 0.14972776232447185 0.12579670970237727
0 0.1006640682966811 0.779530066341242 0.07441350180902226 0.05430460485118864
0 0.08254923338011491 0.6798807527057601 0.0729328889641522 0.05573955909355419
0 0.040625 0.64609375 0.071875 0.0328125
0 0.009375 0.75703125 0.01875 0.0515625
0 0.02890625 0.78203125 0.0578125 0.0734375
0 0.6244512075995174 0.9275202536238438 0.024665807326946343 0.025350686364518003
0 0.8453125 0.99375 0.021875 0.0125
0 0.8222336103584794 0.923821942404258 0.024665807326946166 0.025350686364518003
0 0.7654989314802355 0.9673485439214667 0.023021420171816586 0.023660640606883377
0 0.8246282700148463 0.9671893051313545 0.023021420171816586 0.023660640606883377
0 0.7625310617379604 0.9349186811943703 0.023021420171816586 0.023660640606883377