0 0.4640625 0.440625 0.0546875 0.0609375
0 0.3609375 0.225 0.0703125 0.0421875
0 0.5421875 0.446875 0.0625 0.05
0 0.5109375 0.4 0.059375 0.0546875
0 0.3046875 0.2984375 0.0734375 0.034375
0 0.56875 0.51875 0.0578125 0.0578125
0 0.5453125 0.3890625 0.0546875 0.05625
0 0.38125 0.3234375 0.0515625 0.0625
0 0.634375 0.390625 0.0671875 0.04375
0 0.5640625 0.6234375 0.0734375 0.04375
0 0.6015625 0.4296875 0.0671875 0.0421875
0 0.5859375 0.4703125 0.071875 0.0328125
0 0.5796875 0.35625 0.0453125 0.0625
0 0.359375 0.4546875 0.0453125 0.065625
0 0.6171875 0.340625 0.040625 0.065625
0 0.559375 0.3203125 0.053125 0.0546875
0 0.634375 0.5375 0.0515625 0.0609375
0 0.321875 0.365625 0.0734375 0.0359375
0 0.2984375 0.528125 0.0609375 0.0578125
0 0.3640625 0.5390625 0.0625 0.0546875
0 0.44375 0.5375 0.034375 0.0671875
0 0.459375 0.390625 0.0484375 0.0609375
0 0.515625 0.328125 0.034375 0.065625
0 0.2625 0.675 0.0390625 0.06875
0 0.615625 0.609375 0.0390625 0.0640625