0 0.7319782704880636 0.19453254448624283 0.228743144417414 0.11554538144438116
0 0.8187793546006275 0.3464717292769343 0.18063289734428026 0.16982170456235507
0 0.8609375 0.45390625 0.1375 0.0515625
0 0.58046875 0.75 0.0171875 0.04375
0 0.32673730034590126 0.8267269150562091 0.050272710772388506 0.04891234387822045
0 0.41974189090137254 0.7024219348278725 0.05797612646343318 0.030480678859192523
0 0.4324055173648057 0.7310562707974277 0.05644998789975162 0.036667011862997964
0 0.37799981849627384 0.777265425930624 0.05800339754067192 0.035168178859192524
0 0.33854747481754455 0.9771725840295697 0.05958407825883114 0.03835684585538672
0 0.443597547419035 0.7752519397707884 0.03471134328594587 0.059213173916276673
0 0.47912598126045225 0.7064037806832595 0.05337043969514958 0.04435217787060921
0 0.43203125 0.98515625 0.0328125 0.0296875
0 0.45669751111828977 0.8788862757403436 0.04715680113146821 0.0503475098858317
0 0.3705691135776178 0.8425720909496521 0.05337953005422928 0.04591467787060921
0 0.37001460167376105 0.7472595909496521 0.0611102168225127 0.032170512851581276
0 0.41884298711418466 0.8164207678316782 0.03782725292686617 0.05777800790866543
0 0.4383383965587133 0.9453097717860108 0.033148843285945875 0.05914950692008212
0 0.32866341470908594 0.8892905820524035 0.056495439695149675 0.044479511862997964
0 0.5365566861791082 0.643134459542452 0.048710210772388504 0.04884867688202608
0 0.56875 0.7234375 0.040625 0.034375
0 0.5796875 0.85078125 0.01875 0.0546875
0 0.37607370413308916 0.7147017589344296 0.057994307181592396 0.03360567885919252
0 0.5052804568635636 0.9058599526223696 0.04714771077238851 0.0487850098858317
0 0.4227123547970191 0.6759867688202614 0.057994307181592396 0.03360567885919252
0 0.441035107920277 0.603313272774594 0.05179884933607006 0.042726010874414924
0 0.4698964270057261 0.7310217787060932 0.04714771077238851 0.0487850098858317
0 0.412274824546398 0.7614785998469007 0.03469316256778665 0.05608817391627667
0 0.5195883965587134 0.9486204555881192 0.05645907825883114 0.038229511862998146
0 0.5563248063960254 0.8188984634967846 0.030023843285945873 0.059022172927693364
0 0.48170555971567514 0.6127811146756482 0.05644089754067192 0.03510451186299805
0 0.3476043122497579 0.9228670860067363 0.05802157825883114 0.03829317885919252
0 0.4815429750139362 0.8533424476794538 0.033157933645025395 0.06071200692008212
0 0.5393463846548567 0.8541356265386464 0.03469316256778647 0.05608817391627667
0 0.4 0.9828125 0.040625 0.034375
0 0.5214680173648057 0.734685289580508 0.056386355386194256 0.02572951186299797
0 0.5442793243500063 0.8965141275272295 0.05643180718159222 0.03354201186299797
0 0.5046714028052293 0.8011724526223697 0.03627384328594587 0.059276840912470874
0 0.5544714149054777 0.7688347965005903 0.030023843285945873 0.059022172927693364
0 0.38185204722264326 0.9023927599230127 0.05800339754067192 0.035168178859192524
0 0.42715545686356365 0.9026766028126503 0.03625566256778665 0.05615184091247105
0 0.47098727009528024 0.9185217787060932 0.05491475897699054 0.04129084486680377
0 0.47266690300162095 0.670211612698482 0.0548783975406721 0.03504084486680377
0 0.5138009631100796 0.7593669545995361 0.056422716822512695 0.03197951186299797
0 0.48058043871319106 0.9564037806832595 0.05182612041330899 0.04741351087441501
0 0.5112486557320955 0.8576771206071474 0.030023843285945873 0.059022172927693364
0 0.4039633965587134 0.9439090978697344 0.03940793364502539 0.06096667490485981
0 0.33367816763595215 0.9457315830409867 0.057994307181592396 0.03360567885919252
0 0.571875 0.87265625 0.034375 0.0546875
0 0.5147998608471432 0.6625556215957304 0.04248748184962743 0.053281508897248565
0 0.56171875 0.9828125 0.0359375 0.034375
0 0.37751907122674844 0.9631392589344296 0.033176114363184794 0.06383700692008212
0 0.5275645230221464 0.9770637905690911 0.05802157825883114 0.03829317885919252
0 0.57265625 0.69921875 0.0328125 0.0234375
0 0.33268731849627386 0.7754190830409866 0.03471134328594587 0.059213173916276673
0 0.4517463907049809 0.8333827747517605 0.034720433645025396 0.060775673916276675
0 0.47977139675510505 0.8173412806832594 0.048710210772388504 0.04884867688202625
0 0.2797804871141847 0.8107544051703772 0.031595433645025484 0.06064833992388792
0 0.459375 0.99296875 0.03125 0.0140625
0 0.2603588423039872 0.9630517342198501 0.05341589149054773 0.05216467787060921
0 0.5671875 0.9453125 0.04375 0.04375
0 0.3850578186926656 0.6478962609115959 0.0595658975406721 0.0352318458553869
0 0.4159997882456528 0.8647309338392895 0.03783634328594587 0.05934050790866543
0 0.42875327653818796 0.6403039368050389 0.054932939695149584 0.044415844866803764
0 0.24448840260883756 0.9202275642579064 0.06429884933607007 0.043235346843970034
0 0.5134646198241338 0.7015544545995361 0.048682939695149585 0.044161176882026254
0 0.4677975958200286 0.6387706117098987 0.05490566861791084 0.039728344866803766
0 0.47109375 0.97734375 0.0546875 0.0453125
0 0.26138501111828977 0.8709279012160447 0.06113748789975162 0.03685801285158128
0 0.3878656978865732 0.8620224279077904 0.04873748184962743 0.053536176882026255
0 0.3045986799325923 0.7805230771094877 0.031595433645025484 0.06064833992388792
0 0.2882020411725191 0.9157602401513494 0.03163179508134393 0.06689833992388791
0 0.5584872700952802 0.9220871304929791 0.057994307181592396 0.03360567885919252
0 0.571875 0.67578125 0.034375 0.0328125
0 0.3665078065924172 0.6815072569572633 0.056440897540672094 0.03510451186299797
0 0.37504753531878665 0.8068255919382352 0.05799430718159222 0.03360567885919252
0 0.58359375 0.9609375 0.0109375 0.053125
0 0.320705468963812 0.8639722470714315 0.054942030054229284 0.045978344866803765
0 0.57890625 0.990625 0.0203125 0.01875
0 0.20727020374030566 0.967137056349241 0.040997704722264314 0.06571784190105419
0 0.4019726079202771 0.6017215978697343 0.051844301131468026 0.050538510874414834
0 0.3292532462875668 0.7221667490485979 0.039398843285945874 0.05940417490485981
0 0.4716952763417962 0.7717104457022875 0.03471134328594587 0.059213173916276673
0 0.29609375 0.971875 0.0265625 0.05625
0 0.53277822208707 0.7991934585538687 0.022220433645025395 0.06026633794672147
0 0.5446600776696561 0.6934527945234239 0.02064884328594587 0.05864017095052709
0 0.57578125 0.796875 0.0265625 0.059375
0 0.61090322208707 0.9060907628887623 0.0314227168225127 0.030960839923887918
0 0.7015625 0.9953125 0.03125 0.009375
0 0.7262271984757483 0.5905532876033417 0.0314318071815924 0.032523339923887826
0 0.6697681202169171 0.5523237757403436 0.0314408975406721 0.03408583992388783
0 0.6015625 0.63984375 0.025 0.0328125
0 0.6673339875069682 0.6709464417479548 0.0298602168225127 0.03089717292769345
0 0.719923698082965 0.8496099526223697 0.0298602168225127 0.03089717292769336
0 0.6835407704880636 0.7715831117098987 0.0314227168225127 0.030960839923887918
0 0.8063964875069681 0.6766128044092556 0.03299430718159222 0.03258700692008221
0 0.6400260780624395 0.5417391028126501 0.03144089754067192 0.03408583992388783
0 0.7403452823919203 0.8691876235728968 0.031413626463433174 0.029398339923887917
0 0.746413475210328 0.8381922915576745 0.0298602168225127 0.03089717292769336
0 0.807486288834828 0.59542647140545 0.028297716822512697 0.030833505931498983
0 0.6518362525340828 0.6921847717860109 0.0314227168225127 0.030960839923887828
0 0.6489021500747547 0.7248699377936221 0.0298602168225127 0.03089717292769336
0 0.788854463502863 0.6149749674511173 0.029869307181592218 0.03245967292769345
0 0.8451590056573408 0.6266419793141155 0.0314227168225127 0.030960839923887918
0 0.7368839391059745 0.811247789580508 0.029851126463433176 0.029334672927693362
0 0.7025725716195318 0.8207846156642313 0.029851126463433176 0.029334672927693362