0 0.07691625719264299 0.5047376874975285 0.04502299498543509 0.04451365909060954
0 0.01484375 0.4328125 0.0296875 0.04375
0 0.08243413446881624 0.3688274610364789 0.04336956677218975 0.04136138555165925
0 0.12389420876285336 0.39456384658813803 0.04341503087881247 0.04292388555165907
0 0.02916071879198321 0.480454707790068 0.04502299498543509 0.04451365909060954
0 0.07183160359000387 0.4108513198027769 0.04341503087881238 0.04292388555165907
0 0.08175686988733988 0.5532842816533299 0.04506845909205772 0.04607615909060954
0 0.036303280549608005 0.396161528406919 0.04180706677218975 0.04133411201270896
0 0.01171875 0.6078125 0.0234375 0.04375
0 0.05049747585161217 0.23070016964062107 0.04180706677218975 0.04133411201270878
0 0.05667326801319565 0.2870865373353727 0.04341503087881238 0.04292388555165907
0 0.01015625 0.53359375 0.0203125 0.0453125
0 0.05571119543501819 0.5887854050301244 0.04511392319868044 0.047638659090609534
0 0.15754178305689043 0.4201638644450455 0.04346049498543501 0.04448638555165907
0 0.01640625 0.3625 0.0328125 0.040625
0 0.12547342913768217 0.44774339366603877 0.04341503087881238 0.04292388555165907
0 0.1651891470052286 0.47970250567874756 0.04502299498543501 0.04451365909060954
0 0.048741096068156464 0.34478994317957135 0.04341503087881238 0.04292388555165907
0 0.22696435062050302 0.07588775892515845 0.041897994985435005 0.04445911201270878
0 0.14922448086617718 0.2761956761334428 0.04341503087881229 0.04292388555165907
0 0.2640625 0.11796875 0.03125 0.0421875
0 0.14604931974169055 0.11668430843869108 0.04346049498543501 0.04448638555165925
0 0.13140780971256075 0.028884299510237365 0.04350595909205772 0.04604888555165916
0 0.20149298917944733 0.03792410876300267 0.04029003087881229 0.04286933847375849
0 0.15845576220720795 0.5499331850618965 0.04506845909205772 0.04607615909060954
0 0.11953125 0.615625 0.0453125 0.028125
0 0.17664610187414417 0.08595250567874757 0.04346049498543501 0.04448638555165916
0 0.25335908524760387 0.5656593709378672 0.04346049498543501 0.04448638555165907
0 0.21626826220720793 0.5509423060030592 0.04346049498543501 0.04448638555165907
0 0.23302986487277497 0.5121525413925625 0.04346049498543501 0.04448638555165925
0 0.17469584230723276 0.3141593262955986 0.04497753087881247 0.042951159090609536
0 0.1169695735026143 0.14900588473758497 0.04346049498543501 0.04448638555165925
0 0.10803249419401224 0.08006496996493259 0.041852530878812376 0.04289661201270878
0 0.1409860835317441 0.2369695348997407 0.041761602665567034 0.03977161201270896
0 0.01015625 0.24296875 0.0203125 0.0453125
0 0.14538407851717922 0.19327408197764143 0.04341503087881247 0.04292388555165916
0 0.029651429929104987 0.14122856655636595 0.04502299498543501 0.04451365909060954
0 0.19240016785491107 0.3504241087630026 0.04497753087881229 0.042951159090609536
0 0.06423703008738957 0.08086381087432311 0.04350595909205772 0.04604888555165916
0 0.0890625 0.0234375 0.04375 0.046875
0 0.2228318139357029 0.3790945795420095 0.04341503087881229 0.04292388555165907
0 0.2443645184754141 0.6061480032431156 0.04502299498543501 0.04451365909060954
0 0.18571694418137702 0.5801116087630026 0.04346049498543501 0.04448638555165907
0 0.26171875 0.37109375 0.0359375 0.0421875
0 0.210202747954936 0.11467752353565505 0.04346049498543501 0.04448638555165916
0 0.265625 0.5265625 0.028125 0.04375
0 0.1477168390085275 0.5966445438281944 0.04506845909205772 0.04607615909060954
0 0.259375 0.23359375 0.040625 0.0453125
0 0.26328125 0.44609375 0.0328125 0.0421875
0 0.07371967867546378 0.13105472564697546 0.041852530878812376 0.04289661201270878
0 0.19609375 0.6125 0.0453125 0.034375
0 0.2540149324363874 0.16703095616521493 0.04346049498543501 0.04448638555165925
0 0.25859375 0.30546875 0.0421875 0.0421875
0 0.22498065030393377 0.19779003246410878 0.04341503087881229 0.04292388555165916
0 0.27109375 0.409375 0.0171875 0.04375
0 0.2233439424655174 0.2540400324641087 0.04341503087881229 0.04292388555165907
0 0.7698097655059132 0.20194351866439106 0.07378449247815269 0.06687958279171564
0 0.5984683114284204 0.28806047645775434 0.07382995658477523 0.06844208279171564
0 0.9168760159681316 0.520295872559425 0.07704588479802084 0.0716216298696164
0 0.7112076553184987 0.17434462418427818 0.07061402837152997 0.06526253571381488
0 0.5935200501456493 0.18948660876300263 0.06900606426490725 0.06367276217486477
0 0.7150647780423255 0.3104184918790299 0.07056856426490725 0.06370003571381488
0 0.8675485835317442 0.17394697807931214 0.07208560015828454 0.06216480925276535
0 0.9115760651893441 0.3263549577867727 0.06891513605166182 0.06054776217486459
0 0.8623489550019297 0.29891970454036176 0.07208560015828454 0.06216480925276535
0 0.044900693719158544 0.9191310186643911 0.05043792069139794 0.06959547970746058
0 0.038952222090688514 0.8549321509696395 0.07323892319868044 0.04812958279171564
0 0.6203145676966265 0.6886411290555421 0.062483279625171126 0.05418866801906326
0 0.83515625 0.63828125 0.0671875 0.0171875
0 0.5148876186336986 0.81968084902377 0.03959134890464337 0.07252956493480803
0 0.6984395676966265 0.6900048060030591 0.036284492478152686 0.06622501785690744
0 0.8222862446562307 0.678096915580136 0.0594946719450391 0.05882162094116268
0 0.8602288623654925 0.7709935275928448 0.04092652837152997 0.06474433847375849
0 0.8778997471635132 0.7009537629823482 0.05016513605166182 0.060220479707460584
0 0.5597862446562306 0.6735149610364789 0.061011707838416564 0.05728639448011297
0 0.8099560777257564 0.7794957743464339 0.07158549498543501 0.04497730925276535