0 0.3531338025772479 0.11818977804232551 0.034532130257724704 0.03376724623907634
0 0.22962321799936608 0.4488440476383668 0.034614017412854636 0.035329746239076344
0 0.14829133084423626 0.4496456811827462 0.03617651741285455 0.03537521034569906
0 0.3091535877416412 0.41366741409398744 0.034450243102595125 0.03220474623907634
0 0.22747870533620987 0.10932690657214002 0.034450243102595125 0.03220474623907634
0 0.25553726481086264 0.4058381937191585 0.032887743102595124 0.03215928213245363
0 0.2101207869734157 0.13643497585161218 0.034450243102595125 0.03220474623907634
0 0.39801029059146026 0.2279906753767585 0.032887743102595124 0.03215928213245363
0 0.13166823835289665 0.13245818118274624 0.034532130257724794 0.03376724623907634
0 0.30869548507353634 0.255627593560874 0.032887743102595124 0.03215928213245363
0 0.3357559520568495 0.23449673964166573 0.032887743102595124 0.03215928213245363
0 0.2585870217082677 0.3744518013992906 0.034532130257724704 0.03376724623907634
0 0.1535786171402834 0.3415149324363875 0.034532130257724794 0.03376724623907634
0 0.18784515377501484 0.4578840785171792 0.03617651741285464 0.03537521034569906
0 0.2243691519659924 0.40830997585161216 0.0329696302577247 0.03372178213245362
0 0.32269603007601066 0.1644570242814018 0.032887743102595124 0.03215928213245363
0 0.15813556309269744 0.189588719583406 0.034532130257724794 0.03376724623907634
0 0.28892961894930574 0.38608798337345956 0.0329696302577247 0.03372178213245362
0 0.12159163274411564 0.3283617145688411 0.034532130257724794 0.03376724623907634
0 0.22687227498762805 0.24705422710525343 0.034450243102595125 0.03220474623907634
0 0.3122099886915809 0.35254805766749664 0.0329696302577247 0.03372178213245362
0 0.08993219696846685 0.3214584967012947 0.034532130257724794 0.03376724623907634
0 0.0924153878324983 0.24940164027480397 0.03617651741285455 0.03537521034569906
0 0.2802628686106214 0.16099705516021423 0.03124335594746519 0.030551318025830908
0 0.20533146766068172 0.2242077604913483 0.034532130257724704 0.03376724623907634
0 0.10795185662483382 0.2771174633151999 0.03609463025772479 0.03381271034569906
0 0.2428867786056726 0.34361097835889465 0.034532130257724704 0.03376724623907634
0 0.27027479420950495 0.3287301244396864 0.032887743102595124 0.03215928213245363
0 0.4339677227490645 0.13774610860456882 0.034532130257724704 0.03376724623907634
0 0.38556560153645114 0.3488487446562306 0.032887743102595124 0.03215928213245363
0 0.0739376255080264 0.13570285312778543 0.03609463025772479 0.03381271034569897
0 0.26230516395178005 0.29609948086617716 0.034532130257724704 0.03376724623907634
0 0.3645559814554916 0.15697949340258943 0.03124335594746519 0.030551318025830908
0 0.320097731794176 0.3836162012410059 0.032887743102595124 0.03215928213245363
0 0.3529168758467106 0.352928490895307 0.034532130257724704 0.03376724623907634
0 0.48125 0.2484375 0.0375 0.034375
0 0.48059041723114043 0.161427649512511 0.034450243102595125 0.03220474623907634
0 0.1509228493887446 0.08182168369002873 0.034532130257724794 0.03376724623907634
0 0.18196921076327682 0.25618518619731123 0.034532130257724704 0.03376724623907634
0 0.28130746946970414 0.2705084474800823 0.032887743102595124 0.03215928213245363
0 0.26290495024782723 0.18810512443968638 0.032887743102595124 0.03215928213245363
0 0.43123887041964376 0.2051154650310595 0.034450243102595125 0.03220474623907634
0 0.07719317955561236 0.2874017454476535 0.03617651741285446 0.03537521034569906
0 0.13253577679665035 0.29831050171585966 0.034532130257724794 0.03376724623907634
0 0.12252561171321648 0.19688439403572772 0.034532130257724794 0.03376724623907634
0 0.09489857869652969 0.17734478384831326 0.03617651741285455 0.035375210345698974
0 0.4623804070543752 0.3215755393250966 0.034532130257724704 0.03376724623907634
0 0.4257059226582074 0.3085587137774183 0.032887743102595124 0.03215928213245363
0 0.17500215852471318 0.15310565030393386 0.034450243102594945 0.03220474623907634
0 0.43531994007106184 0.34270639324430496 0.036094630257724705 0.03381271034569906
0 0.4419373530067892 0.17037675217807804 0.032887743102595124 0.03215928213245363
0 0.4629669052453528 0.2730471111118512 0.034532130257724704 0.03376724623907634
0 0.21262606851976446 0.33353729638472557 0.03132524310259512 0.03211381802583091
0 0.059753374037688364 0.3129473147271257 0.03617651741285455 0.03537521034569906
0 0.4557409034363305 0.2247460034317193 0.034450243102595125 0.03220474623907634
0 0.4823100474888653 0.194240149512511 0.034450243102595125 0.03220474623907634
0 0.37455285843385616 0.31787152929596674 0.032887743102595124 0.03215928213245363
0 0.4875 0.284375 0.025 0.034375
0 0.06774958050555199 0.2266461018741442 0.03609463025772479 0.03381271034569906
0 0.3199472455889859 0.3210252730277606 0.032887743102595124 0.03215928213245363
0 0.16287837403768837 0.30994668369002876 0.034532130257724704 0.03376724623907634
0 0.3996413896415206 0.2889736394833812 0.032887743102595124 0.03215928213245363
0 0.13024293645301727 0.25456050171585964 0.03609463025772479 0.03381271034569906
0 0.22976490162730823 0.1828098706787627 0.032887743102595124 0.03215928213245363
0 0.360722731794176 0.3824341344688163 0.032887743102595124 0.03215928213245363
0 0.3574538896415206 0.29020117036219356 0.032887743102595124 0.03215928213245363
0 0.2632457869734157 0.13488919622644105 0.03124335594746519 0.030551318025830908
0 0.23914654567984286 0.15280412193240395 0.03280585594746519 0.030596782132453627
0 0.3665965162812007 0.22577495750921212 0.03124335594746519 0.030551318025830908
0 0.2442301933504222 0.21994615782578125 0.032887743102595124 0.03215928213245363
0 0.50390625 0.15390625 0.0078125 0.0203125
0 0.50390625 0.12265625 0.0078125 0.0203125
0 0.3871878980092636 0.6671848706787626 0.047353034825709094 0.0700229949854351
0 0.4490814676606818 0.8030936269469688 0.05343926051544958 0.06707985141192588
0 0.4171896585247132 0.7320369808661772 0.05508364767057934 0.0686878155185485
0 0.47421875 0.8671875 0.0515625 0.053125
0 0.4656338025772479 0.7008946294542513 0.06273237336031982 0.06579013605166181
0 0.42848792740790576 0.5893039115867049 0.048915534825709095 0.07006845909205772
0 0.4124755823145743 0.8511052296125359 0.07161605042954129 0.05668792069139812
0 0.48671875 0.78203125 0.0265625 0.0578125
0 0.3480988217991247 0.7872533297708204 0.0727691146538925 0.04892088479802066
0 0.347483588873295 0.5963555451310845 0.07128850180902227 0.05043792069139794
0 0.4695223631835545 0.5959343448145152 0.0520405348257091 0.07015938730530316
0 0.3313406897323777 0.7063670426238019 0.06733798620519008 0.06436402837152996
0 0.3138389292169281 0.641151219583406 0.06717421189493056 0.06123902837152997
0 0.4351561657608024 0.9255596603330638 0.07153416327441153 0.05512542069139812
0 0.24055855947465288 0.6761459967012947 0.07433161465389251 0.048966348904643374
0 0.24950419154139994 0.7572596043814267 0.06881859905006031 0.06284699247815269
0 0.7293509803238379 0.951655495909872 0.031243355947465367 0.030551318025830908
0 0.70625 0.9953125 0.03125 0.009375
0 0.8442522840327396 0.8747627238065482 0.03116146879233561 0.02898881802583091
0 0.8348706399802049 0.904768472552907 0.03116146879233561 0.02898881802583091
0 0.7620882372212429 0.9194052855641729 0.031243355947465367 0.030551318025830908
0 0.9191571087725403 0.9304838749019048 0.031243355947465544 0.030551318025830908
0 0.7667690931687081 0.9490018573509275 0.03116146879233561 0.02898881802583091
0 0.936583626185395 0.964404233835678 0.03132524310259512 0.03211381802583091
0 0.868010688600724 0.9100637263138307 0.03124335594746519 0.030551318025830908
0 0.8222821087725404 0.9333026495125111 0.02959896879233561 0.028943353919208194
0 0.7637193362713033 0.9803882496707956 0.03124335594746519 0.030551318025830908
0 0.7925946087725404 0.934166467538342 0.02968085594746519 0.03050585391920819
0 0.8880708830827999 0.9345181570343584 0.03124335594746519 0.030551318025830908
0 0.8423423032546165 0.9577570802330388 0.02968085594746519 0.03050585391920819
0 0.9328125 0.98984375 0.03125 0.0203125
0 0.7796875 0.9953125 0.03125 0.009375
0 0.80078125 0.9859375 0.0296875 0.028125
0 0.8800879647200057 0.9613534416740945 0.03124335594746519 0.030551318025830908
0 0.8312343848918221 0.9846832930860202 0.03124335594746519 0.030551318025830908
0 0.8608399977366925 0.9822569750601893 0.02968085594746537 0.03050585391920819
0 0.9046875 0.99296875 0.03125 0.0140625
0 0.875 0.996875 0.03125 0.00625
0 0.8111741904097463 0.9602288623654924 0.02968085594746519 0.03050585391920819
0 0.9089499491161736 0.9745975877548861 0.03124335594746519 0.030551318025830908
0 0.746875 0.99453125 0.03125 0.0109375