0 0.4250043595803721 0.1871593265224445 0.041361385551659066 0.045028276735205174
0 0.23464854627041704 0.42728230992669813 0.04451365909060954 0.046809298022528624
0 0.4760723871798076 0.487967709694267 0.042951159090609536 0.04670003737886681
0 0.38375206818451435 0.2202560497872394 0.04292388555165907 0.04513753737886681
0 0.472670292209932 0.14512464583229656 0.044540932629559826 0.048371798022528625
0 0.31135096266462725 0.15574579953513784 0.042951159090609536 0.04670003737886681
0 0.3177962370176518 0.5034948846844317 0.041388659090609535 0.046590776735205175
0 0.35954736039444635 0.5314449220632985 0.042978432629559825 0.04826253737886681
0 0.25155540260108306 0.35493741636331533 0.04451365909060954 0.046809298022528624
0 0.46565663311932254 0.18843760325764958 0.04133411201270896 0.043465776735205
0 0.433642974028713 0.23000239038441492 0.042951159090609536 0.04670003737886681
0 0.2891178579588143 0.4436064324548587 0.04292388555165907 0.04513753737886681
0 0.3826998571447401 0.10128752849991596 0.042978432629560005 0.04826253737886681
0 0.19870313799058645 0.3355975544788164 0.04451365909060954 0.046809298022528624
0 0.0543100300350674 0.1831395539746133 0.04766593262955983 0.04859031930985207
0 0.4415487516248531 0.0459551723154001 0.042978432629559825 0.04826253737886681
0 0.1420634001654511 0.26436741066333214 0.04607615909060954 0.046918558666190435
0 0.36958838230854363 0.31469446463794554 0.04292388555165907 0.04513753737886681
0 0.2906214513005415 0.08859115052387354 0.044540932629559826 0.048371798022528625
0 0.3573223871798076 0.4796639007759751 0.042951159090609536 0.04670003737886681
0 0.4082417792242885 0.3408634807294889 0.042951159090609536 0.04670003737886681
0 0.35843624269639934 0.057351858201328196 0.042951159090609536 0.04670003737886681
0 0.262048617698047 0.2915304802252859 0.042951159090609536 0.04670003737886681
0 0.48880203247069937 0.29643577355623735 0.04292388555165925 0.04513753737886681
0 0.06278500324970615 0.2353576178365837 0.047638659090609534 0.04702781930985207
0 0.51640625 0.509375 0.0265625 0.046875
0 0.26945992289362247 0.4046860440872562 0.04292388555165907 0.04513753737886681
0 0.44445992289362246 0.41692323617737054 0.04292388555165907 0.04513753737886681
0 0.2502691866900449 0.07012537378866845 0.04451365909060954 0.046809298022528624
0 0.3595702743530246 0.17163287948865164 0.042951159090609536 0.04670003737886681
0 0.3223940081209701 0.4193384059717552 0.04133411201270896 0.043465776735205
0 0.51640625 0.56484375 0.0265625 0.0484375
0 0.29453125 0.0125 0.0453125 0.025
0 0.27893965746905175 0.04084206537457966 0.044540932629559826 0.048371798022528625
0 0.45817577516709873 0.5273908426139879 0.042951159090609536 0.04670003737886681
0 0.51328125 0.34765625 0.0328125 0.0421875
0 0.521875 0.44921875 0.015625 0.0453125
0 0.34952925243892724 0.38838333691400473 0.04292388555165907 0.04513753737886681
0 0.36896899919251636 0.43980372528160727 0.04292388555165907 0.04513753737886681
0 0.4892542256535661 0.4497792948435609 0.04292388555165907 0.04513753737886681
0 0.417741689939751 0.5136125658787828 0.04292388555165907 0.04513753737886681
0 0.34036453247069937 0.2860560124083726 0.042951159090609536 0.04670003737886681
0 0.15862360876959328 0.3015067777436113 0.04289661201270878 0.04357503737886681
0 0.36953125 0.01953125 0.0453125 0.0390625
0 0.4572212013038368 0.5820783426139879 0.04292388555165925 0.04513753737886681
0 0.22584193100800207 0.035564703490080694 0.044540932629559916 0.048371798022528625
0 0.22969976786020277 0.2626735067083894 0.04448638555165916 0.04524679802252862
0 0.43730553652788917 0.10979915102807665 0.044540932629559826 0.048371798022528625
0 0.1730485730557783 0.3713493841802286 0.04451365909060954 0.046809298022528624
0 0.21677129951682791 0.37597118220275727 0.04451365909060954 0.046809298022528624
0 0.23637823620357762 0.14893878863937457 0.04451365909060954 0.046809298022528624
0 0.23708734821628638 0.10831378863937458 0.04454093262956001 0.048371798022528625
0 0.22884637987291162 0.2219392460647276 0.04289661201270887 0.04357503737886681
0 0.4981145771129681 0.21104457677454605 0.04133411201270878 0.043465776735205
0 0.09324407062014632 0.28285533070981844 0.047638659090609534 0.04702781930985207
0 0.19941225000329527 0.2949725544788164 0.04451365909060954 0.046809298022528624
0 0.47254183279501094 0.24210890647595829 0.04292388555165925 0.04513753737886681
0 0.1933373482162864 0.10525449061684596 0.044540932629559826 0.048371798022528625
0 0.51015625 0.05078125 0.0390625 0.0484375
0 0.18779646022899527 0.06419244804219906 0.04610343262955983 0.048481058666190346
0 0.43269630844528173 0.37386165102807667 0.04289661201270896 0.04357503737886681
0 0.51015625 0.15625 0.0390625 0.046875
0 0.34175548295716673 0.2063685124083726 0.042951159090609536 0.04670003737886681
0 0.1828125 0.02265625 0.04375 0.0453125
0 0.2954417702958348 0.35018421438584396 0.03974433847375849 0.04179401609154336
0 0.41703257792704224 0.5542375658787828 0.041388659090609535 0.046590776735204995
0 0.19101118912567688 0.14889522997318422 0.04451365909060954 0.046809298022528624
0 0.29842249432125245 0.2690434750295057 0.04292388555165925 0.04513753737886681
0 0.663494115262415 0.15514522997318422 0.054134120941162586 0.06152736188449914
0 0.9796875 0.3234375 0.040625 0.05625
0 0.9352837459461055 0.4479218639013114 0.057013659090609535 0.04768338317182241
0 0.8145542345820198 0.373774533695696 0.0631818384737585 0.04343292574646931
0 0.8249814456217941 0.4933986188449899 0.057150026785361165 0.05549588317182241
0 0.9595781826328551 0.2212172522689139 0.03856366801906326 0.06355975544788173
0 0.8307361623403157 0.16371111884498993 0.0478841209411625 0.06109031930985207
0 0.9326690349063312 0.3288440819703261 0.05561480032431163 0.0569491225281606
0 0.8863474139651688 0.3834880233041359 0.06164661201270878 0.04488616510280767
0 0.8120565259778776 0.3376185124083726 0.06296365016215581 0.03093292574646931
0 0.8863553222449994 0.4726597839477975 0.04481366801906326 0.06399679802252863
0 0.978125 0.38046875 0.04375 0.0484375
0 0.6992565170494239 0.3469392460647276 0.04484094155801355 0.06555929802252862
0 0.9828125 0.05078125 0.034375 0.0515625
0 0.6574974853927987 0.22981744804219906 0.05103639448011297 0.06287134059717552
0 0.8935053490303606 0.4215343265224445 0.058603432629560005 0.049355143815484226
0 0.7490383287378212 0.3629355866619031 0.05709547970746058 0.05237088317182241
0 0.887656543834785 0.3084880233041359 0.041688668019063256 0.063778276735205
0 0.971875 0.5140625 0.05625 0.05625
0 0.8306077029253945 0.2606953794886516 0.04629434740221221 0.05941855866619026
0 0.863868036527889 0.05808383171822458 0.06477161201270878 0.04510468639013112
0 0.734239443186162 0.4041397408689475 0.046348894480112965 0.06254355866619044
0 0.8296064902640626 0.4076796401323134 0.06474433847375849 0.04354218639013112
0 0.8599643717585321 0.5505991136492099 0.04174321509696384 0.06690327673520499
0 0.910287294645564 0.17709591167173838 0.03856366801906326 0.06355975544788173
0 0.959297538963521 0.14767049162525217 0.05092730032431163 0.05662134059717552
0 0.7894020503276068 0.20149534210978484 0.040126168019063255 0.06366901609154355
0 0.8622940795486 0.2378805923618863 0.038536394480112965 0.061997255447881726
0 0.7588417970811959 0.2494193898802118 0.06170115909060954 0.048011165102807674
0 0.9010292970811961 0.25936210845342966 0.04316934740221221 0.05920003737886681
0 0.7127031826328551 0.20395407057035975 0.0678420649348082 0.04219820767745475
0 0.7515554026010831 0.3083573473055649 0.046321620941162676 0.060981058666190434
0 0.9649554293864442 0.27165429484356085 0.06153751785690744 0.03863616510280767
0 0.8696235641273246 0.3557236562238568 0.05997501785690744 0.03852690445914604
0 0.9890625 0.2359375 0.021875 0.053125
0 0.7008111087695932 0.2578767460647276 0.05561480032431154 0.0569491225281606
0 0.9890625 0.1625 0.021875 0.05625
0 0.965571263803013 0.4156228161308843 0.04785684740221221 0.05952781930985207
0 0.6674258644516361 0.28839477254783114 0.060220479707460584 0.05258940445914604
0 0.96953125 0.56328125 0.0609375 0.0328125
0 0.7664791988682048 0.43924671438584395 0.0339579886359143 0.06791947351689646
0 0.01328125 0.8421875 0.0265625 0.065625
0 0.028125 0.96953125 0.05625 0.0484375
0 0.01640625 0.9171875 0.0328125 0.065625
0 0.10265425243892726 0.9084337569604909 0.061755706168510116 0.051136165102807676
0 0.06438268506848707 0.8603897408689475 0.06027502678536116 0.055714404459146036
0 0.06328125 0.9828125 0.0484375 0.034375
0 0.1431077029253946 0.8314777730520342 0.04174321509696401 0.06690327673520499
0 0.1441440974055075 0.7721027730520343 0.061755706168510116 0.051136165102807676
0 0.128125 0.9890625 0.065625 0.021875
0 0.83167573052483 0.922671219581624 0.13036143019392785 0.13708437278026225
0 0.6515984926996946 0.8428094849168628 0.15070120373287824 0.14006726114786475
0 0.6859375 0.95 0.115625 0.1
0 0.9359375 0.82109375 0.128125 0.1515625
0 0.9096212727314666 0.7591657304773873 0.13534893912238175 0.1545996547112475
0 0.6046875 0.72578125 0.15 0.0984375
0 0.95546875 0.86484375 0.0890625 0.1640625