0 0.55625 0.328125 0.0328125 0.0328125
0 0.415625 0.6546875 0.0328125 0.034375
0 0.334375 0.653125 0.034375 0.034375
0 0.496875 0.621875 0.0328125 0.03125
0 0.43125 0.315625 0.0328125 0.03125
0 0.44375 0.6125 0.03125 0.03125
0 0.7234375 0.3921875 0.034375 0.03125
0 0.4125 0.3421875 0.0328125 0.03125
0 0.5953125 0.4390625 0.03125 0.03125
0 0.334375 0.3359375 0.0328125 0.0328125
0 0.5046875 0.4640625 0.03125 0.03125
0 0.5328125 0.44375 0.03125 0.03125
0 0.4484375 0.58125 0.0328125 0.0328125
0 0.3453125 0.5453125 0.0328125 0.0328125
0 0.3734375 0.6625 0.034375 0.034375
0 0.4125 0.6140625 0.03125 0.0328125
0 0.5234375 0.3734375 0.03125 0.03125
0 0.3578125 0.39375 0.0328125 0.0328125
0 0.478125 0.59375 0.03125 0.0328125
0 0.3140625 0.53125 0.0328125 0.0328125
0 0.4234375 0.453125 0.0328125 0.03125
0 0.503125 0.5609375 0.03125 0.0328125
0 0.2828125 0.5234375 0.0328125 0.0328125
0 0.2890625 0.4515625 0.034375 0.034375
0 0.48125 0.36875 0.0296875 0.0296875
0 0.403125 0.4296875 0.0328125 0.0328125
0 0.303125 0.4796875 0.034375 0.0328125
0 0.7203125 0.4234375 0.034375 0.0328125
0 0.434375 0.55 0.0328125 0.0328125
0 0.4625 0.5359375 0.03125 0.03125
0 0.6359375 0.35 0.0328125 0.0328125
0 0.5765625 0.559375 0.03125 0.03125
0 0.2765625 0.3375 0.034375 0.0328125
0 0.45625 0.503125 0.0328125 0.0328125
0 0.565625 0.3671875 0.0296875 0.0296875
0 0.509375 0.5921875 0.03125 0.03125
0 0.54375 0.5625 0.0328125 0.0328125
0 0.678125 0.4625 0.034375 0.0328125
0 0.68125 0.375 0.0328125 0.03125
0 0.35625 0.2859375 0.0328125 0.0328125
0 0.378125 0.4609375 0.0328125 0.0328125
0 0.4765625 0.478125 0.03125 0.03125
0 0.4625 0.3953125 0.03125 0.03125
0 0.6296875 0.4171875 0.0328125 0.03125
0 0.271875 0.4890625 0.034375 0.034375
0 0.3265625 0.5015625 0.0328125 0.0328125
0 0.321875 0.4 0.0328125 0.0328125
0 0.2953125 0.3796875 0.034375 0.034375
0 0.6546875 0.534375 0.0328125 0.0328125
0 0.61875 0.5203125 0.03125 0.03125
0 0.3765625 0.3578125 0.0328125 0.03125
0 0.6265625 0.5546875 0.034375 0.0328125
0 0.6421875 0.3828125 0.03125 0.03125
0 0.6578125 0.4859375 0.0328125 0.0328125
0 0.4046875 0.5390625 0.0296875 0.03125
0 0.253125 0.5140625 0.034375 0.034375
0 0.653125 0.4375 0.0328125 0.03125
0 0.68125 0.4078125 0.0328125 0.03125
0 0.5671875 0.528125 0.03125 0.03125
0 0.6875 0.4984375 0.034375 0.0328125
0 0.265625 0.428125 0.034375 0.0328125
0 0.5125 0.5296875 0.03125 0.03125
0 0.35625 0.5140625 0.0328125 0.0328125
0 0.59375 0.5 0.03125 0.03125
0 0.715625 0.478125 0.0328125 0.03125
0 0.3265625 0.4578125 0.034375 0.0328125
0 0.4296875 0.3890625 0.03125 0.03125
0 0.55 0.5921875 0.03125 0.03125
0 0.5515625 0.5 0.03125 0.03125
0 0.465625 0.3421875 0.0296875 0.0296875
0 0.440625 0.359375 0.03125 0.0296875
0 0.5640625 0.4359375 0.0296875 0.0296875
0 0.4421875 0.4265625 0.03125 0.03125