0 0.3625 0.01953125 0.046875 0.0390625
0 0.44067781043090115 0.3210853643601393 0.046809298022528624 0.04476829255305557
0 0.15196450771679554 0.45320165444465293 0.05015281930985207 0.047966027735416715
0 0.3017459864294721 0.45356794319798643 0.05015281930985207 0.047966027735416715
0 0.221875 0.46875 0.05 0.021875
0 0.288503305235121 0.3534224728332642 0.048371798022528625 0.04480466014423605
0 0.4660170279957129 0.17035931895729214 0.046918558666190255 0.04633079255305557
0 0.4011354371464358 0.045612585674792074 0.04859031930985207 0.04792966014423614
0 0.4125 0.0140625 0.046875 0.028125
0 0.19210963443233017 0.17958362290951407 0.048481058666190256 0.04636716014423605
0 0.48555326785625413 0.31589002450437553 0.046809298022528624 0.04476829255305574
0 0.4244415331914929 0.13351262917777817 0.048481058666190256 0.04636716014423614
0 0.18694080523512105 0.351058579406528 0.048481058666190346 0.04636716014423605
0 0.47126153889147615 0.24535931895729207 0.045028276735205174 0.04160692496187508
0 0.30688269259431744 0.08085779502159754 0.048481058666190256 0.04636716014423614
0 0.4638539584337593 0.05019228932201436 0.04848105866619044 0.04636716014423614
0 0.24425128863937456 0.16675762100965308 0.04513753737886681 0.04316942496187508
0 0.3919667948435608 0.4275886310776393 0.046918558666190435 0.04633079255305557
0 0.5015625 0.1578125 0.034375 0.046875
0 0.46484375 0.4578125 0.0484375 0.04375
0 0.4058986188449899 0.29219664494534764 0.048371798022528625 0.04480466014423605
0 0.2577781930985205 0.22635082655673636 0.048371798022528625 0.04480466014423605
0 0.22473573617737053 0.37845753400368076 0.04859031930985207 0.04792966014423605
0 0.2933657678562542 0.311416810789167 0.048371798022528535 0.04480466014423605
0 0.33427571907742093 0.048736279254028146 0.04859031930985207 0.04792966014423623
0 0.35366984730556494 0.21454311720993094 0.048371798022528625 0.04480466014423605
0 0.2453125 0.015625 0.046875 0.03125
0 0.3767681297407532 0.36639655793937537 0.046918558666190255 0.04633079255305557
0 0.49609375 0.090625 0.0453125 0.046875
0 0.50234375 0.465625 0.0328125 0.028125
0 0.33897319879850374 0.33899760334222256 0.048371798022528625 0.04480466014423605
0 0.49609375 0.3921875 0.0453125 0.04375
0 0.5015625 0.353125 0.034375 0.04375
0 0.3414105119041695 0.12846014684520873 0.046918558666190435 0.04633079255305557
0 0.2498885554872226 0.42584168028020863 0.048481058666190256 0.04636716014423605
0 0.42848417700697716 0.19132512917777814 0.04848105866619044 0.04636716014423605
0 0.3474848213266644 0.3937942061157642 0.048371798022528625 0.04480466014423605
0 0.21960048592526898 0.3050200340036808 0.04670003737886681 0.043205792553055566
0 0.25568009755766646 0.28558035619201416 0.046809298022528624 0.04476829255305557
0 0.2158206500196705 0.07249847473312525 0.04859031930985207 0.04792966014423614
0 0.2589150861577001 0.06414176728618086 0.046809298022528624 0.04476829255305557
0 0.50625 0.25859375 0.025 0.0453125
0 0.5046875 0.20390625 0.028125 0.0453125
0 0.4501627990309348 0.09979224581902821 0.046918558666190435 0.04633079255305557
0 0.24689495944216544 0.33841441546256973 0.04670003737886681 0.043205792553055566
0 0.28984375 0.015625 0.0453125 0.03125
0 0.3844171027534465 0.25269773385118094 0.048371798022528625 0.04480466014423605
0 0.33989157057035974 0.173663544071667 0.04513753737886681 0.04316942496187508
0 0.6017031557196537 0.18379834422416685 0.09602233020561535 0.12391158510611114
0 0.6229768582013282 0.28725065254479193 0.10841306956195354 0.12264002583555574
0 0.5840243468013618 0.06483013867708354 0.09133483020561535 0.12380248233256949
0 0.6233589064759583 0.40425631458888917 0.09613159084927707 0.12547408510611113
0 0.49521249112104904 0.9199969494662504 0.02496714901126431 0.02242051386770836
0 0.51171875 0.90859375 0.0140625 0.0234375
0 0.4915740388914761 0.8902730818750699 0.023404649011264312 0.02238414627652787
0 0.7996050601787996 0.8275860182361114 0.10343063861970414 0.09600479065319441
0 0.8479004485464021 0.8489895459715282 0.09394637797604233 0.09422408510611113
0 0.84453125 0.95625 0.0671875 0.0875
0 0.9828125 0.74609375 0.034375 0.0828125
0 0.7600505233041359 0.9311824905006947 0.11338479282674854 0.08219686379145834
0 0.77421875 0.97734375 0.0921875 0.0453125
0 0.8078767460647276 0.7451008265567364 0.09718063861970413 0.09585932028847229
0 0.9022708742928716 0.9126533088893058 0.10277507475773362 0.0866297906531944
0 0.97421875 0.97109375 0.0515625 0.0578125
0 0.90234375 0.98359375 0.0640625 0.0328125
0 0.9183550601787995 0.8303499551658338 0.06491444183801284 0.10290810087368066