0 0.5734375 0.54375 0.0421875 0.0421875
0 0.653125 0.6875 0.040625 0.040625
0 0.3390625 0.496875 0.0453125 0.04375
0 0.4265625 0.6671875 0.04375 0.04375
0 0.4828125 0.3109375 0.0421875 0.04375
0 0.5 0.6234375 0.04375 0.0421875
0 0.5171875 0.70625 0.0421875 0.04375
0 0.6328125 0.2671875 0.04375 0.0453125
0 0.6875 0.3390625 0.04375 0.04375
0 0.7078125 0.384375 0.04375 0.0453125
0 0.6953125 0.678125 0.04375 0.04375
0 0.378125 0.5125 0.04375 0.04375
0 0.5609375 0.4 0.040625 0.0421875
0 0.715625 0.2828125 0.04375 0.0453125
0 0.671875 0.4734375 0.0421875 0.0421875
0 0.296875 0.2828125 0.0453125 0.0453125
0 0.5953125 0.425 0.0421875 0.04375
0 0.6578125 0.23125 0.04375 0.0453125
0 0.4546875 0.703125 0.0421875 0.04375
0 0.6453125 0.409375 0.04375 0.04375
0 0.55 0.7359375 0.0421875 0.04375
0 0.35 0.3859375 0.0453125 0.04375
0 0.6390625 0.315625 0.04375 0.0453125
0 0.4625 0.590625 0.0421875 0.04375
0 0.4328125 0.4140625 0.0421875 0.04375
0 0.5921875 0.371875 0.0421875 0.0421875
0 0.46875 0.215625 0.04375 0.0453125
0 0.3765625 0.5671875 0.04375 0.04375
0 0.48125 0.1765625 0.04375 0.046875
0 0.546875 0.5078125 0.0421875 0.0421875
0 0.665625 0.53125 0.04375 0.04375
0 0.446875 0.375 0.040625 0.040625
0 0.4171875 0.5578125 0.04375 0.04375
0 0.3921875 0.4328125 0.04375 0.04375
0 0.6375 0.45 0.0421875 0.04375
0 0.6625 0.7390625 0.0421875 0.0453125
0 0.609375 0.671875 0.0421875 0.0421875
0 0.528125 0.4703125 0.0421875 0.04375
0 0.515625 0.2015625 0.04375 0.0453125
0 0.41875 0.50625 0.04375 0.04375
0 0.4203125 0.6 0.04375 0.0421875
0 0.725 0.575 0.04375 0.0421875
0 0.3765625 0.471875 0.04375 0.04375
0 0.58125 0.703125 0.0421875 0.04375
0 0.684375 0.421875 0.040625 0.040625
0 0.496875 0.4421875 0.0421875 0.0421875
0 0.4984375 0.271875 0.0421875 0.04375
0 0.459375 0.2578125 0.04375 0.0453125
0 0.284375 0.334375 0.046875 0.046875
0 0.7125 0.20625 0.04375 0.046875
0 0.6734375 0.5859375 0.040625 0.0390625
0 0.55 0.340625 0.0421875 0.04375
0 0.453125 0.45 0.0421875 0.0421875
0 0.4390625 0.296875 0.04375 0.0453125
0 0.55625 0.271875 0.04375 0.0453125
0 0.740625 0.409375 0.04375 0.04375
0 0.59375 0.19375 0.04375 0.046875
0 0.578125 0.6265625 0.0421875 0.0421875
0 0.471875 0.65625 0.0421875 0.04375
0 0.35 0.4265625 0.0421875 0.040625
0 0.5 0.56875 0.0421875 0.0421875
0 0.5984375 0.790625 0.0421875 0.0453125
0 0.528125 0.784375 0.040625 0.04375
0 0.5 0.7453125 0.0421875 0.04375
0 0.528125 0.240625 0.0421875 0.04375
0 0.640625 0.7953125 0.0421875 0.0453125
0 0.70625 0.4546875 0.040625 0.040625
0 0.565625 0.225 0.04375 0.0453125
0 0.296875 0.3875 0.0453125 0.0453125
0 0.6203125 0.740625 0.040625 0.04375
0 0.4609375 0.515625 0.040625 0.0390625
0 0.5828125 0.5828125 0.040625 0.0390625
0 0.78125 0.3125 0.0453125 0.0453125