0 0.5 0.546875 0.0296875 0.0296875
0 0.5203125 0.6984375 0.0296875 0.03125
0 0.46875 0.6421875 0.0296875 0.03125
0 0.5421875 0.4296875 0.0296875 0.0296875
0 0.596875 0.4640625 0.03125 0.0296875
0 0.4140625 0.509375 0.0296875 0.0296875
0 0.3859375 0.496875 0.03125 0.0296875
0 0.5578125 0.6421875 0.0296875 0.03125
0 0.4125 0.4796875 0.0296875 0.0296875
0 0.5 0.5859375 0.0296875 0.03125
0 0.4734375 0.5625 0.0296875 0.0296875
0 0.55625 0.5875 0.0296875 0.0296875
0 0.603125 0.4359375 0.0296875 0.0296875
0 0.496875 0.459375 0.0296875 0.0296875
0 0.5125 0.6453125 0.0296875 0.03125
0 0.5515625 0.5296875 0.0296875 0.0296875
0 0.5328125 0.5046875 0.0296875 0.0296875
0 0.5671875 0.446875 0.0296875 0.0296875
0 0.453125 0.4390625 0.0296875 0.0296875
0 0.6375 0.625 0.03125 0.03125
0 0.63125 0.3875 0.0296875 0.03125
0 0.584375 0.66875 0.028125 0.0296875
0 0.6140625 0.6671875 0.028125 0.03125
0 0.4421875 0.5390625 0.0296875 0.0296875
0 0.596875 0.36875 0.0296875 0.0296875
0 0.44375 0.503125 0.0296875 0.0296875
0 0.621875 0.5609375 0.028125 0.028125
0 0.5203125 0.478125 0.0296875 0.0296875
0 0.6515625 0.346875 0.03125 0.03125
0 0.4875 0.365625 0.0296875 0.0296875
0 0.4484375 0.615625 0.0296875 0.03125
0 0.615625 0.521875 0.0296875 0.028125
0 0.4140625 0.546875 0.03125 0.03125
0 0.6453125 0.41875 0.0296875 0.0296875
0 0.5 0.671875 0.0296875 0.03125
0 0.4734375 0.5109375 0.028125 0.028125
0 0.65 0.29375 0.03125 0.03125
0 0.5765625 0.6203125 0.028125 0.0296875
0 0.3953125 0.4484375 0.0296875 0.0296875
0 0.44375 0.5703125 0.0296875 0.0296875
0 0.66875 0.4359375 0.03125 0.03125
0 0.6984375 0.3671875 0.03125 0.03125
0 0.5921875 0.3359375 0.0296875 0.03125
0 0.3578125 0.346875 0.03125 0.03125
0 0.5453125 0.3046875 0.0296875 0.03125
0 0.565625 0.284375 0.0296875 0.03125
0 0.5640625 0.409375 0.0296875 0.03125
0 0.425 0.4515625 0.0296875 0.0296875
0 0.5390625 0.340625 0.0296875 0.03125
0 0.628125 0.4453125 0.028125 0.028125
0 0.6453125 0.4671875 0.028125 0.028125
0 0.534375 0.6640625 0.0296875 0.0296875
0 0.51875 0.31875 0.0296875 0.0296875
0 0.4578125 0.3578125 0.03125 0.03125
0 0.6578125 0.5515625 0.03125 0.0296875
0 0.5 0.3390625 0.0296875 0.0296875
0 0.39375 0.41875 0.03125 0.0296875
0 0.3578125 0.421875 0.03125 0.03125
0 0.465625 0.4640625 0.028125 0.0296875
0 0.48125 0.6078125 0.0296875 0.03125
0 0.6078125 0.63125 0.028125 0.0296875
0 0.534375 0.3875 0.0296875 0.0296875
0 0.6109375 0.3109375 0.0296875 0.03125
0 0.478125 0.3 0.0296875 0.03125
0 0.471875 0.328125 0.03125 0.03125
0 0.4859375 0.271875 0.0296875 0.03125
0 0.5984375 0.70625 0.0296875 0.03125
0 0.3484375 0.3828125 0.03125 0.03125
0 0.56875 0.703125 0.0296875 0.0328125
0 0.5109375 0.2890625 0.0296875 0.0296875
0 0.621875 0.48125 0.0296875 0.0296875
0 0.4625 0.4125 0.0296875 0.028125
0 0.5578125 0.5578125 0.028125 0.028125