0 0.23984375 0.61328125 0.0421875 0.0109375
0 0.3321860194850559 0.5885695370863122 0.042951159090609536 0.04399543969514959
0 0.00546875 0.27734375 0.0109375 0.0453125
0 0.059550909093904814 0.36517853064340444 0.04289661201270887 0.040870439695149585
0 0.34855886201600406 0.3666218142136753 0.04292388555165907 0.04243293969514959
0 0.1411281915613089 0.34595583197126434 0.04451365909060954 0.04400453005422929
0 0.40703125 0.5890625 0.0234375 0.04375
0 0.2874656290621328 0.4654047478587007 0.04292388555165907 0.04243293969514959
0 0.01015625 0.22578125 0.0203125 0.0453125
0 0.1332417792242885 0.43974219340758286 0.04451365909060954 0.04400453005422929
0 0.20631681493810347 0.3705740368899205 0.042951159090609536 0.04399543969514959
0 0.30546875 0.61015625 0.0421875 0.0171875
0 0.25994064691904023 0.4311933743221338 0.04448638555165907 0.042442030054229286
0 0.3765625 0.6 0.040625 0.0375
0 0.1649317045469524 0.14583765730322934 0.044540932629559826 0.04556703005422928
0 0.19476784010190684 0.5846819886853185 0.042951159090609536 0.04399543969514959
0 0.21210671347540613 0.1283774465308408 0.044540932629559826 0.04556703005422928
0 0.09242586445163611 0.4509160427436528 0.04451365909060954 0.04400453005422946
0 0.3800076850684871 0.4445559166730032 0.04448638555165907 0.04244203005422946
0 0.18026105519887087 0.5207103922761147 0.042951159090609536 0.04399543969514959
0 0.24028271185384834 0.3938115489901688 0.04451365909060954 0.04400453005422929
0 0.21880535795881437 0.5501706332991242 0.042951159090609536 0.04399543969514959
0 0.10168386201600414 0.3680580909482548 0.04451365909060954 0.04400453005422929
0 0.09306106412732458 0.5040319523845733 0.04451365909060954 0.04400453005422946
0 0.01328125 0.33046875 0.0265625 0.0453125
0 0.28891467532595916 0.11386951893593955 0.042978432629559825 0.04555793969514967
0 0.3314373660731939 0.18392748888171023 0.042978432629559825 0.04555793969514967
0 0.22548737500164764 0.16735813329912422 0.044540932629559826 0.04556703005422928
0 0.3415566599046837 0.2307388563681529 0.044540932629559826 0.04556703005422928
0 0.26177943100800205 0.14683655504029303 0.042978432629560005 0.04555793969514967
0 0.3036281915613088 0.3450104346269841 0.04292388555165907 0.04243293969514959
0 0.13390425243892726 0.4912956030485033 0.04451365909060954 0.04400453005422946
0 0.15950781899529326 0.18805242838046818 0.044540932629559826 0.04556703005422928
0 0.40234375 0.1171875 0.0328125 0.046875
0 0.1394178668872681 0.5334467416121849 0.04292388555165925 0.04243293969514959
0 0.2562464513005415 0.1953013261175319 0.044540932629559826 0.04556703005422928
0 0.17657831655966127 0.105149024789672 0.04454093262956001 0.04556703005422928
0 0.19835213068369048 0.20032516940347772 0.04451365909060954 0.04400453005422929
0 0.38257930600964973 0.38673432631392357 0.041361385551659066 0.04242384933607006
0 0.21663493182207622 0.4955013140172834 0.04292388555165907 0.04243293969514959
0 0.15431003003506732 0.3068206090986274 0.04133411201270896 0.040861349336070066
0 0.29852013149776474 0.5481445249860638 0.04289661201270896 0.040870439695149585
0 0.3524202475676633 0.32441613349551596 0.04292388555165925 0.04243293969514976
0 0.08847475000329527 0.40875581382089177 0.04451365909060954 0.04400453005422929
0 0.057135021106613636 0.3245717113615637 0.04607615909060954 0.0440136204133089
0 0.2550464155867266 0.2640513261175319 0.04292388555165925 0.04243293969514968
0 0.16393840016545108 0.3817569765850701 0.04451365909060954 0.04400453005422929
0 0.4046875 0.29296875 0.028125 0.0453125
0 0.185170292209932 0.23946039227611465 0.04451365909060954 0.04400453005422929
0 0.40625 0.19296875 0.025 0.0453125
0 0.2680725211066136 0.32334451288581534 0.041361385551659066 0.04242384933607006
0 0.35552943100800205 0.14629113349551598 0.04454093262956001 0.04556703005422928
0 0.3912918327950109 0.3351263745185255 0.04133411201270878 0.040861349336070066
0 0.29833276542457077 0.2903592960633026 0.04292388555165907 0.04243293969514968
0 0.3912021038983292 0.2507604648776051 0.04451365909060954 0.04400453005422929
0 0.3008735641273246 0.5028229346269841 0.04130683847375849 0.039298849336070064
0 0.1484375 0.596875 0.04375 0.04375
0 0.05204632630218917 0.43708989207972293 0.04448638555165916 0.04244203005422946
0 0.17375768506848707 0.4457558440715128 0.04133411201270896 0.040861349336070066
0 0.1415839334436341 0.230339922330344 0.044540932629559826 0.04556703005422928
0 0.40703125 0.3640625 0.0234375 0.040625
0 0.39155311120522523 0.49917069380036627 0.04130683847375849 0.039298849336070064
0 0.4359375 0.44453125 0.034375 0.0453125
0 0.8647917881527423 0.42392525410521653 0.04607615909060954 0.04401362041330899
0 0.47364859091268574 0.45588534387512103 0.044540932629559826 0.04556703005422928
0 0.922230366887268 0.5345173204601912 0.04766593262955983 0.04558521077238851
0 0.46943619805413067 0.2496807956705191 0.04610343262955983 0.04557612041330898
0 0.5173167702958348 0.4603183138208918 0.04610343262955983 0.04557612041330898
0 0.6285463709444579 0.35343198868531855 0.04451365909060954 0.04400453005422929
0 0.661978254060485 0.22825018150372617 0.044540932629559826 0.04556703005422928
0 0.935766761367381 0.47506959758755424 0.04607615909060954 0.04401362041330899
0 0.9239952386392096 0.3439014108192707 0.04607615909060954 0.04401362041330899
0 0.5707998750016476 0.1709740126894236 0.044540932629559826 0.04556703005422928
0 0.49121001217815985 0.34485694028432484 0.04610343262955983 0.04557612041330898
0 0.9405748125024715 0.28912300722847456 0.04607615909060954 0.04401362041330899
0 0.6809077118538484 0.3968729164766115 0.04451365909060954 0.04400453005422929
0 0.9796875 0.35 0.040625 0.04375
0 0.98671875 0.43046875 0.0265625 0.0453125
0 0.80438830195246 0.5726990973911624 0.04610343262956 0.04557612041330898
0 0.7858794042226409 0.20096954313643636 0.04610343262955983 0.0455761204133089
0 0.6237612337679457 0.18003994048071661 0.04451365909060954 0.04400453005422929
0 0.5449271217552367 0.22111945843469746 0.044540932629559826 0.04556703005422928
0 0.6270577832814783 0.25970016940347773 0.04610343262955983 0.0455761204133089
0 0.7739055097425279 0.2604081756499937 0.04451365909060954 0.04400453005422929
0 0.7282930008140742 0.27785929606330256 0.04451365909060954 0.04400453005422929
0 0.9099679204579905 0.43147413369190774 0.04604888555165907 0.042451120413308986
0 0.9658985462704172 0.5389502904059619 0.04607615909060954 0.04401362041330899
0 0.978125 0.48515625 0.04375 0.0453125
0 0.99375 0.55234375 0.0125 0.0453125
0 0.99375 0.2375 0.0125 0.04375
0 0.8591303490303606 0.5692559348233759 0.04607615909060954 0.04401362041330899
0 0.7259395681845143 0.32318088642238224 0.04451365909060954 0.04400453005422929
0 0.7625 0.6078125 0.046875 0.021875
0 0.440625 0.59609375 0.04375 0.0453125
0 0.26043947889997693 0.8460740066392993 0.06995003571381497 0.06914997579950324
0 0.38515625 0.71640625 0.0671875 0.0703125
0 0.2545361266265007 0.7367444584346975 0.06838753571381506 0.06914088544042371
0 0.390625 0.86796875 0.05625 0.0671875
0 0.434375 0.89765625 0.03125 0.0640625
0 0.5725576493546722 0.8348547055078314 0.05432503571381488 0.06905907220870695
0 0.47641903490633136 0.7932308077707676 0.07899775324641087 0.050454517953980725
0 0.4863474139651688 0.8509796752572102 0.07129434740221222 0.05665906615858276
0 0.48186228571711026 0.6604001270526083 0.05753185633066593 0.07376475292686635
0 0.45 0.9796875 0.0625 0.034375
0 0.5238553222449994 0.9398149162802198 0.06512616801906326 0.06131020472226432
0 0.709375 0.9921875 0.071875 0.015625
0 0.45 0.8734375 0.0625 0.05625
0 0.6884632930240062 0.9076104285768599 0.07118525324641087 0.05040906615858276
0 0.6456133198093674 0.8563024586310892 0.06973184740221221 0.05664997579950324
0 0.7431701582831259 0.816676356368153 0.04812958279171564 0.0721477107723885
0 0.546875 0.98828125 0.053125 0.0234375
0 0.7506474675358912 0.7463274949318345 0.07129434740221222 0.05665906615858276
0 0.59140625 0.97734375 0.0703125 0.0453125
0 0.6375 0.98515625 0.05625 0.0296875
0 0.5788428311734531 0.9223092537124332 0.05273526217486459 0.06748748184962743
0 0.5025803401019069 0.9055671813073344 0.06819662094116259 0.05820338544042354