0 0.4979255118381075 0.11227177870609309 0.04732128121376693 0.04553267589344294
0 0.4603935609297219 0.12943010380123338 0.047448826971401556 0.04709517589344294
0 0.5233720509277823 0.08060528463759216 0.04732128121376693 0.04553267589344294
0 0.5800995094222114 0.3367571255500632 0.05057382697140156 0.047222509885831696
0 0.5287284569966172 0.29884594866803704 0.04394118969849785 0.04228034190105419
0 0.5484375 0.0203125 0.046875 0.040625
0 0.44703217578285026 0.2519125988583174 0.04901132697140156 0.04715884288963732
0 0.20812968820068586 0.07243205140632511 0.04888378121376693 0.0455963428896375
0 0.1699914436606976 0.2157072075281045 0.05057382697140156 0.047222509885831696
0 0.6828125 0.08984375 0.0125 0.0453125
0 0.3673134985021879 0.03842841901054177 0.047448826971401556 0.04709517589344294
0 0.6458203621473683 0.28337214037881076 0.04732128121376711 0.04553267589344294
0 0.5275488521454286 0.22716194965662018 0.047448826971401556 0.04709517589344294
0 0.40682150608823164 0.3125662559686801 0.04901132697140156 0.04715884288963732
0 0.17136301183810748 0.09896537650146531 0.04875623545613248 0.04403384288963732
0 0.45 0.01015625 0.046875 0.0203125
0 0.5505400709316616 0.18449428859192488 0.04732128121376711 0.04553267589344294
0 0.66640625 0.23359375 0.0453125 0.0484375
0 0.5894755409258426 0.031907799466339794 0.045631235456132305 0.043906508897248564
0 0.6734375 0.38203125 0.03125 0.0484375
0 0.2501576915346657 0.0912748933073793 0.05057382697140156 0.047222509885831696
0 0.28515625 0.01171875 0.0515625 0.0234375
0 0.17110766244693068 0.17214820851668772 0.05057382697140156 0.047222509885831696
0 0.5610627248744646 0.27524662258431365 0.04563123545613248 0.043906508897248564
0 0.6022935027542518 0.3034007974891734 0.04901132697140156 0.04715884288963732
0 0.425316930324778 0.15758959589256794 0.047448826971401556 0.04709517589344294
0 0.6049724794163925 0.18359763345872854 0.04888378121376711 0.04559634288963732
0 0.35234375 0.009375 0.0484375 0.01875
0 0.29543798275037236 0.18811540121604464 0.04732128121376693 0.04553267589344294
0 0.33819956759768177 0.15871174410568206 0.04732128121376711 0.04553267589344294
0 0.29658563669317545 0.278485733231267 0.04901132697140156 0.047158842889637495
0 0.3361271424430513 0.07609024509426518 0.04732128121376693 0.04553267589344294
0 0.5719365809336012 0.2367571255500632 0.04732128121376693 0.04553267589344294
0 0.22471115244499096 0.12294138737588023 0.04901132697140156 0.04715884288963732
0 0.22971713002521565 0.241500386387297 0.04888378121376702 0.04559634288963732
0 0.24805331547164977 0.02733972729976806 0.04732128121376693 0.04553267589344294
0 0.5118607239563808 0.03497444965662018 0.04888378121376711 0.04559634288963732
0 0.3884224503286574 0.2588682530029306 0.04563123545613248 0.043906508897248744
0 0.6671875 0.028125 0.04375 0.046875
0 0.22458334881144867 0.19768671939110263 0.04719373545613248 0.043970175893442945
0 0.29945631880562973 0.04656457117798851 0.04888378121376693 0.0455963428896375
0 0.6597241391090714 0.07214548030269859 0.047448826971401556 0.04709517589344294
0 0.26032965911295075 0.15865339429596242 0.05057382697140156 0.047222509885831696
0 0.39393964244305124 0.0784459239534577 0.04888378121376711 0.0455963428896375
0 0.4453109527445534 0.040049268820261386 0.04563123545613248 0.043906508897248564
0 0.5741690185060673 0.14963912752722947 0.04888378121376711 0.0455963428896375
0 0.396875 0.00859375 0.046875 0.0171875
0 0.5053548588133883 0.26051827771750996 0.04563123545613248 0.043906508897248564
0 0.2835118097217739 0.23279123125410078 0.04719373545613248 0.043970175893442945
0 0.6342136982026255 0.14118464037881076 0.04732128121376693 0.04553267589344294
0 0.38545720487058527 0.16530925399151375 0.04406873545613248 0.04384284190105418
0 0.8672173879011235 0.3320219101132932 0.023660640606883554 0.02276633794672147
0 0.8829062897178946 0.29528591406762594 0.023533094849248926 0.021203837946721472
0 0.8301639269907982 0.29780873619701664 0.023533094849248926 0.021203837946721472
0 0.81527225062822 0.3252333992388783 0.023533094849248926 0.021203837946721472
0 0.8414838063877941 0.37924973718559973 0.023660640606883464 0.02276633794672147
0 0.41328125 0.98515625 0.0671875 0.0296875
0 0.3038892430421761 0.8702461047898165 0.07005715060882309 0.07604784684397004
0 0.3390625 0.98046875 0.071875 0.0390625
0 0.4087040309239029 0.9523821255500632 0.086638872729036 0.05024935079830275
0 0.30168875637809567 0.9386777698088444 0.0785393303053814 0.06549234882113648
0 0.71171875 0.5640625 0.0453125 0.028125
0 0.75625 0.5578125 0.046875 0.015625
0 0.8034429618284091 0.6148529506452034 0.047448826971401556 0.04709517589344294
0 0.8475433903170193 0.7163172915576743 0.04575878121376711 0.045469008897248565
0 0.9401774294066941 0.6873884783255322 0.04732128121376711 0.04553267589344294
0 0.8078125 0.5703125 0.046875 0.040625
0 0.8185892139544411 0.7431689516337865 0.04406873545613248 0.04384284190105418
0 0.7579704494105736 0.7827461047898165 0.045631235456132305 0.043906508897248564
0 0.7915162730479951 0.8121444447137044 0.04575878121376711 0.045469008897248565
0 0.7727670466757184 0.5824569447137043 0.04575878121376711 0.045469008897248565
0 0.8542708488114487 0.9704317885919249 0.04563123545613248 0.043906508897248564
0 0.933990557595742 0.8786846403788108 0.04732128121376711 0.04553267589344294
0 0.9637107821318509 0.6322844842570313 0.047448826971401556 0.04709517589344294
0 0.8550049460765937 0.7695696255500631 0.04575878121376693 0.045469008897248565
0 0.9875 0.75859375 0.025 0.0453125
0 0.8428234236568184 0.8874282876033416 0.0471937354561323 0.043970175893442945
0 0.7331941057692726 0.6509231018240669 0.04575878121376711 0.045469008897248565
0 0.7 0.634375 0.021875 0.046875
0 0.813327371231224 0.850408448668037 0.0471937354561323 0.043970175893442945
0 0.7758907572961796 0.9641234387822053 0.04719373545613248 0.043970175893442945
0 0.8028049751643287 0.6833482826604258 0.04575878121376711 0.045469008897248565
0 0.8796228245555057 0.6132851334587286 0.047448826971401556 0.04709517589344294
0 0.9037294885002483 0.7559819694282837 0.04732128121376711 0.04553267589344294
0 0.9641887563780956 0.7335286492760593 0.047448826971401556 0.04709517589344294
0 0.70859375 0.59609375 0.0390625 0.0484375
0 0.7148581781987462 0.7887759288963736 0.04563123545613248 0.043906508897248564
0 0.9462671591129507 0.9336904753597828 0.0438136439408634 0.04071784190105419
0 0.953125 0.56484375 0.046875 0.0296875
0 0.7714266557789708 0.9094359387822053 0.04563123545613248 0.043906508897248564
0 0.9859375 0.9234375 0.028125 0.04375
0 0.7015625 0.75078125 0.025 0.0453125
0 0.8992331781987462 0.7962886344473118 0.04575878121376711 0.04546900889724874
0 0.7357122963858543 0.9297829308735398 0.04575878121376693 0.045469008897248565
0 0.7280276000193966 0.8547192638773454 0.0438136439408634 0.04071784190105419
0 0.9438123545613246 0.7700736443331435 0.04394118969849785 0.04228034190105419
0 0.7456304618284092 0.6124972717860109 0.04575878121376711 0.045469008897248565
0 0.9355213645632642 0.8211268083635883 0.045631235456132305 0.043906508897248564
0 0.70625 0.71328125 0.034375 0.0421875
0 0.8898267430421761 0.6619773014435062 0.047448826971401556 0.04709517589344294
0 0.6984375 0.84296875 0.01875 0.0453125
0 0.703125 0.93671875 0.028125 0.0453125
0 0.70859375 0.990625 0.0390625 0.01875
0 0.9016892721299111 0.5783663053978388 0.047448826971401556 0.04709517589344294
0 0.7 0.89453125 0.021875 0.0453125
0 0.9683658154716499 0.8037774822798649 0.04394118969849785 0.04228034190105419
0 0.8553870675976818 0.926872789580508 0.0438136439408634 0.04071784190105419
0 0.83359375 0.55625 0.0484375 0.0125
0 0.74921875 0.9859375 0.0453125 0.028125