0 0.1625 0.0171875 0.046875 0.034375
0 0.37080174429678736 0.048873916048997226 0.044991127390180984 0.04571491439185813
0 0.3373488942045023 0.08470440819111431 0.044991127390180984 0.04571491439185813
0 0.30390625 0.0203125 0.0453125 0.040625
0 0.2529343214101131 0.1135614623677248 0.046553627390180985 0.045787688998963995
0 0.48097778069398195 0.03127969355158715 0.046553627390180985 0.045787688998963995
0 0.46118691240309956 0.07270521422975165 0.04489099784053163 0.04415241439185813
0 0.44107706662975127 0.19203741108659847 0.04156573874123311 0.0408818651776464
0 0.48162052591362 0.1184885951231637 0.046553627390180985 0.04578768899896417
0 0.41797952807308825 0.1635143048002922 0.044991127390180984 0.04571491439185813
0 0.176632637264672 0.13736714350880597 0.046553627390180985 0.045787688998963995
0 0.1421970805094118 0.11560345947224064 0.046553627390180985 0.045787688998963995
0 0.2486659284422285 0.034310610010359975 0.046553627390180985 0.045787688998963995
0 0.43777039636397064 0.12208878412212779 0.046653756939830336 0.047350188998963996
0 0.359766509874491 0.17245696526320894 0.046553627390180985 0.04578768899896417
0 0.509375 0.17265625 0.040625 0.0453125
0 0.4078125 0.0203125 0.046875 0.040625
0 0.20970595311923082 0.15607860215247707 0.046553627390180985 0.045787688998963995
0 0.08975439852343899 0.18035947229252222 0.04977875693983034 0.04749573821317572
0 0.509375 0.05390625 0.040625 0.0453125
0 0.08811035780730773 0.10877557072094568 0.046453497840531634 0.044225188998963993
0 0.4911376233850113 0.21307334905210515 0.04811612739018116 0.04586046360606986
0 0.16657531925064487 0.07552211497275865 0.04821625693983034 0.04742296360606986
0 0.14738762338501138 0.22908376261539382 0.046553627390180985 0.045787688998963995
0 0.08861340068290727 0.22247419768541637 0.04977875693983034 0.04749573821317572
0 0.12488846699889145 0.06967452936461678 0.046653756939830336 0.047350188998963996
0 0.32254830968992093 0.2427352320124319 0.04665375693983016 0.047350188998963996
0 0.21328125 0.01953125 0.0484375 0.0390625
0 0.4711045280730882 0.161039968158693 0.044991127390180984 0.04571491439185813
0 0.21337356878921954 0.24470445450984196 0.046653756939830336 0.04735018899896417
0 0.3021146961794005 0.19695185111901975 0.04176599784053163 0.044006865177646404
0 0.2986473396087105 0.10520099876165494 0.04332849784053163 0.04407963978475227
0 0.19878943708010186 0.20487997518800638 0.04489099784053163 0.04415241439185813
0 0.14384112122554304 0.1871873610438172 0.046453497840531634 0.044225188998964174
0 0.54140625 0.30390625 0.0234375 0.0453125
0 0.62109375 0.02734375 0.0328125 0.0546875
0 0.59375 0.0234375 0.034375 0.046875
0 0.57578125 0.00703125 0.0453125 0.0140625
0 0.540625 0.25703125 0.021875 0.0640625
0 0.5661214296788463 0.2433473540145039 0.03213018198597286 0.06380994292790554
0 0.5949263525655205 0.1828079603008102 0.038480311535622036 0.06566354135632882
0 0.29013393276116517 0.7359458846174658 0.04110466378737563 0.05799659057054072
0 0.2920993460871154 0.8511342369748306 0.051942034237726274 0.05694351282028158
0 0.33302233960871047 0.7230434702256077 0.04851664558877822 0.05211046360606986
0 0.2201218214101132 0.7345332419372294 0.053104016039128954 0.050766287427387445
0 0.256639114747138 0.6751924751880064 0.054466256939830336 0.04771406203449331
0 0.4045969509597625 0.7243833382987381 0.06147772054263569 0.035577935070022625
0 0.3428374306016969 0.6914295971900783 0.05739099784053163 0.044734611248705036
0 0.32709371221852945 0.7669390194398193 0.04851664558877822 0.05211046360606986
0 0.22981819401993214 0.7777010450803825 0.04110466378737563 0.05799659057054054
0 0.2637111351052036 0.7106933275453712 0.044129534237726274 0.056579639784752264
0 0.21451456662975116 0.8220332419372294 0.062078497840531634 0.044952935070022446
0 0.43306430753045255 0.8149697969424092 0.06273983189368781 0.03096320967712849
0 0.4385924167220363 0.7773242477281976 0.046954145588778216 0.052037688998963993
0 0.2867900848283485 0.8124356100103599 0.06576470234403846 0.029546258891340216
0 0.37497000771502265 0.7491307812266437 0.06147772054263569 0.035577935070022625
0 0.4861683235695815 0.7642035095150219 0.05632914558877822 0.05247433664159917
0 0.387891509874491 0.790590535155585 0.060415868290882455 0.04331766046291676
0 0.2736683235695815 0.7741008560814185 0.053204145588778215 0.052328787427387446
0 0.20119015114433264 0.6653123610438173 0.04402940468807692 0.05501713978475227
0 0.24936683528977382 0.6428166228306414 0.06147772054263569 0.035577935070022625
0 0.3064178716869684 0.6276967369748306 0.046954145588778216 0.052037688998963993
0 0.45595919186046385 0.7251067762642449 0.04705427513842757 0.053600188998963995
0 0.3984260965485408 0.6748199859413734 0.0630402205426357 0.03565070967712849
0 0.34133788248431 0.836378224154549 0.036417163787375625 0.05777826674922295
0 0.17102298735695703 0.7227995293646169 0.06314035009228505 0.03721320967712849
0 0.3619669648394231 0.6360143511190197 0.05719073874123311 0.041609611248705033
0 0.38624986428571273 0.8405177605484792 0.05991522054263569 0.03550516046291676
0 0.42574766502399325 0.5644989160489973 0.05749112739018099 0.04629711124870504
0 0.51171875 0.7421875 0.0359375 0.0375
0 0.801292675821335 0.8360485843697967 0.0413654796419344 0.037756865177646405
0 0.7233073781653733 0.8131975893321954 0.04146560919158375 0.039319365177646406
0 0.6531345805094118 0.7899827212590649 0.04312823874123302 0.040954639784752264
0 0.8162539466408258 0.6998199859413734 0.04322836829088246 0.042517139784752266
0 0.695664437080102 0.8799142084387833 0.039702850092285046 0.03612159057054054
0 0.7380126233850113 0.8997515194398193 0.038140350092285044 0.03604881596343468
0 0.8772472131413801 0.47732424772819765 0.05164164558877822 0.05225601282028158
0 0.7703850323920249 0.9294004780834906 0.03627746144333699 0.03128854135632899
0 0.7721873642857128 0.9012754780834905 0.03637759099298634 0.03285104135632899