0 0.15604312770394801 0.29256406575854693 0.046553627390180985 0.045787688998963995
0 0.09023645743816747 0.2255264230783105 0.046553627390180985 0.045787688998963995
0 0.16631689852343898 0.15655379115144105 0.04479086829088228 0.04258991439185813
0 0.2069023257290498 0.17958887675958293 0.04489099784053163 0.04415241439185813
0 0.10910757094868787 0.2713825785788285 0.046553627390180985 0.045787688998963995
0 0.15423840068290726 0.19917793879407625 0.04489099784053163 0.04415241439185813
0 0.1591891116648191 0.34071046733012356 0.046653756939830336 0.04735018899896417
0 0.11920206662975116 0.18678925475751101 0.04322836829088228 0.042517139784752446
0 0.07569668877814487 0.4037969722925222 0.04831638648947969 0.048985463606069854
0 0.13828125 0.0203125 0.0421875 0.040625
0 0.14339863510520362 0.0766137340793465 0.04489099784053163 0.04415241439185813
0 0.07591553671096163 0.3274527961138398 0.04821625693983034 0.04742296360606986
0 0.1318861320228847 0.3778123610438172 0.04675388648947969 0.04891268899896417
0 0.01796875 0.3015625 0.0359375 0.046875
0 0.2396752529346607 0.20298783540325402 0.044991127390180984 0.04571491439185813
0 0.09630478717238695 0.15514114847120464 0.04322836829088228 0.042517139784752266
0 0.49456540716131225 0.30951170140947004 0.04821625693983034 0.04742296360606986
0 0.2066229210409729 0.2325683275453712 0.04489099784053163 0.04415241439185813
0 0.24524533004798652 0.26192618776061893 0.046553627390180985 0.045787688998963995
0 0.13344384176817875 0.13471733250776996 0.04489099784053163 0.04415241439185813
0 0.23638717150239827 0.05982003226010093 0.04489099784053163 0.04415241439185813
0 0.0589259006829073 0.20361718982753355 0.046553627390180985 0.045787688998963995
0 0.236052000313767 0.3324570115819365 0.046653756939830336 0.047350188998963996
0 0.1952081523809503 0.4106933275453712 0.04675388648947969 0.04891268899896399
0 0.390625 0.00859375 0.04375 0.0171875
0 0.33046333436692316 0.34208026054847923 0.044991127390180984 0.04571491439185813
0 0.2938645003137671 0.32976435111901975 0.044991127390180984 0.04571491439185813
0 0.3119927390550001 0.28997410504796123 0.044991127390180984 0.04571491439185813
0 0.41052797347729636 0.16231567783582151 0.04489099784053181 0.04415241439185813
0 0.2605465623108145 0.09608286393930135 0.046453497840531634 0.044225188998963993
0 0.43476411474713805 0.02721293176476287 0.04489099784053163 0.04415241439185813
0 0.22951541024363126 0.02119417990273611 0.04312823874123302 0.040954639784752264
0 0.4677582850129186 0.09577884119422234 0.046453497840531634 0.044225188998963993
0 0.08672713294573535 0.03719166914936913 0.046553627390180985 0.045787688998963995
0 0.5103696822997399 0.2573670045526232 0.04977875693983016 0.04749573821317572
0 0.38700893276116516 0.09175062076372686 0.04489099784053181 0.04415241439185813
0 0.42969708050941186 0.08197320637186874 0.044991127390180984 0.04571491439185813
0 0.27699358266888013 0.13114706865403108 0.046453497840531634 0.044225188998963993
0 0.4497115869878169 0.2072257634439633 0.04801599784053181 0.04429796360606986
0 0.3064412507751923 0.1578165765119139 0.04489099784053181 0.04415241439185813
0 0.5029367165374661 0.2031889268023642 0.04821625693983034 0.04742296360606986
0 0.3200474660760408 0.38306913358400846 0.046553627390180985 0.04578768899896417
0 0.2622745388704299 0.3608345686540311 0.044991127390180984 0.04571491439185813
0 0.35069189852343896 0.1479663875129499 0.04489099784053163 0.04415241439185813
0 0.3532790731081562 0.30207169065610306 0.046553627390180985 0.04578768899896417
0 0.2236731138242874 0.3797686592245716 0.046653756939830336 0.047350188998963996
0 0.3918757078995928 0.04011534615662109 0.046553627390180985 0.045787688998963995
0 0.3049440977851584 0.42427633044085533 0.046653756939830336 0.047350188998963816
0 0.34921875 0.01640625 0.0453125 0.0328125
0 0.4506523257290498 0.16823603805106915 0.04322836829088246 0.042517139784752266
0 0.35057318014027156 0.2227480636916323 0.044790868290882455 0.04258991439185813
0 0.27227130012919687 0.39931487179718417 0.046653756939830336 0.04735018899896417
0 0.4285560826688801 0.12408793176476288 0.046553627390180985 0.045787688998963995
0 0.3455223396087105 0.08277803515558509 0.04322836829088228 0.042517139784752266
0 0.3670387893318553 0.18459309222767964 0.04489099784053181 0.04415241439185813
0 0.311326614747138 0.03296212572612563 0.04489099784053163 0.04415241439185813
0 0.6991899552786991 0.9466736770072519 0.031489831893687814 0.029507717535011226
0 0.8699029734772964 0.9324912448327135 0.026602072794389107 0.026164393713693813
0 0.9734470805094118 0.8482189445850444 0.023276813695090583 0.022893844499482084
0 0.8876468877260972 0.7042206956185018 0.026602072794389107 0.026164393713693633
0 0.8515115237541515 0.8305306385464073 0.02826470234403846 0.027799668320799498
0 0.8592214990771494 0.7102181385464073 0.024939443244739755 0.02452911910658786
0 0.9478463032115159 0.8587583382987383 0.023376943244739934 0.024456344499482086
0 0.9867247378183823 0.6653336699779386 0.023376943244739757 0.024456344499481995
0 0.9357444262827602 0.7315794081911143 0.023376943244739934 0.024456344499481995
0 0.9380498010520476 0.817153035155585 0.024939443244739755 0.024529119106587772
0 0.9237055012366178 0.7492763304408554 0.026602072794389288 0.026164393713693723
0 0.9588443599667761 0.8816136414418914 0.024939443244739755 0.024529119106587772
0 0.8589025215946833 0.7881248147250897 0.026501943244739933 0.024601893713693812
0 0.7792731832225905 0.6936899181159119 0.02826470234403846 0.027799668320799588
0 0.8051347763750453 0.7033902497951122 0.02826470234403846 0.027799668320799498
0 0.9286909947582128 0.6228593796550671 0.02503957279438911 0.02609161910658786
0 0.91565316934293 0.7776924288692788 0.026602072794389107 0.026164393713693723
0 0.9702429349206335 0.8982189445850445 0.024939443244739755 0.024529119106587772
0 0.7403294016057579 0.6207276071148758 0.029927331893687813 0.029434942927905362
0 0.9499652174603167 0.631215535155585 0.024939443244739755 0.02452911910658786
0 0.7750443630490951 0.5895118403656527 0.02982720234403846 0.02787244292790545
0 0.978195137264672 0.871365346156621 0.023376943244739757 0.024456344499482086