0 0.1279612426587878 0.3727329887707846 0.045223219962933214 0.04473564732681172
0 0.19489577151472837 0.3390552097610023 0.04834821996293322 0.044917657850155376
0 0.1057787078123976 0.33543040984570693 0.04366071996293321 0.04464464206513981
0 0.07885410926367635 0.29941731513561354 0.04204365626060227 0.04299113680346807
0 0.10680054918954252 0.21649839932236317 0.045223219962933214 0.04473564732681172
0 0.15839776552427853 0.26334257821920604 0.045223219962933214 0.04473564732681172
0 0.07646817532825993 0.4574118256589573 0.04371528366526398 0.0462071420651398
0 0.09265865971916334 0.3972933730140039 0.04366071996293321 0.04464464206513998
0 0.02970728113337522 0.31690865202378626 0.04360615626060227 0.04308214206513998
0 0.1277777041842004 0.4228239940324565 0.045223219962933214 0.0447356473268119
0 0.015625 0.39296875 0.03125 0.0453125
0 0.03362591090028966 0.47370468359381734 0.045277783665263985 0.0462981473268119
0 0.0336457582678845 0.4283011783321456 0.04366071996293321 0.04464464206513981
0 0.20875986407299968 0.3007207518543771 0.048348219962932856 0.044917657850155376
0 0.01640625 0.16171875 0.0328125 0.0453125
0 0.17061996861217069 0.40653113609759634 0.04360615626060209 0.04308214206513981
0 0.1491120455613455 0.30507505191084683 0.04204365626060227 0.04299113680346807
0 0.01640625 0.21484375 0.0328125 0.0421875
0 0.10527276552427862 0.26024839932236316 0.04204365626060227 0.04299113680346807
0 0.6018055143431523 0.28097406811938536 0.033958337748947985 0.03472361049510884
0 0.6397171981937506 0.4507097154461971 0.03390377404661713 0.033161110495108836
0 0.6641418232361597 0.28930177858625933 0.03390377404661713 0.033161110495108836
0 0.5376834722403678 0.4134533681758551 0.03390377404661713 0.033161110495108836
0 0.6131596765942042 0.31451461021276017 0.032395837748947984 0.03463260523343701
0 0.7002975780454831 0.28514489960471184 0.03390377404661713 0.033161110495108836
0 0.5694245455613455 0.401210973409292 0.03390377404661713 0.033161110495108836
0 0.5375544974681112 0.46198187343752695 0.03390377404661713 0.033161110495108836
0 0.4978223640729998 0.38921223137238703 0.03390377404661713 0.033161110495108836
0 0.5310168099893158 0.3801858418674959 0.033958337748947985 0.03472361049510884
0 0.4649553003706689 0.3888636208772782 0.03390377404661713 0.033161110495108836
0 0.4358134373939775 0.37150952090551304 0.035520837748947987 0.034814615756780756
0 0.5486061032732266 0.32484589448421436 0.033958337748947895 0.03472361049510884
0 0.5497618315888622 0.5159259207925736 0.033958337748947985 0.03472361049510884
0 0.5744195804077358 0.43751249445597945 0.033958337748947895 0.03472361049510884
0 0.6459721765942043 0.316425720707869 0.03234127404661713 0.03307010523343701
0 0.49740570182194777 0.3563087261107151 0.03390377404661713 0.033161110495108836
0 0.46453863811961693 0.3559601156156063 0.03390377404661713 0.033161110495108836
0 0.5809275299522489 0.3408195049793232 0.03390377404661713 0.033161110495108836
0 0.43539677514292546 0.3386060156438412 0.035520837748947987 0.034814615756780666
0 0.7725743713293939 0.9231601100715858 0.03713790145127884 0.036468121018452496
0 0.7695932150687916 0.9636941048099139 0.0370833377489479 0.034905621018452494
0 0.690887861710747 0.9309278364646497 0.03713790145127884 0.036468121018452496
0 0.8328125 0.98359375 0.0375 0.0328125
0 0.6625 0.9875 0.0375 0.025
0 0.7298957980084163 0.9347654680064459 0.035520837748947896 0.034814615756780666
0 0.6168501609851077 0.9438380891660728 0.0371924651536097 0.03803062101845249
0 0.6536606802224013 0.9209312101845253 0.0370833377489479 0.034905621018452494
0 0.6525148424734534 0.9537437101845253 0.03713790145127884 0.036468121018452496
0 0.5743898424734534 0.9491934471009328 0.03870040145127884 0.03655912628012441
0 0.8252082980084163 0.9403167889684287 0.0370833377489479 0.034905621018452494
0 0.4171875 0.9671875 0.034375 0.040625
0 0.4449205972827768 0.9353900103821694 0.04193452885594055 0.039866136803468066