0 0.5015625 0.7296875 0.0421875 0.04375
0 0.54375 0.296875 0.0421875 0.0421875
0 0.334375 0.46875 0.0421875 0.0421875
0 0.4046875 0.575 0.0421875 0.0421875
0 0.4984375 0.2546875 0.040625 0.04375
0 0.4265625 0.45625 0.0421875 0.0421875
0 0.53125 0.784375 0.04375 0.04375
0 0.503125 0.5578125 0.0421875 0.0421875
0 0.2828125 0.7171875 0.04375 0.0453125
0 0.4484375 0.2671875 0.0421875 0.04375
0 0.290625 0.615625 0.04375 0.04375
0 0.3359375 0.2625 0.0421875 0.0453125
0 0.5 0.43125 0.0421875 0.0421875
0 0.303125 0.3234375 0.04375 0.04375
0 0.328125 0.5265625 0.0421875 0.0421875
0 0.2921875 0.5453125 0.040625 0.040625
0 0.44375 0.7296875 0.04375 0.0453125
0 0.5171875 0.690625 0.04375 0.04375
0 0.578125 0.4 0.0421875 0.0421875
0 0.5375 0.4125 0.0421875 0.04375
0 0.453125 0.49375 0.04375 0.0421875
0 0.3265625 0.4125 0.040625 0.040625
0 0.5796875 0.4953125 0.0421875 0.0421875
0 0.7015625 0.71875 0.0453125 0.0453125
0 0.2875 0.79375 0.0453125 0.046875
0 0.275 0.4265625 0.04375 0.04375
0 0.565625 0.5875 0.0421875 0.0421875
0 0.390625 0.3296875 0.0421875 0.04375
0 0.3609375 0.6859375 0.04375 0.04375
0 0.434375 0.7765625 0.04375 0.0453125
0 0.5390625 0.74375 0.0421875 0.04375
0 0.3125 0.6625 0.04375 0.04375
0 0.3421875 0.7703125 0.04375 0.046875
0 0.4828125 0.29375 0.0421875 0.04375
0 0.6484375 0.575 0.040625 0.040625
0 0.559375 0.7046875 0.04375 0.04375
0 0.3625 0.55 0.0421875 0.040625
0 0.353125 0.5921875 0.0421875 0.0421875
0 0.3671875 0.734375 0.04375 0.0453125
0 0.5375 0.484375 0.040625 0.040625
0 0.571875 0.334375 0.04375 0.04375
0 0.6078125 0.5671875 0.0421875 0.0421875
0 0.471875 0.2171875 0.0390625 0.0421875
0 0.3796875 0.2609375 0.040625 0.0421875
0 0.4078125 0.628125 0.0421875 0.0421875
0 0.546875 0.55 0.0421875 0.0421875
0 0.7140625 0.6671875 0.046875 0.0453125
0 0.703125 0.6125 0.0453125 0.0453125
0 0.2578125 0.5921875 0.04375 0.04375
0 0.4203125 0.3734375 0.0421875 0.0421875
0 0.3171875 0.578125 0.040625 0.040625
0 0.4015625 0.209375 0.0421875 0.0453125
0 0.4390625 0.6015625 0.0421875 0.04375
0 0.4484375 0.659375 0.04375 0.04375
0 0.41875 0.296875 0.040625 0.04375
0 0.471875 0.5296875 0.04375 0.0421875
0 0.6609375 0.503125 0.04375 0.0421875
0 0.51875 0.825 0.04375 0.0453125
0 0.5515625 0.625 0.0421875 0.040625
0 0.2171875 0.6890625 0.0453125 0.04375
0 0.621875 0.4875 0.0421875 0.04375
0 0.6234375 0.4328125 0.0421875 0.0421875
0 0.359375 0.2046875 0.0421875 0.046875
0 0.471875 0.759375 0.0421875 0.04375
0 0.4078125 0.80625 0.04375 0.046875
0 0.346875 0.3125 0.040625 0.0421875
0 0.484375 0.7984375 0.04375 0.0453125
0 0.4171875 0.4171875 0.040625 0.0390625
0 0.5 0.3765625 0.0421875 0.0421875
0 0.58125 0.44375 0.04375 0.04375
0 0.6234375 0.5296875 0.04375 0.04375
0 0.65 0.6140625 0.0453125 0.0421875
0 0.528125 0.3453125 0.0421875 0.04375