0 0.0609375 0.00625 0.04375 0.0125
0 0.13691907553374233 0.0517445340239826 0.04538427759440165 0.04587842799249984
0 0.225 0.0203125 0.046875 0.040625
0 0.23888523985075238 0.11045656974490861 0.04538427759440165 0.04587842799249984
0 0.2876779373612415 0.11090633760537169 0.047065176764564676 0.04757762902925915
0 0.16484375 0.02109375 0.0453125 0.0421875
0 0.10358635727732893 0.08926365786944537 0.04394017676456467 0.0473042269557407
0 0.31840771910482796 0.14282071894370513 0.047065176764564856 0.04757762902925933
0 0.0760300423402633 0.11998597756787133 0.042259277594401644 0.04560502591898139
0 0.33978396640553576 0.05129760028203849 0.04862767676456485 0.04771433006601846
0 0.18919197055472053 0.056608399810927065 0.04694677759440165 0.04601512902925915
0 0.25766039586939266 0.19217546145083464 0.047065176764564676 0.04757762902925933
0 0.12918019835890365 0.19869744646509363 0.047065176764564676 0.04757762902925915
0 0.15841741246613222 0.16940092572990845 0.045502676764564674 0.04744092799249984
0 0.328125 0.01640625 0.046875 0.0328125
0 0.20614451744515402 0.15578819359037155 0.047065176764564676 0.04757762902925915
0 0.12468102989270866 0.13932244646509365 0.04370337842423862 0.044179226955740704
0 0.3703125 0.01328125 0.046875 0.0265625
0 0.2182911651654246 0.2538155904800938 0.0471835759347277 0.04914012902925915
0 0.2930506763635793 0.036511930348056866 0.047065176764564676 0.04757762902925933
0 0.33372598840085993 0.1996763116863903 0.0486276767645645 0.04771433006601846
0 0.36582624814912207 0.08362208473064961 0.04862767676456485 0.04771433006601846
0 0.02109375 0.10390625 0.0421875 0.0453125
0 0.021875 0.01640625 0.04375 0.0328125
0 0.14395124814912216 0.10303363195046397 0.043821777594401645 0.045741726955740705
0 0.08992752159433896 0.15809157031055648 0.04202247925407558 0.04248002591898139
0 0.02734375 0.76640625 0.0546875 0.0546875
0 0.153125 0.9734375 0.05625 0.053125
0 0.11234420540787352 0.9430133744575935 0.04188076929603195 0.06109332488222208
0 0.10625 0.9859375 0.04375 0.028125
0 0.03046875 0.9828125 0.0609375 0.034375
0 0.03125 0.90234375 0.0625 0.0453125
0 0.05656780208852563 0.9541846117809267 0.06366068091374952 0.04126884043361088
0 0.1943046004288517 0.9452799205461122 0.06413427759440164 0.047518840433610876
0 0.9543899954498298 0.6570964153623159 0.07528526514684693 0.0717765466541664
0 0.9875 0.52265625 0.025 0.0703125
0 0.9411544444102115 0.5654557195093529 0.08191377344521662 0.05683505183796278