0 0.5296875 0.5296875 0.040625 0.0421875
0 0.4921875 0.5453125 0.040625 0.0421875
0 0.575 0.596875 0.0421875 0.0421875
0 0.6 0.5609375 0.04375 0.04375
0 0.4109375 0.4625 0.0421875 0.04375
0 0.45625 0.5734375 0.040625 0.0421875
0 0.5859375 0.434375 0.0421875 0.0421875
0 0.55 0.4546875 0.0421875 0.0421875
0 0.5921875 0.646875 0.04375 0.04375
0 0.296875 0.5828125 0.0421875 0.04375
0 0.34375 0.471875 0.04375 0.0421875
0 0.43125 0.5 0.0421875 0.0421875
0 0.55 0.6390625 0.0421875 0.04375
0 0.5578125 0.496875 0.0421875 0.0421875
0 0.628125 0.59375 0.04375 0.0421875
0 0.6578125 0.5515625 0.0421875 0.0421875
0 0.728125 0.5 0.04375 0.04375
0 0.2921875 0.5171875 0.0421875 0.0421875
0 0.7171875 0.7171875 0.04375 0.0453125
0 0.5265625 0.671875 0.0421875 0.0421875
0 0.615625 0.7078125 0.0421875 0.0421875
0 0.2546875 0.5015625 0.04375 0.04375
0 0.2953125 0.45625 0.0421875 0.04375
0 0.7765625 0.565625 0.0453125 0.04375
0 0.3765625 0.5 0.0421875 0.0421875
0 0.7984375 0.515625 0.04375 0.04375
0 0.265625 0.55 0.04375 0.04375
0 0.6609375 0.6875 0.04375 0.04375
0 0.371875 0.5796875 0.0421875 0.0421875
0 0.6890625 0.4828125 0.0421875 0.0421875
0 0.328125 0.609375 0.0421875 0.0421875
0 0.759375 0.528125 0.04375 0.04375
0 0.76875 0.659375 0.0453125 0.04375
0 0.2609375 0.6640625 0.04375 0.0421875
0 0.4 0.421875 0.0421875 0.0421875
0 0.684375 0.6390625 0.04375 0.04375
0 0.8078125 0.59375 0.046875 0.04375
0 0.590625 0.740625 0.04375 0.04375
0 0.46875 0.665625 0.0421875 0.0421875
0 0.79375 0.7125 0.046875 0.0453125
0 0.4171875 0.5828125 0.0390625 0.040625
0 0.4953125 0.41875 0.040625 0.0421875
0 0.703125 0.440625 0.04375 0.04375
0 0.4265625 0.725 0.04375 0.04375
0 0.7328125 0.6328125 0.04375 0.04375
0 0.728125 0.5578125 0.0453125 0.04375
0 0.74375 0.4609375 0.04375 0.0421875
0 0.209375 0.6 0.0453125 0.0421875
0 0.484375 0.4609375 0.0390625 0.0390625
0 0.5671875 0.3921875 0.0421875 0.0421875
0 0.3125 0.6546875 0.0421875 0.0421875
0 0.825 0.48125 0.0453125 0.04375
0 0.2046875 0.640625 0.046875 0.04375
0 0.578125 0.684375 0.040625 0.0421875
0 0.5453125 0.7078125 0.0390625 0.0390625
0 0.784375 0.46875 0.04375 0.04375
0 0.4125 0.6734375 0.040625 0.040625
0 0.321875 0.696875 0.04375 0.04375
0 0.6140625 0.35 0.0421875 0.04375
0 0.44375 0.41875 0.0421875 0.0421875
0 0.2609375 0.621875 0.0421875 0.040625
0 0.215625 0.528125 0.0421875 0.040625
0 0.5734375 0.3515625 0.040625 0.040625
0 0.625 0.446875 0.040625 0.0390625
0 0.334375 0.4265625 0.04375 0.04375
0 0.7171875 0.2984375 0.0453125 0.046875
0 0.665625 0.2859375 0.04375 0.046875
0 0.4328125 0.378125 0.0421875 0.0421875
0 0.5296875 0.3765625 0.0421875 0.0421875
0 0.6890625 0.78125 0.04375 0.04375
0 0.6109375 0.296875 0.0453125 0.046875
0 0.4875 0.378125 0.0421875 0.04375
0 0.503125 0.3390625 0.04375 0.0453125