0 0.4765625 0.4092253742738744 0.0296875 0.031070217535011223
0 0.4453125 0.5030823821317572 0.0296875 0.03263271753501122
0 0.390625 0.36772277088305216 0.0296875 0.031070217535011223
0 0.3625 0.3539128279551468 0.03125 0.031142992142117264
0 0.3890625 0.3379624962759463 0.0296875 0.031070217535011223
0 0.4765625 0.4482878742738744 0.0296875 0.03263271753501122
0 0.45 0.4236132059530748 0.0296875 0.031070217535011223
0 0.4734375 0.32157982505966265 0.0296875 0.031070217535011223
0 0.48671875 0.50703125 0.0265625 0.0328125
0 0.496875 0.3671875 0.00625 0.03125
0 0.4296875 0.2992296360606986 0.0296875 0.031070217535011223
0 0.41875 0.3987202138109577 0.0296875 0.031070217535011223
0 0.4203125 0.3628554884180636 0.0296875 0.031070217535011223
0 0.490625 0.340625 0.01875 0.03125
0 0.4640625 0.22739317741702753 0.0296875 0.031070217535011314
0 0.425 0.47557381223938106 0.0296875 0.03263271753501122
0 0.390625 0.40522277088305214 0.03125 0.032705492142117265
0 0.47578125 0.53359375 0.0296875 0.0328125
0 0.45 0.37205070595307477 0.028125 0.029434942927905362
0 0.371875 0.305911975597782 0.0296875 0.031070217535011223
0 0.4203125 0.43004298841806354 0.0296875 0.031070217535011223
0 0.334375 0.20260288502724136 0.03125 0.032705492142117085
0 0.4015625 0.3104196931327932 0.0296875 0.031070217535011223
0 0.48984375 0.18125 0.0203125 0.03125
0 0.434375 0.21819795988201623 0.03125 0.032705492142117085
0 0.4765625 0.2014128742738744 0.0296875 0.031070217535011314
0 0.3703125 0.2761517009906761 0.03125 0.031142992142117264
0 0.334375 0.27760288502724134 0.03125 0.032705492142117085
0 0.4421875 0.32481183291754545 0.028125 0.030997442927905537
0 0.4578125 0.46928957898860413 0.0296875 0.03263271753501122
0 0.4546875 0.16133152977439238 0.0296875 0.03263271753501122
0 0.4484375 0.18916543134596892 0.03125 0.032705492142117085
0 0.4625 0.13357040280992166 0.0296875 0.03263271753501131
0 0.325 0.23810373738460622 0.03125 0.032705492142117175
0 0.4859375 0.1515625 0.028125 0.03125
0 0.4390625 0.27310378370333377 0.0296875 0.029507717535011226
0 0.6359375 0.2820378279551468 0.0640625 0.09985875889134022
0 0.7078125 0.27913545988201627 0.090625 0.060470927212139716
0 0.40234375 0.990625 0.0578125 0.01875
0 0.29375 0.96953125 0.046875 0.0609375
0 0.4875 0.9890625 0.025 0.021875
0 0.19453125 0.978125 0.0453125 0.04375
0 0.35546875 0.97109375 0.0359375 0.0578125
0 0.24375 0.97578125 0.04375 0.0484375
0 0.26875 0.9373417580627705 0.0578125 0.05269266046291676
0 0.3234375 0.97109375 0.04375 0.0578125
0 0.4859375 0.8453125 0.028125 0.06875