0 0.421875 0.44375 0.0421875 0.0421875
0 0.434375 0.484375 0.0421875 0.0421875
0 0.3796875 0.471875 0.0421875 0.0421875
0 0.48125 0.54375 0.040625 0.0421875
0 0.521875 0.5359375 0.040625 0.0421875
0 0.4203125 0.4015625 0.0421875 0.0421875
0 0.35625 0.4375 0.04375 0.04375
0 0.49375 0.459375 0.0390625 0.040625
0 0.2609375 0.4953125 0.04375 0.0421875
0 0.3578125 0.546875 0.0421875 0.0421875
0 0.3109375 0.409375 0.0421875 0.04375
0 0.515625 0.378125 0.040625 0.0421875
0 0.4625 0.4078125 0.0421875 0.04375
0 0.7109375 0.4890625 0.04375 0.0421875
0 0.2609375 0.4453125 0.04375 0.0421875
0 0.559375 0.465625 0.0421875 0.04375
0 0.2171875 0.4625 0.0421875 0.040625
0 0.4625 0.3640625 0.0421875 0.0421875
0 0.5515625 0.6109375 0.0421875 0.0421875
0 0.6421875 0.5859375 0.04375 0.0421875
0 0.6484375 0.678125 0.0421875 0.0421875
0 0.2953125 0.4703125 0.04375 0.04375
0 0.540625 0.34375 0.0421875 0.04375
0 0.3078125 0.5671875 0.04375 0.0421875
0 0.6875 0.528125 0.0421875 0.0421875
0 0.6328125 0.478125 0.0421875 0.040625
0 0.696875 0.6828125 0.04375 0.04375
0 0.5828125 0.5828125 0.0421875 0.040625
0 0.515625 0.6453125 0.040625 0.04375
0 0.35625 0.390625 0.04375 0.04375
0 0.8203125 0.5578125 0.0453125 0.04375
0 0.55625 0.509375 0.0421875 0.0421875
0 0.6546875 0.328125 0.04375 0.0453125
0 0.725 0.7171875 0.04375 0.04375
0 0.590625 0.4125 0.04375 0.04375
0 0.4859375 0.6734375 0.0390625 0.0421875
0 0.753125 0.628125 0.0453125 0.04375
0 0.603125 0.6203125 0.04375 0.0421875
0 0.6609375 0.7609375 0.04375 0.04375
0 0.7453125 0.5171875 0.04375 0.0421875
0 0.5328125 0.75625 0.04375 0.04375
0 0.6 0.45625 0.0421875 0.04375
0 0.7125 0.3296875 0.0453125 0.0453125
0 0.55625 0.3875 0.0421875 0.04375
0 0.1953125 0.5296875 0.0453125 0.04375
0 0.5640625 0.7296875 0.0421875 0.04375
0 0.7453125 0.5859375 0.04375 0.04375
0 0.6125 0.7203125 0.04375 0.04375
0 0.6453125 0.38125 0.0421875 0.04375
0 0.1796875 0.56875 0.046875 0.04375
0 0.60625 0.3734375 0.040625 0.040625
0 0.721875 0.5515625 0.04375 0.0421875
0 0.5328125 0.696875 0.040625 0.040625
0 0.7875 0.584375 0.04375 0.0421875
0 0.6171875 0.81875 0.04375 0.0453125
0 0.7078125 0.609375 0.04375 0.04375
0 0.7359375 0.775 0.0453125 0.04375
0 0.784375 0.5359375 0.04375 0.0421875
0 0.3765625 0.7015625 0.04375 0.04375
0 0.7765625 0.6625 0.0453125 0.04375
0 0.2828125 0.65 0.04375 0.0421875
0 0.284375 0.5328125 0.0453125 0.04375
0 0.2296875 0.603125 0.0453125 0.04375
0 0.28125 0.60625 0.0421875 0.040625
0 0.375 0.65 0.040625 0.040625
0 0.43125 0.653125 0.0421875 0.0421875
0 0.5125 0.4203125 0.040625 0.0421875
0 0.440625 0.5609375 0.040625 0.040625
0 0.2390625 0.5625 0.0421875 0.040625
0 0.3984375 0.5625 0.0390625 0.0390625
0 0.5546875 0.6625 0.040625 0.0421875
0 0.496875 0.7125 0.0390625 0.0390625
0 0.7578125 0.353125 0.0484375 0.0453125