0 0.48737824852966194 0.0669659066485631 0.04620661465389268 0.05044628121376702
0 0.47692542740790583 0.10704877270963939 0.04612472749876275 0.04888378121376698
0 0.509375 0.08828125 0.01875 0.0484375
0 0.50625 0.33046875 0.025 0.0453125
0 0.4959830438708206 0.20121336089092862 0.04448034034363317 0.04719373545613248
0 0.45149605947465277 0.19072214210469554 0.04612472749876275 0.04888378121376693
0 0.5125 0.51171875 0.0125 0.0453125
0 0.46976138059640904 0.15000154725544662 0.04612472749876275 0.04888378121376702
0 0.47358350067736854 0.34269923028598476 0.04439845318850324 0.04563123545613248
0 0.5109375 0.45703125 0.015625 0.0453125
0 0.4117452419709412 0.33048601483373163 0.04604284034363317 0.04732128121376693
0 0.4513875961093842 0.3084198251352337 0.044480340343633 0.04719373545613248
0 0.3981674208491851 0.3708239724100769 0.04604284034363317 0.04732128121376711
0 0.49032834463904623 0.48255895574017754 0.04448034034363317 0.04719373545613248
0 0.4848352611928181 0.40768650149781205 0.042672178878243726 0.042378689698497854
0 0.50234375 0.16015625 0.0328125 0.0484375
0 0.4634029172311404 0.26820941331652287 0.04275406603337366 0.04394118969849794
0 0.4884117198083883 0.5956966845283502 0.044480340343633 0.04719373545613248
0 0.4421564382620396 0.40175523695394444 0.04604284034363317 0.04732128121376711
0 0.3671011273170487 0.2870547502898641 0.04760534034363308 0.047448826971401556
0 0.31013407507848506 0.18813876029180374 0.04768722749876275 0.04901132697140156
0 0.4018589868825586 0.4113214266524425 0.046042840343633 0.04732128121376711
0 0.44863216756982477 0.49537769119631003 0.04596095318850324 0.04575878121376711
0 0.4584033152404041 0.5620550081657718 0.04604284034363317 0.04732128121376693
0 0.3692301933504223 0.3276797502898641 0.044316566033373486 0.04406873545613248
0 0.4432962143813214 0.4534452827115791 0.04604284034363317 0.04732128121376711
0 0.4031625373120999 0.46613647241007694 0.04604284034363317 0.04732128121376711
0 0.3619776153312611 0.3988850705933059 0.04760534034363308 0.047448826971401556
0 0.31405801447217846 0.29295380604943827 0.04768722749876275 0.04901132697140156
0 0.3003363511977669 0.24072162635288005 0.049331614653892505 0.05070137272903601
0 0.49921875 0.546875 0.0390625 0.046875
0 0.7325025565339768 0.3583237145341692 0.06898237336031983 0.06941942182065049
0 0.8839145703287867 0.28319668452835023 0.056728034825709095 0.07308655575957416
0 0.7848286171402834 0.24891702150169143 0.08074538896415202 0.0563772878817268
0 0.7202216417892272 0.4832917636257836 0.05055992198083885 0.074138872729036
0 0.5855988217991247 0.13023014969073926 0.07539614767057934 0.07305460485118864
0 0.7001747354122205 0.400192221202129 0.07465916327441154 0.058992104851188644
0 0.7987959418800842 0.30583670119824974 0.07326043758467105 0.06198955909355419
0 0.7809932089542545 0.11584942998642234 0.06009869629109836 0.07802914727484325
0 0.7634050757558536 0.4389679366543821 0.07992651741285464 0.0407522878817268
0 0.7014429070543751 0.24473944665632175 0.07786605042954128 0.06080969636645754
0 0.84252600972248 0.39171055725738635 0.06725609905006032 0.06616687606301604
0 0.6016199694697041 0.19639728362966302 0.05869997060135788 0.08102660151720861
0 0.7640867492070305 0.332207753623844 0.06701043758467104 0.06147937606301603
0 0.7133564088633975 0.2924116721105145 0.05837242198083885 0.07477660151720862
0 0.98359375 0.34609375 0.0328125 0.0546875
0 0.9584984905006031 0.29907703391952706 0.07169793758467105 0.06186201333591956
0 0.6617939088633975 0.29662068211245424 0.05220430913596861 0.07582891848667064
0 0.6118691519659925 0.3320796921143939 0.07753850180902226 0.05455969636645754
0 0.586583626185395 0.5083231987823537 0.056809921980838854 0.07464905575957417
0 0.8542624491161736 0.49588787422684816 0.05352114767057934 0.07126896424430526
0 0.6157975768875075 0.04773664302277947 0.08576043758467104 0.06300992515463033
0 0.8712109317033189 0.4599823251352337 0.05500176051544958 0.06983401000193971
0 0.5992186657608024 0.2703449666602012 0.07070864767057934 0.07267196757828494
0 0.9133231886007238 0.42516104392146675 0.0727691146538925 0.05261455909355419
0 0.678125 0.02890625 0.06875 0.0578125
0 0.5663109905006032 0.3310910190857954 0.04291119629109832 0.0766261439408634
0 0.9616721573930593 0.4494596711924307 0.058290534825709096 0.0732141015172088
0 0.8963127510160529 0.37005895574017755 0.05508364767057934 0.07139651000193972
0 0.8188494923096256 0.3591211978642697 0.0702173247398008 0.06329696757828493
0 0.503125 0.78671875 0.03125 0.0609375
0 0.5 0.7546875 0.0375 0.05
0 0.47378929782754947 0.7970679948298522 0.0371525192218769 0.08549096091032524
0 0.546875 0.98671875 0.05625 0.0265625
0 0.6444359905006032 0.787438161190491 0.07111143939369331 0.11004442182065048
0 0.54609375 0.803125 0.0546875 0.053125
0 0.5484375 0.8828125 0.059375 0.059375
0 0.5546875 0.9625 0.071875 0.059375
0 0.6028836555840371 0.892827033919527 0.07744332654882306 0.11211710485118864
0 0.5909767978275495 0.8153397627076997 0.07555327792830405 0.10573955909355419
0 0.5453125 0.91953125 0.053125 0.0609375
0 0.5992186657608024 0.7330693966466235 0.10368492198083885 0.07847542848861018
0 0.540625 0.84140625 0.04375 0.0578125