0 0.17161291070887205 0.16890110579549783 0.046130706168510116 0.04977875693983051
0 0.11848791070887206 0.16549670110742093 0.046130706168510116 0.04977875693983051
0 0.15974811038456044 0.11507519894795246 0.042978432629560005 0.048015997840531635
0 0.05703125 0.0109375 0.0453125 0.021875
0 0.48046875 0.01953125 0.0453125 0.0390625
0 0.20139013960555366 0.0865286967884841 0.042978432629559825 0.048015997840531635
0 0.06495380762461692 0.13865479641934392 0.046130706168510206 0.04977875693983034
0 0.17557193343704344 0.03805162399409499 0.04292388555165907 0.04489099784053163
0 0.41339921590444756 0.07202131554079179 0.042951159090609536 0.046453497840531634
0 0.20978329220334144 0.030879474086380032 0.042951159090609536 0.046453497840531634
0 0.2739548863591428 0.041234785622002154 0.04133411201270878 0.04322836829088246
0 0.46386286606660326 0.10178796112957009 0.04454093262956001 0.048116127390180986
0 0.13515625 0.01796875 0.0421875 0.0359375
0 0.32109375 0.02109375 0.0421875 0.0421875
0 0.3476651217486462 0.06156587445552031 0.042951159090609536 0.046453497840531634
0 0.2699492248329013 0.07999689697305427 0.042978432629559825 0.04801599784053181
0 0.2744379017804183 0.15832215607235298 0.04610343262956 0.04821625693983052
0 0.3768616980475401 0.03534333589885739 0.042951159090609536 0.046453497840531634
0 0.3217571866834543 0.09736367211148185 0.042978432629560005 0.048015997840531635
0 0.496875 0.0671875 0.04375 0.046875
0 0.45811169804754004 0.040550072480622125 0.04454093262956001 0.048116127390180986
0 0.2847753839235108 0.12464806291989809 0.042951159090609536 0.04645349784053181
0 0.24247878976770948 0.11569456507936646 0.042978432629559825 0.048015997840531635
0 0.4298151485340074 0.11833511103728504 0.04451365909060954 0.046553627390181165
0 0.20207197807931224 0.12559119678848418 0.03979888555165907 0.0446907387412331
0 0.36558900730030536 0.10485479950166283 0.042951159090609536 0.046453497840531634
0 0.33968107223511357 0.14065259715762438 0.04451365909060954 0.046553627390181165
0 0.656946844152506 0.2795406122739027 0.04448638555165925 0.044991127390180984
0 0.75703125 0.32421875 0.0421875 0.0109375
0 0.5880604764577544 0.2673224120893326 0.04448638555165925 0.044991127390180984
0 0.7216718173671449 0.23218355335917415 0.03977161201270896 0.0431282387412331
0 0.7273957118472578 0.2918589420081221 0.04136138555165925 0.04479086829088228
0 0.7590081761334428 0.22521166255075792 0.039771612012708776 0.0431282387412331
0 0.8104070348997408 0.21914093768918547 0.03977161201270896 0.0431282387412331
0 0.52421875 0.7484375 0.0109375 0.021875
0 0.5317559293798537 0.730262503082319 0.022229556006354477 0.02171431369509058
0 0.525 0.815625 0.0125 0.021875