0 0.253125 0.234375 0.046875 0.0453125
0 0.178125 0.45625 0.0453125 0.04375
0 0.2140625 0.4765625 0.0453125 0.04375
0 0.5078125 0.540625 0.0390625 0.040625
0 0.246875 0.65625 0.046875 0.0453125
0 0.275 0.4578125 0.0453125 0.04375
0 0.2515625 0.4921875 0.04375 0.04375
0 0.5671875 0.5140625 0.0421875 0.04375
0 0.7390625 0.496875 0.04375 0.0421875
0 0.475 0.4671875 0.0421875 0.04375
0 0.8046875 0.459375 0.046875 0.0421875
0 0.5828125 0.596875 0.0421875 0.0421875
0 0.296875 0.325 0.04375 0.04375
0 0.4890625 0.5796875 0.0421875 0.0421875
0 0.2890625 0.51875 0.046875 0.04375
0 0.5796875 0.5546875 0.0421875 0.0421875
0 0.3671875 0.5265625 0.040625 0.040625
0 0.4421875 0.5375 0.0421875 0.0421875
0 0.715625 0.4609375 0.0421875 0.0421875
0 0.2171875 0.35 0.0453125 0.04375
0 0.4390625 0.3390625 0.0421875 0.0453125
0 0.6875 0.4265625 0.040625 0.040625
0 0.4265625 0.2734375 0.0421875 0.04375
0 0.34375 0.328125 0.04375 0.04375
0 0.5078125 0.3265625 0.040625 0.0421875
0 0.7125 0.3421875 0.04375 0.0421875
0 0.765625 0.3859375 0.04375 0.0421875
0 0.4484375 0.615625 0.0421875 0.04375
0 0.690625 0.584375 0.0421875 0.04375
0 0.29375 0.678125 0.0453125 0.0453125
0 0.4578125 0.2453125 0.0421875 0.04375
0 0.7046875 0.5234375 0.0421875 0.0421875
0 0.4953125 0.2890625 0.0390625 0.0421875
0 0.328125 0.246875 0.04375 0.04375
0 0.4140625 0.4203125 0.04375 0.0421875
0 0.6390625 0.446875 0.0421875 0.040625
0 0.740625 0.546875 0.04375 0.0421875
0 0.2515625 0.4234375 0.04375 0.0421875
0 0.459375 0.3046875 0.040625 0.0421875
0 0.3109375 0.48125 0.0453125 0.04375
0 0.55625 0.4375 0.0421875 0.0421875
0 0.3578125 0.625 0.04375 0.0453125
0 0.4890625 0.621875 0.0421875 0.0421875
0 0.621875 0.525 0.0421875 0.0421875
0 0.378125 0.284375 0.04375 0.04375
0 0.209375 0.428125 0.04375 0.04375
0 0.6484375 0.603125 0.04375 0.04375
0 0.4640625 0.6578125 0.04375 0.04375
0 0.240625 0.3828125 0.0453125 0.0421875
0 0.2875 0.4015625 0.0453125 0.04375
0 0.265625 0.2921875 0.0453125 0.04375
0 0.353125 0.41875 0.04375 0.0421875
0 0.4125 0.59375 0.04375 0.04375
0 0.646875 0.5578125 0.0421875 0.0421875
0 0.390625 0.3859375 0.0421875 0.04375
0 0.4015625 0.546875 0.04375 0.04375
0 0.3515625 0.678125 0.0453125 0.0453125
0 0.8171875 0.4203125 0.046875 0.0421875
0 0.5390625 0.5921875 0.0421875 0.04375
0 0.596875 0.434375 0.0390625 0.040625
0 0.44375 0.3921875 0.0421875 0.0421875
0 0.3984375 0.6296875 0.040625 0.040625
0 0.515625 0.45625 0.040625 0.0421875
0 0.4421875 0.4921875 0.0421875 0.0421875
0 0.5421875 0.634375 0.0421875 0.04375
0 0.615625 0.29375 0.0421875 0.0421875
0 0.5625 0.34375 0.0421875 0.0421875
0 0.4765625 0.3546875 0.0421875 0.0421875
0 0.7828125 0.528125 0.0421875 0.040625
0 0.36875 0.1875 0.0453125 0.0453125
0 0.7578125 0.428125 0.040625 0.040625
0 0.61875 0.346875 0.040625 0.040625
0 0.7125 0.3859375 0.040625 0.040625