0 0.5671875 0.7296875 0.0421875 0.0453125
0 0.53125 0.7046875 0.0421875 0.04375
0 0.621875 0.6625 0.0421875 0.04375
0 0.2734375 0.35 0.0453125 0.0453125
0 0.51875 0.7453125 0.0421875 0.04375
0 0.3453125 0.4375 0.0421875 0.040625
0 0.634375 0.440625 0.0421875 0.0421875
0 0.4265625 0.41875 0.04375 0.04375
0 0.6203125 0.7828125 0.0421875 0.046875
0 0.68125 0.7265625 0.04375 0.04375
0 0.709375 0.6640625 0.0453125 0.04375
0 0.575 0.5390625 0.0421875 0.0421875
0 0.28125 0.2984375 0.0453125 0.0453125
0 0.4203125 0.5125 0.04375 0.04375
0 0.4921875 0.44375 0.0421875 0.04375
0 0.596875 0.696875 0.0421875 0.0421875
0 0.546875 0.5046875 0.04375 0.0421875
0 0.6671875 0.6765625 0.040625 0.040625
0 0.446875 0.21875 0.04375 0.0453125
0 0.4703125 0.70625 0.0421875 0.04375
0 0.484375 0.6578125 0.0421875 0.04375
0 0.49375 0.2015625 0.04375 0.0453125
0 0.3796875 0.5234375 0.04375 0.04375
0 0.6671875 0.51875 0.04375 0.0421875
0 0.46875 0.59375 0.0421875 0.04375
0 0.55 0.78125 0.040625 0.04375
0 0.5265625 0.4671875 0.04375 0.04375
0 0.5078125 0.6234375 0.0421875 0.04375
0 0.3875 0.440625 0.04375 0.04375
0 0.38125 0.5765625 0.04375 0.04375
0 0.2890625 0.403125 0.0453125 0.0453125
0 0.5703125 0.1875 0.0421875 0.0453125
0 0.6140625 0.2578125 0.0421875 0.0453125
0 0.5078125 0.240625 0.04375 0.0453125
0 0.625 0.3046875 0.04375 0.0453125
0 0.54375 0.2203125 0.0421875 0.0453125
0 0.6625 0.784375 0.04375 0.0453125
0 0.5890625 0.41875 0.0421875 0.0421875
0 0.421875 0.5640625 0.04375 0.04375
0 0.4421875 0.2609375 0.04375 0.0453125
0 0.690625 0.1921875 0.04375 0.046875
0 0.428125 0.60625 0.0421875 0.0421875
0 0.5390625 0.26875 0.04375 0.0453125
0 0.4578125 0.178125 0.04375 0.0453125
0 0.48125 0.2734375 0.04375 0.04375
0 0.7296875 0.5578125 0.04375 0.04375
0 0.66875 0.4609375 0.040625 0.0421875
0 0.5046875 0.56875 0.0421875 0.0421875
0 0.4390625 0.3796875 0.040625 0.040625
0 0.5875 0.621875 0.0421875 0.040625
0 0.6375 0.3984375 0.0421875 0.0421875
0 0.375 0.48125 0.04375 0.04375
0 0.3421875 0.396875 0.0453125 0.04375
0 0.5390625 0.3375 0.0421875 0.0421875
0 0.45 0.4546875 0.04375 0.04375
0 0.6984375 0.36875 0.04375 0.0453125
0 0.734375 0.390625 0.0453125 0.04375
0 0.46875 0.3125 0.04375 0.04375
0 0.7 0.26875 0.04375 0.0453125
0 0.553125 0.396875 0.040625 0.0421875
0 0.6375 0.2203125 0.04375 0.0453125
0 0.6765625 0.409375 0.040625 0.040625
0 0.5828125 0.3640625 0.0421875 0.0421875
0 0.675 0.325 0.04375 0.04375
0 0.5890625 0.5765625 0.040625 0.0390625
0 0.4390625 0.6703125 0.0421875 0.04375
0 0.3390625 0.509375 0.04375 0.0421875
0 0.6375 0.7296875 0.040625 0.0421875
0 0.4609375 0.51875 0.040625 0.040625
0 0.765625 0.290625 0.046875 0.046875
0 0.425 0.303125 0.04375 0.0453125
0 0.703125 0.4390625 0.0421875 0.040625
0 0.6796875 0.5734375 0.040625 0.0390625