0 0.53515625 0.04453125 0.0296875 0.0484375
0 0.5296875 0.15078125 0.040625 0.0484375
0 0.4934969714919931 0.04613600016963595 0.05213632697140156 0.04700397477225664
0 0.39429419694618584 0.05207348692279208 0.04719373545613248 0.04371528366526398
0 0.4546875 0.009375 0.046875 0.01875
0 0.11645675512165603 0.2116022212288776 0.050828918486670635 0.05007441106992587
0 0.4109375 0.01796875 0.046875 0.0359375
0 0.2883631902782261 0.08284728256895554 0.04913887272903601 0.04845734736759475
0 0.198694912398439 0.10635421523842767 0.05070137272903601 0.048511911069925695
0 0.20086344815413382 0.15657247004775118 0.04926641848667064 0.05001984736759475
0 0.152170598762957 0.08122524046617112 0.052391418486670636 0.05012897477225664
0 0.5375 0.09921875 0.025 0.0515625
0 0.25028910543091676 0.05017862630835337 0.04732128121376693 0.045277783665263985
0 0.2341863890605798 0.2282490626060225 0.04913887272903601 0.04845734736759475
0 0.3545622751255354 0.11649808547151323 0.047448826971401556 0.04684028366526398
0 0.056252320883169914 0.10451391832631982 0.05226387272903606 0.048566474772256465
0 0.2837073833107039 0.0247074003549705 0.04732128121376702 0.045277783665263985
0 0.25078125 0.01015625 0.0484375 0.0203125
0 0.39729190906445916 0.13052586913677722 0.047448826971401556 0.04684028366526398
0 0.19765625 0.0171875 0.0484375 0.034375
0 0.13568447149199309 0.03364091233587008 0.04732128121376693 0.045277783665263985
0 0.33587617694230654 0.15345244844820466 0.04575878121376711 0.045223219962933214
0 0.27637363118467195 0.1529415277596322 0.047448826971401556 0.04684028366526398
0 0.11958149724574829 0.1349305938242157 0.04901132697140156 0.04689484736759475
0 0.3452833857265999 0.24936514917384417 0.04913887272903601 0.04845734736759475
0 0.49453125 0.01328125 0.0453125 0.0265625
0 0.26629725845563595 0.1995982729503088 0.04588632697140156 0.046785719962933035
0 0.3129491178487525 0.22316474772256534 0.04757637272903601 0.04840278366526398
0 0.3609720296674633 0.21073915879249103 0.04732128121376693 0.045277783665263985
0 0.1625 0.00859375 0.04375 0.0171875
0 0.103125 0.01484375 0.046875 0.0296875
0 0.3052002617896158 0.18372030180624935 0.047448826971401556 0.04684028366526398
0 0.3721007193659611 0.17038697730414523 0.04888378121376711 0.04533234736759475
0 0.17318498724380857 0.1885119508104575 0.04757637272903601 0.04840278366526398
0 0.56640625 0.31015625 0.0328125 0.0390625
0 0.9255753742268482 0.2959028763931714 0.06556109818322894 0.03968254809323426
0 0.8024249166505028 0.30727190761136464 0.041039330305381407 0.06375496515360961
0 0.927997969994181 0.03587311196520111 0.04429187606301603 0.06542659255827141
0 0.8875015472554466 0.3400149749418926 0.04247428454774695 0.06224702885594056
0 0.6681135605913662 0.26340780180624934 0.04990414727484325 0.05783234736759475
0 0.803732067259326 0.23367071650437204 0.0544641015172088 0.05643353847458741
0 0.5950909066485631 0.35174112630835336 0.06281873545613248 0.04426092068857255
0 0.870728377560828 0.2767510831092606 0.054591647274843245 0.05799603847458741
0 0.8061559524061976 0.3575447261230189 0.06387105242559432 0.03806548439090331
0 0.7001290930130811 0.3319048306621898 0.042346738790112325 0.060684528855940556
0 0.9294339557401775 0.3446131949048256 0.04859673879011232 0.060902783665263985
0 0.66640625 0.35390625 0.0484375 0.0515625
0 0.8846945090838558 0.06726695570459888 0.06750623545613248 0.044424611795565026
0 0.8447074957479362 0.13481655425332004 0.05876896424430509 0.05190972958157998
0 0.8514042927135186 0.2447371912766286 0.0560266015172088 0.05648810217691817
0 0.6257348708928683 0.30266870924797795 0.042346738790112325 0.060684528855940556
0 0.7377885896791012 0.3504564232204612 0.04834164727484343 0.05777778366526398
0 0.86015625 0.36953125 0.0640625 0.0203125
0 0.8973542636257836 0.1617262838349 0.045726830305381404 0.06391865626060227
0 0.72578125 0.3734375 0.0453125 0.0125
0 0.9344718842287879 0.24450406750016396 0.04703423879011233 0.060848219962933124
0 0.7506709690760971 0.26942467802978476 0.04078423879011232 0.060629965153609786
0 0.7050392178681492 0.1565774484482047 0.06581618969849785 0.04280754809323426
0 0.8452820963470611 0.3197371912766286 0.054209010001939714 0.05330853847458741
0 0.10740023270188068 0.8073959039831676 0.07617960485118865 0.07433036660488845
0 0.02578125 0.7625 0.0515625 0.0625
0 0.1802948251352337 0.5670635698624167 0.06874974212409235 0.07874504809323427
0 0.28077331513329407 0.622281837918584 0.0548147878817268 0.07981647477225665
0 0.09595126029180374 0.42936018402023446 0.07448955909355419 0.07271330290255769
0 0.18345151816771157 0.5091965061600858 0.08807382697140156 0.04825893992586625
0 0.14499556967522195 0.7115576143274538 0.0579397878817268 0.07992560217691817
0 0.1217492593737198 0.6700050313878293 0.06093724212409235 0.07847222958158007
0 0.14831150149781208 0.5941518595181303 0.05768469636645772 0.07680060217691817
0 0.1090575539234064 0.5567411395551973 0.07448955909355401 0.07271330290255769
0 0.08109179271351881 0.4962203018062493 0.08153678454774678 0.06361112141421188
0 0.09735503725350689 0.6425149484482047 0.056122196366457544 0.07674603847458741
0 0.03984375 0.64375 0.0796875 0.059375
0 0.75 0.38984375 0.05 0.0203125
0 0.6515625 0.390625 0.05 0.021875
0 0.7420926787784744 0.42895839073632364 0.04913887272903601 0.04845734736759484
0 0.55546875 0.6734375 0.0109375 0.046875
0 0.6664876745264106 0.6832986611547437 0.04901132697140156 0.04689484736759475
0 0.98203125 0.43984375 0.0359375 0.0484375
0 0.6787959690760971 0.5709077885594054 0.047448826971401556 0.04684028366526398
0 0.5703125 0.4078125 0.040625 0.05
0 0.658101347555009 0.7284474700477511 0.05070137272903601 0.048511911069925695
0 0.8439107860455589 0.5829415410064762 0.04888378121376711 0.04533234736759475
0 0.9290827536238438 0.5185367898253498 0.04913887272903601 0.04845734736759484
0 0.55859375 0.53359375 0.0171875 0.0484375
0 0.7119274624081373 0.6065377537130151 0.04888378121376693 0.04533234736759475
0 0.6376288351371734 0.5569345685964723 0.047448826971401556 0.04684028366526398
0 0.6172529490722177 0.6721776226801562 0.04901132697140156 0.04689484736759475
0 0.589318880894808 0.5536805938242157 0.04901132697140156 0.04689484736759484
0 0.707495569675222 0.7568105722246694 0.05070137272903601 0.048511911069925695
0 0.7034135896791012 0.6532490626060226 0.04888378121376702 0.04533234736759475
0 0.6454415930130811 0.63398814191745 0.04901132697140156 0.04689484736759475
0 0.6344077245361089 0.4236309952754945 0.04913887272903601 0.04845734736759484