0 0.5140625 0.4796875 0.04375 0.0421875
0 0.534375 0.446875 0.0421875 0.0421875
0 0.3125 0.353125 0.0453125 0.04375
0 0.6015625 0.396875 0.04375 0.0421875
0 0.359375 0.3453125 0.0453125 0.04375
0 0.7109375 0.2671875 0.04375 0.04375
0 0.328125 0.2015625 0.046875 0.0453125
0 0.778125 0.296875 0.04375 0.0421875
0 0.4578125 0.2921875 0.040625 0.040625
0 0.84375 0.3578125 0.046875 0.0421875
0 0.53125 0.5234375 0.04375 0.0421875
0 0.4015625 0.43125 0.04375 0.0421875
0 0.4515625 0.33125 0.04375 0.04375
0 0.3125 0.26875 0.0453125 0.0453125
0 0.59375 0.5109375 0.040625 0.040625
0 0.56875 0.4265625 0.0421875 0.0421875
0 0.3734375 0.2953125 0.04375 0.04375
0 0.26875 0.475 0.0453125 0.04375
0 0.7875 0.3390625 0.0421875 0.040625
0 0.5125 0.303125 0.0421875 0.0421875
0 0.8171875 0.4578125 0.0453125 0.0421875
0 0.4953125 0.3375 0.0421875 0.040625
0 0.3078125 0.4609375 0.0453125 0.04375
0 0.3421875 0.4875 0.04375 0.04375
0 0.5921875 0.553125 0.04375 0.0421875
0 0.459375 0.4171875 0.04375 0.0421875
0 0.5234375 0.584375 0.0421875 0.04375
0 0.425 0.3875 0.04375 0.0421875
0 0.496875 0.54375 0.0421875 0.040625
0 0.721875 0.3546875 0.0421875 0.0421875
0 0.384375 0.5015625 0.04375 0.04375
0 0.378125 0.54375 0.04375 0.04375
0 0.478125 0.38125 0.04375 0.04375
0 0.73125 0.4921875 0.04375 0.0421875
0 0.6390625 0.3859375 0.0390625 0.040625
0 0.6015625 0.24375 0.04375 0.04375
0 0.6671875 0.5046875 0.0421875 0.0421875
0 0.3359375 0.5265625 0.0453125 0.04375
0 0.246875 0.396875 0.0453125 0.04375
0 0.7953125 0.4109375 0.0453125 0.04375
0 0.6609375 0.5921875 0.04375 0.0421875
0 0.6828125 0.3875 0.0421875 0.040625
0 0.3328125 0.4296875 0.0453125 0.04375
0 0.625 0.29375 0.040625 0.040625
0 0.271875 0.3296875 0.0453125 0.04375
0 0.7734375 0.4453125 0.04375 0.0421875
0 0.415625 0.2703125 0.04375 0.0421875
0 0.7578125 0.38125 0.04375 0.0421875
0 0.28125 0.4234375 0.046875 0.04375
0 0.484375 0.6296875 0.04375 0.0453125
0 0.525 0.6265625 0.040625 0.040625
0 0.4453125 0.696875 0.0453125 0.0453125
0 0.4984375 0.68125 0.0453125 0.0453125
0 0.3921875 0.6875 0.0453125 0.0453125
0 0.4328125 0.2359375 0.04375 0.0421875
0 0.45625 0.53125 0.040625 0.040625
0 0.6859375 0.546875 0.04375 0.0421875
0 0.2921875 0.5203125 0.0453125 0.04375
0 0.784375 0.50625 0.0453125 0.04375
0 0.565625 0.596875 0.0421875 0.04375
0 0.5984375 0.634375 0.04375 0.04375
0 0.75 0.5375 0.04375 0.0421875
0 0.25 0.5109375 0.0453125 0.04375
0 0.840625 0.315625 0.046875 0.04375
0 0.4859375 0.26875 0.040625 0.040625
0 0.64375 0.5515625 0.0421875 0.04375
0 0.2375 0.2765625 0.046875 0.0453125
0 0.60625 0.5953125 0.0421875 0.04375
0 0.7296875 0.309375 0.0421875 0.040625
0 0.6953125 0.4671875 0.0421875 0.0421875
0 0.6390625 0.4703125 0.04375 0.04375
0 0.571875 0.3046875 0.04375 0.040625
0 0.8484375 0.4296875 0.04375 0.0421875