0 0.07013095205684952 0.18702752159468333 0.04439845318850324 0.04489099784053163
0 0.08476001809022309 0.22685148519748868 0.04439845318850324 0.04489099784053181
0 0.029417420849185128 0.21785601943521496 0.04439845318850324 0.04489099784053163
0 0.13474672998515363 0.28322259870800914 0.04283595318850324 0.044790868290882455
0 0.17496229420950496 0.2728067304171267 0.04283595318850324 0.044790868290882455
0 0.06635749886834627 0.1449401511443326 0.04439845318850324 0.04489099784053163
0 0.01328125 0.184375 0.0265625 0.046875
0 0.14282482360814708 0.19804656231081452 0.041191566033373664 0.0431282387412331
0 0.01640625 0.29296875 0.0328125 0.0453125
0 0.16044169154139992 0.11539474861572403 0.04283595318850324 0.04479086829088237
0 0.1088725474888653 0.14848665330380095 0.04448034034363317 0.046453497840531634
0 0.36156817955561227 0.21381605490955885 0.04596095318850324 0.044991127390180984
0 0.2087773722286661 0.20009112122554304 0.04448034034363317 0.046453497840531634
0 0.10657970714523213 0.10473665330380096 0.04439845318850324 0.04489099784053163
0 0.20858037765573298 0.3459042689737896 0.04439845318850324 0.04489099784053163
0 0.297895183173657 0.31509675509412904 0.04596095318850324 0.044991127390180984
0 0.3089765253263123 0.4068837368955317 0.04439845318850324 0.04489099784053163
0 0.18364017412854547 0.07941767582133492 0.04448034034363317 0.046453497840531634
0 0.3401778584338562 0.2543804981542987 0.04439845318850324 0.04489099784053163
0 0.28286996946970405 0.207885032392025 0.044316566033373486 0.04332849784053181
0 0.3576596867917015 0.40846722085640275 0.04604284034363317 0.046553627390180985
0 0.23835640886339746 0.3157766779808032 0.04431656603337366 0.04332849784053163
0 0.17444439506858753 0.38258224861572404 0.042917840343632996 0.04635336829088228
0 0.01171875 0.1375 0.0234375 0.046875
0 0.4745462143813214 0.2755569864341064 0.04760534034363317 0.046653756939830336
0 0.2079452125722991 0.24404138032484166 0.04439845318850324 0.04489099784053163
0 0.2968838025772479 0.05648321869693444 0.04612472749876275 0.048116127390180986
0 0.38758620420455614 0.44103988896271495 0.04604284034363317 0.046553627390181165
0 0.2372432089542545 0.14496353023255662 0.046042840343633 0.046553627390180985
0 0.14623086386092304 0.4126097100590611 0.04127345318850324 0.0446907387412331
0 0.41104363636216024 0.35017505706902724 0.04760534034363317 0.046653756939830336
0 0.26063420058651143 0.35197499383536207 0.04596095318850324 0.044991127390180984
0 0.32581654454818915 0.4888952004983372 0.04604284034363317 0.046553627390180985
0 0.3974171483479479 0.23973820481727381 0.04596095318850324 0.044991127390180984
0 0.19744588308279987 0.4924183235695815 0.04604284034363317 0.046553627390180985
0 0.24891104929788757 0.18811275293466068 0.04448034034363317 0.046453497840531634
0 0.3547781897323777 0.0543409253599096 0.04768722749876275 0.04821625693983034
0 0.20155801447217847 0.12216638032484166 0.044480340343633 0.046453497840531634
0 0.2273038014455942 0.46385323257659505 0.04448034034363317 0.046453497840531634
0 0.40102018317365695 0.3084882048172738 0.04604284034363317 0.046553627390180985
0 0.27524997851481564 0.4513742165374661 0.04604284034363317 0.046553627390180985
0 0.2902929658516594 0.11020899599483033 0.044480340343633 0.046453497840531634
0 0.25082103007601064 0.1048997347360634 0.04275406603337366 0.04322836829088237
0 0.37578116576080234 0.27561514806201365 0.04596095318850324 0.044991127390180984
0 0.1943341711878693 0.43304332356958153 0.04275406603337366 0.04322836829088228
0 0.4431257960185272 0.3042222069767422 0.04596095318850324 0.044991127390180984
0 0.3647484905006032 0.33432881400885756 0.046042840343633 0.046553627390180985
0 0.4015535289443569 0.49815148211516974 0.04760534034363317 0.046653756939830336
0 0.43746229420950494 0.2559849660760408 0.04596095318850324 0.044991127390180984
0 0.03832983265325858 0.4477437785345136 0.046042840343633 0.046553627390180985
0 0.43628265377501485 0.3830481138242874 0.04760534034363317 0.046653756939830336
0 0.034065056533976804 0.3962814080841629 0.042754066033373485 0.04322836829088228
0 0.09047883084423632 0.3958017442967874 0.04439845318850324 0.04489099784053163
0 0.15952764472990327 0.1577825077150227 0.04283595318850324 0.04479086829088237
0 0.09502248869158088 0.3030134669988914 0.04275406603337366 0.04322836829088228
0 0.052916875846710634 0.3072794648394231 0.041109678878243724 0.04156573874123311
0 0.21440765377501486 0.397266509874491 0.04283595318850324 0.044790868290882455
0 0.15921554273916688 0.4509713032115158 0.041109678878243724 0.04156573874123311
0 0.401318997059324 0.07487466842007925 0.050812227498762755 0.04841651603912896
0 0.8113512528250751 0.24602298735695705 0.04751680913596843 0.07467862739018098
0 0.8413862336031983 0.161007637264672 0.03945864767057934 0.0694904796419344
0 0.8768324106724197 0.1493296576227376 0.041103034825709095 0.07115310919158375
0 0.9603132960185272 0.09694753239202498 0.04718926051544958 0.06842862739018099
0 0.8821550757558537 0.2508921576227376 0.03986808344622812 0.0773029796419344
0 0.9365083830827998 0.2709252529346607 0.05952548620519007 0.06610466378737563
0 0.9548622354122205 0.2023359392395702 0.06520227611928178 0.05556768198597286
0 0.9094612042045561 0.23346482572904978 0.03493492198083885 0.07231509099298634
0 0.31205285843385616 0.8236521298634164 0.03280585594746519 0.03169009099298634
0 0.00703125 0.90078125 0.0140625 0.0328125
0 0.08332807213780899 0.9464840623108145 0.03132524310259512 0.03315246144333717
0 0.30244548507353636 0.7599901480620137 0.03280585594746519 0.03169009099298634
0 0.32118884102100154 0.7885762230158712 0.034450243102595125 0.033352720542635696
0 0.22142785843385618 0.8294596437430769 0.03132524310259512 0.033152461443336986
0 0.4019275859326189 0.8633573750830543 0.034450243102595125 0.033352720542635696
0 0.15792528041469503 0.9040777143779979 0.032887743102595124 0.033252590992986344
0 0.2682475474888653 0.7057427390550001 0.03124335594746519 0.031589961443337165
0 0.1155673620519007 0.9334438417681789 0.03132524310259512 0.033152461443336986
0 0.061302585932618926 0.8851856169066064 0.032887743102595124 0.033252590992986344
0 0.14291335481581147 0.737290732576595 0.03124335594746519 0.031589961443337165
0 0.2474857473980082 0.8779577004983372 0.032887743102595124 0.033252590992986344
0 0.13913990162730822 0.6952033621262445 0.03124335594746519 0.031589961443337075
0 0.2617319538658718 0.7908186459025452 0.03280585594746519 0.03169009099298634
0 0.06602330619529244 0.7359470805094117 0.03124335594746519 0.031589961443337075
0 0.25129906490171977 0.7413192936507919 0.03124335594746519 0.031589961443337075
0 0.18288325757477342 0.7221873642857127 0.03124335594746519 0.031589961443337165
0 0.051688568519764465 0.851311264654853 0.03132524310259512 0.03315246144333717
0 0.025057469469704153 0.7918757078995927 0.03124335594746519 0.03158996144333699
0 0.17421866576080233 0.8560011597822059 0.03132524310259512 0.033152461443336986
0 0.3169660877416412 0.9174021298634164 0.034450243102595125 0.033352720542635696
0 0.12470334463904624 0.8983679349206335 0.03132524310259512 0.03315246144333717
0 0.08682048507353635 0.77380802591362 0.03124335594746519 0.031589961443337165
0 0.04882916214275781 0.7668361351052037 0.03124335594746519 0.03158996144333699
0 0.20894114653892562 0.7706854210409728 0.03124335594746519 0.03158996144333699
0 0.21854187584671064 0.8641350323920249 0.03124335594746519 0.03158996144333699
0 0.021830650156970145 0.8798763556478395 0.03124335594746519 0.031589961443337165
0 0.0407577125722991 0.822224541952749 0.03124335594746519 0.03158996144333699
0 0.048924337402957006 0.7088233760059051 0.03124335594746519 0.031589961443337075
0 0.18935898688255862 0.8158372347360634 0.031243355947465367 0.03158996144333699
0 0.10703116576080234 0.8603067304171267 0.03132524310259512 0.033152461443336986
0 0.128510018090223 0.7915171576227376 0.03124335594746519 0.031589961443337165
0 0.0790832281761313 0.8056588032115158 0.03124335594746519 0.03158996144333699
0 0.10802709972742885 0.8194814713178282 0.03124335594746519 0.031589961443337165
0 0.1410786171402834 0.8518538803248417 0.031243355947465367 0.03158996144333699
0 0.18147124377996357 0.7849877529346607 0.03132524310259512 0.033152461443336986
0 0.15761766395178006 0.8084648257290498 0.03124335594746519 0.03158996144333699
0 0.18452100067736854 0.7534373642857127 0.031243355947465367 0.031589961443337165
0 0.8729571381711825 0.8245532958102603 0.044480340343633 0.046453497840531634
0 0.73359375 0.98671875 0.0453125 0.0265625
0 0.66796875 0.98359375 0.0453125 0.0328125
0 0.5353885391211223 0.785043519435215 0.041109678878243724 0.04156573874123311
0 0.7614044052453528 0.6404367165374661 0.042672178878243726 0.04166586829088228
0 0.6065199106724197 0.7961626897009955 0.04283595318850324 0.044790868290882455
0 0.648999580505552 0.5896332850129186 0.04275406603337366 0.04322836829088237
0 0.8128584418800843 0.7547204595976359 0.03962906603337366 0.04302810919158375
0 0.799608169378847 0.8010342550941291 0.04275406603337366 0.04322836829088246
0 0.6592554070543752 0.6955828963639707 0.041109678878243724 0.04156573874123311
0 0.8212574400710618 0.7055820527500906 0.04275406603337366 0.04322836829088246
0 0.7705138116223594 0.7245113278885181 0.041109678878243724 0.04156573874123311
0 0.8428734905006031 0.7590679981542987 0.036258404567984216 0.038140350092285044
0 0.6242186657608023 0.7150733760059051 0.0407821302577247 0.0353157387412331