0 0.26178494665195906 0.07011359285245629 0.04586046360606986 0.04709517589344294
0 0.47053920843878333 0.10839354836621347 0.044225188998963993 0.045469008897248565
0 0.5171875 0.009375 0.04375 0.01875
0 0.4376881670824545 0.14404188829010128 0.044225188998963993 0.045469008897248565
0 0.3625 0.01484375 0.04375 0.0296875
0 0.40331747518800637 0.07838239619876672 0.044225188998963993 0.045469008897248565
0 0.3537112733687608 0.17241623908840403 0.045787688998963995 0.04553267589344294
0 0.2962712626153938 0.03283908593237408 0.04571491439185813 0.043970175893442945
0 0.56796875 0.090625 0.0234375 0.046875
0 0.559375 0.13203125 0.040625 0.0453125
0 0.3782832419372294 0.04665223513407133 0.04578768899896417 0.04553267589344294
0 0.5433858953708327 0.2520215315602995 0.0408818651776464 0.040654174904859806
0 0.56953125 0.17734375 0.0203125 0.0453125
0 0.5197686129058441 0.22335270349940978 0.044225188998963993 0.045469008897248565
0 0.2777652034763846 0.19578475490573483 0.045787688998963995 0.04553267589344294
0 0.45266681182960544 0.023347386312934936 0.042517139784752446 0.04228034190105419
0 0.2429193225829725 0.17381159581820588 0.045787688998963995 0.04553267589344294
0 0.34804777833115946 0.09311074106557041 0.045787688998963995 0.04553267589344294
0 0.5388482526905963 0.18202736654127144 0.04586046360606986 0.04709517589344294
0 0.4616650144774206 0.23195838235860222 0.045787688998963995 0.04553267589344294
0 0.5077866513666888 0.0788042074537425 0.045787688998963995 0.04553267589344294
0 0.40546875 0.00703125 0.0453125 0.0140625
0 0.31119413358400844 0.21469658098945824 0.045787688998963995 0.04553267589344294
0 0.19157083829873817 0.23828527270023195 0.048985463606069854 0.047222509885831696
0 0.18866847022560762 0.16666494068500953 0.04571491439185813 0.043970175893442945
0 0.57421875 0.27265625 0.0109375 0.0453125
0 0.26661368776061894 0.1338577578714844 0.04742296360606986 0.047158842889637495
0 0.5314810165443352 0.03885036950702094 0.045787688998963995 0.04553267589344294
0 0.25010677626424493 0.2873647598486507 0.045787688998963995 0.04553267589344294
0 0.19116842390688005 0.28040910570403754 0.048985463606069854 0.047222509885831696
0 0.22479006079614822 0.12776426676873295 0.04586046360606986 0.04709517589344294
0 0.42565043176476286 0.3020453892786844 0.04586046360606986 0.04709517589344294
0 0.3130563482235357 0.07426258197804136 0.04742296360606986 0.04715884288963732
0 0.56484375 0.22109375 0.0296875 0.0453125
0 0.3164209809789746 0.3033770790122919 0.04586046360606986 0.04709517589344294
0 0.4043961699779386 0.25612539422160036 0.04102741439185813 0.04377917490485963
0 0.39931487179718417 0.16431989619876664 0.04258991439185813 0.04384284190105418
0 0.3011256207637269 0.26345241597043023 0.04415241439185813 0.043906508897248564
0 0.24582169065610304 0.24543192783342827 0.04571491439185813 0.043970175893442945
0 0.753159001657139 0.18409920251082657 0.048985463606069854 0.047222509885831696
0 0.98046875 0.146875 0.0390625 0.046875
0 0.754246312658175 0.22772186851843781 0.048985463606069854 0.047222509885831696
0 0.9921875 0.27734375 0.015625 0.0484375
0 0.8151452713018461 0.25955018867066215 0.050547963606069855 0.04728617688202626
0 0.9152223540145039 0.1868528349066098 0.05062073821317572 0.04884867688202625
0 0.2878978746926683 0.8528677430427367 0.07315070967712849 0.06380251482874755
0 0.19370691894448128 0.9331229288220115 0.06294095574818695 0.07898184585538673
0 0.2567163411942223 0.9196387489742358 0.05974318114108117 0.07729201186299797
0 0.3186726856937043 0.8952807361226546 0.05661818114108108 0.07716467787060921
0 0.3577351856937043 0.8936890612177948 0.05349318114108108 0.07703734387822045
0 0.38125 0.98671875 0.078125 0.0265625
0 0.28046875 0.984375 0.0796875 0.03125
0 0.40014100951502185 0.8872825523205462 0.047388730355292806 0.07990767589344294
0 0.559375 0.9109375 0.040625 0.078125
0 0.45627969355158715 0.9208643734613536 0.07329625889134021 0.06692751482874755
0 0.3440322506236818 0.9535097301911554 0.07711046360606985 0.04836851581733086
0 0.5390625 0.99375 0.08125 0.0125
0 0.559375 0.6984375 0.040625 0.078125
0 0.7034587162966662 0.8118077084423255 0.0293621683207995 0.027708505931498983
0 0.7996445115819364 0.7891740216744678 0.027799668320799498 0.027644838935304606
0 0.8407746257261257 0.8436413457810248 0.027799668320799498 0.027644838935304606
0 0.7327481100103599 0.7856617025108266 0.027799668320799498 0.027644838935304606
0 0.8401967369748305 0.7890811797734136 0.027799668320799498 0.027644838935304606
0 0.7446273717971842 0.831963699545077 0.027799668320799498 0.027644838935304606
0 0.8100682812266436 0.8667260187087182 0.027799668320799498 0.027644838935304606
0 0.7585486306885244 0.7674555305717163 0.027799668320799498 0.027644838935304606
0 0.7612712162966663 0.8094520295831332 0.027799668320799498 0.027644838935304606
0 0.8421573432611369 0.8139538457810248 0.027799668320799498 0.027644838935304606
0 0.7854321542621729 0.8599321906478284 0.027872442927905538 0.029207338935304604
0 0.8140323432611369 0.8150998517125239 0.027799668320799498 0.027644838935304606
0 0.7912840479758666 0.8347411896592453 0.027799668320799498 0.027644838935304606
0 0.7861984416895604 0.8099958576440229 0.027799668320799498 0.027644838935304606
0 0.8159929495474432 0.839972517720135 0.027799668320799498 0.027644838935304606