0 0.1515625 0.01015625 0.04375 0.0203125
0 0.22890625 0.01328125 0.0421875 0.0265625
0 0.3476952158405541 0.06207220016210657 0.04400453005422929 0.045787688998963995
0 0.12413045081343946 0.029790431345968926 0.042442030054229286 0.04571491439185813
0 0.10721566158582796 0.07586491066780451 0.042442030054229286 0.04571491439185813
0 0.07888158332699682 0.03861746773989907 0.04400453005422946 0.045787688998963995
0 0.3152372398446592 0.12148143341288353 0.042451120413308986 0.04727741439185813
0 0.26172135440423555 0.05181959677128436 0.04243293969514959 0.04415241439185813
0 0.23377816158582795 0.081759653843379 0.04400453005422929 0.04578768899896417
0 0.15277360128097764 0.12016287427387437 0.042442030054229286 0.04571491439185813
0 0.1697338423039872 0.08190089495203878 0.042442030054229286 0.04571491439185813
0 0.1811258602579681 0.16053531720177983 0.040879530054229285 0.04564213978475209
0 0.20270996876742037 0.11155416170126183 0.04400453005422929 0.045787688998963995
0 0.25147472169428653 0.17006017452154332 0.042451120413308986 0.04727741439185813
0 0.3055622579950318 0.06948228577024836 0.040861349336070066 0.042517139784752446
0 0.29368949277152545 0.17671258891340144 0.042451120413308986 0.04727741439185849
0 0.2730588302037388 0.1210790190210254 0.040879530054229285 0.04564213978475227
0 0.5364112404338344 0.03304805624352505 0.0455761204133089 0.04742296360606986
0 0.608795300542293 0.12389568817039454 0.04242384933607006 0.04258991439185813
0 0.8978759812604522 0.1404839904849781 0.04243293969514959 0.04415241439185813
0 0.6899362162333376 0.10892996773989908 0.04400453005422929 0.045787688998963995
0 0.83828125 0.2265625 0.0421875 0.025
0 0.6842316377781146 0.20238886931147562 0.04400453005422929 0.045787688998963995
0 0.7557066619786115 0.13698650123834505 0.042442030054229286 0.04571491439185813
0 0.8107486859827165 0.2004711124870501 0.04399543969514959 0.044225188998963993
0 0.643670270291672 0.21143422952672336 0.04400453005422929 0.045787688998963995
0 0.93046875 0.21796875 0.0453125 0.0421875
0 0.7902180173648057 0.16202504259467396 0.04400453005422929 0.045787688998963995
0 0.6510009812604521 0.12898560256225267 0.04400453005422929 0.045787688998963995
0 0.5523453126425414 0.08690080231458364 0.0455761204133089 0.04742296360606986
0 0.8875 0.01328125 0.04375 0.0265625
0 0.8524362162333375 0.11649852687890823 0.04243293969514959 0.04415241439185813
0 0.6859375 0.234375 0.04375 0.009375
0 0.9323691559284872 0.16239753184130698 0.040870439695149585 0.04407963978475227
0 0.702208957256347 0.07044966459674598 0.040861349336070066 0.042517139784752266
0 0.9007555415653025 0.09844203969918981 0.04243293969514959 0.04415241439185813
0 0.6387373305965223 0.16902840570540575 0.04400453005422929 0.045787688998963995
0 0.6054339512062229 0.08312513895618281 0.04556703005422928 0.04586046360606986
0 0.8019635175611974 0.03291973945152078 0.04243293969514959 0.04415241439185813
0 0.7135827944921688 0.14595908684648692 0.04400453005422929 0.045787688998963995
0 0.9615203247427898 0.0715927493763183 0.04401362041330899 0.047350188998963996
0 0.98671875 0.09453125 0.0265625 0.0453125
0 0.73125 0.01328125 0.04375 0.0265625
0 0.816371451206223 0.09294971091547355 0.040870439695149585 0.04407963978475227
0 0.9398816740788598 0.1111989048768363 0.040861349336070066 0.042517139784752446
0 0.8458680536655508 0.06151992845048486 0.04243293969514959 0.04415241439185813
0 0.9378282946885605 0.026751130269730396 0.04400453005422929 0.045787688998963995
0 0.6029634570599554 0.19547958974197108 0.04399543969514976 0.044225188998963993
0 0.7248929992144331 0.21053100909622788 0.040861349336070066 0.042517139784752446
0 0.6875 0.0078125 0.04375 0.015625
0 0.9666168909013726 0.1421235731976358 0.04242384933607006 0.04258991439185813
0 0.38508613153159865 0.848608897847523 0.059774975799503235 0.07151543507002263
0 0.409375 0.86796875 0.01875 0.0765625
0 0.396875 0.61328125 0.04375 0.0421875
0 0.7232203731437835 0.4759762266312392 0.05963862041330899 0.04807793507002263
0 0.6812055899662962 0.5036988122393811 0.06428066861791085 0.04048375889134013
0 0.737101065962191 0.44538119809519194 0.06118293969514958 0.04502570967712849
0 0.6667703852440319 0.4389813407754284 0.06118293969514958 0.04502570967712849
0 0.7880202339909268 0.8741997109154734 0.03475679508134384 0.067226041356329
0 0.6660896500747547 0.5904710661683226 0.06428066861791085 0.04048375889134022
0 0.7390908128389331 0.5188914727022979 0.06117384933607006 0.04346320967712849
0 0.6622828731437834 0.4731380169541108 0.0658068071815924 0.034306533498446076
0 0.8107567345801019 0.4863016046291673 0.06431703005422947 0.04673375889134013
0 0.7628828368430381 0.5809205918088857 0.059656801131468026 0.051202935070022625
0 0.8469578549934109 0.533287920592602 0.04566702400410509 0.06304796360606986
0 0.6916259812604522 0.6838229598820161 0.034747704722264315 0.06566354135632899
0 0.7741021379745063 0.6298675140586266 0.053434072208706954 0.055599336641599176
0 0.607823673882468 0.7783306310982999 0.048801114363184794 0.06475601282028158
0 0.6183874273985095 0.4461003279551468 0.047211343285945874 0.05999573821317572
0 0.5763181020665445 0.4644479135632887 0.042560204722264315 0.06602741439185814
0 0.6779361859827165 0.7472304884180635 0.040988614363184794 0.06439213978475226
0 0.8349941861791083 0.6248932237357552 0.04564884328594587 0.05992296360606986
0 0.6991203186926656 0.6294993329175455 0.05032725292686635 0.058578787427387445
0 0.6305703065924171 0.6606722502048878 0.06740566861791084 0.040629308105551945
0 0.9157442164297294 0.5427400033052596 0.036319295081344016 0.06729881596343468
0 0.9409805657657995 0.5845293970189533 0.06582498789975162 0.03743153349844608
0 0.8793805113146815 0.7363059127347191 0.05813066256778647 0.05738016046291676
0 0.7729214330558503 0.6954197394515208 0.04875566256778665 0.05694351282028158
0 0.885094180128984 0.6444095111631425 0.05810339149054773 0.05269266046291676
0 0.6544259631100796 0.7336388693114756 0.048773843285945875 0.06006851282028158
0 0.7065873850476401 0.5704882059530748 0.06429884933607007 0.043608758891340124
0 0.9366021379745064 0.6374360731976358 0.0673602168225127 0.032816808105551945
0 0.809666933252242 0.5674788300220615 0.036310204722264317 0.06573631596343468
0 0.5557884752103279 0.6946790690638066 0.05503293364502539 0.06192211124870504
0 0.7820883965587133 0.92859611248705 0.042560204722264315 0.06602741439185814
0 0.8733112767345796 0.49858758891340155 0.06118293969514976 0.04502570967712849
0 0.6416987041330892 0.6939941724546287 0.06428975897699037 0.04204625889134021
0 0.6013282341873184 0.7358520326698764 0.04566702400410509 0.06304796360606986
0 0.81796875 0.9765625 0.0421875 0.046875
0 0.659840691836449 0.8588571931327932 0.0658068071815924 0.034306533498446076
0 0.8751646682251273 0.5486603635205074 0.04723861436318479 0.06468323821317572
0 0.6409351139704013 0.5627441724546288 0.06582498789975162 0.03743153349844608
0 0.9034906978865733 0.8530225318413069 0.04722043364502539 0.06155823821317572
0 0.6069782704880636 0.6330181310982999 0.06275453005422929 0.046660984284234354
0 0.8211508965587134 0.9304154776646965 0.04567611436318479 0.06461046360606985
0 0.8239577339909268 0.8758735268789082 0.03943520472226432 0.06588186517764641
0 0.7374293606507516 0.770308423488086 0.03163179508134384 0.06708049214211727
0 0.7905179992144331 0.7665327601296852 0.06427157825883115 0.03892125889134022
0 0.7299259328594585 0.8230695504525567 0.05341589149054773 0.05247433664159917
0 0.6382565833269968 0.9078383486333113 0.048810204722264314 0.06631851282028159
0 0.9466407341873184 0.751935220840271 0.03784543364502539 0.06112159057054054
0 0.86640625 0.96953125 0.0546875 0.0609375
0 0.5482395956236369 0.7396276960282774 0.0472386143631847 0.06468323821317572
0 0.9364476018701527 0.6108735731976358 0.06734203610435348 0.029691808105551852
0 0.7255737343837102 0.6119865012383451 0.051862481849627426 0.05396406203449331
0 0.8707418304001304 0.8624317650920841 0.042542024004105096 0.06290241439185813
0 0.7106668727509999 0.7346962551672865 0.023792024004105093 0.062029119106587774
0 0.8984375 0.9796875 0.0375 0.040625
0 0.7453125 0.9828125 0.05 0.034375
0 0.9497556020665445 0.48184104466158856 0.05032725292686617 0.058578787427387445
0 0.7521190954272452 0.8787758949520388 0.034747704722264315 0.06566354135632882
0 0.9501384389095827 0.8161432700544827 0.03161361436318479 0.06395549214211727
0 0.9188338967551051 0.8053127779123657 0.0363011143631848 0.06417381596343467
0 0.6313964875069681 0.5341825248119936 0.06274543969514959 0.04509848428423435
0 0.5569419090517452 0.6244393436709125 0.028506795081344016 0.06693494292790554
0 0.7990112343837101 0.6154069077723203 0.03943520472226432 0.06588186517764641
0 0.8735395774732643 0.8063273143062958 0.05813066256778665 0.05738016046291676
0 0.9426441014773694 0.8704668970189534 0.044131795081344016 0.067662688998964
0 0.8604941559284871 0.7119951174494489 0.06744203005422929 0.046879308105551944
0 0.8336953065924172 0.6701329491286493 0.05187157220870695 0.05552656203449331
0 0.9532078549934108 0.5382365938758003 0.04565793364502539 0.06148546360606986
0 0.5568065954272452 0.8696790690638065 0.05813975292686617 0.05894266046291676
0 0.7570691740788599 0.6556294933804623 0.06583407825883114 0.03899403349844608
0 0.65234375 0.97421875 0.0390625 0.0515625
0 0.8141554871141846 0.8019993792362732 0.06428066861791085 0.04048375889134022
0 0.8174532039366975 0.8318324284504849 0.06580680718159222 0.0343065334984459
0 0.8184884631100797 0.7412802030575907 0.06117384933607006 0.04346320967712849
0 0.7688884389095827 0.8077014156302033 0.03784543364502539 0.061121590570540715
0 0.6298350292686623 0.8027869755977818 0.05033634328594587 0.060141287427387446
0 0.7996646984757485 0.45922968237942624 0.06428975897699055 0.04204625889134021
0 0.7670703670936593 0.4952014156302032 0.03786361436318479 0.06424659057054054
0 0.8570065833269969 0.9180267936281312 0.0363011143631848 0.06417381596343467
0 0.5768998850476401 0.5644479135632887 0.05810339149054773 0.05269266046291676
0 0.5400099808676687 0.9360660483856421 0.06127384328594587 0.06065070967712849
0 0.6020907825883122 0.5984248072769823 0.06277271077238851 0.049785984284234266
0 0.6035361496819712 0.8468623072769823 0.04411361436318471 0.06453768899896417
0 0.9217305960164204 0.4977186017336831 0.053434072208706954 0.055599336641599176
0 0.7070611254814745 0.9204154313459689 0.06275453005422929 0.046660984284234354
0 0.5797794453524905 0.5224059627775003 0.06120112041330898 0.04815070967712849
0 0.7337690712267484 0.9466525996667684 0.05810339149054773 0.05269266046291676
0 0.61171875 0.9734375 0.0296875 0.053125
0 0.9075873245463981 0.7516783556626245 0.047211343285945874 0.05999573821317572
0 0.7590861920328408 0.7338272679875681 0.06117384933607006 0.04346320967712849
0 0.6885565651766241 0.9617296360606986 0.051935204722264317 0.06646406203449332
0 0.5517918425003789 0.813210745242489 0.05810339149054773 0.05269266046291676
0 0.8140635417616942 0.517697153843379 0.05655907220870695 0.0557448858558109
0 0.8056793909013725 0.6875730062007438 0.040961343285945875 0.05970463978475227
0 0.6202317285299777 0.49461060256225264 0.06426248789975161 0.037358758891340216
0 0.7322600716195318 0.6872775996667685 0.05032725292686635 0.058578787427387445
0 0.7611567103796051 0.5527228172017798 0.06121021077238851 0.049713209677128486
0 0.9225406797362006 0.9054583271265774 0.0643352107723885 0.04985875889134021
0 0.8530543606507516 0.7756937444139196 0.06584316861791066 0.0405565334984459
0 0.6772099990180414 0.8909077138109577 0.06428975897699055 0.04204625889134021
0 0.6891191256778663 0.7899274106678045 0.06119203005422928 0.04658820967712849
0 0.7160634207592101 0.8567895789886041 0.04565793364502539 0.06148546360606986
0 0.8879191982793568 0.5929925603773543 0.0362920240041051 0.06261131596343476
0 0.7032896682251273 0.5406551567388631 0.06428066861791067 0.04048375889134022
0 0.5853850716195318 0.6804367865988179 0.05030907220870704 0.05545378742738745
0 0.8790259873105765 0.6753684127347191 0.05496930113146803 0.050984611248705035
0 0.8488657886384363 0.5927356951997078 0.0441136143631848 0.06453768899896399
0 0.8668431081166688 0.46079649048497806 0.06121021077238851 0.049713209677128486
0 0.6600578186926656 0.6276799677398991 0.053434072208706954 0.055599336641599176
0 0.77890625 0.975 0.0484375 0.05
0 0.9070883965587132 0.9344180810555187 0.06894998789975162 0.037577082712657625
0 0.9368112162333375 0.6733735731976358 0.06740566861791084 0.040629308105551945
0 0.5929622640451561 0.9088528850272415 0.06430793969514967 0.045171258891340216
0 0.664337294295777 0.8262630169541108 0.06428066861791067 0.04048375889134022
0 0.93671875 0.971875 0.0421875 0.05625
0 0.9338680234149299 0.7044780239834241 0.06428975897699055 0.04204625889134021