0 0.05757988367852196 0.08384613975712156 0.03307010523343692 0.032887743102595124
0 0.00390625 0.11953125 0.0078125 0.0328125
0 0.024949394201865704 0.08869077001484627 0.03472361049510884 0.034532130257724704
0 0.13424879949177235 0.05475178200063393 0.03472361049510884 0.034532130257724704
0 0.09749225213672581 0.042572686568618325 0.03307010523343692 0.032887743102595124
0 0.10730686789350638 0.07653825079296954 0.03628611049510884 0.034614017412854636
0 0.134375 0.0109375 0.034375 0.021875
0 0.04638477844508504 0.0530874626879001 0.03307010523343692 0.032887743102595124
0 0.1640625 0.0171875 0.0375 0.034375
0 0.00390625 0.05703125 0.0078125 0.0328125
0 0.07130918373499177 0.023570381050694245 0.03307010523343692 0.032887743102595124
0 0.190625 0.00546875 0.034375 0.0109375
0 0.03292849417363079 0.11805072139432742 0.03307010523343692 0.032887743102595124
0 0.029121683734991778 0.02578133423919766 0.03307010523343692 0.032887743102595124
0 0.8234008467056446 0.40763112053524464 0.02985409997176518 0.03116146879233561
0 0.93125 0.43125 0.03125 0.015625
0 0.81015625 0.43046875 0.0296875 0.0171875
0 0.8779217467338796 0.3749956829505736 0.029763094710093262 0.02959896879233561
0 0.8463987309488641 0.37194592605316873 0.03141659997176518 0.03124335594746519
0 0.8936223414439729 0.4023836985544058 0.02976309471009344 0.02959896879233561
0 0.88671875 0.42734375 0.0296875 0.0234375
0 0.9268898677523321 0.4084765682966811 0.03132559471009309 0.02968085594746519
0 0.89990316254713 0.3487673756236275 0.02976309471009344 0.02959896879233561
0 0.85703125 0.42890625 0.0296875 0.0203125
0 0.9077912572572233 0.37656482700310845 0.029763094710093262 0.02959896879233561
0 0.8624633467056448 0.40558394165700096 0.029763094710093262 0.02959896879233561
0 0.6280127519955514 0.6957729296712133 0.024802578925077867 0.024665807326946166
0 0.6346113624906602 0.728339768205824 0.026456084186749607 0.0263101944820761
0 0.41378365202378625 0.6772220827688595 0.024893584186749605 0.026228307326946164
0 0.584020557313693 0.6400894957045868 0.02480257892507769 0.024665807326946343
0 0.41577035722898836 0.7382414699239893 0.024893584186749605 0.026228307326946164
0 0.6024219468185842 0.6062124626879001 0.02480257892507769 0.024665807326946166
0 0.359375 0.63125 0.01875 0.025
0 0.45273973621053587 0.7002567910457455 0.026456084186749607 0.0263101944820761
0 0.40592637841685014 0.5961358570791191 0.02480257892507769 0.024665807326946166
0 0.6374648047534442 0.562059670964786 0.024802578925077867 0.024665807326946343
0 0.5975062046405049 0.6832662856186786 0.024802578925077867 0.024665807326946166
0 0.5572158626318345 0.5835053030315331 0.02480257892507769 0.024665807326946166
0 0.5196542204255203 0.6920481433751662 0.026456084186749607 0.0263101944820761
0 0.44821883618230096 0.7302718396662644 0.024893584186749605 0.026228307326946164
0 0.4930315362670056 0.6385889507021124 0.02480257892507769 0.024665807326946166
0 0.4805469468185842 0.6125996607880208 0.02324007892507769 0.024583920171816587
0 0.4450952942301005 0.5690067910457455 0.02480257892507769 0.024665807326946343
0 0.5480214151073788 0.7485504488930902 0.024893584186749605 0.026228307326946164
0 0.4996749203690506 0.7526514507021125 0.024893584186749605 0.026228307326946164
0 0.5499339836502871 0.6199341259623117 0.024802578925077867 0.024665807326946343
0 0.4834591151920833 0.6625996607880207 0.024802578925077867 0.024665807326946343
0 0.4711873573701627 0.5864465965636695 0.02480257892507769 0.024665807326946166
0 0.6010554098457069 0.7442037856186786 0.024893584186749605 0.026228307326946164
0 0.535718836182301 0.7256861589789985 0.024802578925077867 0.024665807326946166
0 0.5290306784733199 0.5301279975136092 0.02314907366340595 0.023021420171816586
0 0.508519299350598 0.7161407406162041 0.024893584186749605 0.026228307326946164
0 0.5489931099304115 0.6575979002725711 0.02480257892507769 0.024665807326946343
0 0.6067747888272543 0.7078568498430299 0.02480257892507769 0.024665807326946166
0 0.45064661519208327 0.6643192910457455 0.024802578925077867 0.024665807326946343
0 0.5860087205666946 0.5396800599289382 0.02324007892507769 0.024583920171816587
0 0.42758854679034924 0.645153211217562 0.024802578925077867 0.024665807326946166
0 0.5671816678088019 0.6738846415661438 0.02324007892507769 0.024583920171816587
0 0.45213352048199 0.636030516735486 0.02480257892507769 0.024665807326946343
0 0.5837923151356136 0.7168976571699761 0.024893584186749605 0.026228307326946344
0 0.43065336263183457 0.590138162597043 0.02480257892507769 0.024665807326946166
0 0.5264208889401939 0.5929555461341283 0.024802578925077867 0.024665807326946166
0 0.4354164573419279 0.6180993882867835 0.024802578925077867 0.024665807326946166
0 0.5066698310618035 0.5767506919956851 0.023240078925077866 0.024583920171816587
0 0.4913486679499762 0.5289682892367231 0.024802578925077867 0.024665807326946166
0 0.5052137468750539 0.5517506919956852 0.02314907366340595 0.023021420171816586
0 0.5313058100151161 0.5691904975136092 0.02324007892507769 0.024583920171816587
0 0.7063645361258313 0.7762992333801149 0.026547089448421345 0.027872694482076098