0 0.2004606417986718 0.22994413358400845 0.046809298022528624 0.04578768899896417
0 0.16008701407473094 0.25051349876165496 0.046918558666190435 0.047350188998963996
0 0.4832624341212172 0.2837411058765307 0.05160605866619043 0.047568512820281586
0 0.23088011531556826 0.19582169065610308 0.046809298022528624 0.04578768899896417
0 0.24900813039870542 0.4488353746926683 0.05004355866619044 0.04749573821317572
0 0.5116602217521855 0.16717003598415453 0.05004355866619008 0.04749573821317572
0 0.20308362520292533 0.4151538875129499 0.043465776735205 0.042517139784752266
0 0.26660980170569937 0.1303036985139859 0.046918558666190255 0.047350188998963996
0 0.12801792322545397 0.3750426178682428 0.048481058666190256 0.04742296360606986
0 0.40542165738601205 0.32785928701761186 0.05004355866619044 0.04749573821317572
0 0.4380699024423336 0.21731989330391813 0.048371798022528625 0.04586046360606986
0 0.4087865940282448 0.1906503854460353 0.048371798022528625 0.04586046360606986
0 0.08026811011978818 0.16701610215247706 0.046918558666190255 0.047350188998963996
0 0.3232540135705279 0.38931051737290473 0.046809298022528624 0.045787688998963995
0 0.21279711481136515 0.3430605636916323 0.046918558666190255 0.047350188998963996
0 0.07833499747898456 0.43965308147431265 0.048481058666190256 0.04742296360606986
0 0.1708274081423168 0.11919072415454908 0.046918558666190435 0.047350188998963996
0 0.24241891283389377 0.2980733953708327 0.046809298022528624 0.045787688998963995
0 0.3533128541677034 0.3380733490521052 0.046918558666190255 0.047350188998963996
0 0.48102222694796576 0.20441747891206 0.05004355866619044 0.04749573821317572
0 0.24935659972822802 0.08749976840636205 0.046918558666190435 0.047350188998963996
0 0.3047982165564055 0.1409843333363395 0.04513753737886681 0.04415241439185813
0 0.3460580930198386 0.48636529983789345 0.04859031930985207 0.048985463606069854
0 0.3025251583944183 0.0398584809789746 0.04848105866619044 0.04742296360606986
0 0.4272523707634499 0.14929763937497675 0.048371798022528625 0.04586046360606986
0 0.1859932222563887 0.035941576511913896 0.046918558666190255 0.047350188998963996
0 0.46045908262827845 0.40939607734048344 0.05160605866619043 0.047568512820281586
0 0.01484375 0.13359375 0.0296875 0.0484375
0 0.23920679550151308 0.388552846156621 0.04513753737886681 0.04415241439185813
0 0.2764118645592637 0.4132959809789746 0.04848105866619044 0.04742296360606986
0 0.1205110618451581 0.2819475893321955 0.046918558666190435 0.047350188998963996
0 0.29732493412121724 0.2924012841221278 0.048371798022528625 0.04586046360606986
0 0.380553061340955 0.4162325823028822 0.04848105866619044 0.04742296360606986
0 0.072280647498655 0.1253380244022181 0.046918558666190255 0.047350188998963996
0 0.20993346680850705 0.07220440819111432 0.046918558666190255 0.047350188998963996
0 0.03268327991417284 0.29071046733012357 0.046809298022528624 0.04578768899896417
0 0.40463468956909887 0.2500253854460353 0.048481058666190256 0.04742296360606986
0 0.2585566371070948 0.04502116997793859 0.04357503737886681 0.04407963978475227
0 0.16607420616484533 0.07580459719007834 0.046918558666190255 0.047350188998963996
0 0.04316159402824482 0.20767964350880597 0.046809298022528624 0.045787688998963995
0 0.25600081159305643 0.34883537469266834 0.046809298022528624 0.045787688998963995
0 0.43939246580010083 0.3543104710541772 0.04993429802252862 0.04593323821317572
0 0.22623617398175852 0.1508730636916323 0.048371798022528625 0.04586046360606986
0 0.06798735936348352 0.3871830529382653 0.04513753737886681 0.04415241439185813
0 0.4525258863507903 0.2555818726257537 0.04993429802252862 0.04593323821317572
0 0.10993346680850706 0.0768619830458892 0.046809298022528624 0.045787688998963995
0 0.47034680690147945 0.15663495037601277 0.04859031930985207 0.048985463606069854
0 0.38648525913105247 0.13095005376683488 0.04848105866619044 0.04742296360606986
0 0.0171875 0.18046875 0.034375 0.0453125
0 0.36936346110852386 0.17535502523078755 0.046918558666190255 0.047350188998963996
0 0.10097409402824478 0.2049869830458892 0.048371798022528535 0.04586046360606986
0 0.15850237076344992 0.16181487179718418 0.04513753737886681 0.04415241439185813
0 0.2714944076381137 0.26089872705003325 0.048371798022528625 0.04586046360606986
0 0.11781166878597844 0.12010256079614826 0.046918558666190435 0.047350188998963996
0 0.18539338065080707 0.37859995740532604 0.04513753737886681 0.04415241439185813
0 0.33319673214374584 0.24712301737290474 0.046809298022528624 0.045787688998963995
0 0.07923049798318767 0.29321472911694785 0.04357503737886681 0.04407963978475245
0 0.7265625 0.56875 0.109375 0.021875
0 0.7434679606043207 0.4650040301931863 0.10968063861970415 0.09855312406898661
0 0.63359375 0.31640625 0.0890625 0.1015625
0 0.625 0.4640625 0.071875 0.1
0 0.7646759611085239 0.3176196079434453 0.10811813861970414 0.09848034946188058
0 0.14822043462542034 0.6551966906561031 0.05313570767745457 0.06944351282028158
0 0.028125 0.60625 0.05625 0.053125
0 0.059048673981758525 0.660907343261137 0.06240144703379293 0.06831766046291676
0 0.2453125 0.6 0.071875 0.040625
0 0.1875 0.59453125 0.059375 0.0296875
0 0.30018712621133153 0.6200853283739407 0.07816855866619025 0.04880568114108108
0 0.0171875 0.66328125 0.034375 0.0765625
0 0.10839311011978818 0.6679535558337495 0.058948665102807676 0.06348461124870504
0 0.1453125 0.59375 0.05 0.028125
0 0.20617504625781774 0.6727437555860805 0.07591764381548423 0.06116013192686935
0 0.23401582299302284 0.6309543618723867 0.06821440445914603 0.06235875889134022
0 0.1140625 0.60078125 0.06875 0.0421875
0 0.0203125 0.78828125 0.040625 0.0546875
0 0.14920450837474783 0.8638439445850444 0.04699496832111638 0.07071491439185813
0 0.2942213494761264 0.6608558775881525 0.07649679802252862 0.0471704065339754
0 0.15802176952261265 0.7154792191921503 0.07035605866619044 0.048441808105551945
0 0.1197897960057162 0.749965535155585 0.07148151609154337 0.04226458271265763
0 0.009375 0.74296875 0.01875 0.0734375
0 0.09437416878597844 0.623441576511914 0.07951253737886681 0.04575345574818703
0 0.2951832799141728 0.7807317299455173 0.03772922896477802 0.07184076674922295
0 0.04831971554799939 0.9479706956185018 0.06643338317182242 0.05916098428423418
0 0.11181376901840956 0.864028035155585 0.042416728964778015 0.07205909057054072
0 0.0578125 0.59296875 0.065625 0.0265625
0 0.14696430120149628 0.7845203176205737 0.07170003737886681 0.045389582712657625
0 0.08803705145359783 0.714066576511914 0.07337179802252862 0.04702485731976367
0 0.2997722269479658 0.7151067299455173 0.050119968321116204 0.07086046360606986
0 0.18117577421418965 0.8966179032287156 0.04397922896477802 0.0721318651776464
0 0.050919827684599815 0.8216992940469252 0.06498014381548423 0.06065070967712849
0 0.18110934428034628 0.6303036985139859 0.06374542574646931 0.06526543507002262
0 0.01328125 0.96796875 0.0265625 0.0640625
0 0.06143099278740749 0.7604706956185018 0.04408848960843983 0.07369436517764641
0 0.0265625 0.9234375 0.053125 0.053125
0 0.2035313754550269 0.8441821079434455 0.05157320767745457 0.06937073821317571
0 0.09307447669586413 0.7979321542621729 0.04543246832111621 0.07064213978475227
0 0.2786406360986886 0.8391264268023642 0.048666728964778014 0.07235018899896399
0 0.07209570515643922 0.8752224003332316 0.04554172896477802 0.07220463978475226
0 0.03135000887895094 0.7229364623677247 0.03158848960843983 0.0731121683207995
0 0.09995862520292534 0.9222044081911143 0.05146394703379294 0.06780823821317572
0 0.05625 0.98359375 0.059375 0.0328125
0 0.031219332880379903 0.8584373147250897 0.056151447033792934 0.06802656203449331
0 0.18661739104236724 0.9524312555860804 0.06352690445914604 0.06214043507002263
0 0.1328125 0.9703125 0.05 0.059375
0 0.2560222269479658 0.7171444189444813 0.05927644703379294 0.06817211124870504
0 0.30703125 0.5875 0.0796875 0.015625
0 0.090625 0.971875 0.05625 0.05625
0 0.2278643759592301 0.6966521364794926 0.0699954257464693 0.06555653349844608
0 0.19144627471839276 0.7497429032287156 0.07482503737886681 0.04553513192686935
0 0.2612453224888197 0.7760827713018462 0.04397922896477802 0.0721318651776464
0 0.211136061845158 0.7799740587292335 0.06832366510280767 0.06392125889134022
0 0.01171875 0.89921875 0.0234375 0.0484375
0 0.26005489104236723 0.9490108490521052 0.051682468321116205 0.07093323821317572
0 0.2523623593634835 0.880843045908952 0.06912134059717552 0.0530565334984459
0 0.2389989818916442 0.8269560665871165 0.056151447033792934 0.06802656203449331
0 0.24140625 0.9890625 0.0640625 0.021875
0 0.21875 0.9671875 0.046875 0.065625
0 0.14214612520292533 0.9202394937992562 0.05447968639013112 0.06639128742738745
0 0.18046875 0.9875 0.0578125 0.025
0 0.1477948276845998 0.817187268406362 0.07427873416055811 0.03772263192686935
0 0.23320816777757222 0.9097685665871165 0.07605975544788172 0.0409204065339754
0 0.7622615192705111 0.9315794081911143 0.05741901609154336 0.041609611248705033
0 0.6835459294296402 0.765487835403254 0.0570912341605581 0.036922111248705036
0 0.6787384611085239 0.834237835403254 0.047246340597175515 0.052037688998964174
0 0.7957074398212004 0.8319047398703148 0.05832595222957302 0.03230738585581072
0 0.796875 0.98984375 0.040625 0.0203125
0 0.731655647498655 0.7679193225829725 0.0570912341605581 0.036922111248705036
0 0.6182272960057162 0.897795221259065 0.04735560124083724 0.053600188998963995
0 0.7155500462578177 0.8200640194398193 0.035183383171822416 0.057705492142117086
0 0.7417847643268326 0.8235143511190198 0.0303866225281606 0.055924668320799495
0 0.6265625 0.978125 0.0375 0.04375
0 0.7074754663043039 0.8687198432611369 0.054621798022528624 0.04615156203449331
0 0.8026894133380968 0.7988739160489973 0.05843521287323483 0.03386988585581072
0 0.596875 0.77890625 0.015625 0.0328125
0 0.7871629663043039 0.8650083382987382 0.05821669158591121 0.0307448858558109
0 0.6359718069014795 0.822213024402218 0.05988845222957302 0.032380160462916766
0 0.801684652190232 0.9468747684063621 0.04579310124083733 0.05352741439185813
0 0.7441013811550101 0.8794732526905964 0.028933383171822414 0.05741439371369381
0 0.59765625 0.96328125 0.0171875 0.0328125