0 0.53125 0.5296875 0.04375 0.04375
0 0.4921875 0.5484375 0.04375 0.0453125
0 0.81875 0.596875 0.0484375 0.0453125
0 0.559375 0.496875 0.04375 0.04375
0 0.5953125 0.7515625 0.046875 0.0453125
0 0.8390625 0.48125 0.046875 0.0453125
0 0.546875 0.715625 0.040625 0.040625
0 0.590625 0.4328125 0.04375 0.0453125
0 0.46875 0.671875 0.0453125 0.0453125
0 0.74375 0.6375 0.046875 0.0453125
0 0.76875 0.528125 0.0453125 0.04375
0 0.24375 0.5015625 0.0453125 0.04375
0 0.19375 0.646875 0.046875 0.0453125
0 0.7375 0.5 0.0453125 0.04375
0 0.40625 0.4609375 0.04375 0.0453125
0 0.665625 0.6953125 0.04375 0.04375
0 0.5515625 0.64375 0.04375 0.0453125
0 0.4234375 0.734375 0.0453125 0.0453125
0 0.2046875 0.5296875 0.0453125 0.0421875
0 0.49375 0.4171875 0.04375 0.0453125
0 0.578125 0.6 0.04375 0.04375
0 0.6921875 0.6453125 0.04375 0.0453125
0 0.671875 0.278125 0.0453125 0.0484375
0 0.8109375 0.5171875 0.046875 0.0453125
0 0.5703125 0.3890625 0.04375 0.0453125
0 0.6296875 0.4453125 0.0421875 0.0421875
0 0.6953125 0.79375 0.0453125 0.046875
0 0.6203125 0.34375 0.0453125 0.0453125
0 0.753125 0.459375 0.0453125 0.04375
0 0.284375 0.51875 0.046875 0.0453125
0 0.503125 0.334375 0.04375 0.0453125
0 0.8046875 0.721875 0.0484375 0.0453125
0 0.328125 0.425 0.046875 0.046875
0 0.1984375 0.603125 0.046875 0.0453125
0 0.58125 0.690625 0.0421875 0.0421875
0 0.6203125 0.7171875 0.0453125 0.0453125
0 0.4546875 0.578125 0.04375 0.0453125
0 0.6328125 0.596875 0.0453125 0.04375
0 0.725 0.725 0.0453125 0.0453125
0 0.3953125 0.41875 0.04375 0.0453125
0 0.5296875 0.371875 0.04375 0.0453125
0 0.321875 0.6140625 0.04375 0.04375
0 0.3671875 0.5828125 0.04375 0.04375
0 0.7375 0.559375 0.0453125 0.0453125
0 0.5765625 0.346875 0.040625 0.0421875
0 0.6171875 0.2890625 0.046875 0.0484375
0 0.315625 0.7046875 0.0453125 0.0453125
0 0.4859375 0.3734375 0.04375 0.0453125
0 0.371875 0.5 0.04375 0.04375
0 0.5953125 0.6515625 0.04375 0.04375
0 0.25625 0.5515625 0.0453125 0.0453125
0 0.2515625 0.6703125 0.0453125 0.04375
0 0.2875 0.4546875 0.04375 0.04375
0 0.7796875 0.665625 0.046875 0.04375
0 0.5515625 0.4515625 0.0453125 0.04375
0 0.409375 0.68125 0.0421875 0.0421875
0 0.7859375 0.5671875 0.046875 0.04375
0 0.4296875 0.371875 0.04375 0.04375
0 0.796875 0.46875 0.0453125 0.046875
0 0.7109375 0.4390625 0.0453125 0.0453125
0 0.25 0.6265625 0.04375 0.0421875
0 0.3375 0.471875 0.0453125 0.04375
0 0.696875 0.4828125 0.04375 0.0453125
0 0.2890625 0.5859375 0.046875 0.0453125
0 0.4296875 0.5 0.0453125 0.04375
0 0.484375 0.459375 0.0421875 0.0421875
0 0.6046875 0.5640625 0.0453125 0.04375
0 0.440625 0.415625 0.04375 0.0453125
0 0.5265625 0.678125 0.0421875 0.0421875
0 0.30625 0.659375 0.04375 0.0421875
0 0.665625 0.553125 0.04375 0.04375
0 0.4140625 0.5875 0.040625 0.0421875
0 0.7265625 0.2890625 0.046875 0.046875