0 0.17072885517610964 0.3295992011079919 0.046918558666190255 0.046585494985435
0 0.08359375 0.4015625 0.0484375 0.034375
0 0.03671875 0.39921875 0.0484375 0.0390625
0 0.1484496635901984 0.35713316772189707 0.046918558666190345 0.04658549498543509
0 0.0475098764634331 0.32288253668480016 0.048481058666190256 0.04663095909205772
0 0.17578125 0.41015625 0.0453125 0.0171875
0 0.01171875 0.36640625 0.0234375 0.0484375
0 0.10549733908456624 0.36684313684308467 0.048481058666190346 0.04663095909205772
0 0.3342014932916106 0.3875888605166189 0.046809298022528624 0.04502299498543501
0 0.21756029650991932 0.3763665525199177 0.04346577673520517 0.04180706677218975
0 0.2390625 0.40625 0.04375 0.025
0 0.07197428092257904 0.264098570070895 0.05015281930985207 0.048238923198680436
0 0.18834269007330198 0.3911731986007094 0.04368429802252862 0.04493206677218957
0 0.9361796205113484 0.16508206004176512 0.04012225544788164 0.03859113855894432
0 0.9729590826282785 0.3555994114536909 0.04201253737886681 0.043324102665567035
0 0.98984375 0.0703125 0.0203125 0.0375
0 0.9189271464902488 0.3446331677218971 0.040231516091543365 0.04015363855894449
0 0.8632227217521855 0.11129181881725377 0.04012225544788164 0.03859113855894432
0 0.967003285614156 0.10491744985435077 0.03855975544788155 0.03854567445232178
0 0.1140625 0.9921875 0.028125 0.015625
0 0.27769014129446873 0.9822240959351424 0.02674817029858776 0.02572742570596276
0 0.22914338065080703 0.9823772086298395 0.02674817029858776 0.025727425705962936
0 0.20222024773108607 0.9643713547106311 0.02674817029858776 0.02572742570596276
0 0.15000218386911568 0.9722460391920826 0.02674817029858776 0.02572742570596276
0 0.19296875 0.99140625 0.0265625 0.0171875
0 0.12351609352404172 0.9479901852728745 0.02674817029858776 0.025727425705962936
0 0.17623690193813046 0.9777064290046681 0.02518567029858776 0.02568196159934022
0 0.09793693931699732 0.9331547954602888 0.02674817029858776 0.02572742570596276
0 0.7419276039156019 0.9391633838735839 0.048481058666190256 0.04663095909205772
0 0.71484375 0.79296875 0.0109375 0.0421875
0 0.7580332051564392 0.8879645967265652 0.05004355866619044 0.04667642319868044
0 0.7509198276845999 0.8329588479802066 0.04848105866619044 0.04663095909205772
0 0.72421875 0.721875 0.0296875 0.04375
0 0.71484375 0.8328125 0.0109375 0.04375