0 0.37562184481451516 0.2125 0.04497753087881229 0.0421875
0 0.27245607772575636 0.375 0.04497753087881229 0.0421875
0 0.1421608239648327 0.3421875 0.041897994985435005 0.04375
0 0.10913302678868426 0.2421875 0.041852530878812286 0.0421875
0 0.17753603431053175 0.3078125 0.04341503087881229 0.0421875
0 0.052713193719158544 0.140625 0.04341503087881247 0.0421875
0 0.3159285960681565 0.2234375 0.04341503087881229 0.0421875
0 0.1100924700456245 0.3703125 0.041852530878812286 0.0421875
0 0.15784800844628427 0.39375 0.04180706677218957 0.040625
0 0.3496216344688163 0.246875 0.04497753087881229 0.0421875
0 0.2841089800747543 0.4578125 0.04506845909205772 0.0453125
0 0.335439462523777 0.3046875 0.04502299498543501 0.04375
0 0.1500308114284204 0.2328125 0.041852530878812286 0.0421875
0 0.18957669622644105 0.1625 0.04346049498543501 0.04375
0 0.3208026495125111 0.378125 0.04502299498543501 0.04375
0 0.21116688822973995 0.2796875 0.04336956677218975 0.040625
0 0.34948993916681204 0.4125 0.046585494985435 0.04375
0 0.23038824967079563 0.3171875 0.04497753087881229 0.0421875
0 0.2704509600164945 0.2828125 0.04497753087881229 0.0421875
0 0.015625 0.16796875 0.03125 0.0421875
0 0.0640311269469688 0.18125 0.04341503087881229 0.0421875
0 0.18674120124100596 0.20625 0.04341503087881247 0.0421875
0 0.3736214241231172 0.28125 0.04502299498543501 0.04375
0 0.05081572459797092 0.0984375 0.04341503087881247 0.0421875
0 0.3802518573509275 0.321875 0.046585494985435 0.04375
0 0.18814326220720795 0.4265625 0.04346049498543501 0.04375
0 0.40546875 0.27734375 0.0265625 0.0421875
0 0.40390625 0.23046875 0.0296875 0.0421875
0 0.09438386817148015 0.1046875 0.04341503087881229 0.0421875
0 0.0046875 0.0890625 0.009375 0.04375
0 0.3405026987337235 0.184375 0.04493206677218957 0.040625
0 0.3984375 0.35625 0.040625 0.04375
0 0.1743728965430101 0.040625 0.04346049498543501 0.04375
0 0.05595053932509657 0.3515625 0.041852530878812286 0.0421875
0 0.2208554399582349 0.1078125 0.04502299498543501 0.04375
0 0.18067775468536046 0.3609375 0.041852530878812286 0.0421875
0 0.2626959474800822 0.1734375 0.04180706677218957 0.040625
0 0.14681018619731123 0.075 0.041852530878812286 0.0421875
0 0.3913330760098967 0.0484375 0.048193459092057724 0.0453125
0 0.18877036566419783 0.0828125 0.04341503087881229 0.0421875
0 0.24028477223633776 0.5140625 0.04506845909205772 0.0453125
0 0.35874526722177286 0.4703125 0.04663095909205772 0.0453125
0 0.06800792161583473 0.259375 0.04180706677218957 0.040625
0 0.02738292161583482 0.259375 0.03863660266556703 0.0390625
0 0.1561203723946223 0.453125 0.04506845909205772 0.0453125
0 0.09561139905029262 0.0625 0.04341503087881247 0.0421875
0 0.23047448086617717 0.153125 0.04341503087881229 0.0421875
0 0.01171875 0.4 0.0234375 0.04375
0 0.12413355265293173 0.15625 0.04180706677218975 0.040625
0 0.12145586738005738 0.409375 0.04019910266556703 0.0390625
0 0.2780147220906885 0.0765625 0.04502299498543501 0.04375
0 0.23841604684694406 0.4171875 0.04502299498543501 0.04375
0 0.2873275376092369 0.025 0.04506845909205772 0.0453125
0 0.34514003760923695 0.025 0.04506845909205772 0.0453125
0 0.2375715785171792 0.0703125 0.04180706677218975 0.040625
0 0.14402015531849877 0.1171875 0.04341503087881229 0.0421875
0 0.0109375 0.34609375 0.021875 0.0421875
0 0.6108031753767584 0.58125 0.025727425705962936 0.025
0 0.48314953681781414 0.61875 0.025772889812585652 0.0265625
0 0.65234375 0.6765625 0.0265625 0.025
0 0.4537515418323791 0.6625 0.025772889812585565 0.0265625
0 0.5516554959098718 0.5734375 0.025727425705962936 0.025
0 0.6400647780423255 0.5421875 0.025727425705962936 0.025
0 0.5607864550019297 0.528125 0.02572742570596276 0.025
0 0.5095589241231172 0.5703125 0.025727425705962936 0.025
0 0.6449675752184738 0.6421875 0.025772889812585475 0.0265625
0 0.432615990895307 0.5296875 0.025727425705962936 0.025
0 0.6141267521780781 0.628125 0.025772889812585475 0.0265625
0 0.4265625 0.58359375 0.015625 0.0265625
0 0.4464224266303997 0.5921875 0.027335389812585563 0.0265625
0 0.537291467538342 0.6375 0.02572742570596276 0.025
0 0.62734375 0.68359375 0.0265625 0.0109375
0 0.45180860860456884 0.621875 0.025772889812585565 0.0265625
0 0.5941946854058884 0.66875 0.025772889812585475 0.0265625
0 0.53203125 0.6796875 0.0265625 0.01875
0 0.5167469499873647 0.484375 0.025727425705962936 0.025
0 0.56953125 0.6859375 0.0265625 0.00625
0 0.5458313932443049 0.6125 0.025727425705962936 0.025
0 0.588576485880742 0.4859375 0.02572742570596276 0.025
0 0.6226379341522471 0.6578125 0.025727425705962936 0.025
0 0.50390625 0.67578125 0.0265625 0.0265625
0 0.4951614550019297 0.528125 0.025727425705962936 0.025
0 0.5830586086045688 0.621875 0.02572742570596276 0.025
0 0.48657606518934404 0.5546875 0.025727425705962936 0.025
0 0.5306897780423255 0.5421875 0.025727425705962936 0.025
0 0.46037727804232553 0.5421875 0.025727425705962936 0.025
0 0.6774116653476285 0.49375 0.02572742570596276 0.025
0 0.4569627730277606 0.4984375 0.025727425705962936 0.025
0 0.4849059166012698 0.5046875 0.025727425705962936 0.025
0 0.531462667854911 0.515625 0.025727425705962936 0.025
0 0.22829690076615225 0.915625 0.019295569279472246 0.01875
0 0.09061504433966157 0.921875 0.019295569279472246 0.01875
0 0.29396736487277497 0.9140625 0.019295569279472246 0.01875
0 0.09450823713438324 0.734375 0.01925010517284953 0.0171875
0 0.17304711111185123 0.88125 0.019295569279472246 0.01875
0 0.0851499575092121 0.7875 0.01929556927947216 0.01875
0 0.1376264366595296 0.9171875 0.017733069279472158 0.01875
0 0.08235992663039973 0.8296875 0.01929556927947216 0.01875
0 0.11523461111185122 0.88125 0.019295569279472246 0.01875
0 0.08733223462710082 0.7125 0.019295569279472246 0.01875
0 0.15076293415224712 0.8953125 0.01929556927947216 0.01875
0 0.10987717286947603 0.796875 0.01929556927947216 0.01875
0 0.11071224716351313 0.821875 0.01929556927947216 0.01875
0 0.21317200593900174 0.8984375 0.01929556927947216 0.01875
0 0.13568350343171928 0.8765625 0.01929556927947216 0.01875
0 0.1189506444979461 0.8609375 0.017733069279472158 0.01875
0 0.09496757521847395 0.8796875 0.019295569279472246 0.01875
0 0.23310407271119155 0.8578125 0.019295569279472246 0.01875
0 0.08181435735092757 0.8484375 0.019295569279472246 0.01875
0 0.09906404183237907 0.9 0.01929556927947216 0.01875
0 0.10083714199066365 0.8390625 0.01929556927947216 0.01875
0 0.2403710034317193 0.8765625 0.017733069279472248 0.01875
0 0.0986381444979461 0.8609375 0.017733069279472158 0.01875
0 0.07966082396483269 0.86875 0.01929556927947216 0.01875
0 0.07856968540588838 0.90625 0.019295569279472246 0.01875
0 0.20476847255290692 0.91875 0.017733069279472158 0.01875
0 0.11271736487277498 0.9140625 0.019295569279472246 0.01875
0 0.08768392412311728 0.8078125 0.01929556927947216 0.01875
0 0.7953480084462842 0.9671875 0.02898881802583091 0.0296875
0 0.9 0.9953125 0.03125 0.009375
0 0.7796875 0.990625 0.028125 0.01875
0 0.8524618264721152 0.9375 0.028943353919208194 0.028125
0 0.8213482187919832 0.9328125 0.030551318025830908 0.0296875
0 0.8657059725529068 0.965625 0.028943353919208194 0.028125
0 0.85625 0.98984375 0.028125 0.0203125
0 0.8982911520197934 0.9734375 0.03050585391920819 0.028125
0 0.8766267521780782 0.9125 0.028943353919208194 0.028125
0 0.8265625 0.990625 0.028125 0.01875
0 0.8820583982588698 0.940625 0.028943353919208194 0.028125
0 0.8344105084462843 0.9671875 0.028943353919208194 0.028125