0 0.45806540490983993 0.2546875 0.04209821996293321 0.0421875
0 0.42001976788653134 0.2703125 0.04209821996293321 0.0421875
0 0.4984375 0.32109375 0.040625 0.0421875
0 0.5109375 0.2859375 0.015625 0.04375
0 0.34166164411006666 0.1875 0.04371528366526398 0.04375
0 0.38310012124457593 0.2984375 0.04209821996293321 0.0421875
0 0.50703125 0.15859375 0.0234375 0.0421875
0 0.48099696262172104 0.1796875 0.04366071996293321 0.0421875
0 0.50625 0.359375 0.025 0.01875
0 0.2233977390305908 0.3078125 0.04371528366526398 0.04375
0 0.2741467618960815 0.196875 0.045223219962933034 0.0421875
0 0.3606646152541261 0.225 0.04366071996293321 0.0421875
0 0.4734375 0.35546875 0.04375 0.0265625
0 0.48733624265878783 0.221875 0.04366071996293321 0.0421875
0 0.22100191452848672 0.2421875 0.04366071996293312 0.0421875
0 0.18404755155179528 0.2265625 0.045277783665263985 0.04375
0 0.22625489891939007 0.18125 0.04371528366526398 0.04375
0 0.30597711525412613 0.225 0.04366071996293312 0.0421875
0 0.1932935767795388 0.275 0.045277783665263985 0.04375
0 0.2985068664352525 0.3046875 0.04366071996293304 0.0421875
0 0.2537201560909662 0.334375 0.04366071996293312 0.0421875
0 0.3321428003706689 0.146875 0.04366071996293304 0.0421875
0 0.3437102390305908 0.3078125 0.040481156260602266 0.040625
0 0.42756442777533066 0.14375 0.04209821996293304 0.0421875
0 0.13529753830495136 0.325 0.046785719962933126 0.0421875
0 0.4151537078123976 0.1859375 0.04042659255827132 0.0390625
0 0.4984375 0.11640625 0.040625 0.0421875
0 0.2359375 0.36328125 0.04375 0.0109375
0 0.12890625 0.35625 0.0484375 0.025
0 0.37600192777533065 0.14375 0.04366071996293304 0.0421875
0 0.18609614647231937 0.346875 0.04360615626060227 0.040625
0 0.14405746861217072 0.253125 0.04360615626060227 0.040625
0 0.50234375 0.0765625 0.0328125 0.040625
0 0.26635410926367636 0.1515625 0.045277783665263985 0.04375
0 0.3664830840359329 0.103125 0.04366071996293304 0.0421875
0 0.4634126477382637 0.1015625 0.04366071996293321 0.0421875
0 0.4211705840359329 0.103125 0.04371528366526398 0.04375
0 0.43815967659420424 0.0640625 0.04533234736759475 0.0453125
0 0.6137152041842004 0.309375 0.045277783665263985 0.04375
0 0.63515625 0.359375 0.0453125 0.01875
0 0.525 0.24375 0.0125 0.04375
0 0.57681540490984 0.2921875 0.04684028366526398 0.04375
0 0.5265625 0.2015625 0.015625 0.04375
0 0.5234375 0.2859375 0.009375 0.04375
0 0.53515625 0.35625 0.0328125 0.025
0 0.552490016705405 0.228125 0.04684028366526398 0.04375
0 0.5390625 0.30859375 0.040625 0.0421875
0 0.5448213604448027 0.26875 0.0452232199629331 0.0421875
0 0.56640625 0.35859375 0.0453125 0.0203125
0 0.60390625 0.3484375 0.0453125 0.040625
0 0.4515625 0.99296875 0.046875 0.0140625
0 0.3738640528177397 0.5109375 0.04533234736759475 0.0453125
0 0.41015625 0.98515625 0.0453125 0.0296875
0 0.41952869456555364 0.8140625 0.045277783665263985 0.04375
0 0.11623502505810746 0.953125 0.048511911069925695 0.046875
0 0.26634415246276916 0.95 0.048511911069925695 0.046875
0 0.18359375 0.97890625 0.0484375 0.0421875
0 0.26358622941194393 0.85 0.04684028366526398 0.04375
0 0.46075887369164664 0.6625 0.04533234736759475 0.0453125
0 0.4088194061757842 0.5390625 0.046949411069925694 0.046875
0 0.42586306243638655 0.4984375 0.04533234736759475 0.0453125
0 0.18521323666833805 0.678125 0.04689484736759484 0.0453125
0 0.2703125 0.98828125 0.046875 0.0234375
0 0.4650594493748771 0.8078125 0.045277783665263985 0.04375
0 0.4229513388452563 0.6265625 0.04689484736759475 0.0453125
0 0.51171875 0.825 0.0140625 0.04375
0 0.16202372941194393 0.85 0.04689484736759484 0.0453125
0 0.4581398159797655 0.7375 0.04360615626060227 0.040625
0 0.3106348773198437 0.5765625 0.04689484736759484 0.0453125
0 0.4712102787711226 0.5421875 0.04689484736759475 0.0453125
0 0.23882930998931579 0.6640625 0.04366071996293312 0.0421875
0 0.3991021549946579 0.459375 0.04371528366526398 0.04375
0 0.35951379910472453 0.921875 0.04533234736759475 0.0453125
0 0.5 0.64921875 0.0375 0.0453125
0 0.3259374735063122 0.4515625 0.04538691106992569 0.046875
0 0.4302975250581074 0.953125 0.046949411069925694 0.046875
0 0.35 0.98515625 0.046875 0.0296875
0 0.38769834120750896 0.7859375 0.04684028366526398 0.04375
0 0.24613088930074323 0.7234375 0.04684028366526398 0.04375
0 0.19703364647231938 0.8765625 0.046949411069925694 0.046875
0 0.2728719493748771 0.8078125 0.04684028366526398 0.04375
0 0.34146821506879166 0.54375 0.046949411069925694 0.046875
0 0.3434969626217209 0.709375 0.04684028366526398 0.04375
0 0.2568402439247322 0.50625 0.04533234736759475 0.0453125
0 0.28235116461330473 0.446875 0.047003974772256554 0.0484375
0 0.35070428349562793 0.8609375 0.04533234736759475 0.0453125
0 0.49765625 0.5828125 0.0421875 0.046875
0 0.4735564517371298 0.9671875 0.04694941106992552 0.046875
0 0.3156943664352525 0.834375 0.04684028366526398 0.04375
0 0.4686358279606651 0.884375 0.045223219962933034 0.0421875
0 0.4840624205189365 0.8453125 0.045277783665263985 0.04375
0 0.34024796624991804 0.6234375 0.04533234736759475 0.0453125
0 0.2172717354023937 0.9234375 0.04689484736759475 0.0453125
0 0.42093248185901466 0.684375 0.04689484736759475 0.0453125
0 0.31847213685367254 0.8890625 0.04684028366526398 0.04375
0 0.19959814048186963 0.803125 0.045223219962933034 0.0421875
0 0.23780746861217072 0.7828125 0.045277783665263985 0.04375
0 0.22022813212916711 0.5703125 0.046949411069925694 0.046875
0 0.26430551434315225 0.5609375 0.045277783665263985 0.04375
0 0.49921875 0.75 0.0390625 0.04375
0 0.50078125 0.6953125 0.0359375 0.04375
0 0.4522767402965352 0.5921875 0.04533234736759475 0.0453125
0 0.22345230273292166 0.8359375 0.045223219962933034 0.0421875
0 0.3021527439247322 0.50625 0.04371528366526398 0.04375
0 0.3703124337657804 0.746875 0.04684028366526398 0.04375
0 0.3339781188823232 0.66875 0.04366071996293304 0.0421875
0 0.7639533063611188 0.5265625 0.04684028366526398 0.04375
0 0.9277281188823231 0.4453125 0.046894847367595104 0.0453125
0 0.819454283495628 0.6375 0.04845734736759475 0.0453125
0 0.918115016705405 0.496875 0.05001984736759475 0.0453125
0 0.53515625 0.4546875 0.0328125 0.04375
0 0.8340277041842004 0.578125 0.04684028366526398 0.04375
0 0.8245485551799924 0.446875 0.04684028366526398 0.04375
0 0.8420832847615722 0.3921875 0.04684028366526398 0.04375
0 0.954176513077208 0.5828125 0.04845734736759475 0.0453125
0 0.5805604530030741 0.4984375 0.045277783665263985 0.04375
0 0.9828125 0.55234375 0.034375 0.0453125
0 0.8836507366683382 0.4546875 0.046840283665263625 0.04375
0 0.99453125 0.51484375 0.0109375 0.0453125
0 0.8964929878494644 0.534375 0.04845734736759475 0.0453125
0 0.7009572546396875 0.675 0.04689484736759475 0.0453125
0 0.9188193664352525 0.6109375 0.04845734736759475 0.0453125
0 0.9642459722403679 0.4734375 0.04996528366526398 0.04375
0 0.9594294974681112 0.521875 0.048511911069925875 0.046875
0 0.53515625 0.37578125 0.0328125 0.0140625
0 0.67578125 0.3765625 0.0453125 0.015625
0 0.62890625 0.38515625 0.0453125 0.0328125
0 0.8089929878494644 0.534375 0.046785719962933216 0.0421875
0 0.8630405923886354 0.6421875 0.04684028366526398 0.04375
0 0.9890625 0.64921875 0.021875 0.0453125
0 0.8789582582678845 0.5890625 0.04845734736759475 0.0453125
0 0.9094245190676578 0.65625 0.050019847367595106 0.0453125
0 0.7557538820443491 0.671875 0.04684028366526398 0.04375
0 0.6268749470126244 0.425 0.045277783665263985 0.04375
0 0.6586953435697618 0.721875 0.04689484736759475 0.0453125