0 0.0171875 0.1296875 0.034375 0.046875
0 0.07485838894019388 0.13964342446625766 0.04464464206513981 0.04538427759440165
0 0.035507462603599646 0.16459680289049627 0.04308214206513981 0.04526587842423861
0 0.00859375 0.065625 0.0171875 0.04375
0 0.08664575739839755 0.09951533193479038 0.04464464206513981 0.04538427759440165
0 0.07959212059492948 0.05924552944527948 0.0462981473268119 0.047065176764564676
0 0.03951315216496063 0.07169890786951809 0.04464464206513981 0.04538427759440165
0 0.0109375 0.2734375 0.021875 0.046875
0 0.04389535722898845 0.28166590372033323 0.0447356473268119 0.04694677759440165
0 0.034375 0.02109375 0.04375 0.0421875
0 0.18800937827567576 0.27702318006533505 0.04795165258848364 0.04874607593472753
0 0.025281136097596413 0.3662543912727786 0.04638915258848364 0.04862767676456468
0 0.11722789946353754 0.13957164687185603 0.042900131541796324 0.042140878424238616
0 0.07421875 0.0140625 0.0453125 0.028125
0 0.00546875 0.31328125 0.0109375 0.0484375
0 0.02907399403245652 0.3235932945921265 0.0447356473268119 0.04694677759440165
0 0.19272769937883288 0.22330618421451992 0.04951415258848364 0.04886447510489074
0 0.12281004152867743 0.18152234853152996 0.04786064732681172 0.0471835759347277
0 0.17557102048199003 0.1712467767459871 0.04951415258848364 0.04886447510489074
0 0.12103616794997621 0.07022965102104087 0.0478606473268119 0.0471835759347277
0 0.026845094145395976 0.2044880970816374 0.04299113680346807 0.04370337842423862
0 0.0203125 0.40546875 0.040625 0.0484375
0 0.9578125 0.0953125 0.084375 0.075
0 0.7816544205102248 0.14639217716554995 0.08874325256024881 0.08139355518880328
0 0.7900745942865702 0.048451584634082855 0.07513577886860805 0.08814046265733602
0 0.9067901993788329 0.22008794106299714 0.08718075256024882 0.08127515601864026
0 0.9015625 0.01953125 0.08125 0.0390625
0 0.9084451626883043 0.05988414687185602 0.08856124203690499 0.0782685551888033
0 0.84609375 0.03828125 0.0609375 0.0765625
0 0.8796508467056448 0.26608752529609453 0.06924979991529537 0.09391686597668389
0 0.8630864310335685 0.14336042031707272 0.06299979991529536 0.09344326929603178
0 0.7625 0.01875 0.053125 0.0375
0 0.8283165888837241 0.19307700040098527 0.05371580517696728 0.09429537427505359
0 0.9161050152203181 0.1644532477016929 0.06594278939195171 0.09055506763635783
0 0.9546875 0.2859375 0.090625 0.0625
0 0.3840388839608707 0.592463538993049 0.04637374203690499 0.07507177759440165
0 0.37901818401734033 0.5332069381632121 0.06127069994353036 0.06375576929603186
0 0.20976400995864636 0.9415200360932641 0.05547572625188959 0.07109467261537983
0 0.20227075739839756 0.8667568344335901 0.05253273677523325 0.07398287427505376
0 0.4109375 0.7 0.0375 0.0625
0 0.32672764192396553 0.5246141107785919 0.049407736775233246 0.0737460759347277
0 0.24292657850155472 0.8103166576690255 0.05087923151356133 0.07230197510489074
0 0.409375 0.84453125 0.040625 0.0453125
0 0.1640625 0.97109375 0.065625 0.0578125
0 0.1365701626883043 0.843486200410274 0.061634720990217676 0.07000576929603194
0 0.3386199681476203 0.6210155140979399 0.07064569994353036 0.06446616431701005
0 0.42421875 0.9203125 0.0109375 0.071875
0 0.3625 0.99140625 0.06875 0.0171875
0 0.3556856417827913 0.6715124215664726 0.06586719468185845 0.06254846680652096
0 0.20625 0.99140625 0.075 0.0171875
0 0.409375 0.65 0.040625 0.06875
0 0.11707962613895004 0.5357920995804372 0.04637374203690507 0.07507177759440165
0 0.3778167889684287 0.8628711273753314 0.04453822625188941 0.07026587842423862
0 0.41015625 0.5453125 0.0390625 0.071875
0 0.30330409442774464 0.6613570941818524 0.0676117052052021 0.06579186597668399
0 0.3397861679499762 0.829656808289081 0.041595236775233246 0.07315408008391273
0 0.3995868312029778 0.724684043142234 0.05207771046687384 0.06617037427505376
0 0.15859375 0.5109375 0.0515625 0.0625
0 0.36612188381969635 0.7429138248858205 0.05961719468185844 0.06207487012586883
0 0.3713385467903493 0.9402624215664727 0.043248742036904986 0.07483497925407576
0 0.2768773732963526 0.7465375775851129 0.043248742036904986 0.07483497925407559
0 0.3304588576525114 0.5886766107785919 0.06881018415851478 0.05966026514684701
0 0.15031341524855307 0.917775805389296 0.07046368942018652 0.06134116431700996
0 0.23176083632347533 0.8880631493706556 0.05685621572854584 0.06808807178554285
0 0.32044536277300895 0.7400974008205482 0.0629242052052021 0.06543666846619489
0 0.3794115681193853 0.6477430348438642 0.05097023677523325 0.07386447510489073
0 0.40654800469697444 0.9250392406527229 0.04472023677523325 0.07339087842423861
0 0.19043861533325765 0.8252797294545683 0.05262374203690508 0.07554537427505359
0 0.4078125 0.77734375 0.04375 0.0453125
0 0.328125 0.9828125 0.071875 0.034375
0 0.3671875 0.50546875 0.06875 0.0515625
0 0.1351294890531333 0.7918053012401111 0.06944722099021768 0.07059776514684693
0 0.16372492591307114 0.7708057170070136 0.06301521046687401 0.06699916846619498
0 0.3921831258566014 0.8131312365035381 0.07258763154179633 0.04439046265733602
0 0.12129523123121269 0.7159531962610892 0.035527247298576904 0.07580548340326052
0 0.17763623649288451 0.7132533261352203 0.07184417889684287 0.05833456348717299
0 0.27200640472520937 0.9054156701165802 0.0743321420651399 0.04763386182749905
0 0.293016125715427 0.9697382792447868 0.07276964206513999 0.04751546265733601
0 0.3559880206231643 0.7844860182471247 0.07258763154179633 0.04439046265733602
0 0.22493544169808666 0.7708756493706558 0.07148015785015546 0.05208456348717298
0 0.23462968913783788 0.6948100568391885 0.06430469468185844 0.062430067636357923
0 0.353125 0.490625 0.071875 0.021875
0 0.27498167335282236 0.6870441784149499 0.06439569994353027 0.06399256763635801
0 0.2759995998305908 0.5159028842238087 0.07166216837349922 0.055209563487173076
0 0.2930777679217413 0.8630146825641347 0.07019067363517095 0.05665366431700995
0 0.20917612087727822 0.5272440485408187 0.07047909997176519 0.03489706348717307
0 0.2989512524190744 0.5596761950116893 0.07138915258848363 0.05052206348717307
0 0.329712488911959 0.9261532999907113 0.05685621572854575 0.06808807178554269
0 0.41640625 0.503125 0.0265625 0.046875
0 0.27244602048199 0.9399090692867432 0.07571263154179615 0.04462726099766208
0 0.23199053654935425 0.6494975568391885 0.07286064732681172 0.049077962657336015
0 0.18818035239083955 0.597888435263427 0.07322466837349921 0.055327962657336104
0 0.41171875 0.875 0.0359375 0.034375
0 0.2546875 0.98046875 0.059375 0.0390625
0 0.3401193678935064 0.889268606629407 0.06881018415851478 0.05966026514684693
0 0.2390302208490433 0.5548003634778842 0.07295165258848364 0.050640462657336106
0 0.13018584186749585 0.5991442045594589 0.06862817363517104 0.056535265146846925
0 0.16862671558737147 0.5585658261352203 0.07222361049510884 0.0381404626573361
0 0.209375 0.49609375 0.065625 0.0328125
0 0.3035000574548673 0.7994490900326675 0.032220236775233245 0.07244368506293437
0 0.1659861049510883 0.6749012211561984 0.06706567363517095 0.05641686597668398
0 0.27159761007158584 0.8175604726060911 0.041595236775233246 0.07315408008391255
0 0.33866474175455635 0.7026207116084289 0.07066111049510884 0.038022063487172984
0 0.2011199681476202 0.6314346410722859 0.07415013154179614 0.044508861827499135
0 0.2742844523626047 0.6211823800746238 0.07415013154179624 0.044508861827499045
0 0.1344784997176513 0.6459008053892961 0.06899219468185844 0.06278526514684701
0 0.40546875 0.975 0.0484375 0.05
0 0.28359375 0.48984375 0.0734375 0.0203125
0 0.267594836605824 0.5871625775851129 0.07736613680346807 0.04630816016782511
0 0.20887082594130596 0.7375662419021228 0.07920165258848363 0.05111405933798814
0 0.415625 0.60859375 0.028125 0.0734375
0 0.48841963097709884 0.6769121618182103 0.09937691567207611 0.13042305103961843
0 0.6000697625188951 0.7076867199067987 0.13129477360693614 0.09084033278320494
0 0.4765625 0.52265625 0.09375 0.0859375
0 0.5350524362952405 0.6153108883729935 0.12355786831702949 0.11825493776222692
0 0.728953625715427 0.6571161896131047 0.11905237884037305 0.12102474025173784
0 0.553125 0.5390625 0.090625 0.11875
0 0.7271628835373477 0.7341522862937567 0.1321292315135615 0.07845873195336797
0 0.44609375 0.56484375 0.0328125 0.1359375