0 0.24660710866978713 0.19992828760334164 0.0455963428896375 0.04709517589344294
0 0.25700609779537215 0.2520001235728968 0.04228034190105419 0.04228034190105419
0 0.20200026281440026 0.2575842787060931 0.045469008897248565 0.043970175893442945
0 0.08161877863173102 0.17755458600673615 0.04559634288963732 0.04709517589344294
0 0.1060617272254059 0.42270525992301283 0.043906508897248564 0.043906508897248564
0 0.06485840707318165 0.3584225840295698 0.043906508897248564 0.043906508897248564
0 0.03963291399326381 0.3245277450942652 0.043906508897248564 0.043906508897248564
0 0.4650440908752899 0.2933440010629453 0.04703150889724857 0.04403384288963732
0 0.4479600671492937 0.40533466509339017 0.04384284190105418 0.04234400889724874
0 0.36887474501990314 0.34889898129128183 0.04384284190105418 0.04234400889724856
0 0.35930342684484506 0.27651464532172665 0.04071784190105419 0.04221667490485981
0 0.03671875 0.45859375 0.0421875 0.0203125
0 0.40796641992476285 0.31136448919994714 0.04384284190105418 0.04234400889724856
0 0.05684427171164881 0.2094120810638203 0.043906508897248564 0.043906508897248564
0 0.17366040410743205 0.3769417737631772 0.04234400889724856 0.04384284190105418
0 0.11960425688290117 0.2823985949039847 0.043906508897248564 0.043906508897248564
0 0.17734375 0.45390625 0.0421875 0.0296875
0 0.07929759186387315 0.27293075300293057 0.04234400889724856 0.04384284190105418
0 0.2501884120160975 0.342497789580508 0.04228034190105419 0.04228034190105419
0 0.3640625 0.46015625 0.04375 0.0171875
0 0.01328125 0.3640625 0.0265625 0.040625
0 0.12553060471545444 0.21377592889637356 0.04071784190105419 0.04221667490485981
0 0.34852243574209363 0.2338178093521715 0.04553267589344294 0.04553267589344294
0 0.370951898175933 0.41315248227986495 0.043906508897248564 0.043906508897248564
0 0.4093777282139891 0.43036915718472474 0.045469008897248565 0.043970175893442945
0 0.28737539422160036 0.4285281314815622 0.043970175893442945 0.045469008897248565
0 0.13389756714929374 0.3925375988583174 0.04234400889724874 0.04384284190105418
0 0.21074391003893114 0.3502811146756482 0.043906508897248564 0.043906508897248744
0 0.09338926676873296 0.23437758897248573 0.04071784190105419 0.04221667490485981
0 0.11171875 0.45625 0.0453125 0.025
0 0.23268789422160036 0.42629978661475854 0.043906508897248564 0.043906508897248564
0 0.01640625 0.22734375 0.0328125 0.0453125
0 0.2937474110275143 0.3489679654739509 0.043906508897248564 0.043906508897248744
0 0.14444243079917776 0.2489785998469006 0.043906508897248564 0.043906508897248564
0 0.45870124897423575 0.3337780000743621 0.04703150889724857 0.0440338428896375
0 0.25078125 0.45390625 0.0453125 0.0296875
0 0.0928852479856526 0.3235674229648745 0.045469008897248565 0.043970175893442945
0 0.4081229288220114 0.2691133222037528 0.045469008897248565 0.043970175893442945
0 0.31796875 0.4515625 0.0453125 0.034375
0 0.3387070839552077 0.321063141367394 0.04234400889724856 0.04384284190105418
0 0.3988514050960152 0.3814223212151696 0.04553267589344294 0.04553267589344294
0 0.5642668635755219 0.13944177376317723 0.016325336958138335 0.01782416996194396
0 0.5698112094309088 0.08019410775556608 0.016325336958138335 0.017824169961943782
0 0.569782034526049 0.11932027475176046 0.01626166996194378 0.01626166996194378
0 0.5859163704956042 0.10745694471370433 0.016261669961943958 0.016261669961943958
0 0.6083351985564939 0.13341194965662018 0.017887836958138337 0.017887836958138337
0 0.5962808675298547 0.12196511368706506 0.016325336958138335 0.01782416996194396
0 0.5665243833471854 0.045628106766982854 0.01626166996194378 0.016261669961943958
0 0.2973923813700191 0.8781567638773454 0.03083350593149916 0.029334672927693362
0 0.3556850424347145 0.9071386097327323 0.03089717292769336 0.03089717292769336
0 0.2244350424347144 0.9017905820524035 0.03245967292769345 0.030960839923887918
0 0.19353255232054617 0.8535785751323213 0.03245967292769336 0.030960839923887918
0 0.31235153650321534 0.9335446008354837 0.03089717292769336 0.03089717292769336
0 0.2834917074537424 0.9120224279077904 0.03089717292769336 0.03089717292769336
0 0.28667505726346204 0.8338974279077904 0.030833505931498983 0.029334672927693362
0 0.51484375 0.86953125 0.0296875 0.0296875
0 0.32886255726346203 0.8356164368050389 0.029271005931498985 0.029271005931499162
0 0.36334103353746594 0.9497081117098988 0.03089717292769336 0.03089717292769336
0 0.42659972030532367 0.8568149575652855 0.03083350593149916 0.029334672927693362
0 0.35768789422160036 0.819574942736538 0.029271005931499162 0.029271005931498985
0 0.21212072623682277 0.8199039120904595 0.03239600593149907 0.029398339923887917
0 0.36540223513407133 0.7838921107213155 0.030833505931498983 0.029334672927693362
0 0.14423288927868447 0.8343537312541007 0.03245967292769345 0.030960839923887918
0 0.43511787444993677 0.9166356265386464 0.03089717292769336 0.03089717292769336
0 0.4253900473776303 0.8865024575652856 0.03083350593149916 0.029334672927693362
0 0.4360967371112377 0.7773821255500633 0.030833505931498983 0.029334672927693362
0 0.33527438334718535 0.8703097717860109 0.03083350593149916 0.029334672927693362
0 0.4271382311797387 0.8051887905690911 0.03083350593149916 0.029334672927693362