0 0.009375 0.0703125 0.01875 0.046875
0 0.04895924593951495 0.04862662669123576 0.044540932629559826 0.04888378121376693
0 0.041910405030124484 0.09173889790306307 0.042951159090609536 0.04719373545613248
0 0.00703125 0.02109375 0.0140625 0.0421875
0 0.10859375 0.0203125 0.0453125 0.040625
0 0.071875 0.1625 0.04375 0.034375
0 0.07658541395857821 0.11173240457102285 0.042951159090609536 0.04719373545613248
0 0.08656834009531629 0.05793772487446462 0.04136138555165925 0.04550368969849794
0 0.14394446347211085 0.03765691790694241 0.044540932629559826 0.04888378121376693
0 0.1104694902574721 0.08641341123898268 0.04133411201270896 0.04394118969849794
0 0.39384682629559864 0.14371701758798333 0.030178423701106107 0.030548369395056164
0 0.5047025056787475 0.14808526638003539 0.028588650162155817 0.028858323637421534
0 0.47161727028924416 0.12978180546971013 0.028615923701106105 0.030420823637421535
0 0.3900672613607904 0.10596192607271426 0.028615923701106105 0.030420823637421535
0 0.5651490819776415 0.12493455092778216 0.028615923701106105 0.030420823637421535
0 0.6653945438281945 0.14715997941639253 0.028615923701106105 0.030420823637421535
0 0.695880884737585 0.10596089456908313 0.028615923701106105 0.030420823637421535
0 0.7015071420411856 0.653825341225405 0.04451365909060954 0.04732128121376711
0 0.7437140073003053 0.7477665309239029 0.044540932629559826 0.04888378121376693
0 0.7476809383083074 0.5280917597120756 0.041361385551659066 0.04550368969849785
0 0.6045309561652149 0.5507325500096983 0.04451365909060954 0.04732128121376693
0 0.7747264537295829 0.6473199918342282 0.044540932629559826 0.04888378121376693
0 0.675088918015768 0.5705346091032524 0.04766593262955983 0.04913887272903601
0 0.8412127499967047 0.5232445051701478 0.04292388555165925 0.04563123545613248
0 0.7428139805149442 0.6962040309239029 0.044568206168510115 0.05044628121376693
0 0.7471821063273707 0.588901713954441 0.04451365909060954 0.04732128121376711
0 0.7866070706135557 0.5234679036529389 0.04292388555165907 0.045631235456132305