0 0.3651373186852651 0.2342036134102088 0.04538427759440165 0.04316942496187508
0 0.2414145535384181 0.1658146764804865 0.047065176764564676 0.04476829255305574
0 0.17493744855939627 0.1736258700597225 0.047065176764564676 0.04476829255305557
0 0.125197557687603 0.15531097473312522 0.04538427759440165 0.04316942496187508
0 0.4141649693053207 0.14020034669270878 0.045502676764564674 0.04473192496187508
0 0.21267609213048191 0.28056685429215306 0.04538427759440165 0.04316942496187508
0 0.2097627344521677 0.2009520894745142 0.045502676764564674 0.04473192496187508
0 0.2660127344521677 0.2022613227570142 0.04694677759440165 0.04320579255305575
0 0.379648259347277 0.15811389209555599 0.04694677759440165 0.043205792553055566
0 0.2950149954498298 0.2762443366247226 0.045502676764564674 0.04473192496187508
0 0.32893970955705837 0.2505182912218754 0.04538427759440165 0.04316942496187508
0 0.13635039047080794 0.28190984232430577 0.047065176764564676 0.04476829255305557
0 0.22728027594401645 0.12337260334222258 0.04538427759440165 0.04316942496187508
0 0.12669012532396096 0.21617573955076413 0.04694677759440165 0.043205792553055566
0 0.0880061336223307 0.1996779173624308 0.047065176764564676 0.04476829255305557
0 0.2707934776036904 0.12126589589527814 0.047065176764564676 0.04476829255305557
0 0.3209118767738534 0.123992158813056 0.045502676764564674 0.04473192496187508
0 0.10261400789738442 0.24836999050069472 0.04862767676456468 0.04480466014423605
0 0.39077593611184164 0.2020457300514588 0.04694677759440165 0.043205792553055566
0 0.4378178020885256 0.2670901550133339 0.04694677759440165 0.043205792553055566
0 0.314615255198092 0.16439895326597256 0.04370337842423862 0.041570557370694414
0 0.31146509917945175 0.08165918844833371 0.045502676764564674 0.04473192496187508
0 0.256662890470808 0.2847101468452086 0.043821777594401645 0.043133057370694415
0 0.41554098300227515 0.3024457735544449 0.045502676764564674 0.04473192496187508
0 0.1081321473192852 0.3623597553183336 0.04694677759440165 0.043205792553055566
0 0.05251891951510208 0.22536759517409743 0.04682837842423861 0.041643292553055565
0 0.39221819171091904 0.09757643559854215 0.047065176764564676 0.04476829255305557
0 0.45429306183678786 0.15517203647222272 0.04370337842423862 0.041570557370694414
0 0.16961317636357937 0.30919969414791704 0.04370337842423862 0.041570557370694414
0 0.35353420000928876 0.08107861341020879 0.047065176764564676 0.04476829255305557
0 0.05015278134260122 0.29706075721819464 0.050071777594401644 0.04327852773541672
0 0.4646907232540129 0.4158913309251394 0.047065176764564676 0.04476829255305574
0 0.39538981328668044 0.057096905963264354 0.04370337842423879 0.041570557370694414
0 0.04854365976683983 0.3375766544446529 0.05019017676456468 0.04484102773541672
0 0.39425982408384985 0.41269228932201435 0.04358497925407558 0.04000805737069442
0 0.10337286972488355 0.320135887727153 0.04538427759440165 0.04316942496187508
0 0.49491990706754746 0.25906075588701444 0.04694677759440165 0.043205792553055566
0 0.4358964141165174 0.05647996333395886 0.045502676764564674 0.04473192496187508
0 0.46831078549178606 0.2989947716545839 0.04694677759440165 0.043205792553055566
0 0.4363988572773289 0.3512833170574311 0.045502676764564674 0.04473192496187508
0 0.44217710582743636 0.4481219494662505 0.047065176764564676 0.04476829255305557
0 0.37278664317010024 0.37631837822784764 0.04538427759440182 0.04316942496187508
0 0.15886585312814402 0.35262238582729194 0.04538427759440165 0.04316942496187508
0 0.31450054648944825 0.3687227773541671 0.04538427759440165 0.04316942496187508
0 0.25677759917945175 0.0803863227570143 0.047065176764564676 0.04476829255305557
0 0.5796875 0.23671875 0.01875 0.0453125
0 0.2768122149556431 0.427115852392292 0.047065176764564676 0.04476829255305557
0 0.3937377605966768 0.344051392095556 0.045502676764564674 0.04473192496187508
0 0.42529633653140453 0.390018508736806 0.04370337842423862 0.041570557370694414
0 0.2589609415104263 0.376788544071667 0.04370337842423862 0.041570557370694414
0 0.5083456348717306 0.3950709910693755 0.045502676764564674 0.04473192496187508
0 0.5209603435803744 0.19103810771062557 0.04538427759440165 0.04316942496187508
0 0.565625 0.4234375 0.046875 0.046875
0 0.48203125 0.00859375 0.0515625 0.0171875
0 0.5703125 0.34140625 0.0375 0.0453125
0 0.16212887262466857 0.12809516451263914 0.047065176764564676 0.04476829255305574
0 0.5613252344521678 0.2091347974901395 0.047065176764564676 0.04476829255305557
0 0.5282311597668399 0.34874150493708383 0.045502676764564674 0.04473192496187508
0 0.5318260659859727 0.14917791603125058 0.04694677759440165 0.043205792553055566
0 0.16987513072254568 0.3949917237831947 0.047065176764564676 0.04476829255305557
0 0.56953125 0.16796875 0.0390625 0.0453125
0 0.56484375 0.26640625 0.0484375 0.0453125
0 0.3242485190955392 0.04452286436013928 0.0471835759347277 0.04633079255305557
0 0.5435745850815119 0.48947560771062565 0.048746075934727705 0.04636716014423605
0 0.534375 0.015625 0.05 0.03125
0 0.4296875 0.01328125 0.05 0.0265625
0 0.83125 0.6078125 0.0625 0.021875
0 0.8175537688950465 0.47559494566652843 0.06555506763635784 0.06235583605604163
0 0.8865890340418936 0.5427110169049312 0.06543666846619481 0.060793336056041626
0 0.7617755203449391 0.37759255033993105 0.0689168659766839 0.06555357123840296
0 0.7877963365314045 0.5357323586605561 0.06231166846619498 0.060720600873680655
0 0.75481881578548 0.5739584040634034 0.06555506763635784 0.06235583605604163
0 0.7520471680652095 0.475630006836945 0.06711756763635783 0.06239220364722229
0 0.60703125 0.3921875 0.0359375 0.0625
0 0.6238000784335274 0.26519904027194485 0.06903526514684692 0.06711607123840295