0 0.09023574151843539 0.6209326939969408 0.044225188998963993 0.04448638555165907
0 0.11226467535011295 0.18738380844528169 0.04415241439185813 0.04292388555165916
0 0.06498726095825473 0.14598724107484157 0.04266268899896399 0.04445911201270878
0 0.01171875 0.34765625 0.0234375 0.0421875
0 0.12247035276714043 0.6751019967568844 0.045787688998963995 0.04451365909060954
0 0.08379303473679105 0.4490304204579905 0.04415241439185813 0.04292388555165907
0 0.01875 0.15859375 0.0375 0.0453125
0 0.07477329156121666 0.32252246753589126 0.04415241439185813 0.04292388555165907
0 0.03242324151843538 0.6219418149381035 0.04586046360606986 0.04607615909060954
0 0.10404137634078899 0.5815974586074375 0.045787688998963995 0.04451365909060954
0 0.1514427994190995 0.2899087905883742 0.04415241439185813 0.04292388555165925
0 0.11139999627594639 0.30311790260108307 0.044225188998963993 0.04448638555165907
0 0.03080927584545092 0.3858406737044014 0.04571491439185813 0.042951159090609536
0 0.1574445504525568 0.3851940170494238 0.04415241439185813 0.04292388555165907
0 0.27734375 0.60546875 0.0234375 0.0453125
0 0.14767575227180235 0.47762697889997696 0.04415241439185813 0.04292388555165907
0 0.025231479731611106 0.6689804561718055 0.04586046360606986 0.04607615909060954
0 0.12839071298238816 0.6343406290621327 0.044225188998963993 0.04448638555165907
0 0.05118162613590123 0.18532247646434494 0.044225188998963993 0.04448638555165916
0 0.22990605541495554 0.46368148133560894 0.042517139784752266 0.04133411201270896
0 0.14688384780474167 0.5949235730557783 0.045787688998963995 0.04451365909060954
0 0.11474762820281584 0.3749929026010831 0.042517139784752446 0.04133411201270896
0 0.14213626592065348 0.22439288474417557 0.045787688998963995 0.04451365909060954
0 0.18891718237942623 0.4565780933483177 0.04415241439185813 0.04292388555165907
0 0.03667817038771419 0.10895089123699733 0.04102741439185813 0.04286933847375849
0 0.00625 0.5203125 0.0125 0.04375
0 0.1271791617012618 0.440454261367381 0.04415241439185813 0.04292388555165907
0 0.28203125 0.55390625 0.0140625 0.0453125
0 0.27578125 0.49921875 0.0265625 0.0453125
0 0.00703125 0.265625 0.0140625 0.04375
0 0.021875 0.49296875 0.04375 0.0453125
0 0.033835884198671805 0.5515474943212524 0.045787688998963995 0.04451365909060954
0 0.05123309180888569 0.42145089123699736 0.04571491439185813 0.042951159090609536
0 0.2390584234880861 0.39158829302400616 0.04571491439185813 0.042951159090609536
0 0.11186249255189269 0.715945185068487 0.04586046360606986 0.04607615909060954
0 0.13535984284234298 0.5153724407505299 0.04407963978475245 0.041361385551659066
0 0.19926817741702757 0.37664513149776474 0.044225188998964174 0.04448638555165907
0 0.19828356616832252 0.3219303579588143 0.04415241439185813 0.04292388555165907
0 0.0619309590534467 0.6511383912369973 0.044225188998963993 0.04448638555165907
0 0.0109375 0.6984375 0.021875 0.046875
0 0.0762503242310931 0.6899827029253945 0.04586046360606986 0.04607615909060954
0 0.00625 0.309375 0.0125 0.040625
0 0.07222618031251163 0.2678349675358912 0.04415241439185813 0.04292388555165925
0 0.1566054884180635 0.3336042435104735 0.045787688998963995 0.04451365909060954
0 0.20279559180888568 0.41880535795881435 0.045787688998963995 0.04451365909060954
0 0.23328792059260195 0.5027167077966586 0.04727741439185813 0.042978432629559825
0 0.09889568817039454 0.23609404383478508 0.044225188998964174 0.04448638555165925
0 0.7513101745215434 0.5384905665629566 0.09346320967712848 0.06251936525911965
0 0.572448812239381 0.39149065584749393 0.06991870181924557 0.0933329886359143
0 0.5830909057054058 0.31780769399694087 0.08383565260503385 0.09045345048646727
0 0.7956380632728384 0.48298486039444627 0.08892125889134021 0.0655625446422686
0 0.7558435090962279 0.4007996517903042 0.08666955417661057 0.08425799756436803
0 0.63125 0.71484375 0.1 0.0484375
0 0.8748290653397529 0.6723825511416811 0.09517125889134022 0.06567163879807011
0 0.6551842295267234 0.3212406112052252 0.07453342721213971 0.09185230925276526
0 0.8465884412707665 0.5696666542259361 0.08659677956950454 0.08269549756436803
0 0.696194643090012 0.6645542345820198 0.06708480024766886 0.09952844155801373
0 0.5994608841986718 0.6021281469190403 0.06857452564056317 0.09799321509696383
0 0.5066782630251694 0.38951114448340823 0.06857452564056317 0.09799321509696383
0 0.5125387729499667 0.5489134180223585 0.09978598428423417 0.06419095941492117
0 0.85234375 0.71484375 0.0921875 0.0484375
0 0.8102741439185814 0.3607553043880919 0.06515842721213971 0.09168866801906325
0 0.5138786410230974 0.4769565974055075 0.09411818114108109 0.07658186525911966
0 0.3974959698068137 0.5634316599046837 0.0687200748547749 0.10111821509696384
0 0.42877589495203877 0.4628043685088259 0.07482452564056316 0.09810230925276535
0 0.5974188870941559 0.4911360998411395 0.07907537799792799 0.0888091298696164
0 0.6688273143062957 0.5805883376662748 0.06679370181924557 0.09327844155801372
0 0.6749573821317572 0.4100303758157219 0.09495293507002263 0.06098413879807012
0 0.28046875 0.79453125 0.0171875 0.0296875
0 0.284375 0.75 0.009375 0.021875
0 0.4708906203449329 0.9083350568204287 0.03441354135632881 0.034947744317956976
0 0.3296875 0.98671875 0.03125 0.0265625
0 0.502136312239381 0.8405475389635211 0.027799668320799588 0.027026150162155815
0 0.43117314888098024 0.8949543952941872 0.029362168320799586 0.027053423701106284
0 0.5650344185256874 0.8144293238665572 0.027799668320799498 0.027026150162155815
0 0.38771855541495553 0.9692101014626973 0.03099744292790536 0.028643197240056394
0 0.3640625 0.9890625 0.03125 0.021875
0 0.4035961124870501 0.9407850925342436 0.03099744292790545 0.028643197240056394
0 0.3247091331652145 0.9593635430207108 0.030924668320799587 0.027080697240056396
0 0.5700472502048879 0.7877577297107559 0.02772689371369381 0.025463650162155727
0 0.5390541153825342 0.827392974028713 0.027799668320799498 0.027026150162155815
0 0.35915690777232034 0.9603260251638034 0.03099744292790545 0.028643197240056394
0 0.3391697394515208 0.9340908076312076 0.029434942927905362 0.028615923701106282
0 0.36885723945152077 0.9335726103911511 0.0293621683207995 0.027053423701106104
0 0.4245978172017798 0.9216532629889388 0.0293621683207995 0.027053423701106104
0 0.38168257113072124 0.906764648540598 0.029362168320799586 0.027053423701106104
0 0.4408007059530748 0.8666384805215348 0.029362168320799586 0.027053423701106104
0 0.3224873535957099 0.8780862694817605 0.02943494292790545 0.028615923701106282
0 0.5135446931327932 0.8168918506519184 0.027799668320799675 0.027026150162155815
0 0.40246595202413343 0.8829453189952933 0.029362168320799586 0.027053423701106104
0 0.47648134077542836 0.8269214155867266 0.027799668320799588 0.027026150162155815
0 0.4074060090962279 0.8547112248394919 0.027799668320799588 0.027026150162155815
0 0.3362544470617347 0.8043487605533068 0.0293621683207995 0.027053423701106104
0 0.5361088978475228 0.7977327475676633 0.026164393713693813 0.025436376623205526
0 0.3482150996667685 0.8932748928585552 0.02943494292790545 0.028615923701106282
0 0.3227399106678045 0.8499339959428103 0.029362168320799586 0.027053423701106104
0 0.3654325248119936 0.7928930633132504 0.027726893713693725 0.025463650162155727
0 0.48476472166884044 0.8033202743530244 0.026164393713693723 0.02543637662320535
0 0.5091825248119937 0.7903838977298191 0.02772689371369381 0.025463650162155727
0 0.4603854598820162 0.8506589245151803 0.027799668320799588 0.027026150162155815
0 0.3740498535957099 0.8771862426963993 0.02943494292790545 0.028615923701106105
0 0.3483948821317572 0.8635601193196049 0.0293621683207995 0.027053423701106104
0 0.46089057402620537 0.7943543774372797 0.027726893713693725 0.025463650162155814
0 0.4348760376322752 0.8401578011383858 0.027726893713693725 0.025463650162155814
0 0.32394284573782706 0.9093362694817605 0.03099744292790536 0.028643197240056394
0 0.4232450248119936 0.7918839423720877 0.027799668320799498 0.027026150162155725
0 0.4477741439185815 0.8149123392878327 0.027726893713693725 0.025463650162155814
0 0.39206779941909947 0.7939919131510946 0.027799668320799588 0.027026150162155815
0 0.3453041153825342 0.8307748928585552 0.029362168320799586 0.027053423701106284
0 0.3938143899896401 0.8314919131510946 0.027799668320799588 0.027026150162155815
0 0.37128441852568733 0.8178112426963994 0.027726893713693725 0.025463650162155814
0 0.4197946931327932 0.8185282629889388 0.027799668320799588 0.027026150162155815
0 0.3693965868464869 0.8444282897743001 0.029362168320799586 0.027053423701106104