0 0.0919433275453712 0.19699673964166572 0.04415241439185813 0.04341503087881247
0 0.07930208643671133 0.13338888070789254 0.04429796360606986 0.04654003087881238
0 0.1015625 0.33125 0.04375 0.0375
0 0.0578125 0.3375 0.046875 0.025
0 0.026746358976902584 0.3237243756933276 0.04415241439185813 0.04341503087881229
0 0.1625 0.3375 0.04375 0.025
0 0.05491420843878334 0.22147991409398743 0.044225188998963993 0.04497753087881229
0 0.09313764640429004 0.27186034732179765 0.042517139784752446 0.04180706677218957
0 0.17881828122664362 0.30837685735092746 0.04415241439185813 0.04341503087881229
0 0.1331505244022181 0.18331467286947603 0.045787688998963995 0.04502299498543509
0 0.17602292101139588 0.2678882496707956 0.045787688998963995 0.04502299498543501
0 0.01484375 0.2859375 0.0296875 0.04375
0 0.01171875 0.06015625 0.0234375 0.0453125
0 0.1349612733687608 0.27844531644298537 0.04415241439185813 0.04341503087881229
0 0.050564964434639405 0.04684362694696884 0.044225188998963993 0.04497753087881238
0 0.09569337386409878 0.0829797037482884 0.044225188998963993 0.04497753087881238
0 0.13580033540325404 0.22692828054960792 0.044225188998964174 0.04497753087881229
0 0.12519678329355824 0.11957042161583482 0.045787688998963995 0.04502299498543501
0 0.20390625 0.3390625 0.0421875 0.021875
0 0.054263545080382516 0.16844584230723275 0.04415241439185813 0.04341503087881238
0 0.17700753226010094 0.21324621377741834 0.045787688998963995 0.04502299498543501
0 0.03468309925699291 0.08631530390657298 0.04578768899896417 0.04502299498543509
0 0.0234375 0.015625 0.04375 0.03125
0 0.21599294954744322 0.2807686828986059 0.047350188998963996 0.04506845909205772
0 0.598544276264245 0.08221414027480396 0.04586046360606986 0.046585494985435
0 0.6894560665871164 0.14042379387744308 0.04742296360606986 0.04663095909205772
0 0.702581112905844 0.026133973344329674 0.04742296360606986 0.04663095909205772
0 0.5701624110865985 0.12204953008738961 0.047350188998963996 0.04506845909205772
0 0.5015625 0.01171875 0.05 0.0234375
0 0.6443961236592111 0.1698217888628782 0.04742296360606986 0.04663095909205772
0 0.6355690872652808 0.12482753760923693 0.047350188998963996 0.04506845909205772
0 0.9100639731210919 0.06066678305689042 0.045787688998963995 0.04502299498543501
0 0.7078036521952583 0.18202026049134828 0.047350188998963996 0.04506845909205772
0 0.8538139731210919 0.06230349089530698 0.047350188998963996 0.04506845909205772
0 0.7999226856937043 0.11380380641385539 0.045787688998963995 0.04502299498543501
0 0.49562898387445875 0.21472041488541027 0.04742296360606986 0.04663095909205772
0 0.8297514268023642 0.17691156017477913 0.04742296360606986 0.04663095909205772
0 0.6449012378034003 0.22598086064963283 0.04749573821317572 0.048193459092057724
0 0.6011170045526232 0.19448681974169055 0.04905823821317572 0.048238923198680436
0 0.7367248647678709 0.23111097835889466 0.04749573821317572 0.048193459092057724
0 0.5474825823028822 0.20697009936686178 0.04905823821317572 0.048238923198680436
0 0.8884757634439634 0.12214985233636266 0.045787688998963995 0.04502299498543501
0 0.7942077249831186 0.27000834230723286 0.04749573821317572 0.048193459092057724
0 0.17000824566128303 0.77961535985821 0.04586046360606986 0.046585494985435
0 0.6579106600531411 0.9358319191085525 0.055856201819245575 0.0936878155185484
0 0.6080305922276796 0.7672015910535915 0.07907537799792799 0.08968227711788863
0 0.6301880744449992 0.8945082371343833 0.05898120181924558 0.09377874373179385
0 0.6003207919800106 0.8657300192668369 0.05898120181924558 0.09377874373179385
0 0.570316576511914 0.7058836578257812 0.09099318114108108 0.07754598997087
0 0.5834758560814185 0.6243608731860452 0.07914815260503386 0.09124477711788863
0 0.5109375 0.9828125 0.09375 0.034375
0 0.5328421935515871 0.8739349758516122 0.09397263192686944 0.07451191818411544
0 0.6904107526905964 0.7070704216158348 0.09964043507002245 0.06219377461060631
0 0.6545759524429273 0.8064172037482884 0.05905397642635144 0.09534124373179384
0 0.6918961699779386 0.7756840292959668 0.06970037799792798 0.08940949247815269
0 0.4566777998378935 0.901117252969501 0.06076202564056317 0.09851170783841656
0 0.8066093333363394 0.8253992212992657 0.05592897642635144 0.09525031551854841