0 0.5042272388071819 0.42056198492085617 0.04596095318850324 0.0447356473268119
0 0.23671875 0.45546875 0.0421875 0.0265625
0 0.1829940479431505 0.3676160793486007 0.04439845318850324 0.04464464206513981
0 0.44427902872127356 0.43495768486438635 0.04439845318850324 0.04464464206513981
0 0.03984375 0.45625 0.0484375 0.025
0 0.4765625 0.45078125 0.046875 0.0359375
0 0.27734375 0.45 0.0421875 0.0375
0 0.3193476277713339 0.38148261632147806 0.04448034034363317 0.04620714206513998
0 0.02109375 0.42890625 0.0421875 0.0453125
0 0.054957579150814964 0.40311250554402045 0.046042840343633 0.0462981473268119
0 0.13933257915081496 0.39819822141374067 0.04596095318850324 0.04473564732681172
0 0.1933649819097769 0.4075130372552259 0.04439845318850324 0.04464464206513981
0 0.3154922874277009 0.42532362158314985 0.04439845318850324 0.04464464206513998
0 0.18208000113165376 0.32561058987194447 0.04439845318850333 0.04464464206513989
0 0.11605220940853975 0.3668418056004903 0.046042840343633 0.04629814732681172
0 0.5765625 0.45 0.05 0.0375
0 0.1140625 0.4609375 0.04375 0.015625
0 0.5407445929456248 0.4371278586407318 0.04752345318850324 0.04482665258848364
0 0.2255024525111347 0.3293124425451327 0.04439845318850324 0.04464464206513989
0 0.11850882406243227 0.3199668056004903 0.046042840343633 0.04629814732681172
0 0.46976370759951747 0.39453010593930865 0.04587906603337366 0.043173147326811726
0 0.021875 0.3796875 0.04375 0.046875
0 0.07377617820087527 0.341264952927302 0.044480340343633 0.04620714206513998
0 0.30698482587145454 0.26069967946154027 0.04448034034363317 0.04620714206513998
0 0.3519011782008752 0.3250660163497129 0.04604284034363317 0.04629814732681181
0 0.3922119176854256 0.3881428690229011 0.04275406603337366 0.04299113680346807
0 0.27862080845860004 0.29662176890996167 0.04283595318850324 0.044553636803468064
0 0.5237628900958058 0.2558624480891532 0.04924972749876275 0.04804265785015547
0 0.3203988726829513 0.3019771268448217 0.04439845318850324 0.04464464206513998
0 0.2277134056996381 0.28712494254513266 0.04439845318850324 0.04464464206513989
0 0.36046395070211246 0.36974147951800995 0.04439845318850324 0.04464464206513981
0 0.2540501763918529 0.3790548373116957 0.04275406603337366 0.04299113680346807
0 0.40978892130347033 0.29053982692952635 0.046042840343633 0.04629814732681181
0 0.4203036974227521 0.2385223006211671 0.04612472749876275 0.04786064732681172
0 0.4781161974227521 0.23515510593930866 0.04612472749876275 0.04786064732681172
0 0.36949146992398935 0.2866559637329944 0.04275406603337366 0.04299113680346807
0 0.27484735527009674 0.3389002741716335 0.04439845318850324 0.04464464206513998
0 0.7772420149264636 0.10463314803268346 0.04924972749876275 0.04804265785015556
0 0.6953081829505736 0.36019987954624477 0.05270227611928178 0.054474668373499215
0 0.8162093396662644 0.044727527014230925 0.0541828889641522 0.05300317363517104
0 0.7089479590698554 0.3080003427145419 0.0526203889641522 0.05291216837349921
0 0.7527532700148464 0.1855037164344175 0.04776911465389251 0.04951415258848364
0 0.5534902544110141 0.8363829479479788 0.03132524310259512 0.03297909997176518
0 0.4904170443251058 0.8509606584148528 0.032887743102595124 0.03307010523343692
0 0.60078125 0.8328125 0.0171875 0.03125
0 0.4488779975136092 0.8113213057416646 0.02959896879233561 0.02976309471009344
0 0.5765116745828307 0.8132338742845728 0.03116146879233561 0.02985409997176518
0 0.5696751763918529 0.765342405854604 0.02959896879233561 0.02976309471009344
0 0.99296875 0.5703125 0.0140625 0.046875
0 0.9645162856186786 0.5816338057416646 0.04604284034363317 0.0462981473268119
0 0.9179555461341282 0.5189209741151638 0.049331614653892686 0.04960515785015538
0 0.9332596415661438 0.5538574162367734 0.04604284034363317 0.0462981473268119
0 0.99296875 0.6453125 0.0140625 0.04375
0 0.9671875 0.475 0.046875 0.0125
0 0.8650961397571215 0.6061171372269911 0.04604284034363308 0.04629814732681172
0 0.8981609452750454 0.6291150214702104 0.046042840343633 0.04629814732681172
0 0.98984375 0.50703125 0.0203125 0.0453125
0 0.8945711985544058 0.7570580109468666 0.04612472749876275 0.0478606473268119
0 0.9540280857095356 0.7520373110033365 0.04448034034363317 0.0462071420651398
0 0.9060686205352446 0.6862904846385074 0.04776911465389251 0.04951415258848364
0 0.7684048462249853 0.6974239476656302 0.049413501809022264 0.051167657850155555
0 0.8192436499338868 0.7676762635071155 0.04785100180902226 0.05107665258848364
0 0.812714768205824 0.6247453108621621 0.04760534034363308 0.04638915258848364
0 0.9716183774326497 0.713627258386618 0.04612472749876275 0.0478606473268119
0 0.7505489608788778 0.6517320160673642 0.046042840343633 0.04629814732681172
0 0.6732627645877794 0.7294467633659412 0.050976001809022266 0.05125866311182729
0 0.8243007213943272 0.5820117792921311 0.04596095318850324 0.0447356473268119
0 0.9953125 0.72265625 0.009375 0.0484375
0 0.984375 0.76484375 0.03125 0.0453125
0 0.9331556637286968 0.8233508688817267 0.04620661465389251 0.049423147326811724
0 0.8655188636378398 0.6574976267036474 0.046042840343633 0.0462981473268119
0 0.8004338534610745 0.5023998740022243 0.04760534034363299 0.04638915258848364
0 0.7365263251940861 0.8301300318523797 0.049413501809022264 0.051167657850155555
0 0.7421875 0.47734375 0.05 0.0171875
0 0.8921875 0.4875 0.046875 0.0375
0 0.854621227953048 0.8357136319653191 0.04776911465389251 0.04951415258848364
0 0.815614038898039 0.7180402845538028 0.049331614653892505 0.04960515785015538
0 0.8858645839005133 0.8042970319935542 0.04456222749876284 0.047769642065139804
0 0.792524019676162 0.8019448476938651 0.04785100180902226 0.05107665258848364
0 0.7374137957954439 0.7537495423757234 0.04768722749876275 0.04795165258848364
0 0.978125 0.80625 0.04375 0.046875
0 0.7775142526019918 0.6127759318806146 0.042672178878243816 0.04142863680346807
0 0.9242653426069406 0.7849254057134297 0.04612472749876275 0.04786064732681172
0 0.9662204692466208 0.8463487531249461 0.047769114653892684 0.04951415258848364
0 0.7174841553609538 0.6287341318241448 0.046042840343633 0.0462981473268119
0 0.7911540287212736 0.5605763950489117 0.046042840343633 0.0462981473268119
0 0.7541519957045868 0.5829820160673642 0.042754066033373575 0.04299113680346807