0 0.33203125 0.5828125 0.0359375 0.034375
0 0.32396871221852946 0.4777257837067569 0.04332849784053163 0.044553636803468064
0 0.340625 0.44765625 0.01875 0.0453125
0 0.25390625 0.59453125 0.0453125 0.0109375
0 0.2852671576227376 0.49429165742663245 0.04489099784053163 0.04464464206513998
0 0.3375 0.4046875 0.025 0.04375
0 0.2010900215946833 0.36392234698799336 0.04489099784053163 0.04464464206513998
0 0.20786165330380096 0.4050933785580245 0.044991127390180984 0.0462071420651398
0 0.22733354411221723 0.44386745222143037 0.04489099784053172 0.04464464206513998
0 0.29660278069398194 0.3663486679499762 0.044991127390180984 0.0462071420651398
0 0.24762745527869914 0.5187610364081798 0.04332849784053163 0.044553636803468064
0 0.1726460441122172 0.44068226806291566 0.04489099784053163 0.04464464206513981
0 0.058504398523438986 0.48422089448421435 0.046453497840531634 0.04473564732681172
0 0.0876516779808032 0.5188534997176513 0.044991127390180984 0.0462071420651398
0 0.09419967150239823 0.39219999445597953 0.044991127390180984 0.0462071420651398
0 0.14163587600590502 0.4106461575678068 0.046453497840531634 0.0447356473268119
0 0.20786404843115389 0.5274234048663837 0.04166586829088237 0.042900131541796324
0 0.11709934608711547 0.5487986049510883 0.04489099784053163 0.04464464206513981
0 0.050670914562567934 0.4351463576525115 0.046553627390180985 0.0462981473268119
0 0.30952188772609734 0.28711619425833546 0.045091256939830335 0.047769642065139985
0 0.2367061489848643 0.3220834574831022 0.04489099784053163 0.04464464206513998
0 0.16285193708010187 0.5200967522779001 0.04489099784053163 0.04464464206513998
0 0.24504028069398193 0.36334549431480506 0.04489099784053163 0.04464464206513981
0 0.09765625 0.584375 0.0453125 0.03125
0 0.0453125 0.5875 0.046875 0.025
0 0.0078125 0.5703125 0.015625 0.046875
0 0.2913936489848643 0.3252686416416169 0.044991127390180984 0.04620714206513998
0 0.08716961906607468 0.4529554839326358 0.04489099784053163 0.04464464206513998
0 0.015625 0.45859375 0.03125 0.0421875
0 0.3296875 0.325 0.040625 0.04375
0 0.049210939239570185 0.5558228786991988 0.04479086829088237 0.04308214206513981
0 0.135064503396086 0.36635012599777567 0.046453497840531634 0.0447356473268119
0 0.2829617828534502 0.40789913111827314 0.04156573874123311 0.04133763154179633
0 0.01171875 0.53046875 0.0234375 0.0453125
0 0.47342370142118784 0.1759827312312127 0.03325259099298643 0.03307010523343701
0 0.5392489605204865 0.17667995222143035 0.033252590992986344 0.03307010523343692
0 0.6082621715023983 0.3234177153050227 0.033352720542635696 0.03463260523343692
0 0.6708832850129186 0.3741149362952404 0.0349152205426357 0.03472361049510884
0 0.7396332850129186 0.37811916780880184 0.0349152205426357 0.03472361049510884
0 0.6526525215946833 0.2914998573701627 0.033252590992986344 0.03307010523343692
0 0.7678212368955318 0.5256157940889261 0.03481509099298634 0.033161110495108836
0 0.7657113309708372 0.19143821516384846 0.033252590992986344 0.03307010523343692
0 0.796623764654853 0.34536685196731653 0.03481509099298634 0.033161110495108836
0 0.2984375 0.6203125 0.0625 0.040625
0 0.25515336520856335 0.6448685100998206 0.06646560919158376 0.04123121572854584
0 0.31484375 0.6046875 0.0640625 0.009375
0 0.3328125 0.990625 0.034375 0.01875
0 0.23392111042820138 0.7314584574831022 0.06646560919158376 0.04123121572854575
0 0.3121648288113688 0.6607357047816791 0.06354086829088228 0.0441742052052021
0 0.2375 0.615625 0.06875 0.03125
0 0.325 0.72265625 0.05 0.0515625
0 0.25301346699889143 0.8251020416698518 0.038480311535622216 0.06606461575678076
0 0.33046875 0.771875 0.0390625 0.05625
0 0.1623303053709842 0.918625257539572 0.052442681985972864 0.0653211631118273
0 0.1953125 0.6078125 0.05 0.015625
0 0.1515625 0.61875 0.046875 0.0375
0 0.23484565546326924 0.8883454943148053 0.044630181985972864 0.06486613680346806
0 0.2643305012366177 0.770869567978211 0.05360466378737563 0.05916216837349921
0 0.19337765114433259 0.8012403364646496 0.06959060919158375 0.04141322625188941
0 0.328125 0.83671875 0.04375 0.0578125
0 0.21220919186046383 0.8744804153897274 0.05214229333702489 0.060633663111827295
0 0.2759479241232919 0.7119495942865702 0.06666586829088228 0.044356215728545756
0 0.11597454195274892 0.8343720839044009 0.05849242288667415 0.06256018415851479
0 0.20221243060169686 0.8346898732963526 0.06656573874123302 0.042793715728545935
0 0.15878380321151592 0.8760737364928846 0.04921755243632351 0.06357665258848363
0 0.20859375 0.990625 0.0671875 0.01875
0 0.21062331277223983 0.7034398732963526 0.06782785009228505 0.038197220990217676
0 0.1716423534883711 0.773312757539572 0.06530362739018099 0.047390210466874014
0 0.2929189713178282 0.9121161942583355 0.03545544108527139 0.06744510523343691
0 0.33125 0.90859375 0.0375 0.0390625
0 0.28170206662975117 0.9647861679499762 0.05632914558877822 0.05309417889684287
0 0.10525828501291859 0.8792295575960416 0.05088018198597286 0.06523015785015537
0 0.2920945558324095 0.7536666574266324 0.05486677513842757 0.05456567363517095
0 0.2685593214101131 0.8761941048099139 0.027342552436323508 0.062302578925077866
0 0.20305064466592765 0.6747688417263216 0.06520349784053163 0.04582771046687402
0 0.12204287168696837 0.7641505891660728 0.03233044108527148 0.06726309471009326
0 0.10390625 0.9890625 0.0609375 0.021875
0 0.31796875 0.796875 0.0640625 0.040625
0 0.3421875 0.94375 0.015625 0.040625
0 0.3421875 0.9734375 0.015625 0.034375
0 0.3218659916758938 0.9498737994917723 0.04130492288667433 0.061559126280124235
0 0.18270336212624438 0.9433368312029777 0.053704793337024895 0.06072466837349921
0 0.33515625 0.63671875 0.0296875 0.0640625
0 0.14626042412329188 0.7043961575678068 0.061016645588778215 0.053367194681858444
0 0.16915770358065613 0.7386647417545563 0.0655038864894796 0.050515210466874017
0 0.15234375 0.9765625 0.0484375 0.046875
0 0.15208892196382356 0.6623906680911504 0.06384125693983034 0.0488617052052021
0 0.31719708050941176 0.8758902679217414 0.06354086829088246 0.0441742052052021
0 0.10367719617940052 0.9528490681193855 0.061016645588778215 0.053367194681858444
0 0.19461638340716067 0.6350693048946185 0.06626535009228504 0.03810621572854576
0 0.29353833744924207 0.8290306784733199 0.05360466378737563 0.05916216837349921
0 0.32421875 0.69375 0.0515625 0.05
0 0.2430796576227376 0.9311700311465081 0.06374112739018098 0.0472992052052021
0 0.26484375 0.98359375 0.0484375 0.0328125
0 0.27472538556662907 0.6820800837632266 0.06646560919158376 0.04123121572854575
0 0.14666333744924215 0.820476183876166 0.053404404688076924 0.056037168373499216
0 0.22526800123661772 0.7685944364364148 0.05652940468807692 0.05621917889684287
0 0.21567654843115389 0.9672139469597585 0.06646560919158366 0.041231215728545934
0 0.5719613309708371 0.9273771732116479 0.06876858883351815 0.07716871572854575
0 0.66484375 0.9921875 0.0859375 0.015625
0 0.559375 0.98046875 0.078125 0.0390625