0 0.2358925127772192 0.1801623110033365 0.043970175893442945 0.0462071420651398
0 0.14532054540046396 0.031117137226991075 0.043906508897248564 0.04464464206513981
0 0.2625 0.22421875 0.046875 0.0296875
0 0.24375 0.01484375 0.04375 0.0296875
0 0.01953125 0.1796875 0.0390625 0.046875
0 0.029602703499409744 0.07838552132903605 0.04553267589344294 0.0462981473268119
0 0.0703125 0.0046875 0.04375 0.009375
0 0.03359375 0.0140625 0.0421875 0.028125
0 0.17808001277721922 0.18352950568519494 0.04559634288963732 0.0478606473268119
0 0.2531091876820789 0.140189758386618 0.04553267589344294 0.0462981473268119
0 0.43633818175057987 0.1575761375093398 0.047158842889637495 0.04795165258848364
0 0.30574870943090876 0.034243595274790636 0.043906508897248564 0.04464464206513998
0 0.09705018867066215 0.1446027845538028 0.04553267589344294 0.0462981473268119
0 0.16640625 0.22265625 0.0453125 0.0328125
0 0.27281950981146963 0.19204068472321206 0.043970175893442945 0.04620714206513998
0 0.049567693613578004 0.12398644766563019 0.04553267589344294 0.04629814732681172
0 0.07421875 0.221875 0.0453125 0.034375
0 0.38828125 0.01875 0.0421875 0.0375
0 0.2947236847163294 0.15179511632147805 0.04553267589344294 0.04629814732681172
0 0.103125 0.01484375 0.04375 0.0296875
0 0.09305770844232564 0.051307810862162115 0.043906508897248564 0.04464464206513998
0 0.10132651178863598 0.19267626350711548 0.04559634288963732 0.04786064732681172
0 0.3484375 0.01640625 0.04375 0.0328125
0 0.14628086752985459 0.08406012670364742 0.043906508897248564 0.04464464206513981
0 0.2875 0.009375 0.04375 0.01875
0 0.4509391926249949 0.10528559541596501 0.048721342889637496 0.04804265785015538
0 0.44223003749179857 0.05123513224766789 0.04715884288963732 0.04795165258848364
0 0.01015625 0.05625 0.0203125 0.046875
0 0.05769321140807513 0.03933843188061461 0.04228034190105419 0.04299113680346807
0 0.17861320646515927 0.05567752147021041 0.043970175893442945 0.04620714206513998
0 0.18563252760596677 0.11294398990017936 0.04553267589344294 0.0462981473268119
0 0.2901582015222434 0.07256264262983728 0.04384284190105418 0.04308214206513998
0 0.20499533984952575 0.21157891097510156 0.043970175893442945 0.04620714206513998
0 0.21484375 0.23203125 0.0453125 0.0140625
0 0.38904137049560417 0.055891811144510764 0.04703150889724857 0.04482665258848364
0 0.518341551331963 0.6326671427710117 0.07419618676785796 0.09940773677523325
0 0.1554542321683218 0.5867748740022243 0.04795202174882984 0.1056731473268119
0 0.18786618965924534 0.7859712371987563 0.11383168973360744 0.11574536831702957