0 0.5984375 0.3578125 0.040625 0.0421875
0 0.4125 0.6109375 0.04375 0.04375
0 0.6546875 0.6546875 0.0421875 0.04375
0 0.5578125 0.39375 0.0421875 0.0421875
0 0.6453125 0.3125 0.04375 0.0453125
0 0.484375 0.334375 0.0421875 0.04375
0 0.496875 0.68125 0.040625 0.04375
0 0.74375 0.65625 0.0453125 0.04375
0 0.5390625 0.70625 0.0421875 0.0453125
0 0.428125 0.5375 0.04375 0.04375
0 0.6390625 0.35625 0.040625 0.040625
0 0.6078125 0.4 0.0421875 0.04375
0 0.4671875 0.6234375 0.0421875 0.0421875
0 0.7359375 0.4796875 0.0453125 0.0421875
0 0.5546875 0.275 0.0421875 0.0453125
0 0.375 0.521875 0.04375 0.04375
0 0.228125 0.3796875 0.046875 0.0453125
0 0.6125 0.215625 0.0421875 0.0453125
0 0.3171875 0.4546875 0.0453125 0.04375
0 0.5453125 0.4890625 0.0421875 0.0421875
0 0.4625 0.26875 0.04375 0.0453125
0 0.5359375 0.6546875 0.0421875 0.04375
0 0.584375 0.5125 0.0421875 0.04375
0 0.5296875 0.2328125 0.0421875 0.04375
0 0.4375 0.4734375 0.0421875 0.04375
0 0.6640625 0.4625 0.0421875 0.0421875
0 0.2375 0.43125 0.046875 0.04375
0 0.7046875 0.6734375 0.0421875 0.04375
0 0.446875 0.5859375 0.0421875 0.0421875
0 0.621875 0.5859375 0.0421875 0.0421875
0 0.421875 0.253125 0.04375 0.04375
0 0.5328125 0.346875 0.0421875 0.04375
0 0.5 0.596875 0.040625 0.040625
0 0.70625 0.728125 0.04375 0.0453125
0 0.465625 0.18125 0.04375 0.0453125
0 0.45 0.221875 0.04375 0.0453125
0 0.6375 0.6953125 0.0421875 0.04375
0 0.69375 0.5125 0.040625 0.0390625
0 0.7140625 0.6125 0.040625 0.0421875
0 0.5265625 0.5640625 0.0421875 0.0421875
0 0.546875 0.6140625 0.0421875 0.0421875
0 0.6671875 0.615625 0.0421875 0.0421875
0 0.75 0.5875 0.0453125 0.0453125
0 0.596875 0.684375 0.0421875 0.0421875
0 0.515625 0.4625 0.0421875 0.04375
0 0.334375 0.490625 0.0421875 0.040625
0 0.540625 0.190625 0.04375 0.0453125
0 0.6375 0.75 0.0421875 0.0421875
0 0.396875 0.2203125 0.04375 0.0453125
0 0.4046875 0.446875 0.04375 0.0421875
0 0.609375 0.2796875 0.04375 0.0453125
0 0.35 0.559375 0.04375 0.04375
0 0.39375 0.5609375 0.04375 0.04375
0 0.409375 0.3328125 0.04375 0.04375
0 0.409375 0.2921875 0.04375 0.0453125
0 0.403125 0.40625 0.0421875 0.040625
0 0.671875 0.3765625 0.040625 0.040625
0 0.26875 0.4765625 0.046875 0.04375
0 0.7453125 0.7171875 0.0453125 0.0453125
0 0.375 0.48125 0.04375 0.04375
0 0.646875 0.409375 0.0421875 0.0421875
0 0.365625 0.2921875 0.04375 0.0453125
0 0.684375 0.215625 0.04375 0.0453125
0 0.5796875 0.146875 0.0421875 0.046875
0 0.359375 0.2515625 0.0453125 0.0453125
0 0.609375 0.54375 0.0421875 0.040625
0 0.6859375 0.321875 0.0421875 0.04375
0 0.515625 0.3828125 0.0421875 0.04375
0 0.3546875 0.209375 0.04375 0.0453125
0 0.471875 0.5296875 0.0390625 0.0390625
0 0.596875 0.725 0.040625 0.04375
0 0.3640625 0.3359375 0.04375 0.04375
0 0.4734375 0.4484375 0.0421875 0.0421875