0 0.203125 0.021875 0.04375 0.04375
0 0.16640625 0.00625 0.0421875 0.0125
0 0.28203125 0.02109375 0.0421875 0.0421875
0 0.3991797841594459 0.06761529983789343 0.04400453005422929 0.045787688998963995
0 0.1234375 0.01171875 0.04375 0.0234375
0 0.17586954918656056 0.056147068654031074 0.042442030054229286 0.04571491439185813
0 0.15840933841417204 0.10382258933219549 0.042442030054229286 0.04571491439185813
0 0.13049341667300318 0.06919503226010093 0.04400453005422946 0.045787688998963995
0 0.3660127601553408 0.13008106658711646 0.042451120413308986 0.04727741439185813
0 0.31327864559576446 0.06536790322871563 0.04243293969514959 0.04415241439185813
0 0.28497183841417206 0.097927846156621 0.04400453005422929 0.04578768899896417
0 0.20347639871902237 0.14389962572612564 0.042442030054229286 0.04571491439185813
0 0.2208911576960128 0.10403660504796122 0.042442030054229286 0.04571491439185813
0 0.23137413974203191 0.18165218279822018 0.040879530054229285 0.04564213978475227
0 0.2535400312325796 0.1306333382987382 0.04400453005422929 0.045787688998963995
0 0.30165027830571345 0.1846273254784566 0.042451120413308986 0.04727741439185813
0 0.35693774200496825 0.07895521422975164 0.040861349336070066 0.042517139784752446
0 0.34381050722847456 0.18734991108659846 0.042451120413308986 0.04727741439185813
0 0.3238161697962612 0.1336084809789746 0.040879530054229285 0.04564213978475227
0 0.21195249493183446 0.8128423325077699 0.04399543969514967 0.044225188998963993
0 0.0109375 0.8125 0.021875 0.046875
0 0.12826836222188537 0.6980221612914862 0.04399543969514967 0.044225188998963993
0 0.6296875 0.7140625 0.01875 0.04375
0 0.5060024767814618 0.7475982063718687 0.04242384933607006 0.04258991439185813
0 0.05137860929501914 0.7578381170396733 0.04555793969514967 0.04429796360606986
0 0.3384877238545956 0.8116350893321954 0.04243293969514959 0.04415241439185813
0 0.11294334407151277 0.6471874073625449 0.04399543969514967 0.044225188998963993
0 0.14679110324489492 0.736211366006216 0.04399543969514967 0.044225188998963993
0 0.3741717355620605 0.5850340479758667 0.040870439695149766 0.04407963978475227
0 0.598135434626984 0.7526795045526231 0.04400453005422929 0.045787688998963995
0 0.5480718021134268 0.7659457919800106 0.04243293969514959 0.04415241439185813
0 0.2522876452029809 0.5922729673301236 0.04243293969514968 0.04415241439185813
0 0.2593910971947707 0.7137840942945942 0.04243293969514968 0.04415241439185813
0 0.34726380191703504 0.6456462162966663 0.04243293969514959 0.04415241439185813
0 0.30624791647661154 0.7147258560814185 0.04243293969514959 0.04415241439185813
0 0.2171399646812134 0.7266865086864523 0.04243293969514968 0.04415241439185813
0 0.42408083197126434 0.5983302605484793 0.04242384933607006 0.04258991439185813
0 0.6016604104264873 0.6837839553384114 0.04399543969514959 0.044225188998963993
0 0.12740477810932171 0.8464596612914862 0.04556703005422928 0.04586046360606986
0 0.46973772385459556 0.8055220223353036 0.04399543969514959 0.044225188998963993
0 0.18674341667300323 0.8499442262214636 0.04400453005422929 0.045787688998963995
0 0.419638771666414 0.5563610843697967 0.040861349336070066 0.042517139784752266
0 0.2902593021134268 0.7779536021524771 0.04243293969514959 0.04415241439185813
0 0.62578125 0.771875 0.0265625 0.04375
0 0.1465002117543472 0.786211366006216 0.04399543969514976 0.044225188998963993
0 0.28494560909862743 0.6173072005809005 0.04243293969514968 0.04415241439185813
0 0.42956724180857647 0.7292891621200558 0.04242384933607006 0.04258991439185813
0 0.44808089247250643 0.7690408668347855 0.04399543969514959 0.044225188998963993
0 0.23638993443059236 0.6398757134011821 0.04243293969514968 0.04415241439185813
0 0.3688388200674077 0.6961898717971842 0.04242384933607006 0.04258991439185813
0 0.5710921873574586 0.5680519474805286 0.04242384933607006 0.04258991439185813
0 0.1909774404807166 0.6591736770072519 0.04242384933607006 0.04258991439185813
0 0.3337376331027325 0.554113687760619 0.04243293969514959 0.04415241439185813
0 0.2893694886853185 0.6624013767595829 0.04243293969514959 0.04415241439185813
0 0.5166046752572102 0.5362240587292336 0.04242384933607006 0.04258991439185813
0 0.0203125 0.85390625 0.040625 0.0453125
0 0.3789218263139237 0.8425554495474433 0.04399543969514959 0.044225188998963993
0 0.5430752299047198 0.8192891158013282 0.04399543969514959 0.044225188998963993
0 0.971875 0.6515625 0.05625 0.08125
0 0.990625 0.6890625 0.01875 0.075
0 0.7548490429400446 0.5065580992569929 0.0738920179539809 0.08154540653397539
0 0.7175672115579554 0.47080468982753354 0.08631929508134392 0.06962760339082212
0 0.8000979104264874 0.515385135650923 0.0738829275949012 0.0799829065339754
0 0.9643320854873056 0.7467335272977023 0.03801815046753827 0.09080909057054072
0 0.9054206938003663 0.6698114623677248 0.0613829275949012 0.07940070967712849
0 0.98125 0.553125 0.0375 0.0625
0 0.9212820431364364 0.6284587162966663 0.05361587939029935 0.086849336641599
0 0.9589274888817101 0.6017121257261256 0.03489315046753827 0.09066354135632881
0 0.8891331393492484 0.5159244830458892 0.08617384933607006 0.044627603390822126
0 0.8819569644848217 0.40691335608141854 0.08321247579950324 0.0726070541766104
0 0.9050843505144204 0.7276239623677248 0.08927157825883114 0.04008565260503385
0 0.8708103862259904 0.44336027833115954 0.0878545240041051 0.06501287799792799
0 0.8581376694034777 0.47362997518800637 0.0878545240041051 0.06501287799792799
0 0.8553206998504905 0.6893277497951122 0.09091589149054773 0.05422092721213971
0 0.96171875 0.47734375 0.0765625 0.0390625
0 0.9459376512531051 0.4179920971900783 0.06293633723582168 0.07791098428423418
0 0.8228718142136753 0.6283560165443351 0.09082498789975162 0.03859592721213971
0 0.8670217900131784 0.5575683275453712 0.08934430113146803 0.05258565260503385
0 0.9156218747149172 0.7958645401179838 0.05833974082661779 0.09331766046291676
0 0.66796875 0.68671875 0.0578125 0.0828125
0 0.7615252480550925 0.7015067262214637 0.09239657825883114 0.040231201819245575
0 0.98125 0.4265625 0.0375 0.05
0 0.7534673083599428 0.744058099256993 0.09555793969514967 0.0466267510334573
0 0.7329366397420319 0.7825041691493692 0.09408634328594587 0.06217897642635144