0 0.02851677024878403 0.20398560256225268 0.046949411069925694 0.048985463606069854
0 0.20470230273292164 0.08855330934389691 0.045277783665263985 0.04578768899896417
0 0.058372939756230216 0.0660874962759463 0.04366071996293304 0.04415241439185813
0 0.0890625 0.01328125 0.04375 0.0265625
0 0.13941955391404798 0.16532982505966265 0.045277783665263985 0.045787688998963995
0 0.43125 0.0046875 0.04375 0.009375
0 0.15001480273292164 0.08600619809519197 0.04371528366526398 0.04571491439185813
0 0.021309449374877065 0.05184090570540576 0.04204365626060227 0.042517139784752266
0 0.3112796849469067 0.08412698262709525 0.04366071996293321 0.04415241439185813
0 0.2453818664352525 0.08888294912864927 0.04371528366526398 0.04571491439185813
0 0.06954356353269482 0.14955496773989907 0.04204365626060227 0.042517139784752266
0 0.16242552269585478 0.04432812034493292 0.04204365626060227 0.042517139784752266
0 0.21104158276998852 0.13110468237942624 0.045223219962933034 0.044225188998963993
0 0.34970726788653134 0.0593110731976358 0.04371528366526398 0.04571491439185813
0 0.3546875 0.009375 0.04375 0.01875
0 0.11572908276998853 0.12666543134596892 0.040481156260602266 0.0424443651776464
0 0.39296875 0.01796875 0.0453125 0.0359375
0 0.027246936128033104 0.15071505334804094 0.04371528366526398 0.04571491439185813
0 0.2703125 0.0171875 0.04375 0.034375
0 0.0965277041842004 0.04908408684648693 0.045223219962933214 0.044225188998963993
0 0.215625 0.015625 0.04375 0.03125
0 0.1564086464723194 0.1269950711307212 0.041989092558271324 0.040954639784752445
0 0.23591758639818555 0.04618602687890823 0.045277783665263985 0.045787688998963995
0 0.0772122197932971 0.10922106616832253 0.04371528366526398 0.04571491439185813
0 0.3033779049098399 0.04150283498446008 0.045277783665263985 0.045787688998963995
0 0.2541566657096131 0.9211687944567007 0.020967264427970277 0.019696069892376045
0 0.2709820671608919 0.8875215405277593 0.020967264427970277 0.019696069892376045
0 0.2260663820443491 0.9636816261359012 0.020967264427970277 0.019696069892376045
0 0.9407489301375833 0.9060960661683225 0.07580358656782167 0.11584763192686935
0 0.9796875 0.82734375 0.040625 0.0921875
0 0.94765625 0.76953125 0.1046875 0.0984375
0 0.7594096501005165 0.8553939371369372 0.11270338584218224 0.10040672249741008
0 0.7905009373939775 0.7269436054577367 0.09600695916315996 0.11366870181924557
0 0.91875 0.9640625 0.10625 0.071875
0 0.8747618315888623 0.8685917580627706 0.07440477767481415 0.12046235731976367
0 0.8752578833102934 0.7199359342414531 0.07591271397248338 0.11897263192686935
0 0.8195088471979588 0.9270549214211714 0.07133434137714509 0.12187930810555195
0 0.87421875 0.98671875 0.0828125 0.0265625
0 0.765213249915182 0.6443836625298314 0.06670140507947586 0.12322348428423427
0 0.9516219758685649 0.6843666153825343 0.09589783175849824 0.11054370181924558
0 0.97265625 0.58046875 0.0546875 0.1203125