0 0.21807247224067874 0.04788153476618007 0.04675388648947969 0.047893292553055564
0 0.06843820789959283 0.31347278001652745 0.044991127390180984 0.04473192496187508
0 0.19816528069398193 0.2854906375397217 0.044991127390180984 0.04473192496187508
0 0.21621197871908376 0.17429856440145786 0.04342862739018098 0.04469555737069451
0 0.15955906539313353 0.0601646356398607 0.04509125693983016 0.04629442496187504
0 0.22376845311923077 0.39722691812493005 0.044991127390181164 0.04473192496187508
0 0.1052558898855656 0.2502090606017357 0.046553627390181165 0.04476829255305557
0 0.24948555367294123 0.1906859773954856 0.044991127390180984 0.04473192496187499
0 0.2992828994462896 0.07095405243361057 0.046653756939830336 0.04633079255305557
0 0.10738198951642541 0.3874544874634719 0.045091256939830335 0.04629442496187508
0 0.18161813078626698 0.2515520486338884 0.044991127390180984 0.04473192496187508
0 0.04451864898486431 0.24850239665777743 0.046553627390180985 0.04476829255305557
0 0.1421875 0.409375 0.04375 0.040625
0 0.11052557834994348 0.31405335505465237 0.04332849784053163 0.043133057370694415
0 0.3027502560169797 0.1629233468865272 0.046653756939830336 0.04633079255305557
0 0.34838173349944573 0.08385278951583275 0.04675388648947969 0.047893292553055564
0 0.1467844509597625 0.3568941652751384 0.044991127390180984 0.04473192496187508
0 0.20887914250645928 0.1183031375397218 0.045091256939830335 0.04629442496187508
0 0.08704611042820139 0.21786933928708296 0.044991127390180984 0.04473192496187499
0 0.12089708359173076 0.054823825419374604 0.046753886489479514 0.047893292553055564
0 0.2921341286267987 0.20685518484242998 0.044991127390180984 0.04473192496187508
0 0.2227251897009955 0.3161223884896523 0.046653756939830336 0.04633079255305557
0 0.14854481493170812 0.23203963563986071 0.04332849784053181 0.043133057370694415
0 0.25234375 0.4203125 0.0453125 0.01875
0 0.2960367859357692 0.024224522798332804 0.045091256939830335 0.04629442496187504
0 0.18998704503506794 0.02357251899861066 0.04509125693983016 0.04629442496187504
0 0.14123056755260183 0.10271581155166629 0.045091256939830335 0.04629442496187508
0 0.026711782853450262 0.3316058373872218 0.046653756939830336 0.04633079255305574
0 0.026290280693981937 0.289491072569583 0.046653756939830336 0.04633079255305557
0 0.2496648288113688 0.1391962125778467 0.045091256939830335 0.04629442496187508
0 0.4296875 0.0328125 0.01875 0.05
0 0.01328125 0.20859375 0.0265625 0.0453125
0 0.13125 0.0171875 0.046875 0.034375
0 0.22890625 0.01015625 0.0453125 0.0203125
0 0.09934345620154979 0.09901023651354128 0.04675388648947969 0.047893292553055564
0 0.06513393276116516 0.3650352800165274 0.044991127390180984 0.04473192496187508
0 0.3659907356589141 0.1255675108304855 0.04665375693983016 0.04633079255305557
0 0.06555543492063354 0.4071500448341663 0.046553627390180985 0.04476829255305557
0 0.3170154102436313 0.2811642006099994 0.046553627390180985 0.04476829255305557
0 0.021875 0.38359375 0.04375 0.0453125
0 0.3254077035806562 0.22324259783645778 0.044991127390181164 0.04473192496187508
0 0.322885876005905 0.3356334950629162 0.04322836829088228 0.041570557370694414
0 0.01171875 0.2484375 0.0234375 0.04375
0 0.33984973781838235 0.16830052469819384 0.04332849784053163 0.043133057370694415
0 0.39926431061277157 0.1419549238245133 0.04665375693983016 0.04633079255305557
0 0.2313597100590611 0.3518053153513884 0.04322836829088246 0.041570557370694414
0 0.378125 0.021875 0.046875 0.04375
0 0.3760504488002942 0.3094333645539577 0.04645349784053181 0.043205792553055566
0 0.10224960826873311 0.1753908985576385 0.04332849784053181 0.043133057370694415
0 0.296875 0.4234375 0.04375 0.0125
0 0.361585035474344 0.19431751083048548 0.04322836829088246 0.041570557370694414
0 0.340625 0.4140625 0.046875 0.03125
0 0.658204009874491 0.33015244016076356 0.04977875693983034 0.046403527735416714
0 0.8111077668143214 0.28134865140743004 0.04821625693983016 0.04636716014423605
0 0.7731628855666289 0.0700487819163885 0.04821625693983034 0.04636716014423614
0 0.83046875 0.0203125 0.0484375 0.040625
0 0.6414380120339593 0.37266724848138855 0.04977875693983034 0.046403527735416714
0 0.8078640484311539 0.3563122838162496 0.04977875693983016 0.046403527735416714
0 0.6058962399778507 0.12386737899034697 0.04977875693983034 0.046403527735416714
0 0.13951217150239822 0.8243401576756941 0.08769786397194572 0.12685474715020834
0 0.21601411474713803 0.7991570132990274 0.07988536397194572 0.12667290919430557
0 0.7125 0.4515625 0.046875 0.04375