0 0.1616376370858168 0.16561273213979724 0.04638915258848364 0.04607615909060954
0 0.20023261632147804 0.4697195795420095 0.04629814732681172 0.04451365909060954
0 0.04296875 0.59375 0.0484375 0.03125
0 0.39921875 0.53046875 0.0390625 0.0484375
0 0.0434519953030255 0.5029569991859258 0.04786064732681181 0.044540932629559826
0 0.24499762670364741 0.3187843709378673 0.04638915258848364 0.04607615909060954
0 0.19593704237572354 0.19436502353565505 0.04804265785015538 0.04766593262955983
0 0.21392817917919152 0.15401275892515845 0.04638915258848364 0.04607615909060954
0 0.24590913736816544 0.46426051217156933 0.04629814732681172 0.04451365909060954
0 0.2080282477220999 0.28216503246410884 0.04795165258848364 0.04610343262955983
0 0.30897057948977513 0.48256622726853327 0.0462981473268119 0.04451365909060954
0 0.2406293741433986 0.3937843709378672 0.044553636803468064 0.041361385551659066
0 0.403125 0.5859375 0.03125 0.046875
0 0.09687791609559908 0.230174064120734 0.04795165258848364 0.04610343262955983
0 0.2582550318523798 0.19858096509366865 0.04795165258848364 0.04610343262955983
0 0.02303162144197555 0.31647402840691896 0.04464464206513989 0.04292388555165907
0 0.18807831072098774 0.11445933522405234 0.0447356473268119 0.04448638555165916
0 0.13770325326612048 0.5765502321397973 0.04638915258848364 0.04607615909060954
0 0.28947566879702225 0.30704803002847675 0.04638915258848364 0.04607615909060954
0 0.11509583702934703 0.10536497889338636 0.04648015785015547 0.047638659090609534
0 0.20703125 0.596875 0.0484375 0.025
0 0.16905821103157131 0.44102183522405236 0.04786064732681172 0.044540932629559826
0 0.02894842149844532 0.3760126696406211 0.04786064732681172 0.044540932629559826
0 0.053721637368165445 0.46090586688067753 0.04786064732681172 0.044540932629559826
0 0.1284765265907079 0.1978797613607904 0.04804265785015547 0.04766593262955983
0 0.12664246885349195 0.36364112905554213 0.04786064732681172 0.044540932629559826
0 0.04472315287083228 0.15887971671852172 0.04638915258848364 0.04607615909060954
0 0.07161885281436256 0.09991381980277685 0.0481336631118273 0.04922843262955987
0 0.13031495847132257 0.5154218173671449 0.04638915258848364 0.04607615909060954
0 0.28713889504891166 0.23975143587267542 0.04804265785015538 0.04766593262955983
0 0.095924547919744 0.488232025971287 0.04786064732681172 0.04454093262956001
0 0.24769987954624478 0.5409321063273707 0.0462071420651398 0.042951159090609536
0 0.26403751108804113 0.5021150681779238 0.0462981473268119 0.04451365909060954
0 0.12539775824544358 0.2775945348997408 0.04638915258848364 0.04607615909060954
0 0.009375 0.575 0.01875 0.046875
0 0.20466105304024146 0.3399775324641087 0.04795165258848364 0.04610343262956
0 0.0974268637612293 0.543001346588138 0.04786064732681172 0.044540932629559826
0 0.33278605304024145 0.34221396265803666 0.04795165258848364 0.04610343262955983
0 0.3675713057416646 0.4163333011317952 0.0478606473268119 0.044540932629559826
0 0.35079405844308764 0.4895526128201924 0.04464464206513981 0.04292388555165907
0 0.02109375 0.434375 0.0421875 0.04375
0 0.01484375 0.221875 0.0296875 0.046875
0 0.05091296871231758 0.21373085795222377 0.04629814732681181 0.04451365909060954
0 0.2852138320500238 0.40707530356742716 0.0462981473268119 0.04451365909060954
0 0.2899615162085386 0.35241507710637754 0.0478606473268119 0.044540932629559826
0 0.3269617162932431 0.4422139626580367 0.04795165258848364 0.04610343262955983
0 0.32794736362005494 0.3984366891190863 0.04638915258848364 0.04607615909060954
0 0.34971740585460404 0.5348923863591428 0.04795165258848364 0.04610343262955983
0 0.23815536347888058 0.24828095616521492 0.04638915258848364 0.04607615909060954
0 0.01328125 0.4875 0.0265625 0.04375
0 0.09003565287083229 0.1596706493480816 0.04473564732681172 0.04448638555165916
0 0.15258334257336753 0.40163205275664826 0.04786064732681172 0.044540932629559826
0 0.11807110565695997 0.32282521428288974 0.04464464206513989 0.04292388555165925
0 0.7247299003105836 0.2965741801906326 0.07633425782192056 0.07781708279171565
0 0.769087574086929 0.39432193343704347 0.08801521046687384 0.06397277110331849
0 0.6685863161238339 0.32061960632737063 0.059419773606936135 0.08220457386326192
0 0.6673584741151638 0.4222639269442217 0.05951077886860805 0.08376707386326192
0 0.6637490847514469 0.5379434740221225 0.06254477360693614 0.08225912094116268
0 0.821875 0.58828125 0.09375 0.0421875
0 0.8233060952747906 0.5376003749950571 0.08874325256024881 0.07647277110331832
0 0.6988367162932432 0.4994537183400795 0.08387374203690498 0.07326595048646727
0 0.7229252056287251 0.35441395372958295 0.08203822625188942 0.06855117694751697
0 0.5895974951618512 0.41465024999670475 0.08681673151356133 0.07019549756436802
0 0.7412341318241449 0.2280423685022353 0.05464126834526439 0.08056025324641088
0 0.6134437898154748 0.32747753246410877 0.07311825256024881 0.07620003571381498
0 0.5977879687123175 0.27402524999670475 0.05316977360693613 0.08209547970746059
0 0.7159023899284142 0.4481366801906326 0.06107327886860805 0.08379434740221221
0 0.7371109900413536 0.5673776038917386 0.08746917889684287 0.054597771103318496
0 0.6274013320500238 0.4637968620094136 0.05482327886860787 0.08368525324641088
0 0.5595922057698994 0.6961729853862082 0.060178636803468064 0.04163412094116268
0 0.5161908162650083 0.6625695527566482 0.06155912628012441 0.038536394480112965
0 0.6864893637612293 0.800053736196987 0.0572356473268119 0.044704573863261744
0 0.8260068900695885 0.7946685811635673 0.05687162628012441 0.03845457386326192
0 0.6207733584995575 0.8004707475610727 0.06312162628012423 0.03856366801906326
0 0.5579695216113848 0.7508877589251585 0.04233868942018652 0.05693183847375849
0 0.7463487531249461 0.6853560365212985 0.059905621018452496 0.036946620941162675
0 0.5511287164344175 0.8414854853862082 0.04858868942018653 0.057040932629560004
0 0.6171875 0.62265625 0.05 0.0265625
0 0.7352307006494019 0.8493912629823482 0.0587981473268119 0.04473184740221221
0 0.48315153213472845 0.7464536290555421 0.06026964206513998 0.0431966209411625
0 0.6363227637894642 0.8288957564895265 0.061741136803468065 0.04166139448011297
0 0.8542676689381965 0.7122651842478224 0.05245714206513981 0.04306025324641087
0 0.5069376426298373 0.7140229586008469 0.05273015785015556 0.047747753246410875
0 0.694257090154293 0.8815219245085897 0.04702618942018653 0.057013659090609535
0 0.7605793111445107 0.8169878660666032 0.049878173635170955 0.052380706168510115
0 0.7719256057981344 0.7295969602224047 0.051258663111827474 0.04928297970746058
0 0.5841973636200549 0.6496798149315129 0.039304694681858446 0.05843979139585791
0 0.7375 0.63828125 0.040625 0.0578125
0 0.83984375 0.6234375 0.0578125 0.028125
0 0.6148719689946663 0.767521879866321 0.05963260523343692 0.0322591209411625
0 0.8584260059675437 0.9094129196373257 0.04996917889684287 0.053943206168510116
0 0.813112047919744 0.7475208457740639 0.04086719468185844 0.0584670649348082
0 0.6969872480044487 0.8346469245085897 0.05429265785015538 0.04777502678536116
0 0.7737009374246352 0.7796787808392557 0.053928636803468065 0.041525026785361165
0 0.46740470576989945 0.6945638465881381 0.04564569994353027 0.06011138555165907
0 0.640965490182528 0.9103093977232286 0.05888915258848364 0.04629434740221221
0 0.7808778586407318 0.9518537897677095 0.06110409997176518 0.03072389448011297
0 0.6676329479479788 0.7746991801906326 0.05540013154179633 0.03998980032431163
0 0.8492763320500238 0.6636913165530707 0.042247684158514785 0.05536933847375849
0 0.6890625 0.62265625 0.040625 0.0265625
0 0.5131428690229012 0.7954638733734993 0.04399219468185844 0.05852161201270878
0 0.6828631057981344 0.7280423685022352 0.04381018415851479 0.05539661201270896
0 0.6518553004799927 0.6696298506453278 0.04077618942018653 0.05690456493480802
0 0.8539190584430877 0.7451049577867727 0.05301858418674961 0.025900026785361165
0 0.7971832110315713 0.6987560633066598 0.05521812101845249 0.03686480032431163
0 0.8166458425733676 0.6599935722351136 0.03903167889684287 0.05375229139585791
0 0.690189758386618 0.6828116891190863 0.04519067363517095 0.05229888555165907
0 0.6269617162932433 0.6942207475610728 0.049878173635170955 0.052380706168510115
0 0.7772670112292154 0.906432195611908 0.05318518415851479 0.055560253246410875
0 0.7243225637047596 0.7412787540538945 0.048315673635170954 0.052353432629559826
0 0.5613073532378856 0.8009968530809598 0.05705363680346807 0.04157957386326192
0 0.839538769051136 0.8308788165530707 0.05153167889684287 0.053970479707460585
0 0.46875 0.6328125 0.046875 0.046875
0 0.6757353323323725 0.9578389626580368 0.04252069994353036 0.06005683847375849
0 0.5809226322476679 0.867030956165215 0.03020271046687384 0.06296365016215581
0 0.79375 0.6203125 0.046875 0.021875
0 0.7784023899284142 0.6452492337613551 0.04960515785015538 0.04769320616851012