0 0.17803608198423201 0.4636143311189578 0.04610343262955983 0.04636716014423605
0 0.16211898133560892 0.5701916394395828 0.044540932629559826 0.04633079255305574
0 0.1817690081209701 0.5181927283454162 0.04610343262956 0.04636716014423623
0 0.12472016721157964 0.4757883292190968 0.04448638555165907 0.04320579255305575
0 0.11056793831489795 0.39177700513090236 0.04448638555165907 0.04320579255305575
0 0.030334967535891176 0.4248817522811107 0.042951159090609536 0.04473192496187508
0 0.11596455032760691 0.35104290235736063 0.04448638555165907 0.043205792553055566
0 0.08954632630218917 0.43287478381624955 0.04448638555165925 0.043205792553055566
0 0.07199636201600405 0.3645611949104162 0.04448638555165907 0.043205792553055566
0 0.0078125 0.6140625 0.015625 0.03125
0 0.0109375 0.3125 0.021875 0.04375
0 0.12473162419086874 0.29617356440145787 0.04292388555165925 0.04316942496187508
0 0.042110038963521126 0.28716354673402733 0.04292388555165925 0.04316942496187508
0 0.04379744967898373 0.45892944396048574 0.042951159090609536 0.04473192496187508
0 0.08459754789197485 0.2689941217721524 0.04451365909060954 0.04476829255305557
0 0.02603284578065441 0.13447495782819405 0.04454093262956001 0.04633079255305561
0 0.15168386201600406 0.3627064477602078 0.04604888555165907 0.043242160144236055
0 0.01328125 0.175 0.0265625 0.046875
0 0.025928111205225157 0.49839198746347185 0.04289661201270896 0.04160692496187508
0 0.12855427922428841 0.43509059403673567 0.04133411201270896 0.041570557370694414
0 0.08884076298893877 0.2048588865897912 0.04454093262956001 0.04633079255305557
0 0.0125 0.1 0.025 0.04375
0 0.015625 0.2578125 0.03125 0.046875
0 0.04166575406048505 0.22313741432520792 0.044540932629559826 0.04633079255305557
0 0.0203125 0.57734375 0.040625 0.0453125
0 0.08229866234031569 0.31121798936333295 0.042951159090609536 0.04473192496187508
0 0.0644407808458463 0.17106576804868015 0.044540932629559826 0.04633079255305557
0 0.03148045617180548 0.3592567522811107 0.04289661201270878 0.04160692496187508
0 0.6209678758157218 0.540472997531458 0.02384660308425506 0.023983013867708357
0 0.8083587816599206 0.5423588865897913 0.023819329545304767 0.02242051386770836
0 0.98125 0.68203125 0.0375 0.0453125
0 0.8180258823085435 0.693121299583819 0.04451365909060954 0.04476829255305574
0 0.9248565349063312 0.7468619357923606 0.04448638555165925 0.043205792553055566
0 0.9461236087695932 0.6917016571070133 0.04448638555165907 0.043205792553055566
0 0.694942938314898 0.675681839287083 0.04448638555165907 0.04320579255305575
0 0.7388644878284307 0.7543146791428468 0.04292388555165907 0.04316942496187508
0 0.91328125 0.9875 0.0453125 0.025
0 0.62421875 0.6421875 0.0453125 0.025
0 0.8454690438347852 0.731529182942569 0.04448638555165907 0.043205792553055566
0 0.98671875 0.72421875 0.0265625 0.0453125
0 0.7647336923753831 0.9723736949104161 0.044540932629559826 0.04633079255305557
0 0.6734375 0.634375 0.04375 0.009375
0 0.7134905665629565 0.8657976930105551 0.044540932629559826 0.04633079255305574
0 0.9589200689985885 0.9428641136040271 0.046130706168510116 0.04792966014423605
0 0.71484375 0.98671875 0.0453125 0.0265625
0 0.6968837191607443 0.9224113689223608 0.04454093262956001 0.04633079255305557
0 0.98203125 0.76328125 0.0359375 0.0453125
0 0.7661791899397511 0.8895611949104161 0.04451365909060954 0.04476829255305557
0 0.93671875 0.6453125 0.0453125 0.03125
0 0.8494826136408573 0.8595087125778467 0.04451365909060954 0.04476829255305557
0 0.85234375 0.64140625 0.0453125 0.0234375
0 0.9507644699715232 0.7837436867422911 0.04448638555165907 0.043205792553055566
0 0.857630304388092 0.9296030070307634 0.042978432629560005 0.04629442496187508
0 0.9170053043880919 0.9282210385659022 0.04451365909060954 0.04476829255305557
0 0.6686065349063314 0.7528262207459718 0.039771612012708776 0.04153418977951393
0 0.8270542345820198 0.8022417264455551 0.042951159090609536 0.04473192496187508
0 0.7840837102322905 0.9375622838162496 0.044540932629559826 0.04633079255305557
0 0.8825053936726294 0.7572188607542356 0.04448638555165907 0.043205792553055566
0 0.8015633108809137 0.830948607904444 0.04448638555165907 0.043205792553055566
0 0.7002110909126857 0.7317863689223607 0.04451365909060954 0.04476829255305557
0 0.9239644164008007 0.8874505682011801 0.044540932629559826 0.04633079255305557
0 0.97578125 0.63984375 0.0453125 0.0203125
0 0.9578125 0.9796875 0.046875 0.040625
0 0.8930223336090851 0.9600165524336106 0.044568206168510115 0.047893292553055564
0 0.7868656112052252 0.7781872838162496 0.04451365909060954 0.04476829255305557
0 0.859375 0.97578125 0.04375 0.0484375
0 0.83828125 0.990625 0.0453125 0.01875
0 0.9025372500032953 0.683344949660069 0.04130683847375849 0.04000805737069442
0 0.6830314991925164 0.8212125448341663 0.04451365909060954 0.04476829255305557
0 0.6254723693229001 0.8975217781166662 0.04610343262955983 0.04636716014423605
0 0.7842509001654511 0.6595463865897913 0.04292388555165907 0.04316942496187508
0 0.7396906022767714 0.7964658115516663 0.04448638555165907 0.04320579255305575
0 0.9705939545502478 0.9004220404657634 0.046130706168510116 0.04792966014423623
0 0.6459406022767714 0.7986478670224997 0.04607615909060954 0.04480466014423605
0 0.6993110641273246 0.7833488689223607 0.04289661201270896 0.04160692496187508
0 0.9453951314977648 0.8229152895158327 0.04289661201270896 0.04160692496187508
0 0.765625 0.634375 0.04375 0.009375