0 0.296875 0.63515625 0.04375 0.0296875
0 0.2611293120868291 0.618521778706093 0.04346049498543501 0.045469008897248565
0 0.35052678120801684 0.5800269644853678 0.04346049498543501 0.045469008897248565
0 0.0078125 0.253125 0.015625 0.046875
0 0.2484375 0.6421875 0.04375 0.015625
0 0.06741744985435068 0.3437579061589605 0.04336956677218975 0.04234400889724856
0 0.356570878067596 0.35866130045492295 0.04341503087881229 0.043906508897248564
0 0.14812188057487852 0.3283185899610689 0.04502299498543501 0.04553267589344294
0 0.4109375 0.63671875 0.04375 0.0265625
0 0.43807224531463956 0.5851548162722537 0.046585494985435 0.0455963428896375
0 0.300060116784825 0.454679454599536 0.04341503087881229 0.043906508897248564
0 0.0109375 0.2015625 0.021875 0.046875
0 0.14459972697223938 0.42181392197629125 0.04502299498543501 0.04553267589344294
0 0.21447430628084146 0.3559926038012334 0.04346049498543501 0.04546900889724874
0 0.32652699155371573 0.6133832925462576 0.04341503087881229 0.043906508897248564
0 0.270934906439126 0.41915844866803703 0.04497753087881229 0.043970175893442945
0 0.39624845816762094 0.5959358073750052 0.04180706677218975 0.04228034190105419
0 0.1626149749271754 0.12914626091159595 0.04506845909205772 0.04709517589344294
0 0.20023727619345183 0.6176012658545118 0.04346049498543501 0.045469008897248565
0 0.21289038888814868 0.5697367688202614 0.04346049498543501 0.045469008897248565
0 0.20898986975432585 0.11386877079742774 0.04506845909205772 0.04709517589344294
0 0.10429297571859819 0.43109608007523714 0.04502299498543509 0.04553267589344294
0 0.3916565833987301 0.43812330737500516 0.04497753087881229 0.043970175893442945
0 0.19540136051661888 0.5050375988583174 0.04346049498543501 0.045469008897248565
0 0.24953126788018168 0.38083077771750995 0.04502299498543501 0.04553267589344294
0 0.2353276785424498 0.5363167737631772 0.04346049498543501 0.045469008897248565
0 0.1096958780675961 0.34860191505620913 0.04502299498543501 0.04553267589344294
0 0.10740125534376936 0.48428474707143154 0.04502299498543501 0.04553267589344294
0 0.01640625 0.30625 0.0328125 0.046875
0 0.2851431927947218 0.10292595361095289 0.04350595909205772 0.04703150889724857
0 0.33093907759274244 0.17502112950439583 0.04350595909205772 0.04703150889724857
0 0.22418897241989288 0.15350427376317724 0.04506845909205772 0.04709517589344294
0 0.3432405007914229 0.22234179847775656 0.04506845909205772 0.04709517589344294
0 0.259535439033798 0.13465611467564825 0.04350595909205772 0.04703150889724857
0 0.3106218805748785 0.3349399575652856 0.04341503087881229 0.043906508897248564
0 0.1476625424907879 0.47344008897248574 0.04502299498543501 0.04553267589344294
0 0.15915500580598776 0.1711427599230128 0.04506845909205772 0.04709517589344294
0 0.40559208511458983 0.11251581231792107 0.04511392319868044 0.04865767589344294
0 0.15514007336960028 0.5158822569572632 0.04341503087881247 0.043906508897248564
0 0.25625732633910114 0.18290261368706506 0.04506845909205772 0.04709517589344294
0 0.17237040815498564 0.08896692988495672 0.04506845909205772 0.04709517589344299
0 0.19858121865896922 0.18523443482787258 0.04502299498543501 0.04553267589344294
0 0.45529318606429714 0.4797324872227808 0.04502299498543501 0.04553267589344294
0 0.39153691145369096 0.38037447437119953 0.041852530878812286 0.04384284190105418
0 0.23061143481065596 0.4815019397707885 0.04341503087881229 0.043906508897248564
0 0.1594852779093115 0.289765425930624 0.04180706677218957 0.04228034190105419
0 0.3149697144358271 0.5380012905690912 0.04336956677218975 0.04234400889724856
0 0.35846834718878373 0.31660113444731175 0.04341503087881229 0.043906508897248744
0 0.09837794483978582 0.38871757908665394 0.04502299498543509 0.04553267589344294
0 0.06311038308216102 0.30300557216657176 0.04658549498543509 0.04559634288963732
0 0.2582577470304992 0.25165261368706504 0.04341503087881229 0.043906508897248564
0 0.1726050550272002 0.3652110949039848 0.04502299498543501 0.04553267589344294
0 0.41854202916295274 0.28939664729889303 0.04506845909205772 0.04709517589344303
0 0.4551160266556703 0.312735988211364 0.046585494985435 0.04559634288963732
0 0.18721782132453627 0.22378759885831742 0.04502299498543501 0.04553267589344294
0 0.41719482633910115 0.1894603142950874 0.04506845909205772 0.04709517589344294
0 0.274047883082161 0.3116006166528146 0.041852530878812286 0.04384284190105418
0 0.353285439033798 0.13847613444731172 0.04506845909205772 0.04709517589344294
0 0.3978490959351424 0.32913030935217147 0.04180706677218957 0.04228034190105419
0 0.30278063684308465 0.279997789580508 0.04341503087881229 0.043906508897248564
0 0.39383153417751765 0.24469164235597712 0.04502299498543501 0.04553267589344294
0 0.3152137553437694 0.49275245756528563 0.041761602665567034 0.04071784190105419
0 0.16794160174113024 0.580390425930624 0.04346049498543501 0.045469008897248565
0 0.06325879875899405 0.41537823817418296 0.04497753087881238 0.043970175893442945
0 0.3671875 0.6375 0.040625 0.025
0 0.1854065833987301 0.42971926387734544 0.04180706677218957 0.04228034190105419
0 0.4834563238318187 0.21400932813525184 0.048238923198680436 0.0487850098858317
0 0.14319503668480013 0.21262992296487448 0.04506845909205772 0.04709517589344294
0 0.4252754139609734 0.3599001482874762 0.04336956677218975 0.04234400889724856
0 0.40574782713052393 0.4933201433445603 0.041761602665567034 0.04071784190105419
0 0.71640625 0.278125 0.0328125 0.0375
0 0.9287521034569899 0.3003156067669829 0.05720474623907634 0.03510451186299814
0 0.7464397086298393 0.310054068212239 0.057386602665567034 0.04135451186299814
0 0.7972460391920826 0.2325312460828483 0.048375315518548415 0.0534725098858317
0 0.9165416084715549 0.25611993779362213 0.03440374373179385 0.0560245069200823
0 0.9218703029821362 0.11743943977078845 0.048238923198680436 0.048785009885831745
0 0.97578125 0.3125 0.0484375 0.0375
0 0.7537186627073321 0.3993075692008222 0.05586956677218975 0.04285334486680377
0 0.9054844365265156 0.19792543581645577 0.04529577962517113 0.05490767589344294
0 0.9641105934278599 0.38915261368706505 0.05279003087881247 0.04428851087441501
0 0.99375 0.4015625 0.0125 0.0375
0 0.8099231986007094 0.4000370810638203 0.06037521034569897 0.0367943458553869
0 0.9452790592503423 0.0637706117098987 0.05582410266556703 0.04129084486680368
0 0.9890625 0.27578125 0.021875 0.0546875
0 0.8888665525199178 0.4313454308735398 0.05586956677218957 0.04285334486680377
0 0.71328125 0.39140625 0.0265625 0.0546875
0 0.9477628647397609 0.20276944471370434 0.04520485141192587 0.051782675893442945
0 0.8315133906040085 0.28386825300293056 0.03592077962517113 0.054525673916276586
0 0.8755027344940867 0.4011485949039848 0.057341138558944314 0.03979201186299797
0 0.9723249440483631 0.135101783649009 0.037528743731793844 0.05615184091247096
0 0.9300371217993899 0.451750772774594 0.057386602665567034 0.04135451186299797
0 0.99140625 0.35703125 0.0171875 0.0578125
0 0.71328125 0.321875 0.0265625 0.046875
0 0.9525198755603135 0.41989327771750995 0.048329851411925875 0.0519100098858317
0 0.8263665525199178 0.42879875102576415 0.06042067445232178 0.03835684585538672
0 0.7670417136444042 0.2671954061589605 0.037528743731793844 0.05615184091247105
0 0.7438723012662765 0.4363619002274615 0.04373327962517113 0.05484400889724857
0 0.7477581677218972 0.355366568212239 0.04221624373179385 0.05634284190105419
0 0.8708486752437444 0.2948349279077903 0.04364235141192587 0.051719008897248564
0 0.9573939290046681 0.2655877796946763 0.048193459092057724 0.047222509885831696
0 0.956451206122557 0.34046044570228756 0.048284387305303156 0.0503475098858317
0 0.7742872269722394 0.46257157315515496 0.03288670783841656 0.05752333992388792
0 0.9702743622324785 0.2255357826604258 0.04364235141192587 0.051719008897248564
0 0.8658141827655917 0.2290825939154016 0.037528743731793844 0.05615184091247105
0 0.9083774189755383 0.35098676882026136 0.04993781551854859 0.053536176882026075
0 0.9741482053311341 0.036855284637592155 0.03592077962517113 0.054525673916276586
0 0.8658716702291794 0.33833025992301274 0.03900031551854841 0.05309050790866543
0 0.8012923446815012 0.37159374608284834 0.060193353919208194 0.0305443458553869
0 0.8719183964099961 0.5461427599230129 0.04226170783841639 0.05790534190105419
0 0.8103658163099713 0.3079769150562091 0.04515938730530315 0.050220175893442943
0 0.8102795851145899 0.14410541604479227 0.058903638558944316 0.03985567885919252
0 0.856161701107992 0.3800720909496521 0.057295674452321775 0.038229511862997965
0 0.9734375 0.5484375 0.053125 0.028125
0 0.8887134398252208 0.4797192638773454 0.045341243731793844 0.05647017589344294
0 0.8347533655311837 0.5024909190105418 0.05904003087881229 0.044543178859192525
0 0.9734375 0.50234375 0.053125 0.0515625