0 0.4354579784983086 0.16441910752749359 0.04406873545613248 0.04242384933607006
0 0.2701828912351033 0.4164623547970191 0.04732128121376711 0.04400453005422929
0 0.5159416724488703 0.46162136045435975 0.04575878121376693 0.04399543969514959
0 0.3977665309239029 0.2001202581914235 0.04563123545613248 0.04243293969514976
0 0.478634151526907 0.11937931829988213 0.047448826971401556 0.04556703005422928
0 0.3194822921337906 0.1403180113146815 0.04575878121376711 0.04399543969514967
0 0.36029745032865745 0.48726573418731844 0.044196281213767105 0.04398634933607006
0 0.6051317182065048 0.463702010921898 0.04888378121376711 0.04401362041330899
0 0.40452568245080994 0.5125111738824681 0.04588632697140156 0.04555793969514958
0 0.2798132406262802 0.3431157583878153 0.04732128121376711 0.04400453005422929
0 0.47595543274067414 0.16309295686356365 0.04394118969849785 0.040861349336070066
0 0.4482767139544411 0.20666114968197125 0.04575878121376711 0.04399543969514959
0 0.3258907572961796 0.4292805173648057 0.04563123545613248 0.04243293969514959
0 0.5829065475938023 0.2870940591264999 0.0487562354561323 0.042451120413308986
0 0.38494805334367826 0.0813520774732643 0.04588632697140156 0.04555793969514967
0 0.22541278304993478 0.32718168617910826 0.04732128121376693 0.04400453005422929
0 0.06693111910519205 0.18413969242562417 0.05057382697140156 0.04558521077238851
0 0.43671875 0.021875 0.0453125 0.04375
0 0.16211581547164977 0.25965784289316235 0.04888378121376693 0.04401362041330899
0 0.39304682213960956 0.29536003531878663 0.04563123545613248 0.04243293969514959
0 0.2922503703131401 0.07456574628756685 0.047448826971401556 0.04556703005422928
0 0.3971916724488703 0.46093049316430895 0.04575878121376693 0.04399543969514959
0 0.43402250850412755 0.319024794295777 0.04575878121376711 0.04399543969514959
0 0.3565043178875458 0.03901913172799043 0.04575878121376693 0.04399543969514976
0 0.28395886456326414 0.279107800542293 0.04575878121376711 0.04399543969514959
0 0.5096285442598225 0.2694884026088376 0.04563123545613248 0.04243293969514959
0 0.08051512910713177 0.23575673458010193 0.05044628121376693 0.04402271077238851
0 0.5674722215404847 0.48066225194490764 0.04575878121376711 0.04399543969514959
0 0.30251715911295074 0.3916623426967707 0.04563123545613248 0.04243293969514959
0 0.47751715911295073 0.39268046291368786 0.04563123545613248 0.04243293969514959
0 0.2503499127367947 0.05870439695149678 0.04732128121376711 0.04400453005422929
0 0.3689401581948669 0.15309981244614965 0.04575878121376711 0.04399543969514967
0 0.3565349794163925 0.40290891490547764 0.04394118969849785 0.040861349336070066
0 0.5734988230576935 0.5353588423039872 0.047448826971401556 0.04556703005422928
0 0.2875 0.0046875 0.046875 0.009375
0 0.275923997584104 0.027618023414929915 0.047448826971401556 0.04556703005422928
0 0.5020703621473682 0.5021463665044841 0.04575878121376711 0.04399543969514976
0 0.5433975085041276 0.3196611194313503 0.0438136439408634 0.039298849336070064
0 0.5718729369927378 0.4197792940993853 0.04406873545613248 0.04242384933607006
0 0.3804190185060673 0.37025095100983113 0.04563123545613248 0.04243293969514959
0 0.40481298275037236 0.42036912567786616 0.04563123545613248 0.04243293969514959
0 0.5252530285080069 0.4226315833269968 0.04563123545613248 0.04243293969514959
0 0.6057697048705852 0.3949883723582165 0.04901132697140156 0.04557612041330898
0 0.46055254184392647 0.49097251716841395 0.04563123545613248 0.04243293969514976
0 0.36119104425982246 0.26862481849627395 0.04575878121376693 0.04399543969514959
0 0.18223686789724408 0.29569533684303817 0.04550368969849794 0.040870439695149585
0 0.36328125 0.009375 0.0484375 0.01875
0 0.506534463664577 0.5568338665044841 0.04563123545613248 0.04243293969514976
0 0.22267145182646947 0.02574645120622292 0.047448826971401556 0.04556703005422928
0 0.24897808668347707 0.25235440300162104 0.0471937354561323 0.042442030054229286
0 0.44001819061658176 0.0863577400410509 0.047448826971401556 0.04556703005422928
0 0.20347388123316365 0.36453624043383437 0.04732128121376693 0.04400453005422929
0 0.2473514269907982 0.36635327048806365 0.04732128121376693 0.04400453005422929
0 0.24435474637615603 0.13831917407885985 0.04732128121376693 0.04400453005422929
0 0.2410385566776581 0.09769417407885986 0.047448826971401556 0.04556703005422928
0 0.24409939698497923 0.2117203126425414 0.04550368969849785 0.040870439695149585
0 0.5104260275899231 0.18359635440423566 0.04394118969849785 0.040861349336070066
0 0.11546395607853328 0.28125104176169424 0.05044628121376702 0.04402271077238851
0 0.6116685027542517 0.5246486012809777 0.04901132697140156 0.04557612041330898
0 0.22209659335143694 0.28655668617910823 0.04732128121376711 0.04400453005422929
0 0.4881044885002483 0.2162634086589618 0.045631235456132305 0.04243293969514959
0 0.1972885566776581 0.09743964402463057 0.047448826971401556 0.04556703005422928
0 0.509375 0.02265625 0.046875 0.0453125
0 0.18772236697916017 0.05677828258831208 0.04901132697140156 0.0455761204133089
0 0.46157342365681836 0.35042024004105093 0.04550368969849785 0.040870439695149585
0 0.5200244260727143 0.12899066763595218 0.04575878121376711 0.04399543969514967
0 0.35468621062046124 0.18893731849627385 0.04575878121376711 0.04399543969514976
0 0.17890625 0.01796875 0.0484375 0.0359375
0 0.32292551183810747 0.3355577884420445 0.0422511439408634 0.03928975897699054
0 0.4638687315424244 0.531597517168414 0.04419628121376693 0.04398634933607006
0 0.19929733789142512 0.14118055366555096 0.04732128121376693 0.04400453005422929
0 0.3178556324411116 0.2543168788011242 0.04563123545613248 0.04243293969514976
0 0.7473833778991837 0.36768955327276753 0.04901132697140156 0.04557612041330898
0 0.7419939894183322 0.47385774004105097 0.047448826971401556 0.04556703005422928
0 0.7565349794163925 0.4224043243500063 0.04901132697140156 0.04557612041330898
0 0.6984375 0.37734375 0.0375 0.0421875
0 0.6875 0.29296875 0.015625 0.0421875
0 0.68828125 0.25234375 0.0171875 0.0421875
0 0.68984375 0.19765625 0.0203125 0.0421875
0 0.7109679036529389 0.2659634268093344 0.0487562354561323 0.042451120413308986
0 0.69765625 0.3375 0.0359375 0.040625
0 0.11938592365681835 0.7521089633064714 0.026913186364518005 0.023582945745273774
0 0.2501576915346657 0.7278816438282388 0.025223140606883375 0.022011355386194253
0 0.22994078638391463 0.7480668788011242 0.025223140606883375 0.022011355386194253
0 0.19282342365681834 0.7525362101832134 0.025350686364518184 0.023573855386194255
0 0.2898896133553162 0.7937066317279904 0.025350686364518003 0.023573855386194255
0 0.9505717639641393 0.7021918182998821 0.03211086939505616 0.0298602168225127
0 0.9757629536626373 0.7429440833269968 0.03211086939505616 0.0298602168225127
0 0.996875 0.7375 0.00625 0.028125