0 0.09403743731793837 0.4414873708222219 0.030551318025830908 0.030378484232430482
0 0.13281512932123735 0.3233179458603468 0.030551318025830908 0.030378484232430482
0 0.18850283966693623 0.35642008016902726 0.03211381802583091 0.030414851823611144
0 0.0109375 0.40546875 0.021875 0.0296875
0 0.009375 0.37578125 0.01875 0.0296875
0 0.0671875 0.45078125 0.03125 0.0171875
0 0.19393448574772804 0.32814960980430496 0.030551318025830908 0.030378484232430482
0 0.08836644734706826 0.3540601060045828 0.030551318025830908 0.030378484232430482
0 0.14509983214508893 0.4230997403132634 0.030551318025830908 0.03037848423243066
0 0.12562240643912598 0.39853615140743004 0.030551318025830908 0.030378484232430482
0 0.1583152344940868 0.3399235644014579 0.030551318025830908 0.03037848423243066
0 0.04402541396097339 0.3347658985576386 0.030551318025830908 0.030378484232430482
0 0.2206500984424249 0.27905749316305506 0.030596782132453627 0.031940984232430567
0 0.03599761678482496 0.43502047169590236 0.030551318025830908 0.030378484232430482
0 0.18572952916295274 0.2611075801690273 0.030551318025830908 0.03037848423243057
0 0.03651444233250327 0.39904660410472187 0.030551318025830908 0.030378484232430482
0 0.215625 0.4484375 0.028125 0.021875
0 0.11234951662654043 0.37226459213687446 0.030551318025830908 0.030378484232430482
0 0.23978053167023522 0.23795971447770778 0.03215928213245363 0.031977351823611146
0 0.07626360094970738 0.2605283115516662 0.030551318025830908 0.03037848423243057
0 0.20893501161197553 0.41379616907486055 0.03050585391920819 0.02881598423243048
0 0.01171875 0.44296875 0.0234375 0.0328125
0 0.2356218805748785 0.30998018484243 0.030551318025830908 0.03037848423243066
0 0.06642926286561668 0.4061681198722913 0.028943353919208194 0.028779616641249995
0 0.236672252045064 0.18487108206888836 0.03215928213245363 0.031977351823611146
0 0.0375 0.4546875 0.03125 0.009375
0 0.259559485747728 0.3266221709747216 0.03215928213245363 0.031977351823611146
0 0.2872465650563301 0.25718118674229107 0.03215928213245363 0.031977351823611146
0 0.1800872829238765 0.22840418294256892 0.030596782132453627 0.03194098423243066
0 0.13230300079142285 0.19824521067798564 0.030596782132453627 0.031940984232430567
0 0.152024467405328 0.17745993199263843 0.030596782132453627 0.03194098423243066
0 0.15409909593514248 0.30249629958381896 0.030596782132453627 0.031940984232430567
0 0.01626412681395486 0.34792051519888856 0.030551318025830908 0.030378484232430482
0 0.12709867524374446 0.2343281810427079 0.030596782132453627 0.031940984232430567
0 0.21920727038746418 0.33694272834541616 0.028943353919208194 0.028779616641249995
0 0.23703126788018167 0.35841768484243 0.028943353919208194 0.028779616641249995
0 0.10614967775102695 0.21292595972805514 0.030551318025830908 0.03037848423243066
0 0.04634878041659398 0.25340679578409686 0.03215928213245363 0.031977351823611146
0 0.2519863296378064 0.4425017441129856 0.03211381802583091 0.030414851823611144
0 0.08799071113712183 0.23367487082222177 0.030551318025830908 0.03037848423243066
0 0.05725283966693624 0.35947495782819405 0.02898881802583091 0.030342116641249993
0 0.12377509844242489 0.28131228381624956 0.030551318025830908 0.03037848423243066
0 0.19810985721791355 0.20296777184840228 0.030596782132453627 0.03194098423243066
0 0.06497910847155479 0.19512151709874961 0.030596782132453627 0.031940984232430567
0 0.05954746239076307 0.22339198746347183 0.03215928213245363 0.031977351823611146
0 0.07197325455234652 0.1668146791428468 0.030596782132453627 0.031940984232430567
0 0.09747335972519604 0.1834202976839579 0.030551318025830908 0.03037848423243057
0 0.21400294483978577 0.37302569871013846 0.030551318025830908 0.030378484232430482
0 0.052627524148387825 0.30798519301055516 0.03050585391920819 0.02881598423243048
0 0.1515625 0.44765625 0.028125 0.0234375
0 0.46776444233250325 0.27241267534312463 0.10061977711788872 0.07729115824437507
0 0.7172930808914477 0.30413022834541614 0.07611988229073816 0.09389677678548622
0 0.34878712179938987 0.7679784420606246 0.039136707838416385 0.05712282218833344
0 0.36152646568946833 0.8833852365135414 0.05002874373179385 0.055814895326597204
0 0.378125 0.75546875 0.021875 0.0515625
0 0.2783382294795219 0.7649274836637497 0.05140938730530316 0.04960126291777769
0 0.3094685575344827 0.706351264248958 0.05288095909205772 0.046512630508958354
0 0.37890625 0.7234375 0.0203125 0.04375
0 0.3765625 0.79921875 0.025 0.0515625
0 0.29211122446495696 0.8083865429343053 0.039136707838416475 0.05712282218833344
0 0.3198892319868043 0.7420705587018747 0.04221624373179385 0.05563305737069442
0 0.280884219450392 0.8524274836637498 0.06060253087881247 0.043569468464861136
0 0.3525773630239012 0.8445045744694439 0.06483538981258548 0.028053571238402776
0 0.33581576035833416 0.8058057503812496 0.05145485141192587 0.05116376291777787
0 0.2528548446815012 0.695160497531458 0.04217077962517113 0.05407055737069442
0 0.29913881129540637 0.6737569697960414 0.060329746239076346 0.03419446846486114
0 0.3550250984424249 0.6599477365135413 0.04520485141192587 0.051018292553055566
0 0.22792905251991774 0.7520287465815276 0.06193771034569897 0.035793336056041625
0 0.6724138045649818 0.8605659855636109 0.024119461599340218 0.023983013867708357
0 0.5568342686716046 0.864819687310972 0.024119461599340218 0.023983013867708357
0 0.5780273070722644 0.8408730410344442 0.022511497492717504 0.02238414627652787
0 0.5340499865391509 0.8340788335874997 0.024119461599340218 0.023983013867708357
0 0.6131297327782271 0.8650729540284718 0.024119461599340218 0.023983013867708357
0 0.5912547327782272 0.8655821003049997 0.02255696159934022 0.023946646276527872
0 0.4927263045649818 0.8647482585493748 0.02255696159934022 0.023946646276527872
0 0.472385060833188 0.8104971696435415 0.024119461599340218 0.023983013867708357
0 0.5140557352855095 0.845489112272847 0.02255696159934022 0.023946646276527872
0 0.47145905832590546 0.832408537234722 0.024119461599340218 0.023983013867708357
0 0.5349592686716045 0.8653288335874997 0.02255696159934022 0.023946646276527872
0 0.47517509171200034 0.852648302052361 0.024119461599340218 0.023983013867708357
0 0.47808949155371583 0.7916016992788193 0.024073997492717502 0.02242051386770836
0 0.4952148070722643 0.8428005233670136 0.02255696159934022 0.023946646276527872
0 0.5130842686716044 0.8658379798640276 0.022511497492717504 0.02238414627652787