0 0.4647930176041527 0.12991244573823782 0.04670003737886681 0.04575878121376711
0 0.4828110440872562 0.09544185088898889 0.04513753737886681 0.04563123545613248
0 0.25390625 0.02109375 0.0484375 0.0421875
0 0.5359375 0.0390625 0.028125 0.046875
0 0.29921875 0.015625 0.0484375 0.03125
0 0.4850398156266812 0.17225944240425797 0.04670003737886681 0.04575878121376711
0 0.3489059376506389 0.09065824028792444 0.04670003737886681 0.045758781213767016
0 0.53671875 0.15390625 0.0265625 0.0453125
0 0.5157656557196537 0.07232334422102911 0.04513753737886681 0.04563123545613248
0 0.21915273567316743 0.1452496296868599 0.048371798022528625 0.047448826971401556
0 0.43515625 0.00546875 0.0453125 0.0109375
0 0.25723188988021184 0.1279984857459965 0.048371798022528625 0.047448826971401556
0 0.2934643208224613 0.1517549790780368 0.046809298022528624 0.04732128121376711
0 0.53671875 0.19609375 0.0265625 0.0453125
0 0.4057350918576832 0.07187654725544661 0.04670003737886681 0.04575878121376693
0 0.4814884807294889 0.23383467119243068 0.04524679802252862 0.04719373545613248
0 0.36928413962811024 0.04499505392340639 0.04670003737886681 0.045758781213767016
0 0.4520852039942838 0.19537794907221775 0.045028276735205 0.04406873545613248
0 0.3366351666154169 0.16237374362190432 0.046809298022528624 0.04732128121376711
0 0.3333352039942838 0.2050714266524425 0.046809298022528624 0.04732128121376711
0 0.4219720970534634 0.03440849816383218 0.046809298022528624 0.04732128121376702
0 0.28994583691400466 0.19132766210857488 0.048371798022528625 0.047448826971401556
0 0.1918147034900807 0.06891027029374337 0.048371798022528625 0.047448826971401556
0 0.28004667700697716 0.09470775362384395 0.048371798022528625 0.047448826971401556
0 0.21171875 0.0109375 0.0484375 0.021875
0 0.22804713443233018 0.09266676362578367 0.04993429802252862 0.04757637272903601
0 0.4455945393956792 0.282335815133294 0.046918558666190435 0.04888378121376711
0 0.4860010181083558 0.27589462543479615 0.043465776735205 0.04394118969849785
0 0.41015625 0.33359375 0.0484375 0.0109375
0 0.4625 0.3234375 0.05 0.03125
0 0.35703125 0.33046875 0.0484375 0.0171875
0 0.41058611884498986 0.1861941387707157 0.043465776735205 0.04394118969849785
0 0.24575879433935777 0.1886489433223419 0.048371798022528625 0.047448826971401556
0 0.5245500658787827 0.2428909357362982 0.04524679802252862 0.04719373545613248
0 0.54296875 0.2765625 0.0140625 0.046875
0 0.20291573047738734 0.1827176787784744 0.048371798022528625 0.047448826971401556
0 0.7525436619238399 0.021844854222968734 0.030091691585911205 0.030420823637421535
0 0.6941848587055313 0.01875154725544661 0.027982888367602498 0.022480777879787084
0 0.8002156094618359 0.2316663933126435 0.03198197351689647 0.03523586939505634
0 0.8189549017843814 0.1625657069481255 0.031872712873234656 0.03367336939505634
0 0.5873007101984701 0.15318993332040218 0.03176345222957293 0.03211086939505634
0 0.820604519116762 0.253573344221029 0.03020095222957302 0.03198332363742153
0 0.53125 0.8734375 0.0375 0.115625
0 0.45728542826748486 0.8418381030150208 0.07570983020561535 0.12735946757828492
0 0.41833291686751845 0.6218762893795388 0.12344820767745475 0.07688097758022465
0 0.8073190072125925 0.7478327536238439 0.048371798022528625 0.047448826971401556
0 0.7108046401323134 0.7384255448395506 0.05160605866619026 0.04926641848667064
0 0.7186392834435945 0.6482151330208398 0.05004355866619026 0.04913887272903601
0 0.8438685124083726 0.7087066096829806 0.04993429802252862 0.04757637272903601
0 0.8532213690970915 0.7975140181677116 0.05004355866619026 0.04913887272903601
0 0.6108710700661566 0.47787042423654646 0.05171531930985207 0.050828918486670635
0 0.565625 0.74609375 0.03125 0.0515625
0 0.9746707621562709 0.624172628768776 0.048371798022528625 0.047448826971401556
0 0.98515625 0.77578125 0.0296875 0.0484375
0 0.6584016339281271 0.4834190515075104 0.05160605866619026 0.04926641848667064
0 0.9589800601787996 0.6694531778603905 0.04848105866619044 0.04901132697140156
0 0.978125 0.7140625 0.04375 0.05
0 0.55625 0.48125 0.0125 0.053125
0 0.9421310497872394 0.7431138184672739 0.048371798022528625 0.047448826971401556
0 0.6686721344323302 0.6302940515075104 0.05149679802252862 0.04770391848667064
0 0.6593842517647108 0.7221945090838557 0.05149679802252853 0.04770391848667046
0 0.7718949594421655 0.7805813518070728 0.05004355866619026 0.04913887272903601
0 0.6642245710745629 0.7689419633262212 0.05160605866619026 0.04926641848667064
0 0.9328438950759919 0.6103013184672739 0.04848105866619044 0.04901132697140156
0 0.8281999537421821 0.6644144757440569 0.04993429802252862 0.04757637272903601
0 0.7862195393956792 0.8281260315036312 0.05171531930985207 0.05082891848667046
0 0.8377942029858776 0.44206124362190435 0.048481058666190256 0.04901132697140156
0 0.748950224273201 0.45245635180707283 0.05015281930985207 0.0507013727290361
0 0.7191970222957297 0.49888481271739804 0.05004355866619035 0.049138872729036095
0 0.8931586822027573 0.5821124166505027 0.046809298022528624 0.04732128121376693
0 0.7473441656070108 0.4070163060494383 0.048481058666190256 0.04901132697140156
0 0.7976498042267148 0.49719502483567124 0.05004355866619026 0.04913887272903601
0 0.5785720222957297 0.5103639309045063 0.05327781930985207 0.05095646424430509
0 0.6085208742928716 0.7813461106010645 0.054731058666190345 0.04952151000193972
0 0.877358719581624 0.6258304657421172 0.048481058666190256 0.04901132697140156
0 0.6880455752619368 0.4354280905971851 0.05004355866619026 0.04913887272903601
0 0.9484246084534297 0.7881712269520049 0.05004355866619044 0.04913887272903601