0 0.3770250252960946 0.32261541603125055 0.051989475104890735 0.04800239532659738
0 0.367411381725009 0.4288290484400701 0.051989475104890735 0.04800239532659738
0 0.32366322695576855 0.32450391793111166 0.05187107593472771 0.0464398953265972
0 0.2245153319347904 0.3315877596867366 0.04694677759440165 0.043205792553055566
0 0.19334079999071124 0.08198649676895871 0.050426975104890734 0.047966027735416715
0 0.2640299630583214 0.20259124391916714 0.045502676764564674 0.04473192496187508
0 0.30524695890913656 0.19572430128986165 0.047065176764564676 0.04476829255305557
0 0.28514610123082235 0.27508449296923665 0.047065176764564676 0.04476829255305557
0 0.3036126813147349 0.23794816888104223 0.047065176764564676 0.04476829255305574
0 0.22099035807929956 0.19219795136611156 0.04538427759440165 0.04316942496187508
0 0.02109375 0.16953125 0.0421875 0.0453125
0 0.2679371356737012 0.15102874391916715 0.047065176764564676 0.04476829255305557
0 0.22551099210261558 0.2564786569131948 0.045502676764564674 0.04473192496187508
0 0.1873975306946793 0.1397626291777782 0.0471835759347277 0.04633079255305557
0 0.15060608048489793 0.23282164494534766 0.0471835759347277 0.04633079255305574
0 0.22667351824712467 0.11719795136611158 0.045502676764564674 0.04473192496187508
0 0.24141941201870304 0.29441506800736156 0.04694677759440165 0.043205792553055566
0 0.2681273124382659 0.10720600873680608 0.047065176764564676 0.04476829255305557
0 0.26829417841494985 0.043034405963264355 0.04886447510489074 0.04792966014423614
0 0.1122091991608742 0.07853288202756978 0.04886447510489074 0.04792966014423623
0 0.18116899625180044 0.2632728643601393 0.047065176764564676 0.04476829255305557
0 0.11878555019120389 0.3635624986688198 0.04886447510489074 0.04792966014423605
0 0.3431254672075063 0.2122584910693755 0.04862767676456468 0.04480466014423605
0 0.3109534298648423 0.1410731688810422 0.047065176764564676 0.04476829255305574
0 0.029272764298432462 0.3880884135627086 0.050426975104890734 0.047966027735416715
0 0.03173399085321571 0.43823388392743096 0.04898287427505377 0.049492160144236054
0 0.22227128339397167 0.051354745819028214 0.0471835759347277 0.04633079255305557
0 0.1140625 0.01171875 0.046875 0.0234375
0 0.38381855434038875 0.3775574891695145 0.053670374275053764 0.04960126291777787
0 0.08052853359446437 0.3313669412981254 0.047065176764564676 0.04476829255305557
0 0.06546852819587964 0.5094555737069448 0.04886447510489074 0.047929660144236406
0 0.18516756678794338 0.39641267268076436 0.0471835759347277 0.04633079255305574
0 0.11379131948723575 0.3055317931217365 0.047065176764564676 0.04476829255305557
0 0.01796875 0.11484375 0.0359375 0.0453125
0 0.08131070620984415 0.2797317061157642 0.047065176764564676 0.04476829255305557
0 0.22797037342663923 0.40993096523381994 0.0471835759347277 0.04633079255305557
0 0.028564214508213937 0.29415657560680586 0.04862767676456468 0.04480466014423605
0 0.16670098670403083 0.4335489967689588 0.045502676764564674 0.04473192496187508
0 0.10720758753386779 0.43372952830409756 0.0471835759347277 0.04633079255305557
0 0.24140625 0.0125 0.0484375 0.025
0 0.1766661373240864 0.5292615402719448 0.04886447510489074 0.04792966014423605
0 0.32517910538000716 0.28384255033993105 0.043821777594401645 0.043133057370694415
0 0.01171875 0.02265625 0.0234375 0.0453125
0 0.04113599210261558 0.2521872811538892 0.04694677759440165 0.043205792553055566
0 0.11230244231239697 0.159928352392292 0.050308575934727706 0.046403527735416714
0 0.18046875 0.01015625 0.0484375 0.0203125
0 0.08595527509560194 0.03252939779513921 0.047065176764564676 0.04476829255305557
0 0.10588742156647264 0.12064764684520864 0.04526587842423861 0.04160692496187508
0 0.09740561242897709 0.4804590579393754 0.04562107593472771 0.04629442496187508
0 0.1441855240466948 0.5034614532659727 0.04730197510489056 0.047893292553055744
0 0.19212611657816198 0.49048998100138935 0.047065176764564676 0.04476829255305557
0 0.00703125 0.27890625 0.0140625 0.0421875
0 0.13620800330077037 0.4641443801277087 0.0471835759347277 0.04633079255305557
0 0.1360233622284844 0.1980466014423615 0.050308575934727706 0.046403527735416714
0 0.0421875 0.0171875 0.04375 0.034375
0 0.2030169950024006 0.45004681895729204 0.04862767676456468 0.04480466014423605
0 0.01328125 0.46953125 0.0265625 0.0484375
0 0.015625 0.22578125 0.03125 0.0421875
0 0.62890625 0.1609375 0.0578125 0.06875
0 0.61796875 0.24453125 0.0359375 0.1078125
0 0.7250625514406037 0.3263222974901395 0.08051813942190086 0.11573540919430556
0 0.2989214908532157 0.9726504772016671 0.02857528589277152 0.027180749050069508
0 0.38815085682989975 0.9105518271254173 0.02857528589277152 0.027180749050069508
0 0.84140625 0.6125 0.0453125 0.025
0 0.98984375 0.85546875 0.0203125 0.0453125
0 0.8559285074499552 0.8229388050895838 0.0471835759347277 0.04633079255305557
0 0.810973050191204 0.7138898069894448 0.0471835759347277 0.04633079255305574
0 0.8055966207273467 0.8468114097629865 0.04886447510489074 0.04792966014423605
0 0.791085680065335 0.7697761310776393 0.0471835759347277 0.04633079255305557
0 0.8622036634685954 0.7401263050895838 0.047065176764564676 0.04476829255305557
0 0.94714734853153 0.7139287874221533 0.047065176764564676 0.04476829255305557
0 0.9511943858741938 0.7844594929692367 0.04562107593472771 0.04629442496187508
0 0.99296875 0.78515625 0.0140625 0.0453125
0 0.77265625 0.609375 0.0421875 0.01875
0 0.9280906178275619 0.6555707735544449 0.045502676764564674 0.04473192496187508
0 0.8772832891935417 0.7890002161837504 0.0471835759347277 0.04633079255305557
0 0.98125 0.6171875 0.0375 0.034375
0 0.9009594327646273 0.683113892095556 0.04694677759440165 0.043205792553055566
0 0.98046875 0.815625 0.0390625 0.046875
0 0.8893600045501703 0.6296252161837504 0.047065176764564676 0.04476829255305557
0 0.9507674107693032 0.8314072281515976 0.04730197510489074 0.047893292553055564
0 0.9282053265362057 0.8606219494662504 0.04886447510489074 0.047929660144236406
0 0.7831566261259316 0.6678499551658337 0.047065176764564676 0.04476829255305557
0 0.7212234659581064 0.7415407218833338 0.048746075934727705 0.04636716014423605
0 0.841182613678377 0.6457216884483337 0.04694677759440165 0.04320579255305575
0 0.747432613678377 0.6435396329775003 0.04862767676456468 0.04480466014423605
0 0.8016232062098443 0.6307136310776393 0.04526587842423861 0.04160692496187508