0 0.5033740105500115 0.2578168170494264 0.044540932629559826 0.04760534034363299
0 0.4202887751605081 0.23785179782754948 0.04454093262956001 0.04760534034363299
0 0.49733429058178363 0.3589698812737776 0.044540932629559826 0.04760534034363299
0 0.569517207790068 0.290943577564876 0.04610343262955983 0.04768722749876275
0 0.3387581314911741 0.30694927860567267 0.042951159090609536 0.04596095318850324
0 0.5305831672049891 0.3856895115315024 0.04451365909060954 0.046042840343633
0 0.4989126071414448 0.18109054273916686 0.044568206168510115 0.049167840343632994
0 0.3855434025944925 0.39369900610443553 0.042951159090609536 0.04596095318850324
0 0.42738425486796866 0.2866168464480685 0.044540932629559826 0.04760534034363299
0 0.47623085795222375 0.3125928482570908 0.04451365909060954 0.04604284034363308
0 0.4281672792176979 0.42090995929293873 0.042951159090609536 0.04596095318850324
0 0.22705697240056458 0.25738529059146026 0.044540932629559826 0.04760534034363299
0 0.31513762499835235 0.20580285843385612 0.042978432629559825 0.04752345318850333
0 0.25532624837514695 0.17769114653892554 0.044540932629559826 0.04760534034363299
0 0.2466876339268061 0.21938732360814708 0.044540932629559826 0.04760534034363299
0 0.27105243425111764 0.2737406309350933 0.042951159090609536 0.04596095318850333
0 0.34380809577735916 0.2385268272261917 0.044540932629559826 0.04760534034363299
0 0.3814911022701809 0.340410231794176 0.04292388555165907 0.04439845318850324
0 0.350732025971287 0.3668974886915809 0.041361385551659066 0.04431656603337366
0 0.4352706672049891 0.38069439506858754 0.04451365909060954 0.046042840343633
0 0.22285248782184014 0.3742452419709412 0.04292388555165907 0.04439845318850324
0 0.3657411915547183 0.5113025859326189 0.04292388555165907 0.04439845318850324
0 0.2859955957773591 0.23549700248639086 0.042951159090609536 0.04596095318850333
0 0.462951382301953 0.4461489767057933 0.04292388555165925 0.04439845318850324
0 0.31914683522405235 0.4354903584338562 0.042951159090609536 0.04596095318850324
0 0.28584341152294623 0.4056457281761313 0.04292388555165907 0.04439845318850324
0 0.35236488960884893 0.19214315015697014 0.044540932629559826 0.04760534034363299
0 0.30195578652459387 0.16608526119281813 0.044540932629559826 0.04760534034363299
0 0.4745513555165918 0.39524157394683124 0.04133411201270896 0.04275406603337366
0 0.08462401055001152 0.23587105947465287 0.04610343262955983 0.04768722749876275
0 0.4577105032431156 0.5036339280852744 0.04451365909060954 0.04604284034363317
0 0.2927400681779238 0.5324538896415205 0.04292388555165907 0.04439845318850324
0 0.24379227921769786 0.41124727498762803 0.04292388555165907 0.04439845318850324
0 0.13954906412073398 0.3417802227490644 0.04607615909060954 0.04612472749876275
0 0.5178218887947749 0.5489331399802049 0.04448638555165907 0.04448034034363317
0 0.37994441882984215 0.16236711894930572 0.044568206168510115 0.049167840343633085
0 0.2556218977232286 0.5523635979184066 0.042951159090609536 0.04596095318850324
0 0.33855140015886054 0.47397300429541317 0.04292388555165907 0.04439845318850324
0 0.26714440990138844 0.13928374377996358 0.044568206168510115 0.049167840343633085
0 0.49699909983454893 0.42920049411864786 0.04133411201270896 0.042754066033373485
0 0.23623314934808165 0.33591972636710904 0.04133411201270896 0.042754066033373485
0 0.4664775771063775 0.5587308638609231 0.04130683847375849 0.04119156603337348
0 0.18255477028924413 0.39086617593756773 0.04451365909060954 0.04604284034363317
0 0.07302403733537277 0.2867784622336148 0.04769320616851021 0.049331614653892505
0 0.29296875 0.571875 0.0453125 0.015625
0 0.08645133765968431 0.34055855947465286 0.04610343262955983 0.04768722749876275
0 0.21039912661991017 0.4656957575747735 0.04451365909060954 0.046042840343633
0 0.16761160876300263 0.42910980438627017 0.04451365909060954 0.04604284034363317
0 0.2125 0.5578125 0.04375 0.04375
0 0.16927529463897342 0.5244223043862701 0.04451365909060954 0.04604284034363317
0 0.25275026785361215 0.47728171076327686 0.04133411201270896 0.04275406603337366
0 0.1698832207757115 0.46981669154139993 0.04451365909060954 0.04604284034363317
0 0.1305479853862081 0.4521445126631562 0.04607615909060954 0.04612472749876275
0 0.44466148376465037 0.20322449230962553 0.04454093262956001 0.04760534034363308
0 0.1402581761334428 0.3824052227490644 0.04289661201270878 0.04283595318850324
0 0.20973665340527142 0.5171763704196437 0.04451365909060954 0.046042840343633
0 0.37579803002847684 0.5508564088633975 0.04130683847375849 0.041191566033373664
0 0.7441626517837137 0.2818939676606818 0.04495003571381488 0.07104284034363299
0 0.8012502232113434 0.42226001809022307 0.0511454886359143 0.06824538896415203
0 0.7718706404196278 0.3489110492978876 0.05273526217486459 0.06988977611928178
0 0.8336457118472577 0.4895227611928181 0.06806025324641088 0.05352114767057934
0 0.8213524431795713 0.3218439382620396 0.060493215096963836 0.06717421189493056
0 0.788138748375147 0.20770619515944455 0.04651253571381488 0.07112472749876275
0 0.7630059293798537 0.46708783921197927 0.06970457386326193 0.058290534825709096
0 0.8602979407439394 0.40662172998515367 0.06504434740221221 0.05960737336031983
0 0.7009229407439393 0.39826924016191895 0.07113070616851021 0.05055992198083885
0 0.706970568991998 0.20813556309269748 0.0695954797074605 0.0520405348257091
0 0.8289001160698986 0.21764776119281812 0.049637535713814886 0.07128850180902227
0 0.8890581404196279 0.3550525859326189 0.06657957386326192 0.058126760515449585
0 0.6870047167185217 0.31636414292088094 0.06515344155801354 0.06585737336031983
0 0.8896933400953163 0.30200947308774867 0.055860262174864596 0.07005355042954128
0 0.88671875 0.55234375 0.0703125 0.0546875
0 0.6765625 0.24921875 0.053125 0.0640625
0 0.7830650592494701 0.5430704850735364 0.06967730032431163 0.056728034825708915
0 0.895191137983996 0.4381107473980082 0.04810230925276535 0.0727691146538925
0 0.9546875 0.559375 0.046875 0.040625
0 0.32729807467074556 0.7011020703287867 0.023846603084255236 0.024665807326946166
0 0.3325583189887027 0.734160231794176 0.02543637662320535 0.0263101944820761
0 0.11427987743068906 0.6602779172311404 0.023873876623205437 0.026228307326946164
0 0.285663953729583 0.6411605042954132 0.02384660308425506 0.024665807326946343
0 0.11378104544975232 0.7211335300760107 0.023873876623205437 0.026228307326946164
0 0.3054037094116258 0.6094125373120999 0.02384660308425506 0.024665807326946166
0 0.06030939772322848 0.6090562539567289 0.02384660308425506 0.024665807326946343
0 0.0453125 0.590625 0.025 0.021875
0 0.1522162540538945 0.6872432089542546 0.02543637662320535 0.0263101944820761
0 0.10859375 0.58515625 0.0234375 0.0109375
0 0.2973651128201924 0.6854837143813214 0.023846603084255236 0.024665807326946166
0 0.26015625 0.58671875 0.0234375 0.0140625
0 0.21932193343704345 0.6860768566248339 0.02543637662320535 0.0263101944820761
0 0.14648445129395088 0.7166031603337355 0.023873876623205347 0.026228307326946164
0 0.19492985957378153 0.6301610492978875 0.023846603084255236 0.024665807326946166
0 0.1835287094116258 0.6030253392119793 0.022284103084255057 0.024583920171816587
0 0.24533105437820613 0.7451995511069098 0.023873876623205347 0.026228307326946164
0 0.19692082791715643 0.7442235492978876 0.023873876623205347 0.026228307326946164
0 0.2524696241842782 0.6175658740376884 0.02384660308425506 0.024665807326946343
0 0.18440146265803667 0.6530253392119792 0.02384660308425506 0.024665807326946343
0 0.17421875 0.58359375 0.0234375 0.0078125
0 0.29842878083925567 0.7464212143813214 0.023873876623205347 0.026228307326946164
0 0.2339844512939509 0.7211888410210016 0.023846603084255236 0.024665807326946166
0 0.2072310365212985 0.7088592593837959 0.023873876623205347 0.026228307326946164
0 0.2499991891190863 0.6549020997274289 0.023846603084255236 0.024665807326946343
0 0.3056139894433979 0.7108931501569702 0.023846603084255236 0.024665807326946166
0 0.15158896265803667 0.6513057089542544 0.02384660308425506 0.024665807326946343
0 0.12935940665168227 0.6298467887824379 0.02384660308425506 0.024665807326946166
0 0.26748669804754 0.6729903584338561 0.022284103084255234 0.024583920171816587
0 0.15422303895693057 0.623344483264514 0.02384660308425506 0.024665807326946343
0 0.2823128571381496 0.7174773428300238 0.023873876623205347 0.026228307326946344
0 0.13359375 0.58359375 0.0234375 0.0078125
0 0.22890625 0.58984375 0.0234375 0.0203125
0 0.13827075648952647 0.6037756117132165 0.02384660308425506 0.024665807326946166
0 0.40220834577406384 0.789325766619885 0.025463650162155814 0.02787269448207592