0 0.5203125 0.8390625 0.0453125 0.046875
0 0.5328125 0.7984375 0.0453125 0.046875
0 0.484375 0.8125 0.0453125 0.046875
0 0.5421875 0.7546875 0.0453125 0.0453125
0 0.446875 0.25625 0.04375 0.0453125
0 0.5015625 0.7390625 0.04375 0.0453125
0 0.503125 0.559375 0.04375 0.04375
0 0.2046875 0.6984375 0.046875 0.046875
0 0.3546875 0.6953125 0.046875 0.046875
0 0.278125 0.80625 0.046875 0.0484375
0 0.7125 0.6171875 0.0484375 0.046875
0 0.403125 0.8203125 0.046875 0.0484375
0 0.2734375 0.7265625 0.046875 0.046875
0 0.7109375 0.728125 0.046875 0.046875
0 0.3484375 0.5953125 0.0453125 0.04375
0 0.5390625 0.4078125 0.04375 0.0453125
0 0.4828125 0.284375 0.0453125 0.046875
0 0.4984375 0.24375 0.04375 0.0453125
0 0.2640625 0.4234375 0.0453125 0.0453125
0 0.4328125 0.7890625 0.04375 0.046875
0 0.3609375 0.7453125 0.0453125 0.046875
0 0.5484375 0.553125 0.04375 0.04375
0 0.5 0.371875 0.0453125 0.0453125
0 0.6125 0.5703125 0.04375 0.04375
0 0.246875 0.5953125 0.0453125 0.0453125
0 0.471875 0.7703125 0.0453125 0.046875
0 0.5390625 0.4828125 0.0421875 0.040625
0 0.7234375 0.6734375 0.0484375 0.046875
0 0.3859375 0.321875 0.0453125 0.0453125
0 0.5453125 0.2875 0.0453125 0.0453125
0 0.3171875 0.409375 0.0421875 0.0421875
0 0.4703125 0.2046875 0.0421875 0.04375
0 0.446875 0.6671875 0.04375 0.0453125
0 0.5828125 0.3953125 0.04375 0.0453125
0 0.396875 0.196875 0.04375 0.046875
0 0.51875 0.6984375 0.0453125 0.046875
0 0.334375 0.78125 0.0453125 0.046875
0 0.440625 0.7390625 0.0453125 0.046875
0 0.4703125 0.53125 0.0453125 0.04375
0 0.3265625 0.46875 0.0453125 0.04375
0 0.2828125 0.621875 0.0453125 0.046875
0 0.35625 0.553125 0.0453125 0.04375
0 0.415625 0.2890625 0.0453125 0.046875
0 0.4234375 0.4546875 0.0453125 0.04375
0 0.3296875 0.2515625 0.04375 0.0453125
0 0.353125 0.1921875 0.0453125 0.0484375
0 0.4359375 0.60625 0.04375 0.0453125
0 0.5765625 0.328125 0.0453125 0.046875
0 0.5625 0.7125 0.0453125 0.046875
0 0.4 0.5796875 0.0453125 0.04375
0 0.5546875 0.6296875 0.04375 0.0421875
0 0.56875 0.590625 0.04375 0.04375
0 0.4171875 0.36875 0.04375 0.0453125
0 0.3046875 0.66875 0.0453125 0.0453125
0 0.5 0.4296875 0.0453125 0.0453125
0 0.4046875 0.634375 0.0453125 0.04375
0 0.628125 0.4296875 0.0453125 0.0453125
0 0.2828125 0.5484375 0.04375 0.0421875
0 0.6671875 0.503125 0.0453125 0.04375
0 0.6546875 0.5765625 0.0421875 0.0421875
0 0.3203125 0.528125 0.04375 0.04375
0 0.2953125 0.315625 0.0453125 0.046875
0 0.3390625 0.30625 0.04375 0.04375
0 0.584375 0.4953125 0.04375 0.04375
0 0.5859375 0.440625 0.0453125 0.04375
0 0.628125 0.5296875 0.0453125 0.0453125
0 0.6265625 0.4859375 0.04375 0.0453125
0 0.65625 0.621875 0.0453125 0.0453125
0 0.528125 0.3375 0.04375 0.0453125
0 0.3078125 0.58125 0.04375 0.0421875
0 0.375 0.2515625 0.0421875 0.04375
0 0.4515625 0.4921875 0.0453125 0.04375
0 0.4125 0.4140625 0.0421875 0.0421875