0 0.32618497634361 0.12581772280658363 0.04757762902925933 0.047065176764564495
0 0.26374376493925816 0.11324779044294164 0.04601512902925915 0.04694677759440165
0 0.29333422865268427 0.05595550869935506 0.046015129029259326 0.04694677759440165
0 0.28577458982148035 0.14932700040098537 0.04587842799249984 0.04538427759440165
0 0.22067727012305446 0.12437546720750632 0.04757762902925915 0.047065176764564676
0 0.3332757234688879 0.045064630275116445 0.04757762902925933 0.047065176764564676
0 0.16493582657916567 0.06253924065272302 0.0509760311027776 0.050426975104890734
0 0.3385291514613879 0.08713373110495341 0.04757762902925933 0.047065176764564676
0 0.36749348152740635 0.13055184438234502 0.04431592799249984 0.04526587842423861
0 0.1852674504246286 0.09717434978092979 0.04757762902925915 0.047065176764564676
0 0.2749929147037025 0.18789259293245256 0.04744092799249984 0.045502676764564674
0 0.20625 0.01171875 0.046875 0.0234375
0 0.4411838426962024 0.21776657923549808 0.05423773213953691 0.05222627344521662
0 0.12388018256416551 0.1505846149277768 0.04757762902925933 0.047065176764564676
0 0.16044239915231362 0.1729798331841903 0.04757762902925933 0.047065176764564676
0 0.24876402243212875 0.04989568546391974 0.04587842799249984 0.04538427759440165
0 0.28828125 0.0140625 0.0484375 0.028125
0 0.1747768841665726 0.30086803484386426 0.04771433006601846 0.04862767676456468
0 0.2340151831298134 0.29480636637766927 0.04601512902925915 0.04694677759440165
0 0.17643783751240621 0.22996353899304908 0.049413531102777596 0.050308575934727706
0 0.43319497690925796 0.27027627259680226 0.0525385311027776 0.05054537427505377
0 0.03921123958592467 0.24350766596739523 0.05111273213953691 0.051989475104890735
0 0.3727469095199062 0.172620945212182 0.052401830066018465 0.04898287427505359
0 0.10032368831360969 0.31280119501168935 0.04955023213953691 0.05187107593472771
0 0.0736846929317581 0.17011678754315662 0.04914012902925915 0.0471835759347277
0 0.24635935824759123 0.25612237467603904 0.04771433006601846 0.04862767676456468
0 0.01875 0.196875 0.0375 0.046875
0 0.3296875 0.00625 0.046875 0.0125
0 0.07936876493925826 0.12721889252217844 0.04744092799249984 0.045502676764564674
0 0.42546180640962844 0.1639078734266392 0.0525385311027776 0.05054537427505377
0 0.2912029665416654 0.2653071979114744 0.04771433006601846 0.04862767676456468
0 0.27444469349740597 0.3074713871235937 0.04757762902925915 0.047065176764564676
0 0.22297922978397988 0.3664212572494626 0.047851031102777594 0.05019017676456468
0 0.13151631677722103 0.20191031658745073 0.04757762902925915 0.047065176764564676
0 0.04413531102777686 0.0481000775851129 0.04914012902925915 0.0471835759347277
0 0.02569412667370221 0.3766520526900036 0.05111273213953691 0.05198947510489056
0 0.12109375 0.00546875 0.0453125 0.0109375
0 0.02890625 0.00859375 0.0484375 0.0171875
0 0.37370523383648047 0.05772965102104086 0.04914012902925915 0.0471835759347277
0 0.1352292027337028 0.028614526545494456 0.04914012902925915 0.0471835759347277
0 0.14553773496777628 0.38015371575761375 0.049413531102777596 0.050308575934727706
0 0.08969925513731347 0.26327479169234147 0.0509760311027776 0.050426975104890734
0 0.1726279152693504 0.34821663152451626 0.04615183006601846 0.04850927759440164
0 0.0781944100855541 0.34750808173429776 0.04955023213953691 0.05187107593472771
0 0.01953125 0.29921875 0.0390625 0.0484375
0 0.2686239204531466 0.34880678214457184 0.04757762902925933 0.047065176764564676
0 0.036516883600924824 0.15877746845690616 0.04404252591898139 0.042140878424238616
0 0.2086242038649985 0.32818755144060374 0.04771433006601846 0.04862767676456468
0 0.259541446372128 0.388816475505876 0.049413531102777596 0.05030857593472789
0 0.04294324938786938 0.10638617426576494 0.04757762902925915 0.047065176764564676
0 0.01484375 0.128125 0.0296875 0.04375
0 0.7756381721965729 0.13661720331005914 0.049413531102777596 0.050308575934727706
0 0.7281384556084249 0.11505077924478684 0.05097603110277778 0.050426975104890734
0 0.9765625 0.3359375 0.046875 0.05
0 0.2655400022625914 0.6167279879534308 0.10107306738935158 0.10854805103961844
0 0.01953125 0.54765625 0.0390625 0.0890625
0 0.9464386877479619 0.79992084148256 0.023788814514629664 0.023532588382282428
0 0.9149740742700916 0.7818579257156575 0.023788814514629664 0.023532588382282428
0 0.9170245898214804 0.8052954257156575 0.023788814514629664 0.023532588382282428
0 0.9635673991523136 0.8159243497809298 0.022226314514629662 0.023414189212119397
0 0.9345046157404617 0.8432923331841902 0.023788814514629664 0.023532588382282428
0 0.9890625 0.81640625 0.021875 0.0234375
0 0.9757160846376841 0.7929837572494625 0.022089613477870352 0.021851689212119395
0 0.9387041001890729 0.8193812365035381 0.023788814514629664 0.023532588382282428
0 0.9890625 0.775 0.021875 0.021875
0 0.9642905690862953 0.7702566522704407 0.022089613477870352 0.021851689212119395
0 0.8909897701230545 0.7773839132681027 0.023788814514629664 0.023532588382282428
0 0.9271815483511101 0.7416114340140272 0.023788814514629664 0.023532588382282428
0 0.9322203628657396 0.7632496356737011 0.023652113477870173 0.021970088382282427
0 0.8858142545716656 0.7541832116084288 0.023788814514629664 0.023532588382282428
0 0.9055799504246286 0.7463940223963096 0.022226314514629662 0.023414189212119397
0 0.8899344095199062 0.8372325099487549 0.023788814514629664 0.023532588382282428