0 0.12068245372831443 0.5027218685184378 0.04821625693983034 0.04715884288963732
0 0.1125 0.59765625 0.046875 0.0234375
0 0.12887448796604062 0.5572183675298547 0.04821625693983016 0.047158842889637495
0 0.06825836057585963 0.5158240463890471 0.04645349784053181 0.043970175893442945
0 0.04722636489479637 0.43208571635099097 0.04645349784053181 0.043970175893442945
0 0.049310496603914 0.39126971536240784 0.046453497840531634 0.043970175893442945
0 0.02951723318567865 0.4735383873015181 0.04645349784053181 0.043970175893442945
0 0.0140625 0.4046875 0.028125 0.04375
0 0.053618462366187725 0.33626388038143584 0.04489099784053163 0.043906508897248564
0 0.0171875 0.30859375 0.034375 0.0453125
0 0.08604903300110855 0.40230537444993686 0.048015997840531635 0.04403384288963732
0 0.06877999228497736 0.47507171239665835 0.04322836829088246 0.04228034190105419
0 0.01640625 0.2453125 0.0328125 0.046875
0 0.0171875 0.35078125 0.034375 0.0453125
0 0.371875 0.8109375 0.015625 0.04375
0 0.16429275138427596 0.8539447647915666 0.048116127390180986 0.0455963428896375
0 0.1825397085086764 0.9675615958182059 0.046453497840531634 0.043970175893442945
0 0.27623154688076923 0.8650494080617648 0.04489099784053181 0.043906508897248564
0 0.34835116902916285 0.6459227232710733 0.044991127390180984 0.045469008897248565
0 0.12216341301218318 0.9543559416735927 0.04967862739018099 0.0456600098858317
0 0.35703125 0.98828125 0.0453125 0.0234375
0 0.23790952652270353 0.9026422499628189 0.046553627390180985 0.04553267589344294
0 0.2706057032668891 0.7039209070731817 0.044991127390180984 0.045469008897248565
0 0.1178974151716515 0.9122321086697871 0.048116127390180986 0.0455963428896375
0 0.11016645588778276 0.8404844426621759 0.04479086829088237 0.04234400889724856
0 0.17517208975636875 0.7548069278334283 0.046553627390180985 0.04553267589344294
0 0.3563801218346267 0.8445512242596565 0.04489099784053181 0.043906508897248564
0 0.3174992921004073 0.775639398175933 0.04489099784053181 0.043906508897248564
0 0.3335014312107806 0.9520108971873498 0.04166586829088246 0.04221667490485981
0 0.2484375 0.9828125 0.046875 0.034375
0 0.20744436921373302 0.7205937539171516 0.046553627390180985 0.04553267589344294
0 0.28873394200812214 0.7423467371112377 0.044991127390180984 0.045469008897248565
0 0.2633124398486538 0.7856802430427368 0.044991127390180984 0.045469008897248565
0 0.35625 0.6171875 0.046875 0.015625
0 0.20047008327796378 0.8806690908752899 0.046453497840531634 0.043970175893442945
0 0.14253886489479634 0.8078337687458992 0.046553627390180985 0.04553267589344294
0 0.2940641872277602 0.6544010681378769 0.044991127390180984 0.045469008897248565
0 0.359375 0.72734375 0.040625 0.0421875
0 0.18386477174234156 0.8171159268448452 0.044991127390180984 0.045469008897248565
0 0.36015625 0.68515625 0.0390625 0.0453125
0 0.37265625 0.63515625 0.0140625 0.0453125
0 0.23153841301218314 0.9498992519399853 0.044790868290882455 0.04234400889724856
0 0.31209229641934383 0.6912643981759331 0.044991127390181164 0.045469008897248565
0 0.3197812877814705 0.8601417321683218 0.04166586829088246 0.04221667490485981
0 0.224310496603914 0.7637707509514021 0.046553627390180985 0.04553267589344294
0 0.37265625 0.93359375 0.0140625 0.0453125
0 0.17202371066814476 0.9256924307991777 0.04479086829088228 0.04234400889724856
0 0.61640625 0.61875 0.0390625 0.01875
0 0.8631703423772624 0.6642615463890471 0.0382404796419344 0.03740184091247105
0 0.72265625 0.61796875 0.0390625 0.0171875
0 0.778125 0.6140625 0.0375 0.009375