0 0.30578957032878673 0.45541699340258945 0.04439845318850324 0.04341503087881229
0 0.3469125373120999 0.433876962523777 0.04604284034363317 0.04502299498543501
0 0.2850742786056727 0.41846256268206156 0.044480340343633 0.04497753087881229
0 0.36057224558898593 0.3959223214575502 0.04604284034363317 0.04502299498543501
0 0.14427886024287845 0.4491622963847256 0.046042840343633 0.04502299498543501
0 0.24173371438132135 0.4275480576674967 0.04596095318850324 0.04346049498543501
0 0.2936923620519007 0.49332617036219356 0.04431656603337366 0.041852530878812286
0 0.38794697308774867 0.44050739575158737 0.04283595318850324 0.04336956677218975
0 0.17996405472495453 0.4731620860390266 0.04604284034363317 0.04502299498543501
0 0.10069927860567267 0.42382732726353806 0.04596095318850324 0.04346049498543501
0 0.31658322817613127 0.36277485233636264 0.04448034034363317 0.04497753087881229
0 0.2699738217991248 0.27962738321517505 0.04604284034363317 0.04502299498543501
0 0.39320103912112214 0.481041467538342 0.04752345318850324 0.04350595909205772
0 0.3567987924004825 0.3537802855641729 0.04604284034363317 0.04502299498543501
0 0.3100256117132165 0.2675078164429853 0.04604284034363317 0.04502299498543509
0 0.14921875 0.4984375 0.0453125 0.040625
0 0.3138809520568495 0.3112123523363627 0.04612472749876275 0.046585494985435
0 0.2555970612836752 0.21432063196153378 0.04612472749876275 0.046585494985435
0 0.19140625 0.5125 0.0453125 0.0125
0 0.27234190524535284 0.35467284732179766 0.04439845318850324 0.04341503087881229
0 0.22919169154139993 0.24795148588074203 0.04612472749876275 0.04658549498543509
0 0.20744724558898592 0.40037780390657296 0.04604284034363317 0.04502299498543501
0 0.05686074739800819 0.45327078635559576 0.042672178878243816 0.04024456677218957
0 0.23213962912607097 0.304201485880742 0.04604284034363317 0.04502299498543501
0 0.0301411171402834 0.42118571206155864 0.042754066033373575 0.04180706677218975
0 0.1882944538658718 0.3633779090794224 0.04752345318850324 0.04350595909205772
0 0.17173331637205785 0.13695180139929053 0.04448034034363317 0.04497753087881238
0 0.14376544662978255 0.1706281194251215 0.04448034034363317 0.04497753087881247
0 0.03382603912112225 0.4914982120615587 0.046042840343633 0.04502299498543501
0 0.01015625 0.46640625 0.0203125 0.0453125
0 0.3003363511977669 0.20206467286947602 0.04604284034363317 0.04502299498543509
0 0.0934533446390462 0.464725111903274 0.04596095318850333 0.04346049498543501
0 0.07106493102595035 0.1868274324363875 0.04283595318850324 0.04336956677218975
0 0.2686835594746528 0.16542849089530698 0.04604284034363317 0.04502299498543501
0 0.22116010628614954 0.1245594499873647 0.04612472749876275 0.046585494985435
0 0.15984854929788755 0.32821329889200807 0.04596095318850324 0.04346049498543501
0 0.35549524197094123 0.2990473214575502 0.04604284034363317 0.04502299498543501
0 0.06509597127872638 0.4013900376092369 0.04439845318850333 0.04341503087881229
0 0.15082103007601066 0.2455371912118761 0.04596095318850324 0.0434604949854351
0 0.11727818973237766 0.20269647334432972 0.046042840343633 0.04502299498543509
0 0.14842637041964374 0.2894235835317442 0.04423467887824373 0.04029003087881229
0 0.1926323145630356 0.08783233979995031 0.04448034034363317 0.04497753087881238
0 0.05755570895425448 0.28737300171585967 0.044316566033373486 0.041852530878812466
0 0.10273765490666857 0.13426472209068852 0.042917840343632996 0.04493206677218975
0 0.20758228516439337 0.16407659105359151 0.04612472749876275 0.046585494985435
0 0.05906954206179833 0.13710021707612358 0.04612472749876275 0.04658549498543509
0 0.3953125 0.36796875 0.046875 0.0453125
0 0.07947721732199753 0.07860575547678335 0.04793288896415202 0.05131845909205772
0 0.06831614653892552 0.3433956811827462 0.04596095318850324 0.04346049498543501
0 0.029450641111858644 0.19899246331519987 0.04768722749876275 0.04663095909205772
0 0.12042976594251656 0.08367368870459364 0.04620661465389268 0.048147994985435094
0 0.01484375 0.30234375 0.0296875 0.0453125
0 0.7017770997274289 0.48632732726353795 0.01808825870642732 0.01768760517284953
0 0.7350123236081471 0.43371915281121626 0.018088258706427142 0.01768760517284953
0 0.6840163896415206 0.4758899324363875 0.01808825870642732 0.01768760517284953
0 0.7096781309350934 0.4579295426238019 0.018170145861557074 0.01925010517284953
0 0.7226628098133372 0.4966737938774431 0.018088258706427142 0.01768760517284953
0 0.759375 0.5140625 0.01875 0.009375
0 0.72421875 0.51171875 0.0171875 0.0140625
0 0.6668288896415205 0.4763900376092369 0.016525758706427317 0.017642141066226812
0 0.7679067107632769 0.43432690657214 0.018088258706427142 0.01768760517284953
0 0.6523569538658719 0.4689867145688411 0.01808825870642732 0.01768760517284953
0 0.6849171483479479 0.49307743243638746 0.016525758706427317 0.017642141066226812
0 0.7058028584338562 0.5034238990502926 0.01808825870642723 0.01768760517284953
0 0.7577880823145743 0.4502701553184988 0.016525758706427317 0.017642141066226812
0 0.7849304364530173 0.4307018013992906 0.018088258706427142 0.01768760517284953
0 0.7256306795556122 0.4637249015575751 0.018088258706427142 0.01768760517284953
0 0.7420811951594446 0.4491622963847256 0.016525758706427317 0.017642141066226812
0 0.6532577125722991 0.48617421456884113 0.018170145861557074 0.01925010517284953
0 0.6677296483479479 0.49357753760923695 0.01808825870642732 0.01768760517284953
0 0.09140616576080243 0.7172925192668369 0.08952724672063965 0.13053459765100223
0 0.19329621438132136 0.7205873523363626 0.129585680687266 0.09113712852981451
0 0.98515625 0.8640625 0.0296875 0.084375
0 0.9828125 0.61484375 0.034375 0.0828125
0 0.97890625 0.68046875 0.0421875 0.0828125
0 0.9313960006773685 0.6819340292959668 0.06067190637700666 0.08601170783841657
0 0.984375 0.76796875 0.03125 0.0796875
0 0.8325158446390463 0.825650588546309 0.055820632066746964 0.08275031551854858
0 0.98984375 0.96328125 0.0203125 0.0546875
0 0.929145183173657 0.8181443139357029 0.08559666327441154 0.055534597651002215
0 0.8594258254171694 0.7419288064138555 0.05894563206674715 0.08284124373179384
0 0.9322015841235967 0.7570249575092121 0.08304487336031982 0.06638116943775678