0 0.08904769726707835 0.40966780047999274 0.04371528366526398 0.04620714206513998
0 0.25126492195451694 0.12309472169608933 0.045277783665263985 0.04629814732681172
0 0.01953125 0.43984375 0.0390625 0.0453125
0 0.3133482597034648 0.15235801649088723 0.045223219962933214 0.04473564732681172
0 0.15032744844820467 0.32624908475144687 0.04366071996293321 0.04464464206513981
0 0.05770841723001148 0.45376641097510156 0.040481156260602266 0.04290013154179615
0 0.3686558077966991 0.21176383759404435 0.04834821996293322 0.04491765785015547
0 0.1530209172300115 0.4482150900131188 0.045223219962933034 0.0447356473268119
0 0.1843056335647475 0.40255397951801 0.04366071996293321 0.04464464206513981
0 0.20501494844820467 0.3230639005929323 0.04366071996293321 0.04464464206513981
0 0.3125893462712865 0.2651310322759028 0.045277783665263985 0.04629814732681172
0 0.2480704892850448 0.21095874274277673 0.04209821996293304 0.044553636803468064
0 0.049290738103918486 0.30238592149844534 0.04366071996293321 0.04464464206513981
0 0.14710321161023057 0.09941356896643141 0.04533234736759475 0.04786064732681172
0 0.0331597958157996 0.37847798463850746 0.045223219962933214 0.0447356473268119
0 0.08775303737827897 0.28292328995664906 0.04209821996293321 0.044553636803468064
0 0.23875503138782933 0.3477152900978234 0.045277783665263985 0.0462981473268119
0 0.00859375 0.3984375 0.0171875 0.04375
0 0.20535719962933108 0.24319439006958854 0.04366071996293304 0.04464464206513998
0 0.2496578150530933 0.3909192585277923 0.04366071996293321 0.04464464206513998
0 0.2871726840202344 0.2994906217243242 0.04366071996293321 0.04464464206513981
0 0.3633532381039185 0.28409386390240365 0.04360615626060209 0.04308214206513981
0 0.28623023211346865 0.3621726322476679 0.04371528366526398 0.0462071420651398
0 0.08401794608595203 0.48981032678835207 0.045277783665263985 0.0462981473268119
0 0.01171875 0.23671875 0.0234375 0.0453125
0 0.04895837748947969 0.15836290571342976 0.04366071996293321 0.04464464206513998
0 0.32678082104354295 0.312840490182528 0.045223219962933214 0.04473564732681172
0 0.09851197730414522 0.3668432636482898 0.04204365626060227 0.04299113680346807
0 0.17189491360181447 0.36100351634971284 0.045277783665263985 0.0462981473268119
0 0.1614038137871489 0.1502480268730566 0.042043656260602094 0.04299113680346807
0 0.12270839073632364 0.2527051689381965 0.04366071996293304 0.04464464206513998
0 0.029007976038200843 0.1250799688534919 0.04048115626060209 0.04290013154179624
0 0.26523814191745 0.16455417960271457 0.040481156260602266 0.04290013154179624
0 0.00859375 0.1484375 0.0171875 0.04375
0 0.16144350852233852 0.24105503739640027 0.04204365626060227 0.04299113680346807
0 0.02672127894075853 0.19410298463850745 0.04366071996293321 0.04464464206513998
0 0.09827885352768062 0.4498377741716335 0.04042659255827132 0.04133763154179615
0 0.023819512150535616 0.33518301094686664 0.04366071996293321 0.04464464206513981
0 0.37192465153609683 0.17086582180902882 0.046785719962933216 0.04482665258848364
0 0.10698913229880311 0.16124571103157131 0.045223219962933214 0.04473564732681172
0 0.28024807222466935 0.23570113750933977 0.04360615626060227 0.0430821420651399
0 0.01640625 0.48046875 0.0328125 0.0421875
0 0.14217269726707835 0.40657362158314986 0.045277783665263985 0.04629814732681172
0 0.316383979666398 0.1944545112292154 0.04360615626060227 0.04308214206513998
0 0.7872867898253497 0.4582256687970222 0.09453373920022674 0.07255681043863901
0 0.8926587921876024 0.2923892952183209 0.08112600362819719 0.09048776308359248
0 0.96875 0.18203125 0.0625 0.0921875
0 0.8720337789407585 0.19495285309671123 0.07816469473518968 0.09499325256024874
0 0.9304067849312083 0.11796614789150914 0.0826885036281972 0.09057876834526431
0 0.8046875 0.01171875 0.096875 0.0234375
0 0.8409375794810636 0.42535298463850746 0.07649306733052796 0.0917772472985769
0 0.96171875 0.03671875 0.0765625 0.0734375
0 0.984375 0.11875 0.03125 0.0625
0 0.7338046034428626 0.13724531086216213 0.07972719473518959 0.09508425782192056
0 0.3234375 0.9734375 0.096875 0.053125
0 0.05 0.92734375 0.1 0.0859375
0 0.703462405249112 0.9177980898719443 0.024255955534962938 0.02480257892507769
0 0.5878919689514428 0.9260949792356612 0.024255955534962757 0.024802578925077867
0 0.60894851341648 0.9013834055722555 0.022638891832631992 0.02314907366340595
0 0.5649256949048256 0.8961190528990672 0.024255955534962848 0.024802578925077867
0 0.6441965326537736 0.9243812898154747 0.024255955534962757 0.02480257892507769
0 0.6223215326537737 0.9256553634788807 0.02269345553496276 0.024711573663405772
0 0.5237749052491119 0.9282636949642071 0.02269345553496276 0.02471157366340595
0 0.5031151756675319 0.8746682581042693 0.024255955534962848 0.02480257892507769
0 0.5449951408211418 0.9082396213008013 0.022693455534962846 0.024711573663405772
0 0.502316567500164 0.8966342633659412 0.024255955534962848 0.02480257892507769
0 0.5660169689514427 0.9273690528990672 0.02269345553496276 0.024711573663405772
0 0.5061508956304651 0.9167647528425974 0.024255955534962848 0.024802578925077867
0 0.5087104112395616 0.8555542370575818 0.02420139183263199 0.02324007892507769
0 0.52613601341648 0.9062066844408634 0.022693455534962846 0.024711573663405772
0 0.5441419689514427 0.9286431265624732 0.022638891832631992 0.02314907366340595