0 0.20808232417866518 0.378805532866319 0.04166586829088246 0.04153418977951393
0 0.26575512183462663 0.35086106440145787 0.044991127390180984 0.04473192496187508
0 0.4365286967884841 0.32967312937159665 0.046453497840531634 0.04320579255305575
0 0.17056373534514702 0.3061317522811107 0.044991127390180984 0.04473192496187508
0 0.49975058759690044 0.2906456905420132 0.04957849784053181 0.04327852773541672
0 0.28668698796604064 0.4333098884896523 0.04489099784053181 0.04316942496187508
0 0.1918355629198981 0.4183044439604857 0.04489099784053181 0.04316942496187508
0 0.00625 0.36171875 0.0125 0.0453125
0 0.280858490125509 0.39119512367201337 0.04489099784053163 0.04316942496187508
0 0.06655615823182118 0.3680161160725691 0.04322836829088246 0.041570557370694414
0 0.14225706507936647 0.37720797169590237 0.04489099784053163 0.04316942496187508
0 0.4107882171465498 0.294281143239305 0.04489099784053181 0.04316942496187508
0 0.1264156122739027 0.1788432068782635 0.045091256939830335 0.04629442496187508
0 0.3804603670542647 0.260560759880555 0.04322836829088246 0.041570557370694414
0 0.1097101711886312 0.113509147607708 0.044991127390180984 0.04473192496187508
0 0.03040220542635743 0.1701241299402775 0.046553627390180985 0.04476829255305557
0 0.19436457587670813 0.164743032866319 0.04332849784053163 0.043133057370694415
0 0.4000533713732013 0.17560387842166608 0.04645349784053181 0.043205792553055566
0 0.4559819987633823 0.21811738032152714 0.04645349784053181 0.043205792553055566
0 0.1535135425618325 0.45518750133118024 0.044991127390180984 0.04473192496187508
0 0.3936984515688461 0.41830052469819384 0.044991127390180984 0.04473192496187508
0 0.01328125 0.5203125 0.0265625 0.046875
0 0.13915783929494338 0.08465679578409686 0.044991127390180984 0.04473192496187508
0 0.40385589913252257 0.35703571637756887 0.04489099784053163 0.04316942496187508
0 0.17946146668512436 0.12753397359576346 0.04176599784053181 0.04309668977951393
0 0.01640625 0.08828125 0.0328125 0.0453125
0 0.10662234885566732 0.2606750883371524 0.04645349784053181 0.043205792553055566
0 0.3333245511997058 0.28200065520715223 0.044790868290882455 0.04160692496187508
0 0.4412953423772624 0.37963676178041605 0.046453497840531634 0.043205792553055566
0 0.14452526218161763 0.14399542819291627 0.04332849784053163 0.043133057370694505
0 0.015625 0.3234375 0.03125 0.04375
0 0.24991127390180995 0.2745531375397217 0.04489099784053163 0.04316942496187508
0 0.06348931985972843 0.4666718216196525 0.046653756939830336 0.04633079255305557
0 0.19453906076042982 0.4604919439604857 0.04489099784053163 0.04316942496187508
0 0.3211435286821719 0.36052569871013834 0.04489099784053163 0.04316942496187508
0 0.061973578036176494 0.1255740429343052 0.046553627390180985 0.04476829255305557
0 0.35271250616463795 0.43803244966006893 0.046553627390180985 0.04476829255305574
0 0.17184204040236423 0.49701132541937465 0.046553627390180985 0.04476829255305574
0 0.04558471930601806 0.26053092439319414 0.046453497840531634 0.043205792553055566
0 0.116174228866742 0.434148955928333 0.046553627390180985 0.04476829255305557
0 0.3482462492248077 0.39275631725124943 0.04489099784053181 0.04316942496187508
0 0.08098199876338227 0.22684560220486077 0.044991127390180984 0.04473192496187508
0 0.1022328423772624 0.38752852906659696 0.046553627390180985 0.04476829255305574
0 0.06064372454780535 0.5199422919843746 0.04821625693983034 0.04636716014423605
0 0.5097473488556673 0.2512922498125688 0.04957849784053181 0.04327852773541672
0 0.24263659931709275 0.4296406810427079 0.044991127390180984 0.04473192496187508
0 0.2903360148025113 0.27048258016902726 0.04166586829088246 0.04153418977951393
0 0.1345075169619796 0.23185910410472185 0.04489099784053163 0.04316942496187508
0 0.10441470850867648 0.470413764248958 0.04322836829088246 0.041570557370694414
0 0.21048782849760173 0.2942486949104163 0.04332849784053181 0.043133057370694415
0 0.13935330813953611 0.33189547169590233 0.04489099784053181 0.04316942496187508
0 0.24846509715762438 0.4717554458603468 0.044991127390180984 0.04473192496187508
0 0.30007435533407245 0.12942116907486056 0.04489099784053181 0.04316942496187508
0 0.25015350092285066 0.18065766717499948 0.04489099784053163 0.04316942496187508
0 0.16491690777039594 0.19359538468993015 0.04489099784053181 0.04316942496187508
0 0.4822812877814705 0.359904836818541 0.044790868290882455 0.04160692496187508
0 0.04639054595791849 0.028917248481388567 0.04821625693983034 0.04636716014423614
0 0.4508729966039139 0.2604867182774299 0.04322836829088246 0.041570557370694414
0 0.30660376002214934 0.1824734338924995 0.04322836829088246 0.041570557370694414
0 0.40285699876338227 0.21935387842166607 0.04322836829088246 0.041570557370694504
0 0.9828125 0.4234375 0.034375 0.08125
0 0.9495083605758596 0.5261169439604857 0.08469397748246621 0.07997974715020835
0 0.9194017535437442 0.44701132541937466 0.08635660703211538 0.08157861474138883
0 0.96171875 0.609375 0.0765625 0.059375
0 0.1288187214654864 0.7586787900845137 0.03325259099298643 0.031977351823611146
0 0.11673782849760177 0.8387663335874997 0.03481509099298643 0.03201371941479181
0 0.02022377390180994 0.8222347566495138 0.0349152205426357 0.03357621941479181
0 0.1356275308416402 0.8649287900845136 0.0349152205426357 0.03357621941479163
0 0.03094003084164019 0.8673654186936111 0.0349152205426357 0.03357621941479181
0 0.14556613047249994 0.726992378990347 0.03481509099298643 0.03201371941479172
0 0.05223523750461534 0.808971037234722 0.03481509099298643 0.03201371941479181
0 0.07979903300110855 0.8239777881846525 0.0349152205426357 0.03357621941479163
0 0.019744110114434353 0.7659120214671526 0.03481509099298643 0.03201371941479163
0 0.08873394200812212 0.7924732150463887 0.0349152205426357 0.03357621941479181
0 0.06253238741233025 0.7743050965052776 0.0349152205426357 0.03357621941479172
0 0.027316778220746584 0.7375688159200693 0.03325259099298643 0.031977351823611146
0 0.10816626002214931 0.7294277011786804 0.03325259099298643 0.031977351823611146
0 0.0992313510151357 0.7609322743169442 0.033252590992986344 0.031977351823611146
0 0.05121535317460406 0.7197994344611803 0.0349152205426357 0.03357621941479163
0 0.8203191131967532 0.8604205151988886 0.018288925046142525 0.017587543502986237
0 0.8110652267072738 0.8136909855636107 0.018288925046142525 0.017587543502986237
0 0.7744058358988574 0.8521001753431247 0.018288925046142525 0.017587543502986237
0 0.7433560949981561 0.8559525271667358 0.018288925046142525 0.017587543502986237
0 0.7432955382428958 0.8794263947579164 0.016726425046142523 0.01755117591180557
0 0.7567176881506108 0.8446877188461108 0.018288925046142525 0.017587543502986237
0 0.7338018198597285 0.804535497531458 0.018288925046142525 0.017587543502986237
0 0.7770697609449999 0.8692513077519441 0.018288925046142525 0.017587543502986237
0 0.7299945018457012 0.8672173354873609 0.018288925046142525 0.017587543502986237
0 0.7305161335548189 0.8265196003049997 0.018288925046142525 0.01758754350298606
0 0.7212808358988574 0.8533366734432637 0.018288925046142525 0.017587543502986237
0 0.7392297995016628 0.8404002623490969 0.018288925046142525 0.01758754350298606
0 0.7937566131967533 0.8610387642489581 0.018288925046142525 0.01758754350298606
0 0.745861728866742 0.772958189210833 0.018288925046142525 0.017587543502986237
0 0.7873459268918438 0.8830956022048607 0.018288925046142525 0.01758754350298606
0 0.7593210564414932 0.8853127188461108 0.018288925046142525 0.017587543502986237
0 0.7296335564414932 0.8860037030785414 0.018288925046142525 0.017587543502986237
0 0.7123459268918438 0.8848412465815276 0.018288925046142525 0.017587543502986237
0 0.7065570018457012 0.8677628493550692 0.018288925046142525 0.017587543502986237
0 0.7565570018457013 0.8665990864372913 0.016726425046142523 0.01755117591180557