0 0.3328125 0.715625 0.0453125 0.0453125
0 0.3875 0.7046875 0.0453125 0.046875
0 0.3109375 0.2171875 0.0453125 0.0453125
0 0.28125 0.703125 0.046875 0.0453125
0 0.5734375 0.275 0.04375 0.0453125
0 0.5859375 0.3265625 0.040625 0.040625
0 0.2296875 0.340625 0.0453125 0.04375
0 0.559375 0.58125 0.04375 0.04375
0 0.20625 0.2875 0.046875 0.0453125
0 0.53125 0.334375 0.04375 0.0421875
0 0.4125 0.565625 0.0421875 0.0421875
0 0.4078125 0.259375 0.04375 0.0453125
0 0.265625 0.3671875 0.04375 0.04375
0 0.4421875 0.503125 0.0421875 0.0421875
0 0.3984375 0.440625 0.0421875 0.0421875
0 0.371875 0.4078125 0.0421875 0.0421875
0 0.7953125 0.359375 0.0453125 0.0421875
0 0.496875 0.6609375 0.04375 0.04375
0 0.7828125 0.471875 0.0421875 0.040625
0 0.7015625 0.41875 0.0421875 0.040625
0 0.5046875 0.58125 0.0421875 0.04375
0 0.6890625 0.346875 0.0390625 0.040625
0 0.375 0.553125 0.040625 0.040625
0 0.2234375 0.4359375 0.0453125 0.04375
0 0.665625 0.571875 0.0421875 0.0421875
0 0.175 0.51875 0.0453125 0.04375
0 0.7390625 0.3796875 0.0421875 0.040625
0 0.6 0.5796875 0.0421875 0.04375
0 0.384375 0.2921875 0.0421875 0.0421875
0 0.5078125 0.4546875 0.040625 0.0421875
0 0.45 0.3625 0.0421875 0.0421875
0 0.4265625 0.6484375 0.040625 0.040625
0 0.515625 0.5390625 0.040625 0.040625
0 0.5671875 0.6234375 0.04375 0.0421875
0 0.2953125 0.5609375 0.040625 0.0390625
0 0.409375 0.3546875 0.040625 0.0421875
0 0.5828125 0.4171875 0.040625 0.040625
0 0.703125 0.5453125 0.0421875 0.04375
0 0.340625 0.45 0.040625 0.0390625
0 0.453125 0.29375 0.0390625 0.040625
0 0.28125 0.284375 0.04375 0.04375
0 0.215625 0.53125 0.04375 0.0421875
0 0.6765625 0.3046875 0.04375 0.04375
0 0.19375 0.40625 0.0453125 0.04375
0 0.70625 0.4828125 0.0421875 0.0421875
0 0.471875 0.6234375 0.0390625 0.040625
0 0.7453125 0.4984375 0.04375 0.0421875
0 0.3140625 0.3609375 0.0453125 0.04375
0 0.384375 0.6515625 0.0421875 0.04375
0 0.6234375 0.5015625 0.0421875 0.04375
0 0.46875 0.471875 0.040625 0.0421875
0 0.54375 0.4265625 0.0421875 0.0421875
0 0.25625 0.540625 0.04375 0.04375
0 0.421875 0.315625 0.0390625 0.040625
0 0.309375 0.51875 0.0453125 0.04375
0 0.271875 0.4453125 0.0453125 0.04375
0 0.45 0.546875 0.04375 0.0421875
0 0.56875 0.5015625 0.0421875 0.0421875
0 0.3390625 0.3125 0.04375 0.04375
0 0.240625 0.4734375 0.04375 0.04375
0 0.5125 0.621875 0.040625 0.0390625
0 0.2703125 0.5015625 0.0390625 0.0375
0 0.6265625 0.421875 0.0421875 0.0421875
0 0.4734375 0.328125 0.0421875 0.0421875
0 0.790625 0.4 0.0453125 0.0421875
0 0.5890625 0.5375 0.04375 0.04375
0 0.425 0.4046875 0.04375 0.0421875
0 0.4328125 0.6078125 0.0421875 0.04375
0 0.7375 0.3375 0.04375 0.0421875
0 0.65625 0.5296875 0.04375 0.04375
0 0.6703125 0.3921875 0.040625 0.0421875
0 0.2 0.4859375 0.0453125 0.04375
0 0.7328125 0.45 0.04375 0.04375