0 0.23125 0.45234375 0.04375 0.0328125
0 0.009375 0.3921875 0.01875 0.046875
0 0.13404735721791355 0.2190991391090714 0.04346049498543501 0.04719373545613248
0 0.2827743622324784 0.18759353184198685 0.04506845909205772 0.04888378121376693
0 0.3395532111371217 0.26393263335919553 0.04502299498543501 0.04732128121376693
0 0.36118417022917954 0.31090322820844457 0.04506845909205772 0.04888378121376711
0 0.03522472697223944 0.4121160733475575 0.04502299498543509 0.04732128121376711
0 0.21476381129540645 0.3145389269907982 0.041852530878812286 0.04550368969849785
0 0.3660415032987053 0.20997845699661716 0.04506845909205772 0.04888378121376693
0 0.32783812430667236 0.3970321757828502 0.04341503087881229 0.045631235456132305
0 0.2498662370013692 0.34234493365875796 0.04346049498543501 0.04719373545613248
0 0.3067286877801568 0.1536967639641394 0.04506845909205772 0.04888378121376693
0 0.2994115959351424 0.3308013979030632 0.04502299498543501 0.04732128121376711
0 0.01328125 0.2828125 0.0265625 0.046875
0 0.2904337495377816 0.23654121487252494 0.04506845909205772 0.04888378121376702
0 0.08704798825501055 0.31814267486476633 0.04346049498543501 0.04719373545613248
0 0.24519545737619808 0.2889648421434889 0.04341503087881229 0.04563123545613248
0 0.11721154671392994 0.12263872729036063 0.04506845909205772 0.04888378121376693
0 0.034375 0.45546875 0.04375 0.0265625
0 0.128574944048363 0.08459659335143685 0.04511392319868044 0.05044628121376693
0 0.20383833465237142 0.4212035151720873 0.04341503087881229 0.04563123545613248
0 0.32265625 0.44921875 0.0453125 0.0390625
0 0.0999738855894435 0.2802280866834771 0.04180706677218957 0.04394118969849785
0 0.07421875 0.45234375 0.0453125 0.0328125
0 0.0469685575344827 0.33357648516626837 0.04502299498543501 0.04732128121376693
0 0.2927811627073321 0.3707886691148904 0.04346049498543501 0.0471937354561323
0 0.18399719609342702 0.38217296608047296 0.04346049498543501 0.04719373545613248
0 0.16367736975432584 0.11240260001939664 0.04506845909205772 0.04888378121376693
0 0.07566787054574871 0.40918226304605554 0.04502299498543501 0.04732128121376711
0 0.03248016020004969 0.3713635275899231 0.04502299498543509 0.04732128121376711
0 0.338837808788124 0.34649004184392657 0.04180706677218957 0.04394118969849785
0 0.15192884217421873 0.3514970509277823 0.04341503087881229 0.04563123545613248
0 0.14853575455234652 0.18131209668541678 0.04346049498543501 0.04719373545613248
0 0.10906407759274242 0.1640609527445534 0.04506845909205772 0.04888378121376702
0 0.3606887620741939 0.1331608654813481 0.04511392319868044 0.05044628121376693
0 0.20209867524374445 0.2542711066873564 0.04346049498543501 0.04719373545613248
0 0.10840616270733214 0.35573826971401523 0.04341503087881229 0.04563123545613248
0 0.08988818025830944 0.20146535789530445 0.04506845909205772 0.04888378121376693
0 0.2063482545523465 0.18603128971789457 0.04506845909205772 0.04888378121376702
0 0.3947240959351424 0.3385816891187698 0.04502299498543501 0.04732128121376711
0 0.24157504922121245 0.11096738790112344 0.04511392319868044 0.05044628121376693
0 0.0125 0.3234375 0.025 0.04375
0 0.1578125 0.46171875 0.04375 0.0140625
0 0.17731397241989288 0.15248546608047295 0.04346049498543501 0.04719373545613248
0 0.3616675550272002 0.38108818245080994 0.04180706677218975 0.04394118969849785
0 0.21435933135366608 0.1399215642637018 0.04506845909205772 0.04888378121376693
0 0.11812815518548474 0.4220009985021879 0.041761602665567034 0.042378689698497854
0 0.4325303213245363 0.24502287881726764 0.04663095909205772 0.04901132697140156
0 0.7189130683550353 0.3057387854658308 0.06748902837152997 0.06941942182065049
0 0.8717820040901281 0.25586581547164977 0.05512542069139794 0.07308655575957416
0 0.7736794732113157 0.2057704784983086 0.07957985141192578 0.0563772878817268
0 0.7037547327782272 0.42764573637421643 0.04892088479802066 0.074138872729036
0 0.6856746710206024 0.341995278797871 0.07342077962517113 0.058992104851188644
0 0.7862991451563549 0.26447579880175026 0.07194920783841656 0.06198955909355419
0 0.7729400241483878 0.07321307001357766 0.058386813011265914 0.07802914727484325
0 0.7478851660060375 0.39071956334561786 0.07912521034569897 0.0407522878817268
0 0.6905487244649569 0.18807305334367824 0.07659124373179385 0.06080969636645754
0 0.8279530992338477 0.3567269427426137 0.06583560015828453 0.06616687606301604
0 0.98984375 0.44140625 0.0203125 0.0546875
0 0.7510436067556951 0.284979746376156 0.06569920783841657 0.06147937606301603
0 0.70133311177026 0.23727582788948548 0.05673338479802066 0.07477660151720862
0 0.97734375 0.33828125 0.0453125 0.0546875
0 0.9458560015828457 0.28373546608047295 0.07038670783841657 0.06186201333591956
0 0.65234375 0.23203125 0.0453125 0.0765625
0 0.83671875 0.446875 0.0515625 0.04375
0 0.8549989840318684 0.4290801748647663 0.05347199247815269 0.06983401000193971
0 0.8978397018994148 0.4014014560785332 0.07167642319868044 0.05261455909355419
0 0.9453125 0.43203125 0.05625 0.0734375
0 0.8821404940609983 0.3440035442598225 0.0535174565847754 0.07139651000193972
0 0.8050778888881487 0.3205663021357303 0.0688696719450391 0.06329696757828493
0 0.11929350158284562 0.8277727663800354 0.06280152837152997 0.06903678454774678
0 0.16865700409012802 0.8099792306243405 0.05659699247815268 0.07008910151720862
0 0.09494671945039199 0.7946095800155173 0.06730717194503928 0.06316942182065048
0 0.04763849577685786 0.5616058903170195 0.05204588479802066 0.07439396424430508
0 0.15209397822588064 0.7228938188056298 0.05811402837152997 0.06865414727484342
0 0.01015625 0.71875 0.0203125 0.071875
0 0.27261707838416516 0.7935247963858544 0.07029577962517113 0.05873701333591956
0 0.15102688638086637 0.9005086357750915 0.05659699247815268 0.07008910151720862
0 0.3120767319868043 0.7032185318419868 0.050483384798020656 0.07426641848667045
0 0.13819191725967866 0.9415482239563808 0.05668792069139794 0.07321410151720861
0 0.2243326910788621 0.7412609236568183 0.0673071719450391 0.06316942182065048
0 0.24298706584775287 0.9002213354755291 0.05365384890464338 0.07608401000193972
0 0.01484375 0.91328125 0.0296875 0.0765625
0 0.31794160174113023 0.9047810318419869 0.07645485141192587 0.056122196366457724
0 0.055872196093427015 0.6838635275899231 0.07475595909205772 0.05130715060882309
0 0.1921687119285446 0.868014871231224 0.07163095909205772 0.05105205909355419
0 0.305297883082161 0.6309608945690831 0.07181281551854841 0.057302059093554195
0 0.0078125 0.67265625 0.015625 0.0578125
0 0.07304297571859823 0.7382639851662683 0.07025031551854859 0.057174513335919566
0 0.04408290142456108 0.7608406157712122 0.06409124373179384 0.0597893303053814
0 0.045657424781526054 0.8685255700135777 0.07430131802583091 0.03568215060882309
0 0.009375 0.82421875 0.01875 0.0546875
0 0.02265625 0.7859375 0.0453125 0.0625
0 0.7460378580093364 0.9455985109200234 0.04502299498543509 0.04732128121376693
0 0.8160033655311837 0.8858406157712121 0.04336956677218975 0.04406873545613248
0 0.8589182912371467 0.9142843512273447 0.04341503087881247 0.04563123545613248
0 0.76796875 0.98515625 0.0453125 0.0296875
0 0.8078558964099962 0.927262841225405 0.04341503087881238 0.04563123545613248
0 0.771509219450392 0.9102667887998107 0.04180706677218975 0.04394118969849785
0 0.7760650241483878 0.7454070633456179 0.04180706677218975 0.04394118969849785
0 0.7855142319868044 0.8022947921337906 0.04341503087881238 0.04563123545613248
0 0.6734375 0.99453125 0.046875 0.0109375
0 0.8940207169431096 0.9420903578953045 0.04346049498543501 0.0471937354561323
0 0.7455544732113157 0.8754135566776581 0.04180706677218975 0.04394118969849785
0 0.8635890708623177 0.9676644427426137 0.04341503087881229 0.045631235456132305
0 0.90390625 0.9890625 0.0453125 0.021875
0 0.7809464039318434 0.8595971091032524 0.04341503087881238 0.04563123545613248
0 0.943348149379497 0.6016245966854168 0.041897994985435005 0.04706618969849785
0 0.8773380191338228 0.7973199918342282 0.04341503087881229 0.04563123545613248
0 0.98359375 0.646875 0.0328125 0.046875
0 0.8648881802583095 0.6373072630460554 0.04346049498543501 0.04719373545613248
0 0.8451546902874393 0.5484042597120756 0.04350595909205772 0.04875623545613248
0 0.9156945108205526 0.5619563188056297 0.04029003087881229 0.0453761439408634
0 0.7125433964099962 0.9194825500096983 0.04502299498543501 0.04732128121376693
0 0.8936663981258558 0.6084806324411116 0.04346049498543501 0.04719373545613248
0 0.9049916576927671 0.8369882697140152 0.04497753087881247 0.04575878121376711
0 0.8377179264973857 0.6678239394086338 0.04346049498543501 0.04719373545613248
0 0.8247800058059876 0.5981811191051921 0.041852530878812286 0.04550368969849794
0 0.8668264164682558 0.7574922172884209 0.041761602665567034 0.042378689698497854
0 0.724911701107992 0.7552605533436783 0.04502299498543501 0.04732128121376711
0 0.8686784214828208 0.71399730880369 0.04341503087881247 0.04563123545613248
0 0.750036070070895 0.6544313769810999 0.04502299498543501 0.04732128121376693
0 0.9247873321450889 0.8744563188056297 0.04497753087881229 0.04575878121376711
0 0.7810754699126103 0.5961723378914251 0.04350595909205772 0.04875623545613248
0 0.8028307979675713 0.5402730242559431 0.04355142319868044 0.05031873545613248
0 0.9568556860642972 0.9051322339583205 0.04341503087881229 0.04563123545613248
0 0.9890625 0.9 0.021875 0.046875
0 0.928859752045064 0.6394116391090714 0.04346049498543501 0.04719373545613248
0 0.98203125 0.76171875 0.0359375 0.0484375
0 0.9921875 0.975 0.015625 0.04375
0 0.7934678213245363 0.6470651581948669 0.041852530878812376 0.04550368969849794
0 0.9756725675636126 0.6946729660804729 0.04346049498543501 0.04719373545613248
0 0.98359375 0.834375 0.0328125 0.04375
0 0.9484568496960663 0.7236271424430514 0.04341503087881229 0.04563123545613248
0 0.9500935575344827 0.7798771424430513 0.04341503087881229 0.04563123545613248