0 0.346875 0.10703125 0.025 0.0453125
0 0.32890625 0.01875 0.0453125 0.0375
0 0.27578125 0.02109375 0.0453125 0.0421875
0 0.3113426187262224 0.1307018048002922 0.04596095318850324 0.044225188998963993
0 0.2910987177762827 0.07085592390688004 0.046042840343633 0.045787688998963995
0 0.2493206535519315 0.06500833829873817 0.04439845318850324 0.04415241439185813
0 0.2241635232942067 0.09891245740532603 0.04283595318850324 0.04407963978475227
0 0.27507092605316874 0.10901089537083272 0.04283595318850324 0.04407963978475245
0 0.2846229884684976 0.16467869851398592 0.046042840343633 0.045787688998963995
0 0.2410301187262224 0.13397666212005577 0.041109678878243724 0.0408818651776464
0 0.16667857191472563 0.0953551178682428 0.04439845318850324 0.04415241439185813
0 0.15859375 0.0125 0.0421875 0.025
0 0.0734375 0.01796875 0.04375 0.0359375
0 0.11875 0.01875 0.040625 0.0375
0 0.028919622344267017 0.04721733250776996 0.04439845318850333 0.04415241439185813
0 0.12137936001979517 0.15669503226010092 0.046042840343633 0.045787688998963995
0 0.01015625 0.02109375 0.0203125 0.0421875
0 0.01640625 0.090625 0.0328125 0.04375
0 0.0203125 0.1328125 0.040625 0.046875
0 0.10993724898394719 0.1073500037240537 0.042754066033373575 0.042517139784752446
0 0.5875177736328909 0.1752523254784566 0.10097600180902226 0.05302230024766903
0 0.44156346449692235 0.2537498147250896 0.09735303482570909 0.07311647642635144
0 0.717709884668739 0.21906648387445876 0.08369997060135788 0.08027400496239867
0 0.5078125 0.015625 0.078125 0.03125
0 0.5756175599289381 0.28335592390688 0.0918400192218769 0.08688787799792799
0 0.5013899231124925 0.06392102729770222 0.07695864767057933 0.0706079065339753
0 0.7002966553609538 0.31339868073130556 0.04578389077317446 0.10032963978475226
0 0.6269830653560049 0.13600573490791606 0.09924972749876275 0.049824525640563166
0 0.63828125 0.01953125 0.0953125 0.0390625
0 0.6257348258714546 0.0705990587292336 0.047926244911617386 0.081725188998964
0 0.43757972863041655 0.09183201158193652 0.09324538896415202 0.05422092721213971
0 0.459795565356005 0.1437926178682428 0.10081222749876276 0.04989730024766903
0 0.5610924717330116 0.054905592227679635 0.06930992198083885 0.07336903349844608
0 0.57890625 0.01328125 0.0796875 0.0265625
0 0.5500863726829512 0.11620696526320891 0.0889673247398008 0.06181510339082212
0 0.13234559475464716 0.5166950785788285 0.10178822930778511 0.09826202564056316
0 0.17815606173796042 0.5348243403656527 0.09233134215265544 0.09626287799792799
0 0.16083136363783979 0.6572087626153937 0.06527087516934209 0.11526543507002245
0 0.0799841553609538 0.6235658167920042 0.1119887449116173 0.08470894789030421
0 0.08526479760446622 0.7012541691493691 0.08986143939369332 0.10861732878371626
0 0.15 0.45546875 0.096875 0.0515625
0 0.2248805755327703 0.5949955529382653 0.10129690637700657 0.08888702564056317
0 0.20125721054019347 0.8673072005809004 0.10623006784239593 0.09379284946188093
0 0.16579110131336786 0.7707618403656528 0.08681832654882307 0.11003427956950454
0 0.08890769674538354 0.8101925215067339 0.08681832654882307 0.11003427956950454
0 0.31171875 0.65078125 0.0953125 0.0671875
0 0.21281658751855792 0.7062241513666888 0.06206398801421233 0.1135573858558109
0 0.28054856286961416 0.93063764640429 0.11725609905006032 0.06625004631872748
0 0.30421843622993394 0.865629076511914 0.104585680687266 0.0921575748547749
0 0.25109559475464716 0.5111642084387833 0.06313516508343398 0.10425516046291676
0 0.9776448066495778 0.4985698933039181 0.034450243102595125 0.03277826674922304
0 0.92378282225341 0.5151067299455173 0.032887743102595124 0.032705492142117265
0 0.9759318204443878 0.5609971186968122 0.034450243102595125 0.03277826674922295