0 3.06640625 2.7218750000000003 0.7765625 0.6781250000000001
0 4.22421875 2.68046875 0.7734375 0.6796875
0 3.6734375000000004 1.96484375 0.9375 0.8265625000000001
0 4.0843750000000005 0.85546875 1.1343750000000001 0.9828125000000001
0 4.77421875 2.1867187500000003 0.45156250000000003 1.1140625
0 2.13046875 2.3125 1.4640625 0.68125
0 1.17265625 1.97109375 1.2984375000000001 0.9296875
0 0.8171875000000001 1.459375 0.9500000000000001 0.7937500000000001
0 1.378125 0.94921875 0.8875000000000001 0.8171875000000001
0 0.484375 0.846875 0.909375 0.6125
0 1.5796875000000001 0.2546875 1.175 0.496875
0 2.65078125 1.4585937500000001 1.1640625 1.0484375000000001
0 2.059375 1.2453125 1.221875 0.9593750000000001