0 0.3015625 0.29296875 0.084375 0.0734375
0 0.296875 0.37343750000000003 0.09062500000000001 0.084375
0 0.32421875 0.47890625000000003 0.09843750000000001 0.1015625
0 0.43359375 0.4546875 0.0921875 0.09375
0 0.52265625 0.46640625 0.09843750000000001 0.09531250000000001
0 0.3875 0.38359375 0.08750000000000001 0.0859375
0 0.38593750000000004 0.30703125000000003 0.084375 0.0703125
0 0.33906250000000004 0.22812500000000002 0.08125 0.06875
0 0.41250000000000003 0.246875 0.07500000000000001 0.065625
0 0.47968750000000004 0.2171875 0.07500000000000001 0.059375000000000004
0 0.55234375 0.246875 0.0859375 0.059375000000000004
0 0.48359375000000004 0.28203125 0.08281250000000001 0.0671875
0 0.5546875 0.31328125 0.08125 0.0734375
0 0.64375 0.33984375 0.084375 0.08281250000000001
0 0.5640625 0.39453125 0.09375 0.0890625
0 0.46875 0.35390625000000003 0.09062500000000001 0.07968750000000001
0 0.07890625000000001 0.32656250000000003 0.0859375 0.078125